rowLabel	avP	dP	avI	dI	f1	dF1	f2	dF2	h
?	198.69393717031764	3306.039448598401	58.84320833091177	1378.4109707670893	640.5171886644872	7706.374912318758	1382.6397776843708	35129.1621205902	-1
?	165.30197242992006	-849.3147141914562	68.92054853835447	2.892168868141738	385.3187456159379	-3806.8227558387625	1756.45810602951	6977.273115722392	10.450449314442507
?	156.22820146074483	530.5776808422892	58.98781677431886	-95.1408006549735	450.17605087254907	2889.4666778456112	1731.5034334704903	-3177.1392395458215	-1
?	191.83085647203453	512.4810386416125	64.16350850560579	358.49092304743755	529.7920795082185	2581.2880659946195	1597.6011440522188	8799.777398514423	5.931519967556347
?	181.85225339282545	-189.49851079229975	76.91236292669073	84.46886548792806	579.24045417228	304.2533709671239	2171.4923033962114	14527.403790036318	13.221727433547619
?	182.35593093241954	3.1589923595277023	68.38695178000219	-283.2480192078112	545.0047480565747	2.438385274267603	2323.9713335540346	-4326.902854690621	13.677822858642335
?	182.01020301080183	135.1110563901034	62.74996196630018	-110.42749675590446	579.3623734359934	1147.2983414895045	1955.1471606616803	-1435.800714763391	-1
?	189.1114837519247	-135.99816781793382	62.86557694220697	274.125274492088	602.3696651310499	-2009.759993065831	2252.181297815865	-18396.756963365904	2.7778724157082344
?	175.21029461990514	-544.8225837279319	76.45622569090457	236.59189053977605	478.87437378270187	-2646.2933927517197	1035.3093124933853	-19903.109925347344	11.49235804556487
?	161.87035456552812	-1675.4386280407311	74.69517146919577	-147.8906744974697	470.054995493464	978.3465720138875	1257.025801548498	13108.622286094245	10.236665827194495
?	91.4383632178686	-1483.0760790493343	69.06169196603109	-83.60337941964893	527.7917023833962	1733.8176285196228	1690.7404267980974	4649.197158814231	5.383298352262283
?	87.71655061306133	1543.012879017236	70.51500249821332	137.23534173743832	556.7458769194452	2864.3599730072783	1489.4856594892099	-8468.011583826594	5.16726166424489
?	168.58900716873046	6138.732389297304	75.92345905290301	177.70813910841423	671.0097010337603	423.19331586616687	1267.3398476067673	474.6951677806824	10.727066557050719
?	394.65317007792675	4172.4907463661775	79.40040945363404	-67.44891137471478	577.9055427127536	-5397.40196019561	1513.220417878244	3470.328714903823	6.566565531435129
?	377.21354448703954	5.552640102292793	72.55101348416727	-139.37235235064566	401.13960302397953	-3530.8740841607782	1440.8562833519586	116.8456655894487	0.9269054992539453
?	394.9308020830414	889.502315854434	72.43179183610175	-56.67533028825796	401.3618385047145	5181.716410053063	1519.0627011577164	6976.220203724513	4.064779064557163
?	421.6886602797613	788.0667600915654	69.71724696975437	-62.670642181565995	660.2254235266329	3095.056224839589	1789.6672935381846	5832.882203016033	-1
?	434.3341400876197	1022.7474425110076	69.29825972702345	88.1715108497726	556.1146497466941	-3833.035620933042	1810.7068113085184	-3000.9962985508555	1.218055422566862
?	472.8260324053117	-5284.45558282681	74.125822512243	-27.03082783386859	468.5736424799806	25.21899052474962	1639.6174786106417	3168.7106026901365	4.636999823946932
?	170.11136094627895	-4848.456204297757	67.94671833533002	41.56929717547433	557.3755992729316	719.7077772587793	1969.1423414430253	-2559.60566410777	8.710218330521089
?	230.4032221904242	2027.250666857384	76.20428737101672	314.9473509919653	504.5590313429195	-321.756294067288	1511.6371954052534	-14123.174246140248	10.79821659110737
?	271.47389428914823	684.8530276252154	83.6940858849283	-87.0098999959665	541.2877845695672	1769.0736162018227	1262.9836291360123	6167.98155167702	10.898646436008908
?	264.645873571685	-142.76663153971174	71.85379237121839	-329.13596401078934	593.0127121530107	6884.936728598542	1820.0362729891046	15452.866802462831	5.2230666057091515
?	264.33556271216264	-1291.322258087968	67.23728768438882	125.38187772627157	885.5346209994946	-1578.9076282387587	2035.6269692591545	-12013.366362951609	0.30628453525425287
?	200.07976066728654	-1156.5399303700167	78.12288625753197	197.81063717446028	514.0673307410727	-8876.93621726547	1219.3679548415237	-16270.131569629215	6.533943300821157
?	206.50856619366175	297.4503962625934	77.12781954311184	-45.792220654965334	441.6878101362207	-920.3530574522077	1222.120390777693	4192.54384916264	9.159786453060102
?	214.95228048041622	509.93507073932517	75.8332752247837	85.80591260855066	468.0496778684623	5342.6954455589475	1428.9951472996559	8198.611906776652	10.734180758427168
?	232.00531973062803	-1792.2712209155347	81.41811517353938	100.57039262746022	708.8225824141683	121.14470149513284	1632.050986116526	8952.45160048607	6.410065303936261
?	125.3387194346394	-2641.5276604204814	80.86179485615672	-50.09769492912535	474.10691294321896	-6171.098910747405	1876.6177273239598	4690.136946223956	6.341313838042985
?	99.92893670960383	403.30882820839173	78.9132304270831	16.689182762738696	400.2676368767978	396.4594241217011	1866.557833427724	8444.501955958473	7.334886975262452
?	145.504160845059	3275.059788256944	81.69625399429366	38.785928667002985	493.92988414930403	3699.72246326505	2298.842825121884	-3040.730585113617	9.922657618274284
?	263.68192612245116	1907.256385777165	80.85252686043326	-170.87631566421763	585.2537600400505	131.9478985631814	1714.521304172043	-12201.11032217404	7.866487244980085
?	240.86698013391734	-1043.3515771903008	73.15243821108277	-92.21732777837579	500.5272790774631	-3491.7780083566645	1688.7873090131814	561.0400697825294	5.784153225228016
?	211.51434726293607	-780.9365273795179	76.24166047151446	16.004185386267395	410.6648596222171	-417.20748170805865	1742.5733076611696	1362.747771629164	9.502424105328771
?	201.8201537649414	-4250.286945258717	73.95264748039614	-138.0675304959674	479.66690499206015	3566.4264672148424	1756.9246975946396	4823.477739606155	8.097370040736754
?	-1	1145.6429887950487	69.33828394671609	149.44568648251973	588.9861829829594	1553.8837713072448	1983.7471946414776	-5919.750976080685	2.942250010936499
?	259.1023032046939	5384.605304606848	81.42493180452213	261.5239309027573	557.3610935574225	-1016.3928942912971	1460.937148790605	-10255.615918081061	8.53078796513141
?	268.23026523034264	3562.756363671523	82.41448049185397	-42.22906725444343	538.1665382683945	-478.1745954527851	1470.966398737424	-7219.1754495495325	15.331599182390221
?	437.2401213882702	5345.731640074875	79.31347844179996	-161.2496097266721	533.4523637847832	2142.002079876384	1099.9783763131281	-1464.4454740086653	3.47532529424386
?	535.5168472340866	-4675.483999122418	74.35200000552035	-141.37910973866605	645.2666422622137	3522.015699386119	1397.7441250369907	14156.984368865084	3.8584569877156114
?	203.46592143215014	-6105.556385124686	72.24452295486668	202.12789946246986	709.5531487540885	-2773.980214050782	1807.8275947563798	-3033.8609191736095	6.435361139328347
?	230.23902797785342	248.48315596368568	84.45839497864381	170.3506930793711	506.56763155967514	-1684.8026584227514	1246.0510790783107	-9198.877370947317	9.13304756018147
?	215.89007923033438	62.11055708031005	80.7620576088352	-42.959306850416546	625.3130158329512	1643.65326407391	1347.8837262090155	9778.889851635302	10.685578286829863
?	233.34455583186892	1031.9615634815866	82.31042963612299	-38.20092825334526	588.7502947633703	-1197.3626258659804	1734.9955716600741	12320.704001862085	7.227565385789847
?	267.4881574044135	163.70655495305982	78.85201119616795	-105.69549418948279	565.4448845396524	-3771.318443217944	1963.9189263021176	1028.5948196927611	3.683022482474248
?	241.52988357952188	-1096.0714784823506	77.02565492664887	21.61068430502163	400.1843726024738	-3079.8245439506113	1786.425312644712	-5076.0679100931475	5.318793765574784
?	212.6845834802962	-1094.1062871897366	79.93254541141903	-4.927278558701023	411.4536573421224	-372.2946860131664	1710.1155307974611	-5999.924407301499	9.180622047776794
?	186.82456922003524	-814.1745543043038	76.77929099871382	-76.95512388552571	381.56963830181553	-1229.817625126485	1486.429092279638	-12171.092104854508	6.390121727962935
?	171.97585576508115	3872.224487399876	76.08478921714276	-251.20922211671459	349.9627760857984	-2.636280852620994	1101.5609255547379	-1660.029812279628	7.381350297362178
?	380.43579359002837	3896.816539281055	64.21882989287813	-163.04850218948275	381.4378242591845	8394.870843628602	1403.427601665657	9665.684132677005	-1
?	366.8166827291332	-2929.904869368397	67.93236410766865	339.5710938051818	769.706318267227	2397.6838983804264	1584.8451321885864	-3459.745484807671	-1
?	233.94055012160902	-2542.6167370572193	81.19738458313717	205.22671543401674	501.3220191782054	-3335.122795540156	1230.440327425274	7126.8142458884795	12.051417928945618
?	239.6858458762727	-284.972488368267	78.19369987936945	-210.4513775714496	602.9501784902197	592.7434566130579	1941.185844483009	15041.207227691764	16.37625549014034
?	219.69192570319572	-510.5115164139023	70.67481570456472	-92.10922496969918	530.9591920088582	-3642.892450024588	1982.5006888098596	2449.8059070951053	9.95450436191391
?	214.16027005557768	-310.18773324286025	73.5882386308845	231.66988602751158	420.805555988991	319.12381242315064	2063.676139837764	-2094.855483995814	9.240541179173256
?	204.18253904105276	-683.1477110921283	82.25831000594026	92.40395515774968	546.9153826300156	4632.508782915733	1877.7579146100693	-9048.000408087682	7.797293857410791
?	180.0028845009714	-693.622629021423	78.20843638877197	-256.60743388596933	652.4309951347768	1456.6436066225704	1611.2761194333814	-5689.114573401991	8.355220022223417
?	169.50140758998174	6992.524725931353	69.42793831164184	-331.0011197923548	619.7475629611439	-15.72667939736908	1593.3021859399707	-43.24741401963381	1.055446984557818
?	529.6291207975378	7248.667949183029	61.65838039915429	-235.40050542004008	651.6446611649084	1286.0325691315916	1609.1137487323997	1489.4413817657194	-1
?	531.9348050491319	-7633.25159404673	57.657913040639876	83.48282805115007	684.0491914177233	-608.5441317367234	1667.7742550282564	-1586.2701579322231	-1
?	147.96654109520264	-7941.7167756037825	65.83252180171178	369.9174674748014	621.2174545780723	-958.0112644193571	1529.8002408357888	-11775.690573628795	3.2862848468675123
?	134.84896626894422	-218.58337028363812	76.15378641437988	214.04314077757127	636.1486281967556	1298.3529357424277	1078.9897263468188	-8062.196214053516	6.644753160970052
?	137.03737258102078	827.2033376649172	76.5346788405903	56.84178037340493	686.1351013651935	1641.392712028668	1126.6904301331144	2086.0098567359346	5.403822148540122
?	176.20913315218993	1387.819652863819	78.99587543305012	147.13912876409887	718.2182637981887	-211.07444817472089	1183.2902191836151	6487.2690604768695	1.8298606536715105
?	206.4283552242115	-3544.1826630438113	83.89163527879522	-23.301927583203874	675.5813789564575	-431.37392081360457	1451.0538831569568	3637.1858017055947	6.601946361214208
?	-1	-4148.567104484245	77.83077905388993	-367.0384134536373	696.6495677575085	444.0208574704677	1365.1495092688942	-691.8217523333422	2.041501696259927
?	-1	0	65.53971460611342	-337.5280463888874	697.7824218299808	-153.8333081131992	1416.4627955402898	1130.2120429416796	-1
?	-1	0	60.95437673444562	-176.2860619868055	688.9579023518486	-94.6357706161624	1421.660111415978	26.366285558710935	-1
?	-1	0	56.72541150677318	-171.00661315713967	693.0506332991727	1138.432292363836	1417.7811098182253	1347.8930150371482	-1
?	-1	0	52.40404607658866	-140.57009103575447	745.8795169700402	1376.77461390588	1489.0547621678352	2903.15567324221	-1
?	-1	2736.7271095365486	49.69690695498548	143.02218788957725	761.8893639944664	-218.5626364195226	1562.9388934803353	-2957.8895867181986	-1
?	135.83635547682695	2797.7054937978214	59.5551554710675	459.4935710582731	734.9513851490641	-6394.234974078819	1341.1602828319258	-5884.072499591428	4.902952066781353
?	138.88527468989057	6655.934860574346	72.67158550789905	335.9795422230248	442.1776152905266	-3472.9131356659045	1268.735268500765	-6320.353126812852	14.550354674518266
?	468.6330985055431	2816.9262098858035	76.35413258221868	88.06338915350526	561.3057283657695	1932.2013681698024	1025.1426264912843	5353.3234157863635	4.036935421272685
?	279.73158518418023	-5861.758503050691	77.0747549655743	72.26260872391859	538.7876836990164	105.63948367877438	1536.4014392900822	4016.8554892837033	3.8794149635381445
?	175.5451733530096	-1519.8664971605492	79.9672630184146	172.9028698438956	566.5877025497082	2349.3576707194748	1225.9854009554688	-5063.531186322575	5.29676244080733
?	203.73826032615304	498.57998032231086	85.71989845776905	47.566011806055315	656.2555672349897	840.9354169817045	1283.2248799739543	567.1798871535314	10.987247291393063
?	200.47417236912506	-41.118182394665304	82.34556360871736	-312.1905897240512	608.6344733987933	-248.5044058986168	1254.3443953131452	-3391.228845594608	10.19769070043617
?	201.68235120641978	-228.43622610295907	70.11036897156654	-242.36456783626807	643.8303469400589	-6.526127426586777	1113.6634376942245	3931.695237697177	5.201730604810533
?	189.05236106397714	-616.131880531119	70.227335216904	116.58580442969351	608.3081670274639	-5255.943089486467	1450.9291571980034	6090.986208100011	5.451269828515168
?	170.87575717986394	33.76697083329032	75.9396591930512	140.0843149509438	381.0331924657365	-3867.371153443959	1418.212748099224	617.6431376802678	9.000984933100039
?	190.74070960564165	884.2368839548479	77.23155096445116	51.55778767950399	414.93960935526667	243.712092395875	1481.8113140820167	8455.0373917986	10.027230455437898
?	215.08760137760618	336.0518368105068	78.51754857702639	2.5358394364624903	393.2187970855302	-296.97492669618777	1840.9646176891524	13225.102521385767	7.124977890827303
?	207.54330144616694	-450.39628908694783	77.35834293627428	-132.87894300287113	400.09086302045733	1741.235456627549	2143.0664401513027	5626.24227855995	8.620055768213138
?	192.56778692325886	-475.6478457819941	71.87360142688286	-214.18071577732084	480.2805699169073	-72.53852480266826	2122.276731617149	-1911.7405088786677	10.6275694399826
?	183.76090915706732	-240.03212976259334	66.64930714740828	-13.108154929452144	396.46393678032393	3928.9721441066245	2047.4794147073696	-8861.781454171	7.527798212296912
?	180.56618043512924	1572.6350530021534	71.21819368041025	271.13576194378066	676.7291771222378	2748.275725603999	1679.1876589086005	-13292.578178518917	5.2435630592845595
?	262.3926618071747	1053.3517732179755	80.20609524459727	161.5227709194707	533.8777230605234	-3461.0730037917915	1382.8505057814261	-2582.426471692206	17.635404230116784
?	233.23376909602783	-1561.546098182183	79.29433222638376	-6.825458173066774	503.6755269326489	-2239.153678219903	1550.0663353239906	8527.665298034784	11.49560014010164
?	184.31535689806583	-363.122110158097	79.86482233594393	100.59269372328352	421.92003914952863	-1169.300171046162	1809.2337706831638	6873.511671492008	4.671356022112775
?	215.07766358812304	761.6898121197862	84.32396691254792	28.556401301836548	445.210518380341	2802.3143527344732	1893.7419188985898	-1634.2062209934888	6.399637816290887
?	222.399847504055	124.72181162277012	81.29264240103575	-300.35715508577704	562.0357567862518	3232.762771541668	1727.5234596334897	-5538.741590058864	8.421542527828837
?	221.31375416926153	43.69157189445063	69.30610915825912	-375.9398950709245	606.8486569574238	294.1576619118847	1616.8048393956476	-683.3913409459525	6.502943943393249
?	224.58442609877753	50.15305719289376	62.49564764748959	43.2115305761569	576.743639881846	1067.5697986757784	1693.3538925861922	-4321.481159507927	-1
?	223.8214070289062	138.70226116907295	71.46668568706696	362.4439461518553	660.2271468912126	2196.036647297786	1400.730781420252	-3129.2111914353172	7.4053110413358185
?	231.51953915723115	-17.166179322357554	80.61784495508229	192.33061056039458	686.5454722467349	-3967.8557663598294	1536.8933330144268	11549.228396709192	13.515759970901144
?	222.96309806278833	-307.67234975774437	81.08321621508665	-102.98014328743372	461.8343585732218	-5107.259502221163	1978.1922012557095	8988.629567041535	11.32438588951651
?	216.135921669344	-821.078648285369	75.46883779071062	-194.49551183543417	431.1824971356777	-266.85609485525316	1986.324811366502	2806.3016667756674	12.137988599641233
?	181.90916564852003	-4342.718433386895	71.35844062331498	-250.45933902657242	448.49155383045917	2587.041440155307	2118.5072845944924	-766.9986803481452	6.335318236651949
?	-1	680.9469371119304	62.945870839382046	-139.74903170141735	560.5345691434426	2603.3251151681056	1947.9748773490949	-7533.548751545658	-1
?	215.95651250411643	3735.204361437672	64.37098903824413	329.60447661700147	578.657809588864	-3193.628476365003	1741.8298470172108	-18749.963578144	6.015589968725649
?	185.76021807188295	-1315.071008476207	79.42609467023206	122.3456152025564	400.853145325193	11990.07469664469	1010.4766984418981	3598.459363690489	12.697551768417526
?	150.20296208030632	-3735.204361437672	70.48826979837193	-237.00697278270667	1178.1615444210963	11430.011533530664	1921.7528152017346	23320.83800914413	1.9135525925922596
?	-1	1842.1770849360948	67.57574603109677	46.44816609420689	972.3537220017241	2475.5220724357464	2176.5185988991	1435.916796716429	0.5606435128365905
?	242.31181632711073	4866.621322638751	72.81067810308227	197.73027413723256	1301.9376480428832	-7216.050610505591	1993.5486550375558	-19222.82334402256	7.593005745656762
?	242.33106613193667	-163.2313234348436	77.46225973795836	26.55243342490318	611.5511914764459	-14160.78760511845	1215.3774316979757	-1910.4519817782398	13.914870235756203
?	234.15025015536858	-20.747868918549063	74.13829977432742	-100.30948932542323	593.8982677869632	-383.6964375601556	1898.0260559486442	17285.890304218963	13.964612992030357
?	241.29367268600922	307.4419688942265	72.44678527168722	78.82587564528933	592.3663695984382	-1953.8301582978524	2079.6719469089207	2080.4547885835273	5.794446121314001
?	249.52234860007985	-657.9348288338413	78.07959355659187	-100.98187583302355	496.2067598720709	-3788.456330315838	2002.0487953778202	-2060.2532516754745	16.41449072052922
?	208.39693124431727	-813.9937265521462	67.39769148003606	-92.7839793119367	402.94355308264693	-1416.9418447405342	1976.6592843251474	1320.46376077426	5.885041798799486
?	208.82266227247268	-240.737123362953	73.44039459099506	203.17509694383418	425.35966763504445	508.66004411993754	2068.071983416533	266.0669551256488	13.145583914983632
?	196.36007507616966	-420.71667529985666	77.55644632722773	-93.76602567317978	428.3765552886437	-566.7613551345639	1989.9626320814298	-1387.6890127041365	10.517878765503395
?	187.78682850747992	-112.96292723127618	68.75209330733608	-298.59870076116016	397.02159987831635	2573.785101970624	1998.6875327813264	2908.8883026772387	9.023000423886563
?	190.71192871460588	196.34103815304243	62.62651128916978	117.46493703416247	557.0658103871745	3565.142844534693	2135.407047215291	-8698.774871521358	-1
?	197.603880415132	617.7882759253548	74.62534015904419	299.6674293052988	575.2787421050504	-211.8654914273141	1563.74878920526	-12746.016797222032	6.636558792610319
?	221.6013425108735	432.4084280309357	77.60988275443467	-196.11396128969446	546.4725358158088	-692.1826859865453	1498.1062073541918	-2451.178453679972	10.052044659343014
?	219.22430181667872	-4452.026850217486	64.8196420945595	-397.55410676658045	540.6696078057232	999.7406260578795	1441.1898665212618	-1023.1527558655434	5.3193628451719155
?	-1	-716.4904992470761	57.73217741610571	56.32024076114752	596.4595671187026	534.3521427272909	1446.9485695609148	1550.2397669779439	-1
?	183.39977685432504	3389.024856656562	67.63565413261686	196.97810522797724	567.3872149420877	-259.56664635728066	1518.7018548701587	3137.487222959751	3.9346355819726213
?	168.4512428328275	6912.5703406746125	67.58108267750454	-92.19123594635921	583.4812348008386	999.297738333636	1603.8229307089018	3011.5249928397334	5.646574599517394
?	529.0282938880545	1760.3059694358183	63.02609233529892	-91.59607450986859	617.3521018587693	297.9142012725776	1669.2781045121449	-3064.995834058652	-1
?	256.4665413046181	-7741.026792811521	63.00127895201113	144.07186981494087	598.3769448644674	-2858.3032701367765	1450.5731390059698	-6569.502078292627	3.568505446320857
?	141.9769542474798	-2545.0122652049504	70.22968582604594	35.496988749370914	474.43693835193096	-1201.851520480486	1340.8030005975147	9479.58060392364	8.648054108396986
?	129.21592804437103	-2859.539084949606	64.77612838947967	-111.51941348431262	538.2843688404433	1921.7026309285347	1924.55216920215	15254.338310057701	-1
?	-1	103.51991166233157	64.65371515183033	130.88020537689107	570.5220698983574	-2697.957318101549	2103.519916100397	407.37978406655344	-1
?	134.39192362748759	2387.982637218141	71.3201386583242	86.75702012848265	403.38650293536637	-4614.912568730038	1944.9211584054776	-3749.965611291704	8.005889884733735
?	118.39913186090664	-506.2789288501095	68.99156615825444	-116.97525176450723	339.7764414618563	689.0327418041218	1916.0216355358125	620.4898290979212	8.271992488343432
?	109.0779771849822	-714.3836011519013	65.47137607009886	-152.5385465930651	437.83814002557233	4753.612015839298	1975.9456498603736	-1008.2400796364063	8.28804866420884
?	82.6799518033117	-566.1236131573603	61.364638828601215	-121.00612735903667	577.4570422538203	5223.100408286285	1865.6096315539924	-9551.58541961294	-1
?	80.77179652711429	-1673.59903606624	59.421069702147044	-130.05972238131423	698.9931604398856	5984.246040386163	1498.3663788797282	4163.4782006059695	-1
?	-1	-1635.4359305422915	54.86165270953553	55.379579603713495	876.6693442731274	5013.722276130425	2073.78354158429	13351.2897591672	-1
?	-1	4831.514366145666	62.19004868233271	21.6583287125004	949.679274246406	2521.2829950611444	2165.930866838086	2013.3069829754438	-1
?	240.57571830728244	4245.569144945836	55.94456914516054	127.85831230026932	1002.7334940261842	-11481.332526820956	2174.448890733062	-4782.174820944191	-1
?	211.27845724729104	-498.262244554432	68.58296429734615	609.437382361849	375.6126479053601	-10973.688416801007	1926.8221257908772	-10003.721584648656	7.831745293094275
?	215.66260607956093	404.7524728120922	86.41643826325289	197.16390389363667	454.0490731861358	3422.5185394868	1674.262811500631	-1159.419932841251	13.327520518447926
?	231.51608088789558	-4333.252121591234	78.44115949202795	-293.6933609922041	546.7385748796995	-17.845417304744224	1868.8511291488148	4271.979205501695	5.007660239874913
?	-1	-392.9146954217637	71.73177021364273	-118.48778861869718	453.1568023208986	-2018.9486081767159	1887.861771775715	1128.4825201609096	0.19225753482225902
?	211.87034611680747	4671.523195805643	72.51677006109311	90.35691614278112	445.7911444708641	1632.1521317094416	1925.27525515686	-6414.60806678052	6.2497525523429065
?	232.57615979028134	2.9450759002662714	76.24961602078177	174.70398673519588	534.7644089063704	3009.5169772164872	1567.13136843669	-9423.286404147577	4.559114341413156
?	212.01759991182078	-2381.531990773799	81.25196939785288	78.56241505452658	596.2669933316879	2618.2874052622947	1454.110934949483	-1808.4721907723015	6.845524222209657
?	113.4995602515918	-284.54828802678253	80.17773677350809	-258.86057188077933	665.6787791694846	1479.211620617885	1476.7077588980753	190.807129788687	3.059194192200816
?	197.7901855104817	1828.1465900124454	68.30894080381395	-221.06354703572885	670.2275743625819	-644.169414193907	1463.6512914389173	-870.5037704107175	0.5917140469833148
?	204.90688975221374	-88.7466241420336	69.12455942172169	297.5060618336476	633.4703084597894	36.5023523117908	1433.1825703775396	-4590.6541426071435	1.6100160959437277
?	193.35285430338004	-2242.1792425710887	83.18424389549628	239.41795718196346	672.0526919781714	1479.727233793206	1234.118584308561	-3363.0583670549213	11.298330657238349
?	92.7979276236597	-1184.8337499151123	81.09545728081982	-108.04015005315402	707.4566701494495	292.15853292394615	1265.0296520247941	1605.3735263268948	6.303087585513493
?	134.11116680762464	1021.9820575183717	77.7822363928386	-212.12795640784142	686.6606186243687	-644.3217138068917	1314.3872606249054	2550.2885098498564	4.31528931340362
?	143.8970304995781	-2702.2233361525023	70.48905946042778	-281.42493464854795	675.240584459105	-333.21011348181975	1392.5440775172865	2232.1687344346205	2.0423570395281496
?	-1	2857.9688447110443	63.71098966041125	2.4482813886689403	670.0001129502778	-2477.1971958964873	1425.995697346636	4008.106744456564	-2.478409128497328
?	286.7954727351298	6044.405911392292	70.61147352986123	371.4269610139204	551.380724664281	-4463.834498784207	1592.949414740114	8386.644854339846	7.034027456634623
?	301.22029556961354	-3244.0156371435605	82.2823377111072	228.06066839176364	446.8083880110682	423.20969986401826	1845.3279400636268	-1218.7937367428228	6.40177294067612
?	124.59469087795236	-3140.487323697793	82.01450694944937	-14.715594681187037	572.5412096574819	3323.8972364160886	1532.009727902973	-5788.3505315218945	3.333193604685035
?	144.19592938472445	1623.0695426903242	81.54655797704785	-24.314633321473394	613.003249831872	-2500.7300333692024	1555.910413487533	1227.8702648715214	5.13174585174065
?	205.74816801246828	1359.8361055049313	80.7987752833757	-85.25574763218431	447.5047079890222	-2455.512102553815	1593.403241146549	-356.8268679365077	8.582686230989168
?	212.18773465997077	156.49447742716177	77.28377059543865	-100.15770695590653	490.2276447041817	582.7501394157114	1538.0690700907078	505.7105462897489	6.3758118569398885
?	213.57289188382634	-188.28455917196447	75.7908899355804	-57.54704081114645	476.6422149598077	-906.5314486600639	1618.6887684610363	8234.004576545296	9.476558027933834
?	202.77350670137258	-665.4527290325616	74.40641855488134	-88.7134735140771	444.9010722711787	-1180.893350052515	1949.7692989179711	1714.4169413135812	8.938208862999247
?	180.30025543219838	-544.9481108491747	71.35521625987656	-40.5103949729839	417.59754745718215	-894.0782699887868	1704.409615526715	-5592.84702008603	7.035307417508847
?	175.52610115891395	-32.135152551950455	72.38089880623215	113.56344858087323	400.1971587717395	912.4440001423976	1670.1269479136706	2597.452453874139	9.89392512151575
?	178.69349780460087	15.316440699304563	77.0333886889202	29.890531138700673	463.21974746430186	1179.920083308769	1834.2822382204215	2254.062890528484	11.098643932313543
?	176.29192319387917	-29.46913079160719	73.87542536316718	-314.9335206758653	459.19316293717776	-709.6228591779575	1782.8300924400944	-371.7941401102657	14.388070735676594
?	177.2200412650205	268.2573054477543	61.28671265512699	-276.99002758225197	427.7386045054041	1117.532798699375	1815.6925312149083	2133.3282454845007	-1
?	189.70478846626708	505.53034105268716	60.02592398405439	380.14071720128356	515.0698028721473	680.416062672295	1889.496504714321	-10960.313345299553	-1
?	202.49655831765523	683.719598236413	80.29374851519144	378.2043219932558	461.75940763901934	-141.59370951406711	1267.6768639499228	-15630.612386439167	13.729680454637768
?	223.8907683780882	328.2787932595879	78.93614008371745	-102.70620173703033	507.99011739644385	-71.69060518061099	1107.9658853923515	-355.5581200588762	14.025650682206134
?	218.91049798063486	-586.9776422876597	75.15843842833985	-290.19079537407873	458.17487737998874	-1248.9903100806025	1249.8989579469787	1363.365554524056	15.96515671788564
?	194.5418862637048	-1315.4892864981377	64.4266003150133	-236.8252722900646	445.54060189241284	-365.10411533888424	1176.1341631185553	5487.716859775991	-1
?	153.13603365572703	-844.0957755344163	63.31717481383645	27.792282802430922	439.9196716130443	-1469.9482422325748	1524.2848009357822	11826.86065193721	-1
?	152.3370974869834	-98.07564488416207	65.81621445513487	-119.71167340536681	372.04318978078305	86.43385996034104	1767.4771957154242	4267.920775612163	-1
?	148.23225141151886	-3066.7419497396245	57.331591143568026	-301.8066472378567	444.2413646110614	9973.74940285875	1737.6808397163934	599.7674855089468	-1
?	-1	-79.42347000687961	50.72588209324182	123.52713909392784	870.7306599237277	310.25756635181904	1797.465569990872	3606.2505631921053	-1
?	144.26107791117482	2700.640848410566	63.50794809826451	213.76874548883458	459.75424292865256	-11951.713842497564	1917.9933678760012	4687.624520072752	-1
?	134.03204242053022	-73.13244229050677	61.4143193676837	137.9010777896298	273.14496779884104	-1046.667236763883	2031.8467959945128	-4570.22060921185	-1
?	140.60445579664943	76.24033011950934	70.4030019877461	-75.14410508536521	407.42088109045767	2889.2285840108957	1689.4823374154055	-7750.022843673304	14.422419709219819
?	137.84405892650574	452.86847164582224	57.65711411341539	-125.0231765039819	417.60639699938787	3366.366746417598	1644.3456538108421	7506.31981769009	-1
?	163.24787937894087	649.1292900406158	64.15184316254691	337.45181843346677	575.73921841134	1286.5151386230548	2064.7983282999153	-3810.6443950989665	4.927523571023918
?	170.300523428537	133.9329881930619	74.52970503508897	-28.25309652894833	481.9321539305415	87.25602191643124	1453.813434055891	1116.7352847657025	15.770226287474383
?	169.94452878859406	179.30127874436522	62.739188336099474	-352.91689469798865	580.1020195071616	4276.605198521944	2120.635092538201	11705.186617414382	-1
?	179.26558736575538	93.02625495215618	56.88386030018928	139.83102334359842	695.7624138566417	-2221.685440371804	2039.0727649266184	-14784.179709073112	-1
?	174.59584153620193	-206.75190756181271	69.7307395032795	341.8923929486661	469.0177474885698	-4991.560455066742	1381.426107084535	-5787.808546688993	10.209935962287545
?	168.9279919876646	-404.18603630530464	73.97847994762283	40.621394809372184	446.1843911033011	-630.715698340265	1749.6823375921647	8128.220026084821	10.989858354084115
?	154.3865397209364	-360.19046313394256	71.76180924374813	-165.69463295194927	437.4819625715561	-1195.0631571798294	1787.8371083887819	2856.9883225403332	10.533856212066421
?	150.9184688309672	-3107.730794418684	65.69374830002525	-249.5523532598149	386.43123324430877	546.4867946699237	1892.5317537191834	2495.278472888159	10.63562629598757
?	-1	-62.32961788231162	59.28419158075721	55.67689271236481	464.80630230505267	4448.4782827881045	1912.6010320331916	-7013.533514963315	-1
?	147.8019879368516	2724.597131208691	68.47759293564353	183.95378049414398	608.8551473837172	2569.232263280037	1541.8550779710126	-8726.88974149651	4.161121475757671
?	135.22985656043647	-239.82676743189984	68.48188060546454	-231.72330157442045	593.2679154690563	533.7866671806493	1476.2565449583599	-462.1868028258111	6.62452332605467
?	135.81064956525643	-2724.597131208691	56.89142785692234	-324.1892209140212	635.54448074275	1279.2864788814245	1518.7457378297217	1412.4277509849007	-1
?	-1	741.2996550910966	52.27241955976325	51.900612917572715	657.2322394131285	-1812.2356440455285	1546.877932507606	8210.372424460495	-1
?	172.87563231981179	3662.6710267155254	59.486458502801014	279.5413157863973	544.9326985404723	-5310.590377595069	1929.2643590527523	6170.336019618216	11.853272858445706
?	182.13355133577886	616.327921001367	66.24948534908332	196.7757032963329	391.70272053337123	-2490.1556934303867	1855.394733488521	-3711.692415191007	15.222283131313977
?	203.69202836988057	410.7859007401326	69.3252436676178	-57.69708200375252	420.4249138689512	6896.209148080293	1743.6797382931993	6684.829315011471	14.970937349004469
?	202.67284637278578	-4093.8405673975535	63.36463124889565	-113.68674588435405	736.5131779373908	28374.96147390694	2189.6361992390994	29473.841965390016	-1
?	-1	-4073.456927455658	63.640906373400014	92.87255133443732	1839.1729875643182	3905.090415476299	3217.371836562721	7876.165064732338	-1
?	-1	4891.99743352855	68.00825881561758	206.18116704657402	931.7676987112085	-12724.551859877407	2583.444452475722	-16533.11584382538	1.566167665605405
?	243.59987167643098	4608.707542416927	73.94996472572886	136.8275231163637	1202.9453945704388	-10936.39429745006	2390.71604437144	-7997.278715720745	1.3270882403152342
?	229.43537712084964	-1536.370683843911	74.84963497143586	64.96621726758342	384.94798383869767	-14995.878566278443	2183.580516689679	-9493.479651289656	10.403389792935624
?	166.78133748423434	67.99991853020532	77.19827558910808	32.437554340699926	453.1514662565059	1264.78201616991	1916.0420618069506	-1698.0064061533117	4.662572480695098
?	232.83537304735995	1814.2307098972694	76.47151268847088	-114.57726538642142	448.18708464719407	-374.4490170417797	2098.680196382012	5844.007757537328	8.749269594079483
?	257.4928729790991	-2846.3954195704578	71.46941231978693	95.72225187018722	434.42901540441665	3235.1480273877924	2208.242449683821	-8731.525106846328	5.435618683736455
?	90.51560206883505	-3268.4841345654368	81.25762528198031	200.66591323868266	609.944486016586	3031.2004402147636	1662.1039410396895	-11336.737949634218	5.741613168385804
?	94.06866625082495	2174.3326594713812	81.5027079817212	-162.73005295072718	585.989037415157	-944.0779955783276	1641.4055522021022	-1063.4508661281175	0.979092014638368
?	199.23223504240565	2000.737269948235	73.12112263444384	-126.16639340508775	562.7405862376689	-2796.284035682188	1608.931397733283	1800.0365372963477	3.282545891671586
?	194.10552974823813	-67.85019362749341	75.19438831146672	175.14785573501916	446.1748356310456	-3198.764853368956	1731.4073790669208	7021.402749883609	6.545421654824113
?	195.83972536103093	-17.3832961457126	81.87851542119492	-93.71824576053464	402.80234356921886	-921.9116744780109	1960.0015352274684	2669.4251023685442	12.493207682815472
?	193.23636494095248	-97.91845196919755	70.50847602343993	-104.46239859185505	400.0792519071444	-4.169872708250691	1864.87863418535	-3869.784477169155	8.528617558418585
?	190.94380276257098	-253.34549728969628	76.65539549160209	155.1037963127593	402.5938499338063	1614.1863077238143	1766.5123113690079	-12758.061137714494	11.583879241164933
?	180.5690900764675	-364.1381439227791	78.263665839078	1.5124670637734778	480.78856729333626	4476.296513701264	1226.9755772996161	-7746.051863661695	14.152221159139064
?	172.73689556643177	-1.8771547870261163	76.73101884479077	-196.0181826391028	626.4086756188727	556.5235310191372	1379.2097181859176	11368.490147461687	13.816918142454423
?	180.47523233711618	527.2520122021602	68.46275670712272	43.46414918231796	508.6147438442935	-4468.099952860521	1795.4000846727085	12760.031304043705	9.506378591651435
?	199.09949617654016	571.0088196551822	78.9042263039067	87.17205345051799	403.0036779758435	-1887.5224865512967	2017.211283388112	6159.4347990547285	14.922620290171807
?	209.0256733198757	-573.5262812464581	72.82135937964868	-175.53353609340184	414.23861951672734	-98.89023978582459	2103.3718246254493	3734.7770699779735	7.613832624218285
?	170.42318211421684	-1083.1225424003587	70.12754949923648	18.682456977718136	398.0591659865522	-1191.2016189614305	2203.9501368870133	459.3767625049648	4.710543747519045
?	154.86954619985698	1174.7587011699611	73.7554822285346	58.74805986053021	354.678538568655	273.41592870536215	2126.340662750698	691.7731711721801	7.520967292768516
?	229.16111717271573	-3117.3909239970953	73.06495249226303	-87.84277058116533	411.7299624218205	4269.051461678735	2238.538795445623	4698.15985693436	4.971307388007226
?	-1	-652.6312991540019	69.36334369947628	-6.220653322881926	568.1311116525948	7623.246105304531	2361.248655597419	5009.440116078951	1.7043939166115407
?	196.52955221501517	4018.903593292784	72.75391982611893	71.50967940166777	792.8922676870525	1463.190159078508	2489.010801249574	41.58600577004959	3.470021829829919
?	199.94517966464207	-227.12491174212306	72.93882766955971	-116.07349333629463	641.2906196065212	-2908.8206988862653	2363.3279558859217	-964.6410604540914	8.765860808493608
?	185.17330662790886	302.0720700215039	66.95024515930412	-137.65633072826094	647.4512327427372	-4735.642357310684	2440.7787482268686	-1861.90459581274	10.141368669490205
?	215.04878316571748	192.56655361938624	66.05601113314657	66.16241747677228	404.50850174098366	-5000.195928649857	2270.2327260952834	-3656.577366831946	10.155819435373337
?	194.8016343088783	-670.048553267767	70.25836603314278	108.28781654150038	397.44143631024076	-827.007729778887	2257.9498798852687	-3552.3702010058646	8.646380902030312
?	181.54635550232865	-285.65287178548766	71.47040196022167	-136.05477217044884	363.1581152520387	-1816.3531064658732	2092.6142160449876	-2813.904549851628	7.806254660792601
?	180.51899071960372	-3650.927110046521	63.45562742462024	-275.3828710737067	306.6237809869458	5063.530448075177	2117.2546523926853	105.4328725996205	9.86820611904257
?	-1	-3630.379814392023	57.701258406536134	-135.14301501488126	616.3346376558012	16852.3296037402	2097.8858596749687	7832.478050080625	-1
?	-1	3335.579796874472	56.69847667387608	337.3070218842405	1149.2402611739678	-714.8988006725666	2508.878554896722	3855.6877840088146	-1
?	165.77898984372595	3189.301692510273	74.5666095007484	356.83474642693983	580.5896976221724	-11366.7176057432	2290.670248875412	-3539.165368518556	7.927613394084359
?	158.4650846255159	-187.4587198789506	74.54021399522333	-164.76339517483262	580.9043808867997	-293.09472110568817	2331.920286470792	3677.1164721195714	8.545953478313459
?	156.4060538497783	38.38302268801785	66.32843974200665	-222.86121935567277	565.9349615668878	-301.67441720478365	2474.5260724813934	4313.515342174663	10.137028527856824
?	160.38423575991683	-251.86396291601835	63.39715302743953	-21.867787250333468	565.8206600265603	-2238.508850920641	2547.596053579528	-5473.943171067071	-1
?	143.8128557039772	-27.675178803252894	65.23505037948996	114.53945295874355	454.0095190208541	-1070.56355411874	2200.828913928036	891.1913226302623	10.944752906755513
?	159.00047681975417	510.3711646355897	69.12412567537679	198.50173910448663	512.2924823206225	1827.4813662096258	2592.1556197110417	-2035.2226991373648	13.830667794099234
?	169.33141393575704	396.1350028015591	75.16013733471444	161.6644006794564	545.3835873313367	-931.2079741197038	2099.0677789711663	-29545.81923861679	17.114042856705815
?	178.8072269598324	27.51197713173344	77.20734570934972	-60.45259442254859	465.7320836146367	-2754.7405234365074	1114.8646577801812	-18230.938997561065	16.223455334967237
?	170.70701279234373	-98.57776037252479	72.13750761358696	-165.04361800356568	407.64656115950936	389.4768468751865	1187.5208290931	10286.36351968134	9.94420241248367
?	173.8783389412061	-355.00689469806224	68.95516480917132	-69.42517358493306	485.2059259583963	2953.78679780603	1629.1828337642555	8078.028009760827	8.05010717456848
?	152.95666805744037	-634.8354336385678	68.66624893434026	139.75787483448727	555.335901049813	-1145.5752746740104	1591.4222295811471	-36.92248744543069	10.13008246935194
?	142.13656725927726	-199.1592285769525	75.94305855089579	33.858567172284296	427.92716222469494	-3585.5811617671147	1627.336709391984	9382.366578310719	10.905982808256784
?	142.9987066285926	92.42849765628858	70.3591772929545	-142.79568509377523	376.05684296145466	-1924.2033284835861	2060.5405584966898	5826.026874712747	5.432681381067229
?	146.75799214209175	-131.0226149700655	68.80327429620692	-160.63047854017	331.71699580051427	624.675541026684	1918.6380531276254	-2210.2943349056663	12.848581633861787
?	136.44757588008923	-253.8783247539275	62.327653365945885	33.18630492640163	407.2906200127893	3586.186770855403	1950.0258417514049	2303.9661076891243	-1
?	134.0640759043952	-11.748396102244502	70.46258954252703	256.26837650345254	511.026334343287	2215.3691443446364	2033.8363585120833	-21873.162554829072	14.540938216513803
?	135.860156074977	25.527857722562068	75.1410721911187	57.02779992756324	518.0590772300227	1777.59068883872	856.3677140099358	-14059.192289511047	10.72547293282815
?	135.34046879052332	-3.823941531763867	73.31397953890523	-244.96460121554742	599.9058687852242	3722.894002037121	1330.876744036521	16274.12901026928	7.929497759890047
?	135.6689589983888	263.5020961755489	62.89284213034115	-106.06909178760864	704.2037773318814	1130.0671495412846	1670.0741645234114	10418.525880233581	-1
?	148.51557359930095	384.5373615993051	68.01052494952472	224.18710398218616	656.4092262622893	-1711.7952813446443	1851.8030380482073	4248.213534362007	1.336032383508701
?	154.89582707835433	1435.1914646324685	74.10219732945062	289.2461705929479	618.614013264648	-3748.080571294014	1882.4848412415147	-9.107898864572105	4.674312194828007
?	220.2751468309254	66.8128801604026	82.47283347917232	55.31780360034765	469.0051976975859	-1788.7334503762117	1851.3476431049787	-1372.8715278265267	11.018320310332776
?	158.2364710863745	-1793.5981180701374	76.86808750946804	-245.1875316120293	529.1773407458361	2159.3937040383494	1813.8412648501874	-4305.770162932552	4.564797207111797
?	130.59524092741725	-3184.729421727445	70.21345689857068	-306.3470315391125	576.9748828995049	1599.1770929425547	1636.059134958348	1055.1571489499597	2.726684325665294
?	-1	-2631.9048185483075	61.5507359325122	-161.40774152646725	609.136195392965	-1221.285190361169	1866.599122297686	7244.688792288882	-1
?	-1	0	62.143069822247206	180.3280674795144	515.9106233814456	-4634.11035147108	1998.2935745727973	1905.05149116907	-1
?	-1	0	70.56713930648805	150.50392143382936	377.43067781940766	-2546.762595284731	1961.851696856141	-1642.5060265291852	4.337136979237707
?	-1	8312.005841325285	69.66826589393878	4.629728268466172	388.5724936172072	915.3322509871994	1916.1682732463369	-1799.812561262358	4.608629897123055
?	414.60029206627013	8202.827598243566	70.79862571991136	-185.05485033234356	423.1972903687683	-252.65065441672147	1871.8610687930218	-258.0916326855467	5.4183198454522215
?	409.14137991218416	-5463.715286738903	60.41552337732147	-104.66993582597603	375.93996089637096	338.54186434232105	1903.2636916120593	2727.7076675108788	-1
?	141.4145277293211	-5571.253470393481	65.56512892861248	231.77037458129374	440.1243835858846	2691.8874351436198	2008.2464521685677	7615.878405866493	6.389860989573532
?	130.57870639250618	677.3035364712791	72.00404210638632	118.05928954375989	510.53433265355386	503.5847054043105	2284.0576119053894	-3349.2026131679927	6.360917004963077
?	175.27970455288553	445.27869751057887	71.46809340580056	39.305350461041265	465.30361885610046	212.3747864391741	1840.7863215101656	-10189.122602440508	5.442442535179598
?	152.84264126803544	-475.64715225145113	73.96930962943841	140.30297126747683	521.1530719755127	2920.2222800455907	1774.6014817833568	-15445.58542719555	4.698970595364128
?	151.49734694031264	222.39669925362674	78.4832419691745	97.09090780285725	611.3147328583821	3194.518053571128	1068.5070501503772	-12372.083708846641	6.603196047309344
?	163.96247623071693	811.790092207729	78.82385501958135	-58.80783837835254	680.8789746540714	-148.69753636033255	1155.997296341016	5269.015212484244	6.791065414953077
?	192.08685155069966	935.5361957289447	75.54285005025683	-249.9295544354304	603.8798560403653	762.370951189128	1331.957810774593	10299.51391020691	3.54428026650654
?	210.73928601716483	-3861.7370310139386	66.32737729780965	-118.06308007516267	718.9975222135283	1084.8781919783964	1670.9729918513688	11332.206627236466	2.159747967062466
?	-1	-817.4139259163608	69.63969604649861	123.37505339668321	658.1237656392859	-6074.229555871693	1898.5681421364245	5958.185206148184	-1.2301683758924093
?	169.8685897213462	3710.6318223138587	72.4961299676439	190.6428183680397	415.28604441993934	-1814.7940023914832	1968.8822521587822	-7092.733840382811	4.754734367269437
?	184.53159111569556	287.61055303176863	79.17183696490073	42.030215178690725	567.3840655197105	1029.7940928794267	1543.931450117279	-9221.395326984299	7.044527086309506
?	184.24911737293485	-401.5541801890271	74.59764072657846	-107.31200096829998	466.7757490639114	120.20730083293813	1507.8124858095607	-5642.929415792634	7.655696463799671
?	164.45388210624392	-892.2036023462144	73.80623691648566	-11.18283798744825	573.3944305613575	2647.489329078551	1261.7849793276432	-6605.260580560495	5.070574073403052
?	139.6389372556235	-140.09771034448846	74.03849882720604	109.76370904818552	599.1502155178408	-1456.144866226442	1177.5494567815313	10510.780583009588	7.595571674190227
?	157.4489965890194	135.2362500876783	79.29442236889501	24.45245079705807	500.58718725003433	-3362.5252174245543	1787.32400847813	14597.898910634363	4.422441066438556
?	146.4007497600075	458.4122457515278	75.26112136705896	-82.26447719327209	431.0239546466107	-896.0342189388505	1907.4444023132598	-617.0592133195081	8.13870929618697
?	180.36960887659612	578.3744621753406	75.18119850923135	-117.19572248820758	455.7854763030912	224.29839241796822	1756.4710478121542	-2388.208083242673	6.774728120043766
?	175.31947286877494	-1681.1592011986186	69.4013352426485	83.35940086097959	442.2388742675093	-1498.88663439868	1788.0339981511245	955.9375368937618	-0.3614900595204657
?	96.31164881666399	-225.8368302397897	79.34916855228039	26.73960616252761	380.8411445831561	-1857.9482024136914	1804.267924656843	174.42686661936685	5.977487671433966
?	164.0276313567853	902.5383884431832	70.7383155507749	-230.69417048319636	349.3414641468234	-1183.005884601329	1796.755341482093	3625.576386569063	6.381365660721156
?	141.4385682388238	1531.344837633283	67.81446002812041	88.01265154226672	321.6908503530888	-211.05176959801878	1985.5467439852987	7068.639610058958	9.512552235391437
?	240.59487323845053	2030.3200455171414	75.1389481278883	157.07608510400777	338.7888756669223	82.0759354496067	2150.187321985046	5045.343608337754	9.223214658113237
?	242.9545705146823	-4831.897464768942	75.66826428332091	-36.22399035585522	325.7946471255692	30971.804793845902	2237.81392440219	15217.534772992896	5.189399110228357
?	-1	-2151.042878097798	73.32774861009551	-101.44214430327678	1887.3791153592392	6567.007407736064	2911.0640606347015	-17618.60470437674	-0.3955022846356909
?	135.40242660979087	3358.3227100451672	70.596157068157	-3.3402113556675297	654.1450175123771	-24706.460995050966	1356.8836891833405	-31407.82715397227	7.9778137658137025
?	166.91613550226074	2085.540953530397	73.16073804231213	42.245989064359975	652.0560656066734	-1676.4017839214546	1340.6727029360657	9266.56243424332	6.694476149311484
?	239.6794742863122	-3358.3227100451672	72.70845652137503	-116.46864437555399	570.3249283163032	-1434.1660210332134	1820.211810895513	16341.93097055243	4.865486749804473
?	-1	-2257.5583965024985	67.33730582353435	-162.96710441197772	580.3477645550117	-1889.294536763154	2157.7692514636988	3017.972989828457	4.132581539836329
?	126.80155446118567	3687.1346484241126	64.56010130077603	119.77838409380155	475.8602014781441	-2825.3083672994862	1971.110460386938	-3738.948399128914	5.9881312772350315
?	183.35673242120825	1558.459110293947	73.32622502822451	284.07858921766854	439.0823461900354	-1192.2203885649424	1970.8218315072504	3126.7228049082596	4.757820969189298
?	204.72450997588413	-343.76752017140825	78.76403076165965	46.351339180105434	416.24918204989615	-624.0066364791314	2127.4466006323532	2752.3393943211586	6.674294251437308
?	166.1683564126376	644.1555235941808	75.64379198722982	-240.11244451376257	407.8820143660784	-20.895769858522883	2108.4388012233103	-1380.5722714430326	5.534916412563324
?	236.93228615559363	4815.365450596518	66.75840853597136	-319.09950548108384	415.20439355697	136.72343967686663	2058.4179870602006	-368.810603222659	4.8361243206021385
?	406.9366289424669	-4758.645723111805	59.6888167131754	-225.10568056909042	414.71818634992184	-195.08364635145375	2089.998271062177	-530.3907728216716	-1
?	-1	-5049.346919314637	55.503124507516674	104.23219338845905	405.45021123939716	-1070.2555306853578	2031.8984484191167	-5377.880319928227	-1
?	154.46928297673148	3227.6592594735143	64.90042638259843	270.75847586662474	361.2054098156532	2347.335511029988	1821.104255065762	-10497.846054331276	7.875731028333403
?	160.38296297367802	-7.4081343990967605	69.0410483008481	89.87084670017183	522.8169867908982	561.1627781878997	1507.0061457025454	-6056.902018604496	8.576397520712202
?	154.09887625677663	-494.8744600909962	69.39396871760708	23.26210248841444	389.26354872504857	-1518.3975443633767	1518.2591541355328	-2505.998157569562	10.924053157782044
?	135.63923996912786	-869.6800743026826	70.20415342526884	-65.8870090630929	446.8971095727283	4829.421475494943	1381.7062378240655	-5780.914170455048	8.868972644066718
?	110.61487254164189	-2732.7847993825185	66.09961826445239	-255.32017441322927	630.7346224997991	4402.967287327844	1229.2134456127762	7311.7644652905265	2.222162788146389
?	-1	-2232.297450832806	57.4381447046072	-239.16609709524622	667.0454739391237	1124.3940167691494	1747.294461088597	13318.154489278882	-1
?	-1	0	54.14131340968991	-48.63358129461803	686.9543233382574	3426.2037005251104	1895.1211700767299	5297.3220326666815	-1
?	-1	0	55.00646563987626	-41.298636380434296	838.3556589653816	-293.2771304435532	2012.1605627219349	2776.1198555525666	-1
?	-1	0	52.07638159066816	-71.28775260948343	672.2904668160795	-7266.228800228968	2033.9271628543602	-4492.13641362423	-1
?	-1	3025.223900653752	51.44207800940204	27.16752798117245	475.04421895392807	-2668.2037605855076	1787.5537420407202	-1120.1427882014536	-1
?	150.26119503268976	3477.8261302119226	53.434757989726805	318.68651104752587	538.8802787868023	-80.6022178895182	1977.9200234442867	3809.287356870764	-1
?	172.8913065105986	1458.3006477408671	67.37640356177856	481.4227160121317	471.0141080594521	-1951.4196743607665	1978.018109884261	-15650.140250587401	13.057281621852065
?	223.17622741973415	955.8693701314116	77.50589379033373	236.24486096687838	441.30929506876254	-836.2824392535589	1195.4130109149055	-674.0507965058755	14.100726007105626
?	220.68477501716987	-376.12185851067045	79.18864661012265	6.971734522696991	429.19998609677356	360.84834545510205	1944.3155700589668	15166.659313018103	16.55980433380547
?	204.37013449420036	4072.9299282579605	77.85448051646858	-305.1423722641889	459.3517123415179	1145.9043793071687	1953.7459765658214	1175.7958362341712	8.962732883696656
?	424.3312714300708	4317.9959967536515	63.93152799691298	-333.5172053770772	486.4952050621328	-288.4445493710409	2003.1053618706762	-370.65317739060373	-1
?	420.269934331886	-1794.2792046873485	61.17862024761449	-59.0026804091528	444.92948487296565	1204.974822814363	1935.213317696291	-4092.932922728838	-1
?	334.6173111957021	-3658.7213162517323	60.9813939764553	327.28844430928905	546.7439462028518	4183.676334722309	1798.4587157342314	-14866.240009701853	0.28118081442669923
?	237.3338685192968	-2106.761520156483	77.54304246307918	277.06055706567145	654.113301609084	-771.9989171542698	1191.9013172111877	-10011.346840582495	13.459702412306601
?	229.27923518787642	-335.19893346722176	74.83442182973907	-63.51721146578735	508.1440003451378	-3749.7396581429043	1297.8913737050996	8413.079641793836	13.441189830011945
?	220.57392184593547	-588.9743528893059	74.36718188978976	35.30202479692327	466.62631870193616	-348.71145684454706	1612.5552993008855	3397.930737527683	13.203844379107073
?	199.8305175434107	-672.3720158063396	76.59952306958526	-161.67558090777615	490.7084275029102	53.62408190958755	1467.7879105814861	-9916.83504154979	14.211617675659468
?	186.95532105561801	-129.33404875625328	66.28340284440084	-270.88955371285977	469.3075227974156	351.31221312599746	1116.713547223389	-6577.051992243571	9.534296342660742
?	193.36381510559795	-191.20178647607315	63.05504538394208	119.85634140666974	508.2740381592103	996.2359487406314	1138.935310969303	-4398.584045450183	-1
?	177.39523173181422	-602.4016438584226	72.27621991473441	192.8574362235136	519.1193202344479	1116.2005435091044	896.7843449508767	2379.5750919714674	8.905941734529105
?	163.2437329126764	-621.176916085146	72.6979171951179	-219.37634387110492	564.0840653346663	1588.550339023807	1257.914065567878	25212.86971557395	14.606057269984934
?	146.33638592755648	-3284.8746582534814	61.30740272117901	-231.24170494445576	598.5468371856393	3525.0772263935187	2157.427830729592	16228.500782230136	3.8812179209043474
?	-1	250.73103587070747	61.13583194789494	162.21204190315842	740.3379266543448	25.628680881734088	2069.3391046793963	-6894.897682261637	-1
?	158.87293772109203	2709.713541508206	69.41800481633705	223.14117364398749	599.828271229726	-5410.255768337259	1812.6829466165054	-16383.027425555396	7.268403470494518
?	134.48567707541224	-891.2417787536946	72.29289063009448	-6.949010323867996	469.825138237478	-3002.054818537326	1250.1877334016149	-5262.157183950492	9.202370598163993
?	114.31084878340667	-757.1605139386907	69.07055430014364	-75.08582725628351	449.72553030285763	1244.117297932194	1549.575087418977	3790.752082030709	3.9443756931642806
?	96.62765137847717	-534.2653205717355	68.53859926728025	-137.02757567404782	532.0310031340886	1233.7712729300235	1439.725337503153	-2421.6318510160154	7.099800963604183
?	87.59758275482047	-68.08310566159395	62.219175516441396	-159.82190798119873	511.4140939493575	-157.98379920353457	1428.493494868179	-1778.5076508465975	-1
?	93.22349609539742	95.7572317753108	60.5475038682202	-70.57791208319542	524.1318131739117	7028.584983964036	1350.7999549608219	13491.934725948404	-1
?	92.38544434358607	-1884.4699219079216	58.690279912281575	-73.2962237347095	862.8433431475643	14796.27967773034	2103.0902311656087	20539.99963605305	-1
?	-1	-1867.7088868716949	56.88269268148467	126.16484432454803	1263.9457970604392	9824.001218682632	2377.799936763489	5886.916839923295	-1
?	-1	4073.9830391176033	64.99852212850907	177.48607977604937	1354.0434040817029	-13464.166938627577	2397.4360731617776	-5241.677459112114	3.057346520803791
?	202.69915195588305	3835.898393611726	65.75699667028727	39.14877932633716	590.7374501290508	-19136.573787889094	2115.7160638078794	-8259.111003716862	9.041114222704175
?	190.79491968058903	-592.5942296665444	66.95596109482595	9.30169577860583	397.2147146872345	-4425.2358754784955	1984.4805229759286	-1873.2832393565384	14.975840976285571
?	173.0694404725554	-168.68813748079776	66.22208145921756	71.66437564585135	369.47565635512285	138.8640286761748	2022.0519018400512	-13550.665115966334	11.326532133805689
?	182.36051280654902	145.47790737415957	70.53917987711857	-88.22614842872628	404.15791612104334	261.3082923177248	1306.9472671776023	-6998.839692396656	17.587391582819503
?	180.3433358412635	74.12257245542841	61.81077403778119	-350.71793175652584	382.5410709710093	4831.221895397455	1672.1099172202134	13719.721755794613	10.896852262572263
?	186.0666414293205	425.59837877470636	53.00328328929203	91.5420848816022	645.7190108909196	4221.184230094966	1992.9333549673427	4710.707025991411	-1
?	201.62325477999912	5769.907829813553	66.38787828186136	342.52493566486004	593.6002824757605	-3400.2314996951322	1907.6452685197874	-2377.271881566142	5.1574076647300915
?	474.56203292000225	5400.785521928191	70.12953007253528	-139.31848906452515	475.7074359061605	-2465.602954998957	1874.069760889034	-564.957392956354	7.587316954893997
?	471.6625308764125	-9511.240658399909	59.421953828635004	-362.0976406287151	470.32013472581093	-13.429460459378598	1879.3973988719692	2203.9395631806615	-1
?	-1	-9453.250617528116	52.02464804109926	-209.63700324308476	475.0359628831916	902.9319609152693	1984.2667390480685	3734.1969764416503	-1
?	-1	0	48.94010366648062	-97.66566985853817	515.466732771575	1177.4880804774775	2066.1072476940544	232.78465174749851	-1
?	-1	0	47.141364548172284	-76.85217974919955	533.9103669070663	4204.495063896187	1995.9059716354436	-471.6499684022689	-1
?	-1	8349.602678635587	45.097494679020585	392.0539680894381	725.6914859663874	25103.14645471145	2042.5247492739406	15879.75833832261	-1
?	416.48013393178525	8233.779371482038	66.74406295264447	516.4192449584016	1789.0676896426567	-397.84338862498436	2789.8938885515854	-2761.462880918568	13.527062700120302
?	410.6889685741078	-8349.602678635587	70.91845692694103	11.696575611643542	705.7993165351379	-10097.954657578213	1904.4516052280103	-4748.233490980179	3.5810436605608156
?	-1	-3996.2319729749424	67.32889173322666	111.12483336438528	1284.1699567637388	-748.4176777991145	2552.482214002573	-13520.418557513298	-1
?	210.8773699253578	4444.661503672106	76.47469859516038	112.11952546297067	668.3784326451817	-11627.754896968372	1228.4306773523358	-22551.721648968534	9.726287072249193
?	221.23307518360843	51.81797847161914	72.93486800637527	-155.36017259235	702.7822119153119	1013.6773376774219	1424.8961315541303	9388.75921349262	12.623698472010568
?	213.4682688489388	-4444.661503672106	68.70668996554277	-257.7855947000613	719.0622995290535	4092.076578895279	1697.8686380269735	11314.186765800172	3.439995253798923
?	-1	-4289.365376978715	60.04558827137202	-147.46377415585857	907.3860408600788	9341.08779905075	1990.605469844147	10823.501499120235	-1.8066938812735356
?	-1	0	61.33350125774973	194.46664241281547	1186.1166894815976	6421.694511446908	2239.043712982993	6685.256396090464	-1.691787952990211
?	-1	3927.8330443576465	69.76892039201293	200.60181240931968	1228.4707664324287	-7360.236321204108	2324.868289648675	-897.9492107918904	-2.645164825028169
?	195.3916522178851	3182.1163804280277	71.36359187821586	66.27382940005182	818.104873421387	-16111.144110164003	2194.1462524433978	-9956.607065960452	1.2195483892852
?	158.10581902140365	-1177.4223319027883	73.08261186201557	-91.13141128727774	422.91356092421705	-8995.665782841468	1827.0379363506452	-6265.067844113148	6.684877185212692
?	136.52053562274486	-620.1954314489844	66.8070213138519	-27.344866332336334	368.32158427930716	-1278.5855823630493	1880.892860237736	705.5123181602394	4.303041598509211
?	127.09604744895398	-229.93598917815248	71.71536854539873	3.172555073988076	358.9842818060637	-771.9848896715773	1862.3135522586576	-292.7117655119268	11.899368837200248
?	125.02373616383707	156.2011753610762	66.96564906755131	-185.50573177625614	329.72233979572775	-267.06667583887184	1866.2572719621394	-2810.1386791732066	8.824902017596454
?	134.9061062170079	3256.791357606248	62.44008195658579	-64.43330510521642	345.6309480141199	6680.00731175064	1721.8066182999953	8879.128087673555	-1
?	287.8633040441518	3029.5124606966774	63.743983812290445	295.5599075555801	663.7227053832645	-767.4622408211637	2310.2136763458234	11013.250692030626	0.5962756117295274
?	286.3817292518439	-104.50752560299826	77.218077334365	213.40482471250107	307.25783597306116	-7817.683622668964	2272.4691529015345	-779.6132149907843	16.926060795182188
?	282.6379277640018	-5747.634585036797	74.41422504791565	-139.9960800077224	272.83852424981075	17052.88329935008	2271.2330155962836	5378.687272908461	10.03930810950147
?	-1	5316.0986340107065	70.21827333397879	-195.933291291957	1159.9020009405774	27422.251236502016	2541.4035165469613	7714.412528979455	-1.3010749955545946
?	548.4428594645409	6421.856366917915	64.61756048331766	-47.84398185817952	1643.951086074931	-10986.246522811194	2656.953642045262	-7205.229994882818	11.78472128941004
?	320.0928183459003	-6699.943277064546	67.82607424106978	23.85609388699601	610.5896748000099	-25606.095677860067	2181.1420168028153	-9813.172215439059	10.84913116975707
?	213.44569561130885	-6421.856366917915	65.81036517766748	-204.19763191911892	363.6463021819096	-6858.6248730099205	2166.295031273302	-1830.1841707156486	12.144824578000284
?	-1	-4288.913912226116	57.616192645113685	-110.10611426102685	267.658431149509	2882.3611017767007	2089.6328082670316	1431.5602532787013	-1
?	-1	2514.9866764061126	60.30505946461606	309.94374420611837	507.7643572707467	2154.645486527106	2237.873043937238	-1134.7460800997508	-1
?	124.74933382030741	2273.057151141363	73.11337985541982	221.3951291126254	375.39070547586584	-2414.6349549847932	2032.8955042620432	-2786.3648206319945	9.082268311857357
?	112.65285755706978	-413.7993083959175	71.37481592024749	-233.00034344349208	387.0326095215053	976.1083405050201	2098.5548029056363	1037.0267172369165	10.344632968008224
?	104.05936840051125	-2273.057151141363	61.46336268324505	-330.93230436623656	424.19612250111754	955.8147940833034	2084.74684012389	-1984.3732879705058	-1
?	-1	-2101.187368010195	54.82820070193542	-136.10390732866355	434.82334922567117	1890.96649935422	1999.3361385071096	-1335.2654804367914	-1
?	-1	0	54.65816731681178	-44.22815412049354	518.7444474688299	6704.803018674778	2017.9835661020493	738.2719657900575	-1
?	-1	0	52.616792995910714	-2.1962419739572825	770.0635001594148	-1864.8540705690216	2036.249736796613	-607.699831436285	-1
?	-1	0	54.54835521811391	104.4971136696571	425.5017439403775	15511.28089172674	1987.5985745302346	6309.168798905931	-1
?	-1	0	57.84164867939364	107.87152046469319	1545.6275447457629	18957.548319070887	2351.708176741914	5886.689601279893	-1
?	-1	0	59.94193124134865	97.79643344037868	1373.3791598939354	-6394.32073295402	2281.9330545942335	-1402.2920899087585	-1
?	-1	4843.779567212563	62.731470351412646	259.17946892163303	1225.9115080980573	-14259.014450136763	2281.593572246475	-9734.084873886493	-1
?	241.18897836063158	4707.555659056188	72.90090468743048	305.22437408715155	660.4284373870871	-10910.189175885038	1795.2288108999019	-14754.115960620684	4.087022983150084
?	234.37778295281274	-528.8871211150466	77.99268905577044	22.79404772235093	680.4020493037976	-302.37232018809914	1543.8877742154305	-8829.8846679954	13.06677785979853
?	214.74462230487887	-949.2596129570593	74.04060707354805	-193.51857214058592	645.3098213776819	-203.6598093250057	1353.7345775001256	6365.740239417079	13.103305083049229
?	186.9148023049591	-279.2860701263203	68.31676044874101	-85.99034486844678	670.2190588375472	-4353.098253277174	1862.1747861862889	8946.155054616107	6.79291721663841
?	200.78031879856266	-215.6487305757239	69.74108983012565	27.83369989338627	427.65490871382013	-6263.227634914157	1801.0423302309373	2374.3615982427245	11.216928044467656
?	176.13236577617275	679.4903217238817	69.70844544341034	71.54489908852622	357.05767709183493	-1179.3005723187084	1980.8928660984268	199.62919830955968	6.071135450435645
?	234.75483488475723	1758.8317062492133	73.31833478455201	159.76988261803086	368.6898800978839	4171.552394986967	1811.0237901464154	-5128.124467066436	3.911633365580061
?	264.07395108863466	936.4801276436285	77.696939574312	85.8494793327022	565.6352968411862	3573.9360223225735	1724.4866427451013	-1074.4064393899619	11.621513622484951
?	281.5788412669393	315.44751190113294	77.61080875118718	-241.79540597407023	547.3866812140151	-969.4064026148566	1757.3034681769166	576.3317088480208	14.818942236585992
?	279.84632668369153	147.31548287590516	65.60716927560831	-243.39304377007886	517.1649767104427	596.945142303021	1753.3032281875028	2799.0259593603027	10.930473293598173
?	288.9446154107347	-359.98217018534945	65.44115656268306	238.99365121892433	577.2339383291666	818.5270563438028	1897.2547661449337	3295.901976064832	1.5018615687675112
?	261.8472181744238	-585.2821002967354	77.5568518365547	41.80523533814406	558.0913295276334	1707.1195860630298	1918.0983269907467	-1762.384562237287	8.9760183947825
?	259.6805103958975	-885.4149970064667	67.5314183295903	-210.19010077333988	662.5899176323193	-1210.4587144977288	1809.135538033068	-14464.59118523407	4.680607268790963
?	217.57646832409984	-1037.64826146864	67.04734679788756	-31.507440018098528	497.56839380274613	-2644.126734913135	1194.868767729033	-5917.88084499942	6.1399691474961875
?	207.79809732246477	-12.841275914821425	65.95604632868535	74.38127525749289	530.3835808866606	-1298.125267545648	1513.241495783093	8662.04810012744	11.015671696310514
?	216.93440452835875	38.22211504779662	70.76641056076225	76.75129876107381	432.6621304254628	-2546.4165917693003	1627.971172735411	2502.776147375058	13.605060307024024
?	209.70920307485463	-328.39237177067093	69.79361126673909	-40.033476385022766	403.0627512981938	-529.2609956558299	1638.3803031518476	6478.09339533735	15.366745583039389
?	200.51478593982498	-370.102991396224	68.76473674151109	73.08369689190111	406.19908064267094	538.399318581833	1951.8758425022831	8560.084267781314	14.285234608722998
?	191.20405350504316	-433.03401228203325	73.4477961113342	143.6645750842464	429.98271722728583	-507.74328903882025	2066.3845165409193	4322.288693405387	15.42988541468824
?	178.863085325723	-658.8386848800784	75.94796549572351	-91.46401587427631	380.81191619072956	-1173.8058290042948	2167.9902771725556	-108.31295900739707	12.471528069351919
?	158.26211926103878	-3597.261706514409	68.87459531762032	-323.5925908788236	371.29242577707026	-33.519702742168626	2060.9688685905494	-1352.799177153155	5.757811307967891
?	-1	-3185.2423852207303	59.7683359517821	-126.33907492311457	379.1359310536211	429.0119121786502	2100.350318314897	-1367.6011357707	-1
?	-1	2823.465457971395	62.5576415714645	272.91855496123696	392.7430213860031	4362.026254990639	1992.5888118020134	-16096.684686596367	6.194225667002279
?	140.17327289857175	2562.4091644022437	73.41426369984414	123.04241190858899	597.2372438031562	4296.2525132242945	1295.516083985067	-11750.586413042534	6.302816944610663
?	127.12045822011402	-2823.465457971395	68.70976216689404	-179.5326214951217	607.5556470472209	-425.54839150523856	1405.0594911498783	3792.555990386841	3.9429906232205307
?	-1	-2562.4091644022437	64.43763262508793	-223.4256403521925	575.9598242278939	-547.0306931362316	1485.1438835044119	-2575.7466856511064	-1
?	-1	2540.4559579373986	57.538480149284254	-105.69304164424628	580.2041123904089	-3004.2974434002003	1276.2721568673212	-7531.523652731209	-1
?	126.02279789687174	2499.642438965985	59.15298054287554	90.30862086136565	425.7449520578818	-1550.3339838952509	1108.567700867846	6069.228931684206	-1
?	123.98212194830103	122.85032909635216	62.0539111923526	233.01692112378143	502.68741319564526	4702.999289103362	1579.7336034515358	5843.765440118758	1.209324217979439
?	132.16531435168943	67.00141616617334	70.80382659906478	115.58653995454654	660.8949165130532	4003.0602108335847	1400.755972873788	3765.736553434591	2.898692970154468
?	127.33219275660974	-86.58142394427178	67.83323819008001	-81.01905718451461	702.8404237373273	-6471.8410259237635	1768.020431123268	-3470.009470835663	7.14397338673951
?	127.83624315447578	-67.23538737755708	66.75287373983899	-27.576306960157133	337.3028652168604	-5930.224264367129	1227.2554993320025	-9771.673028780353	8.496753924910088
?	123.97042338773184	-260.5950987783544	66.45442284207213	-37.725286064840624	406.3292105189667	1447.857508856572	1279.4367796842434	-307.47598242882776	13.119127338669871
?	114.80648821555788	-127.98363043572965	64.86660943659693	-207.71696296169938	409.69574065969005	4540.03696072562	1211.881700210561	6627.654123242174	14.759173765772635
?	117.57124186594527	-2316.1297643111247	56.06857469398702	-129.3659734638416	633.3310585552509	11662.82170604157	1610.8194858463569	9371.982756297351	-1
?	-1	-2371.4248373188716	58.39831076340476	22.715975989491103	992.8368259617769	11138.34510381538	1680.480838025435	10265.691571039955	-1
?	-1	0	57.20437349346159	-171.15602979421294	1190.2483137460279	-1865.1779981965235	2124.104064398362	5524.544070939618	-1
?	-1	0	49.84050927369399	-60.605035866233116	899.5779260519494	-307.0926426490361	1956.70804157242	-740.7176090382367	-1
?	-1	3959.2360904186125	54.17412170014989	351.8265519113214	1174.8936816135758	1344.9668014637941	2087.0681839464496	-6423.89803253609	-1
?	196.96180452093344	4004.791787575661	67.43183686926031	67.92728846568753	966.82626612514	-6901.639850438974	1635.5131399456109	-8368.664330791016	2.5163967153682107
?	199.2395893787859	-3959.2360904186125	57.570486123434314	-239.96738490050816	829.8116890916223	-197.4212048201861	1668.6349674068929	6935.104917848386	-1
?	-1	-4004.791787575661	55.43346762423473	-180.76681071110983	956.9552058841306	996.5241901553321	1982.268385838035	2272.560953959191	-1
?	-1	0	48.532145587878695	8.12676452110483	879.6378985993896	2497.599684450273	1782.263015104854	7922.867576158047	-1
?	-1	4320.724564302656	55.83980585028998	346.64781276548814	1081.835190106646	-9845.901550140372	2378.411764645943	9018.382124620215	-1
?	215.03622821513588	0	65.86453622615335	200.67053412309463	387.34282109236403	-14782.92179768533	2233.182121335871	-4680.494141463693	5.024931951723472
?	-1	-4320.724564302656	65.87333255644485	3.0379161865806306	342.68910022236895	-676.8162817767126	2144.387057572755	1576.2016966699005	6.409266624534195
?	-1	0	66.01643203548238	-191.40529251765582	353.5020070035279	12248.434622667268	2311.9922061693674	6128.09367078676	6.186908657011233
?	-1	4511.200660240046	56.30306793056192	50.921925756378656	955.1108313557411	2720.3517069445866	2450.7917411120975	-4386.666611261254	-1
?	224.5600330120055	4244.890917966899	68.56252832330135	365.0278916941388	489.5195923507592	-10691.671787443236	2092.6588756063015	-8065.991532816987	6.932941681182288
?	211.24454589834795	-1287.2877015261513	74.55446251526912	-6.238245092390482	420.52724198357174	-2745.1673342483828	2047.4921644712424	-2940.2161044287404	15.746282261072562
?	160.19564793569702	-1241.8627912878458	68.25061606868182	-58.39735776477769	352.2612256383381	-1095.6507876002586	1945.6480703848624	-3477.2387882282287	8.097358899076143
?	149.15140633395478	-249.8161089568559	71.6345946270302	-179.23199114027923	365.74470260355804	126.52639866164283	1873.6302250598285	-2088.881965068456	12.050058773931625
?	147.70484248785405	1383.9235187696434	59.28901651166773	-256.5821021548408	358.5875455714203	5089.326793096279	1841.2039721314381	4569.606049381668	-1
?	218.34758227243793	1800.2649432003516	58.805489519287974	220.31952613038314	620.2110422583756	1005.3481087304742	2102.110527528915	-15360.423825573753	-1
?	237.71808964787292	207.12271354119468	70.30499281818705	248.77767038579822	408.85495100794475	-4265.080509314949	1073.1827808527396	-9399.031145879339	19.663529182360286
?	228.70371794949781	-333.0930846815276	71.24437303857806	107.93280564111927	406.95701679262515	593.2374509455697	1632.1589702349415	20074.101869009017	15.023178216860078
?	221.0634354137963	-756.6328560212702	75.70163310024309	21.267506470481674	438.51682355522365	-396.6642688591492	2076.8878743032046	8707.14660303291	15.796167208067505
?	190.87207514843377	2458.067823939172	72.30774836210216	-170.21110128413838	387.1238033496674	31097.236895499285	2067.5163003865932	14913.593567429449	8.122200417626997
?	343.96682661075664	2179.1968025929204	67.19107803603605	-32.36801745152757	1993.37866833021	17468.624950192887	2822.5675526746877	4370.018322475627	2.2866783305818683
?	299.83191527808134	-3628.714038787012	70.68934748952576	105.61704378077869	1260.5550508593242	-31601.51659119792	2286.0172165103777	-19098.18342530778	11.034168627279762
?	162.53112467140346	-3118.4820195500643	72.47193022507506	36.991628455010115	413.3028387702917	-16092.169173934422	1867.658381409285	-6635.5174643623795	14.354429888211163
?	143.90781430057592	-469.82932421897164	72.53892891227629	-144.65589004607574	455.9465921625916	3810.1236067876953	1954.241343292254	2134.0512377461587	13.460878490125037
?	139.03965846045455	9.788810774611395	65.23913572277117	-363.2219240364119	603.8090191096792	2390.576461475498	1974.3609432965945	-323.1609481612713	7.952183034972834
?	144.3972548393065	310.8993140636728	54.377832710455436	-158.3770642282744	575.4754152363682	1279.5425571446413	1938.0832958841902	-4988.145544997066	-1
?	154.5846241636384	-92.65622648294975	57.320282511357334	375.1324115706311	667.7861469669122	-2755.55410891471	1724.9536660467377	-17394.154024575753	-1
?	139.76444351515894	-629.1130290496055	73.13445328898726	210.3703232462088	437.69770979063077	-7332.650007340219	1068.3755946553902	-13497.252857512922	6.0022273883839015
?	123.12897271115769	-409.11332508395634	67.83879867366792	-318.2806305768101	301.153646599896	-282.95140283631605	1050.091023171082	-1173.1693895138862	7.976450338880491
?	119.30877726096084	-2482.5794542231183	57.22042176014653	-150.01389960434778	423.55013964881476	11813.925231022842	1009.717125179695	12748.481041598276	-1
?	-1	2112.9462435870655	60.33810369345043	297.90955968492045	891.8499081510465	1954.7031111881558	1687.5150752510049	15535.14093900027	7.113088432622038
?	224.95608944031562	4447.274576297617	72.11589974439276	189.28210455327502	521.2852952082239	-7801.041470972431	1786.4741721297196	5329.269286772539	13.263636553700415
?	221.36372881488404	-4519.121788806248	69.80220892111431	-175.7299581808015	501.7978346024194	3500.9705274834964	1953.9785395896356	3895.498725464494	9.151933411537137
?	-1	-4447.274576297617	63.32940183535256	-248.23622894771094	696.3338215824012	7591.749081117382	1981.249108402947	5747.583127842299	3.6765049211372416
?	-1	4641.135469760522	57.39039747372859	-33.97347910482901	881.3852886582939	3973.142441042949	2241.3576959817547	2216.0418023728703	-1
?	231.05677348802942	4283.838343424029	61.63072788011109	176.27912611408723	894.9909436345515	-9260.560023233275	2092.051198521592	-1345.0810390743018	4.786095807105318
?	213.1919171712045	-4641.135469760522	66.20435377943308	-185.31597579102842	418.3572874966236	-10017.759423917727	2174.1036440280386	1404.469769479363	9.932254410356549
?	-1	-4283.838343424029	52.364929090559535	-298.81576667389044	394.102972438658	2586.0409801087912	2162.2746869955613	128.2609775241126	-1
?	-1	3627.6847918177177	51.263565445738344	401.486959681993	547.659336502065	1278.7415007912682	2180.5166929042443	-8329.1605706199	-1
?	180.38423959088846	3150.5835509739213	72.43927707465947	423.07555745968597	458.04004747822233	830.9974391363103	1745.8166584645603	-17291.997547904393	6.5781397997174
?	156.5291775486983	-681.2683534899418	72.41734331872294	-226.17032080339007	589.2092084588811	2574.137759756123	1315.9168155090124	-9516.175028581349	7.045592469796799
?	146.32082191639088	232.3002488588811	61.13076103448981	-305.877579380548	586.7469354660303	549.1545033644219	1270.0079070354861	3329.005982071283	-1
?	168.14418999164252	251.2986035821528	57.123464349695325	151.59284302586212	616.6669336271026	-2696.602716397803	1482.367114612579	2862.5183608751927	-1
?	158.8857520954987	-265.63731683142146	68.71040318578302	243.78350774300026	451.91679964613826	-4288.454812625289	1413.1338250792478	-3511.4405700075486	11.338636752514724
?	154.86232415007126	-130.83981851090627	69.31263973684551	-1.7559351978124234	402.2441929958351	-1797.4372547773949	1306.795086112199	16021.95870949744	15.035802014765565
?	152.3437611699533	108.90886517609219	68.6226064258924	-11.422037014625753	362.04493690726724	-1046.9001027301783	2214.231760554131	16047.098800233862	12.830963093297356
?	160.30776740887595	139.10699122460215	68.74153788611422	6.417548254048506	349.8991878593254	1048.3659987812573	2109.1500261239034	-8700.512204199089	14.033888587840986
?	159.2991107311835	-188.29821538571952	68.94348383859483	-41.08545158875812	414.46323684633086	168.19946302374422	1779.2061503441705	-6597.651851558805	9.592973565661884
?	150.89285663958984	174.62736906419914	66.68726530667628	18.019235539603102	358.30916101051275	-569.3581573097935	1779.2674335459585	3834.311368237709	12.233040832977334
?	168.03047918439358	1092.6939931593788	69.844445615575	121.08537659636794	385.9953289808408	3535.654424474353	1970.9217187560587	-8704.463726298189	16.38492294551953
?	205.52755629755956	1492.3527314747046	72.74153413649476	80.9804736901708	535.0918822342329	5710.620186621528	1344.0442472310428	-9180.763805710354	8.796764893111693
?	242.64811575812988	927.0193024865363	73.8934693000836	-95.1164714383598	671.5263383119212	2305.910092287769	1511.8835284705344	2492.1526972284537	10.372629592192913
?	251.87852142188703	-4872.962315162528	67.9857105645767	-129.57653680579753	650.387386848623	2159.8730587622063	1468.6518820924673	19124.251888098494	5.3338848383416915
?	-1	-1712.4392283915956	67.41464245979363	14.075574457775785	779.5199912500331	-4449.550817976496	2468.0961228754727	8805.543355134989	2.617211127118558
?	166.25656000230603	0	68.6894892874655	-217.41938061721814	427.90984594979506	-5571.00321599371	1908.929049849223	-11415.685204233989	6.8976853581115085
?	-1	1235.7175621729834	56.543673428932564	-72.66450333134809	500.9698304503436	4039.3072146695094	1897.3118626637652	-9050.096886540212	-1
?	228.04243811095608	4809.607342900021	65.05626412089805	263.5188059657855	629.8752066832734	4934.007910427422	1456.424205522206	-13355.779105770676	5.855997820464421
?	239.48036714500444	-4580.848762219057	69.71961372722203	29.111099525953406	747.6702259717182	4133.094008382885	1229.5229073752218	-3334.676914725217	9.744153297596341
?	-1	-46.555862245419824	66.51181909719574	-214.63674007068826	836.5299071024206	306.41615741488766	1289.6903597859427	3510.3323422399444	0.5251071408205975
?	237.1525740327334	4509.768497334277	58.98777672368746	78.99598952388801	762.9910338424628	-8345.442077380967	1405.0395244872216	5443.253300067008	-1
?	224.48842486671705	-590.6173769114492	70.4616185733902	166.0243274189289	419.25780323336625	-6730.023456680485	1561.853024789297	11971.825969570029	15.17392438398349
?	207.62170518716053	-501.5041045735066	67.28899309463402	-137.56061882121745	426.48986100843376	-292.21657468235134	2003.6308229657316	9684.095339443	15.22057190963859
?	199.41321963804137	-348.5926198020856	63.58358763232923	-182.38584415209058	404.6469744992485	-473.62087010180187	2046.057791761454	5283.532716154184	-1
?	190.192074197056	-4008.2643927607705	58.169700887029364	-67.38485081256603	402.80881750334333	3416.262669998736	2267.8074587734445	3208.026300056431	-1
?	-1	3.9057305527938424	60.21434509170088	314.66539711593276	575.4601079991877	4004.638090286894	2206.4591067642777	-12802.148820368742	-1
?	190.3873607246957	3705.337085621468	73.90297074282623	157.4927375456406	603.0407220176909	-352.12722302067687	1627.7000177549983	-16358.763566595735	7.0758916934928875
?	184.26685428107604	50.53861047297729	68.08898196898302	-94.60207164685251	557.8537468481536	-1689.7241844257005	1388.5209284344794	-8113.399343081972	8.687556046688979
?	192.9142912483446	-101.83778172017324	69.17286716048353	20.797655206875152	518.5545127964047	3487.2427253927735	1222.030050600894	-5847.765718309282	7.820784096009781
?	179.1749651950673	-162.9788660249977	69.12886472932679	-212.6954797636311	732.2158831177948	4519.920932204634	1096.1326425190111	1558.455446900353	11.114384004813685
?	184.7653479470946	5911.31050964947	58.53809317230183	-253.5908604118918	744.5505594066395	740.5670767723572	1299.9528229459127	6839.563312969588	-1
?	474.740490677545	5797.018306775521	56.44932170873202	51.81857303087594	769.2442369564132	1569.6716077690876	1438.1108081674954	19703.642696866125	-1
?	474.61626328587477	-9514.809813550764	61.12902182384566	104.79932003088429	823.034139795095	3734.6924100179776	2285.134957789233	17676.559883148446	-1
?	-1	-5940.641104114218	61.68928771027631	167.8972104752204	955.9788574573147	-7064.466387472551	2321.9388023249303	-22814.803188517508	-1
?	177.5842080801596	3392.1228432470343	69.5238823476068	-15.647026876875634	469.81082042146244	-11228.90235545535	1144.3947983633414	-9350.458735133183	11.52255901726769
?	168.60614216235413	3017.9990634743504	60.90693636643252	-243.87433850709394	394.5337396845392	1001.8543739602234	1854.4158655682645	14038.946424871143	-1
?	328.4841612538793	3136.5524509689353	57.33016542225193	181.11731143252425	519.9035391194743	4445.427631530977	1846.3421196069085	8015.566205030395	-1
?	325.43376471080313	-359.4879220084164	69.96280193805886	37.2469987982041	616.8051212610912	986.2001926309014	2255.19417581979	5404.227509946437	11.500082862224655
?	310.5097651534582	-6528.67529421597	59.19251536216216	-356.0827419832289	569.2135487510201	-170.72614006325225	2116.553495104234	-4381.625282769916	-1
?	-1	-2513.207274350993	52.15866483889716	113.09430055182726	608.2688142579285	522.0927097948396	2036.112911681291	-15458.54608681622	-1
?	184.84940143590677	5825.639094315315	64.8472303897536	350.7968431596936	595.3181842407624	650.2703014029156	1343.626190763412	-9027.93216209029	6.084560387436375
?	290.28195471576987	1330.41662900231	69.69850699688209	293.5993708623816	640.7823293280748	-971.4727139786031	1584.71630357677	-3044.48872341379	8.961757074438822
?	251.37023288602322	-642.7905898206279	79.52719893287289	149.38495725893247	546.7445485418316	-1325.4981018457481	1191.4017545927204	-10931.00581321983	11.801625063847942
?	258.142425224738	-1599.8105714074552	77.16775485982882	-159.5487702820003	574.5074242357864	-401.2707987929741	1038.1660129157708	-3688.7772607952866	11.092295016584048
?	171.37970431564932	-1875.4387313244001	71.54976041877276	-182.32048032444905	526.6810086021826	-2823.49379032109	1006.9628915529535	-585.6691175947898	0.9507968535819608
?	164.37048865851668	-415.8849343202778	68.05173084360624	-196.3835313068059	433.3327347197299	-1295.0318086400566	1008.8825570360309	362.01082655284773	5.822891355990862
?	150.58545759963513	-346.0041890807101	61.73058385343233	4.029951267017623	461.92941817017885	234.63217999659045	1025.063432880596	5584.889614049201	-1
?	147.07027920448093	-7.315031275197621	68.25322840695712	-87.9542381577453	445.0643437195596	346.618369679165	1288.127037738495	6491.247992719845	12.442976760912291
?	150.21970603587525	-2961.405584089576	57.332871945545	-296.77074039259185	479.26033665413735	3783.64839806822	1349.625832516593	8578.119502455465	-1
?	-1	554.248860220684	53.414691387327316	255.42935865269433	634.2467636229733	2402.5406279143986	1717.0330128612743	8845.032300402732	-1
?	177.93214904690984	3345.033781995173	70.1043398781799	252.4536828978256	599.387368049859	-2242.575257635583	1791.8774475367359	-38.192387471662556	8.723977172274894
?	166.25168909976102	1480.210067265598	66.03737553221878	-128.97737657989668	522.1180007411925	-4150.822441260626	1715.1233934876911	3980.3455350935455	5.096920874105171
?	251.9426524101908	862.2812785654443	63.655471049184975	180.12563015991503	391.8462459868247	-1346.4143061543452	1990.894724291416	-996.022799373381	9.585557166494523
?	209.36575302803385	-1165.0180238848816	75.04365704021465	264.79354809695656	454.7972854334743	1297.723760461199	1665.3222535190214	-5012.518624229671	11.352017118616637
?	193.69175121594589	-860.6119824313029	76.89514845403299	-17.456711604733393	456.7324340098856	-1155.8853945850803	1740.2687930799289	8137.325373486536	6.674073925719297
?	166.3351539064681	-474.6996343488167	74.17082145997797	-97.62314744246712	397.0030157042195	-2188.6324414140595	2072.188522193354	4984.882328165501	5.712653279612312
?	169.9567694985047	332.7596647783825	72.01399108190957	-48.54877268933409	347.3008119391811	1142.738799229189	1989.5129094882075	-5247.462027459763	10.735322922382355
?	182.97313714538745	-299.21632090273675	71.74338282551123	9.705490467977572	454.13995566567974	1018.5223591800687	1809.815420820362	-256.4682101056824	6.200000488887528
?	154.99595345336766	-280.5925178739892	72.49926560530845	6.85799780972947	398.22692989818523	-880.6344096346072	1976.6894989829232	5159.104811744213	4.765995544325291
?	168.9435112516878	728.607302386739	72.08628271599771	142.83176569054316	410.10823518394875	3921.1260522846555	2067.7706614075764	-13120.205281220564	6.104824001106084
?	191.42631857270513	545.9823511833641	79.64085388983571	132.4006971098829	594.2832325124208	3791.7852839870566	1320.6792349218856	-21173.119939079843	8.051270930980904
?	196.2426288108564	845.0430864742866	78.70631757149195	-160.4865076151816	599.6974993833043	1655.8784890786267	1009.1146644535692	-3456.8175880080034	3.7944246611887777
?	233.67847289642006	583.7232825626099	71.61652850907652	40.48895436333566	677.0771569663533	-1740.276597016739	1147.838355521483	-2252.7172379551052	1.7059554775616963
?	225.4287929389873	-379.75778639436015	80.73076528965876	144.78838578355743	512.6836695324661	-3886.0044257834334	896.4788025558123	4133.029405917641	14.59273664799515
?	214.69058357670178	-619.3454051681065	78.85594779825449	-304.3608919714793	482.77693567717887	2086.493184210003	1354.489825817368	23241.4390708113	17.44700135202347
?	194.46152268058154	101.50691482334278	65.51272069108458	-379.6584110661654	617.0083287429677	1777.079294622009	2058.550756096394	13320.257511244137	8.735642747979625
?	219.765929317869	489.8966728588123	59.87302724494595	-143.304565073529	571.6309004082806	-2349.2369887262425	2020.5027013795843	-842.7029781250911	-1
?	218.9563563235225	-4415.318586357317	58.34749243740803	-104.5768745588331	499.5464793066539	-1078.2848464396177	2016.4156071901386	2404.6835557926647	-1
?	-1	-4399.127126470387	54.64418351700422	174.0495308140833	517.7166580862989	2001.7943147251526	2140.7368791692193	114.1606067724326	-1
?	-1	0	67.04996897811232	192.49203240389517	599.636195042913	664.7313284374078	2022.1236375287604	-3933.421293178843	4.503073024501931
?	-1	4711.771026217955	64.26878513719912	179.780925391552	550.9532245081698	1434.2841400007455	1944.0658145102743	-7270.398869342222	2.898134578310528
?	234.58855131090112	4794.69301618827	76.03901524769005	382.99348791803675	671.3504020429513	2368.538616809306	1658.603694061644	-3740.819540937938	4.431844662148368
?	238.7346508094169	-23.260669107024466	83.41845953310123	131.22983852313166	669.3801553486368	-3886.535980453646	1757.0248374633748	1688.2370034686332	5.843072966228962
?	233.42551785554988	-378.2685864012197	82.60050717384672	-135.08692244881394	477.0236030202662	-3306.437904631359	1743.015544235077	3650.0541198793762	11.951906165757531
?	219.82122148935565	-4688.510357110931	76.66411341066043	-126.08303507219964	504.0582601170665	3871.9139610247053	1939.5275434573462	5766.753336174111	5.142582115619091
?	-1	-818.7472328344885	76.29635542023665	30.555675417115957	670.6193010715042	2754.0607554537683	2031.3532110437866	-10621.409576806585	1.7279971256337219
?	178.88385984763065	3451.549612661115	78.19189718151625	47.68418255256211	641.7612978897569	551.4304840188937	1408.4570646170093	-15877.09883702758	5.998590127845666
?	171.5774806330582	362.6989812293038	78.68056454786479	-141.14629125036086	698.1908252724493	1120.0237071016227	1237.4982691923963	9816.659742539734	10.922080715333667
?	197.0188089090961	1243.3545646408584	71.13458261899811	27.60211412213625	697.7624832448388	-4146.773761658609	1899.290051744003	7041.915723861193	0.9250591221311967
?	233.745208865102	770.5733846764854	80.06067025397162	184.71734267421306	490.8521371895159	-4070.9786513241093	1589.594055385461	-13611.414456357536	15.883645208156873
?	235.5474781429209	-869.4931894040134	80.3704497527089	-11.987384216371709	494.21355067863044	728.4111172848747	1218.7193289261165	-6547.51577610545	22.954503588100092
?	190.2705493949007	-2196.3292906063243	79.46130104315303	-62.424799322780835	527.2726930537601	3341.680005290671	1262.2182665801838	-1563.3564702892686	13.29845307944907
?	125.73101361260312	-1785.9756645833777	77.2492097865698	-162.5425452747987	661.2975509431664	2678.978615415179	1140.551505411652	-4819.206746941254	2.041023345259613
?	100.97176616573056	-620.3375123202653	71.33417377941298	-317.9118068338669	661.221623824521	-688.9095043743776	1021.2579292331177	-847.0724073006584	2.7331740611698696
?	94.71413799658942	-2039.435323314582	61.35361944487624	-253.692863938823	626.852075724447	1900.4415530322742	1098.1978850466185	5900.956734666968	-1
?	-1	-1914.2827599317611	58.64953058247165	180.53489134693464	756.243701476136	3632.0137782685338	1316.3057659664703	23963.660336580037	-1
?	-1	0	70.3803640122231	240.28362377881066	808.4527646378763	-183.8157737791695	2296.3809018756374	17525.20010791255	-0.2635352083918562
?	-1	3694.985284151878	70.66371177141235	31.564058124640844	747.0529127871774	-5925.190823561963	2192.5657713621104	-6893.873390690353	0.6561645560342237
?	183.74926420759653	3387.981705995604	71.95856691845516	-60.53582037305005	512.1932234597739	-6377.8241457362155	1951.6872323411148	-9896.4741525298	4.737742477727477
?	168.3990852997826	-3694.985284151878	67.6369207527598	-262.04647876315755	428.16170550036213	-1485.8365090948046	1697.7420637356133	-4523.985859498811	10.325297464483667
?	-1	699.0321714999582	58.8562429802971	62.82822228788912	437.9013980050326	891.4911010638251	1725.487939366171	-6150.4537790241275	-1
?	203.350693874781	3983.0904248853362	70.77833186715431	393.1764662541947	472.736260553554	-589.3779530200807	1390.2193747844026	-6893.67212044767	13.572079533839275
?	198.15452124426963	7315.107642460667	78.51506629300711	110.16500111105316	408.43250035402815	11411.746958897907	1380.8043333437827	24085.138278238323	18.269964357976583
?	569.1060759978195	7475.615591762918	76.28658192270704	-100.26110558209353	1043.3236084984576	4118.225690427314	2594.476288696336	20945.430696774703	12.46115453984549
?	571.9353008324208	-11402.121519956228	73.50201101390236	-152.59311452942637	614.3437848753968	76.39550293457324	2428.0758681825328	2428.837269014577	6.48347486546654
?	-1	-7134.130638971914	68.65692619623562	-86.83302287234075	1047.1433836451863	-4765.083069739079	2715.9181521470664	-7724.458098875124	5.557165746712133
?	215.22876888382007	4267.115998033341	69.16035987028526	-34.26739872708887	376.0896313884394	-13229.592937772502	2041.852963238771	-15678.878935825593	11.47533395353248
?	212.35579990167008	177.02840222834683	66.94355625988115	-175.24175369321304	385.6637367565518	-222.2958301927181	1931.9742053557757	-2209.2229019354095	14.60452179576337
?	224.08018899523753	1270.5343266747254	60.398272185624485	-150.9426228898036	364.9748398788033	-80.10316665641085	1931.391818141999	208.84310803233961	-1
?	275.88251623540725	815.0372589281282	59.39642511539086	-64.57114858702603	381.6585784237312	10431.930036452863	1942.4163607573928	8036.1861819691	-1
?	264.8320519416445	-5537.650324708066	57.16971475627314	-132.1394501151985	886.5713417014539	13102.781598619093	2333.2011272404598	8113.729386476182	-1
?	-1	-5316.641038832815	52.78945260963084	86.10939648544763	1036.7976583546952	9732.86033300691	2348.1028300812077	2867.529606188441	-1
?	-1	0	61.47518458054558	376.89163624460923	1373.2143583518064	-12542.065696748405	2476.577607549884	-10050.072075518094	-1
?	-1	4503.290179475756	71.63403442186157	231.58193256704178	409.694373517266	-16510.12354575522	1845.5992263052958	-15369.739873275534	4.54058812331373
?	224.16450897379102	4454.399339060473	73.05428120889783	115.34690443570646	547.7081810640336	5431.10146008176	1708.0906138860962	-4734.065239141824	5.395638114118283
?	221.7199669530268	-503.1023678290219	77.40137964364698	-28.030001055279456	681.2494465213579	-769.721458551176	1608.8959643482012	464.4252702997553	8.99097770984471
?	199.00939058233956	-1047.8275375271965	71.65278115613384	-74.0335340874291	509.2221081364743	-4575.546070357686	1731.3118774010843	-947.084016969816	6.696599297983378
?	169.32859007666625	-784.1145810961219	73.69970293927547	61.550995405936796	452.4721430034703	552.4644703431944	1561.5417634997098	-6197.625461345522	10.756790547191345
?	159.8036615275329	-3406.5718015332764	74.73033092643073	-65.74424011892793	536.8453316536344	4243.012191014582	1421.4306043338038	-5243.609846420716	7.496158182162491
?	-1	-3216.0732305506126	70.41249093332903	-294.9571216703972	664.6227525542024	1995.6749453987834	1299.3612711786702	-1495.6578046664042	-0.1848092322339176
?	-1	0	59.982474842910655	-282.2389576747778	636.629078923575	-152.5736726692072	1346.6477141004825	1132.711244831132	-1
?	-1	0	56.30054304958993	115.02201396067413	656.9940689207419	379.9668991640547	1355.9968334202276	-826.2031578534626	-1
?	-1	0	65.73357554094444	114.18487350119926	655.627423881778	3062.823959374461	1305.3375562078088	1212.232095628825	6.188279562901395
?	-1	0	62.00978672464998	-171.89260595126652	810.1352668894672	3359.77450785643	1416.6084382016697	9768.732170958145	-1
?	-1	4361.577289075207	57.138945243380995	20.71805417855514	823.6161492746019	-3372.4846196687554	1793.774164755723	12116.073972808053	-1
?	217.07886445376343	3940.767580716553	63.04568943357775	383.73135281507996	641.511035906027	-6984.079587319488	2022.412136842081	289.42017175044884	9.13242148847771
?	196.03837903583045	-579.8970108188539	76.32551288413526	154.6812525031664	474.4121699086225	-5470.422010354097	1808.2451733432456	-4311.116546838933	9.090083608742187
?	188.08401391282032	-3940.767580716553	70.77975205873618	-96.41614767812376	367.98993538831826	2104.19476554713	1806.8563095001314	4613.411459436555	4.634458797937023
?	-1	7263.91477730513	71.50470550022901	-124.05602467084088	579.6219081859805	7058.355625689944	2038.9157463150766	6102.112376963455	1.433014204851184
?	551.279752778082	8313.268744443269	64.57695082519405	-144.20038283317632	720.9077166728205	4200.226725327968	2111.9619283483084	2039.0496197262048	0.6746188555627755
?	414.66343722216936	-7081.435143405494	64.29468635857009	286.55933949467016	789.6332444523819	-6145.040280594957	2140.8682273013883	-7642.149726121207	6.942749148858426
?	197.2079956078022	-4554.736378789903	78.90491779992776	141.581736376514	413.65570264306825	-6786.278952412275	1729.8544420422427	-11977.464532148513	15.325041888258363
?	186.92661828267097	-60.64365429172738	71.37377317739589	-316.5364051121282	450.31929683176327	1044.4891565554576	1541.9950006939541	-2120.959374493984	12.79614716118364
?	194.17581289321578	-315.21613244065355	63.078097544321125	-119.22396707585848	465.8801604708419	-1149.443476765303	1623.806473317542	5321.5650242598	-1
?	171.16581166063807	-687.9903622098901	65.41257482360288	71.92481198967909	392.8471229934973	-2142.6829660005506	1808.073251906948	1742.9250426752403	9.852481899553908
?	159.77629478272078	-444.6619213439612	66.67433814380513	-25.65211219207433	358.74601217081283	-869.3998690218417	1710.9527254513052	-4823.585818481797	11.644064284481354
?	148.9327155934397	-192.61248265043275	64.12996921399915	-203.9821541253064	349.3771295424046	273.1679881439238	1566.8939609828547	764.8507608846539	-1
?	150.145670650199	-2998.6543118687514	56.475230437539665	-33.85697090581354	372.4044115780092	17747.582990855288	1749.1952634955385	21285.800901862305	-1
?	-1	-3022.9134130039374	62.437120668708445	177.78048068981067	1236.7562790851816	22708.790550229583	2631.184006075985	26864.582868186222	-1
?	-1	3069.566519234489	65.36425447203033	30.18875313487825	1507.8439390895046	-12532.612845339896	3092.4244069048686	-12076.102067252337	-1
?	152.47832596172663	2823.9028787527805	63.94655832545238	11.875318063799627	610.1256368181779	-22453.781616154964	2027.3789027133596	-26057.386874828673	7.598768690673917
?	140.19514393764103	-174.26829715931925	65.95802037522032	67.01357945640443	385.1548582817405	-4304.2002385654805	1789.5550631634164	-1290.1017158597867	13.249926814555934
?	143.76491110376054	202.10776037907235	67.29723729827265	81.73184027811257	394.9156248899008	1291.3603799133532	1962.8738169203693	-5312.495332242285	9.517063540323354
?	150.3005319565948	-2895.2982220751696	70.044612389126	-142.48959770563656	449.72287727740905	8185.504739707536	1523.9302965512984	-1216.266672053399	17.84298322335675
?	-1	-3026.0106391318527	60.17275741299072	-135.82206301149205	804.1908618752834	9461.083368360192	1902.0604833176985	17522.312519649793	-1
?	-1	2945.8512700856318	63.2535092385513	105.29426356647058	922.7770456954254	-277.9326954352047	2400.0459225338004	2534.4823087838363	-1
?	146.2925635042837	2727.6125607291606	65.43747059131432	65.0576139272669	790.294227103523	-10859.67411751452	2028.7845987568921	-14770.192484339768	7.101707691763073
?	135.38062803645997	22.56657247436774	66.5063899349147	191.3360377733049	379.79333981969177	-7140.573654573271	1661.5362983168015	-6201.030629669593	10.28157512800125
?	147.4208921280021	274.85063259189366	75.0042724799797	-6.177295653014792	433.26554437485436	515.99883497254	1718.733067273408	1516.3726239412483	11.729673868536945
?	149.12315966605485	166.54982451770186	66.19752515226395	-218.10396986404132	405.5932815683191	-1086.618961983915	1737.354929513865	1739.744120752214	9.820484732613226
?	155.7483833538873	174.59284822282748	64.09907398677748	-180.33211766047899	378.93459627565784	-865.0634573087896	1805.72027331102	1699.25048562642	-1
?	157.85280207719634	4780.779152807263	57.18091926923987	-79.28167386621426	362.34010870287904	1085.1967996946603	1822.3174537951872	2141.631874373285	-1
?	394.78734099425384	6229.3181362944915	60.134990293466714	391.91073026334436	433.1944362603916	3952.9225111976116	1912.8018670296858	-3565.323346319619	2.3999347050582696
?	469.3187088919254	-5061.188890147105	76.77645578240737	233.4562430347706	559.9862342627624	2809.5923990784113	1644.0512864792038	-10342.83339220186	4.159734573480693
?	141.72789648689502	-6509.925468090967	71.80780244520541	-180.43018529111123	573.6740562143142	-2864.8202765529495	1395.6601974195855	-4954.237909783658	7.3285930290150105
?	143.82243548737236	146.7328473685628	67.75494651785168	46.32121317440086	416.7452204351129	31.589550973419144	1396.3393909900174	-6530.850026516244	11.387325468292726
?	149.06453885532326	300.7366125401691	74.12386310392549	134.2933494454986	575.2535337629852	4849.463981101592	1069.1176960937687	-10721.237392546398	9.391839268550863
?	158.85926611438103	441.0400794331332	74.4696139901267	71.26208661945368	659.218419490196	-842.825341641971	860.2775213626899	-5067.673102194727	11.971594070804656
?	171.11654282698024	1538.4850413254762	77.68696743489822	87.46797305825869	533.112266680886	-3827.648945927698	815.7340409840288	10914.585957531244	6.487725920562303
?	235.78351818065593	2072.7798379787696	78.8430126430397	2.1902130346910242	467.83597219380835	-1482.3375093331201	1406.0068192392598	27893.770831112124	6.925908581724679
?	274.7555347259202	-4715.670363613051	77.79647808663277	-1576.8602528607717	458.99539121422896	-9356.719443876034	2210.4225825396547	-28120.136384784797	12.447847398896874
