rowLabel	avP	dP	avI	dI	f1	dF1	f2	dF2	h
?	-1	2843.8170908685265	70.41454465789262	1376.8904611179523	520.5418552982277	11971.18768577936	1830.5500652323947	37283.32514389225	2.9535221088301125
?	142.19085454342633	2828.830885386301	68.84452305589763	136.22518355266976	598.559384288968	-731.1677828829807	1864.1662571946129	2710.9876912171967	2.9695534128980863
?	140.44154426931505	-195.99033981568817	77.22580383552611	77.912325621306	483.98346615407866	577.567875263969	1966.0994497932545	6616.055029470183	6.50455850685883
?	132.39133755264191	54.478942091175796	72.74013933696293	-90.21694294369753	627.4377780521664	6568.575682985569	2194.969008668122	6822.328075245056	9.385074550883966
?	143.16549137387383	244.3809194330192	72.71495668834123	232.77913719937777	812.412250303357	-3105.904558522147	2307.2158535555072	-15813.415536207516	6.364734837413615
?	144.61038352429287	-136.4297214941661	84.37909619693181	133.31621755149658	472.1425501260591	-7523.158834741619	1404.2982318577465	-28117.76888803986	8.622191280133405
?	136.34400529916553	1510.2968919587559	79.38076756591606	-171.31632635611228	436.25430856627617	700.0946048489199	901.3274091535146	3526.878824610104	5.426899010506707
?	220.12522812223065	1938.875605838674	75.8132798791262	-138.9494552424495	507.1472803685051	5829.27269359413	1580.6421730882516	13412.81099847141	9.82486567653866
?	233.2877855910992	-1904.8731218972537	72.43329480379359	7.924753267179485	727.7179432459826	-1686.0534246852483	1571.967959077085	-9068.896701574584	3.6577481681209187
?	124.881572027368	-2428.7083647329496	76.20951754248517	21.698124474584976	422.8446091342427	-3997.964935738895	1127.1973380095226	2485.2063320971597	4.559202996990981
?	111.85236735445176	-349.8046893430501	73.51820102752284	7.664967321661315	527.8196964590379	1947.521151501118	1696.228275681943	20899.23141602038	6.503719907869102
?	107.39133756021548	-2257.0473470890333	76.59276590856824	-181.19001746436209	520.2206667092987	13571.915506961997	2172.1589088105425	11290.235436415282	4.259306027828712
?	-1	161.31981152448347	64.45870015430472	-166.801019332038	1206.4154718071384	5921.486857329873	2260.7400475027075	4235.20670929434	2.41490380302479
?	115.45732813643966	2416.7567302956127	68.25271494196633	210.83556337720162	816.2950095757926	-17049.736270760946	2383.9192442752596	-1363.932805831463	7.4334081445011195
?	119.83783651478075	256.5696342161417	75.00047832316481	206.34241341159947	353.9286582690903	-5933.663561862451	2192.5434072111343	-8341.186243696853	9.620253995733913
?	128.28580984724675	91.71840822651282	78.56983561254631	96.45579755356428	519.6118314826698	6110.0464794162635	1966.8599320904166	-11495.052736841748	4.3402627785087
?	124.42375692610639	-90.02103122931564	79.82326820084303	-78.55632103597223	659.4309822399038	656.4429171684304	1617.7907703690464	-8076.430364561267	11.551852987288967
?	123.78475828578097	81.27853103468901	74.6420195607477	-24.387312401385067	552.4339773410914	-1124.8631221755104	1563.0384138623529	-1393.4583042851261	6.599962469663971
?	128.48768347784085	103.41945441495133	78.60390258077378	107.46949288008086	603.1878261311282	1516.0739941963275	1548.11785515479	16787.706457727098	12.496881108073007
?	128.95573100652854	3214.226896274858	80.01549420475175	-42.49175532535793	628.2376770509078	875.0021000840695	2402.4237367487085	16154.452125190059	7.092640910501911
?	289.19902829158355	7920.865423135987	76.47931481450588	-197.10366682117507	646.9379311353316	86.22354473959824	2355.840461414292	-21391.058769407562	3.263237475268725
?	524.9990021633282	4380.184404438976	70.16031086369299	-217.85384933242293	632.5488542878877	1348.5494600043023	1332.8707982783294	-13902.220208307583	4.326636364053358
?	508.20824851353257	-5843.909850752199	65.58662234788473	-37.6628783819859	714.3654041355468	-1089.1007655566991	1660.7294509989122	-1295.7839570995554	-1
?	232.80350962571796	-8193.211946765392	68.27716694459369	-172.56499475617616	578.0938160100527	-1194.833690500858	1268.0816004233516	764.3304033519637	4.965198415981626
?	98.54765117526253	-4676.070192514355	56.95837261007591	-323.7113429944709	654.6237196105038	677.7366003478522	1698.9459711665104	9936.769884102514	-1
?	-1	348.6235928501807	52.09159979487013	66.52981090706044	611.9806460274454	-2077.173113499073	1764.9200946284777	-6564.371447368425	-1
?	115.97883081777158	2193.6659892989746	60.28486315542894	296.0274976202125	550.7650639355501	-3722.373222307426	1370.7273987980889	-6435.736983288588	8.928125752472862
?	108.68329946494883	-89.66294202996684	66.89297467588077	294.61292175154995	425.86198491207386	-1875.0688004909234	1443.133245464048	12782.149333612972	14.165260383904807
?	111.49568371627323	-32.5247025939768	75.01550924300645	-44.32617203903358	457.0116239110038	6313.395076029422	2009.834865478738	13078.663050684383	13.791664627089526
?	107.05706433524999	-284.11357829717707	64.67666607392908	-153.0002225107124	741.5317387135452	186.44060562127248	2097.066397998268	-2949.01958669385	10.552401710135527
?	97.29000480141437	-334.0650863134073	67.36549811747082	-37.167888508075	466.33365419206746	3166.0604941903075	1862.3838861440454	6277.175264036308	6.709595501644987
?	90.35381001957961	-1965.8000960282857	62.81827164852533	-120.8220547268269	899.8347634230607	12077.693894642598	2410.9251612000835	10199.746862402098	-1
?	-1	145.82154505706896	61.32439538112947	71.52954415205394	1070.218348924198	-6859.28052003541	2372.3712292641508	-9453.285753085784	-1
?	97.64488727243307	2275.7861457366707	66.39474885612803	69.42985699781028	556.87073742129	-9769.806050781779	1938.2608735457939	-4329.372742394395	3.8441383799224376
?	112.78930728683363	801.033327603352	64.79588823101999	-24.697818478924184	581.7280463851085	-3474.9247941736658	2155.902592144431	2070.114555707799	8.730629077959662
?	137.6965536526007	-2275.7861457366707	65.15985793218182	-74.49944415296308	383.1244977126065	25478.067581652762	2041.766601331184	22400.29133404125	-1
?	-1	-2773.9310730520115	61.07091602337183	-85.37680002786196	1855.631425467748	24826.991859074154	3275.917158846494	20961.805032423432	-1
?	-1	2428.228445650424	60.89101793078872	144.12599566778653	1624.4740906663153	-26267.2716485524	3089.8568529523563	-31648.30269471691	1.9186108208763952
?	120.41142228252131	2284.693909447313	68.27721580676116	104.75036467226137	542.2678430401268	-17961.48047414962	1693.5020241106474	-23201.912303872585	5.386735099738315
?	113.23469547236576	-2428.228445650435	66.1285361644018	-296.28217976375714	726.4000669588335	3500.7878843805847	1929.761237758726	7483.536660740041	7.868038391428532
?	-1	-2284.693909447323	53.46310681857336	-308.3021834893078	717.3072372591554	-902.9935376184094	2067.678857147648	1182.975814374167	-1
?	-1	0	50.71342698993646	-23.282321144382163	681.2503900779132	1218.2432200710512	1988.9100284774343	3253.5557552253636	-1
?	-1	0	52.298990761354254	218.78211064769096	778.2193982627077	6591.985496669798	2230.3566449089158	7076.537262631967	-1
?	-1	0	61.65253252232097	146.89836483664757	1010.8496649114019	5428.553285264207	2342.7368916090313	1326.2209886539633	-1
?	-1	0	59.64390900318661	-92.75261075982247	1049.6470625259171	-10000.861659437729	2296.6676943416137	-5744.930311602922	-1
?	-1	0	57.01490198432986	188.71248250069596	510.8065819395172	-8416.942915806838	2055.490376028886	-4165.015708030647	-1
?	-1	0	69.07953312822137	288.49183913708094	628.7999167355767	2250.3017885441354	2088.416908940082	-4502.3036021557555	2.657295194363536
?	-1	6550.194350901287	71.43949394118386	90.35503549307553	623.3216713667235	69.34059134545602	1830.3751959210992	-12730.915868011174	4.035244575076883
?	326.5097175450632	6331.146991781202	73.59728490287513	-168.82241909835716	632.2669463028495	359.5499024440222	1451.8711155395256	-7682.125679710816	3.9586836587591407
?	315.55734958905896	-6550.194350901287	62.99837298626603	-329.6767511411061	641.2991664889246	325.9679723312945	1446.2689119355598	193.5260087880631	-1
?	-1	-3354.251648363757	57.113447345819885	-28.710064136593974	648.5653449194142	336.1786229075313	1461.5474159789287	10511.068223629469	-1
?	147.8447671708717	0	61.56286977943633	83.03099995880105	658.1080976343011	13970.002793785361	1971.8223231170314	18583.461256379163	-1
?	-1	-2976.8953434174446	61.26499734375992	-121.55730568940655	1347.0654846086798	4200.7937219069445	2390.7204787978835	4613.635567102063	-1
?	-1	3852.509619744328	55.48500449496603	171.95651762507583	868.1477837296476	-14209.703516259118	2202.5041014721337	-21173.320503532967	-1
?	191.62548098721572	3566.704675860952	69.86282322501369	185.43251226815266	636.5803087957264	-6000.347089913619	1332.054453621239	-20748.767928619614	8.819537349168476
?	177.33523379304697	7607.306816194457	64.75663010837363	-215.99853652825294	568.1304292339677	-757.7007015481677	1165.0657050411567	-1584.2846584044912	8.82595123069683
?	571.9908217969372	-3566.704675860952	59.062896398601076	-105.18773415546045	598.6952737183182	1296.2663923669925	1252.8402207010147	10008.66330398699	-1
?	-1	-11459.816435938785	59.497243400600624	282.7258072642803	632.9437488523171	3041.3722344854655	1665.4988702405044	17770.297216363866	7.557211128573754
?	-1	0	73.19918676181504	205.3957475029937	750.7638854425909	9096.97306101972	2141.3550815192048	12963.370340304282	3.6057689342077204
?	-1	0	69.76703077575027	-43.87097314832077	1087.7924019033014	-2947.946634567401	2313.667387255716	-8625.872611738963	-0.41719949536013967
?	-1	0	71.00563810439901	-238.59402216283272	603.3665537142214	-8455.736745356986	1710.0614509322581	-11344.2813246806	1.42975274667705
?	-1	0	57.83732966760868	-239.7508841302171	665.0055646354537	747.6796039897048	1746.4533210216882	-1146.1937539103833	-1
?	-1	4637.414376393442	59.0180938978882	238.4326254773059	640.7505339137065	1330.0781130551425	1652.7517632367392	-7341.592266744327	-1
?	230.87071881967128	4750.0414193710985	69.75896094147393	385.6573221462578	731.5094702882105	-4595.350006906779	1379.3737076844732	-9288.460034641186	6.152009200493579
?	236.50207096855408	442.10727687490123	78.30096000520102	95.06868329916762	410.98303356836834	-8152.554517981499	1188.3287615046816	-3812.7834857088737	15.684931854924931
?	252.97608266341626	257.5310839186276	74.5123951064323	-124.32089115111027	323.88174438913705	2421.5346531331325	1188.7345333990302	-4654.06128572525	13.552249312775237
?	249.3786251644854	-2403.1695830696713	72.08491544764553	-82.79750192834486	532.0597662250245	4022.1019818495934	955.6256972184199	-6002.343014778833	9.970729392062022
?	132.81760350993312	-2569.9549992990796	70.37252001001507	-155.5246366593553	524.986843481616	5020.829623757527	888.6173826600896	20890.196678480985	5.333917842538708
?	120.88087519953187	-2676.3520701986718	64.30868361467779	-112.63815587879674	783.1012474129	2692.7773320954934	2000.1355311424654	26726.9829325677	10.000883312642168
?	-1	-2437.617503990646	64.74061221607525	-147.61826315745688	659.6257100863902	-4833.199040543681	2224.9665292884697	-5583.657651642331	-1
?	-1	2664.910336247488	56.92777045680497	-162.25963434715766	541.4412953857168	-5002.499555342398	1720.9526485603499	-15312.501065352393	-1
?	132.24551681237392	2690.0843513485697	56.627630498717394	199.46119005134506	409.5007323192712	-4658.443832867664	1459.3414760208527	1024.8192024628079	-1
?	133.50421756742801	-94.73770563424017	66.90082995937219	281.3229723386478	308.5191037423344	3540.557170732857	1772.19360868349	3505.5930928825715	22.992175367327455
?	127.50863153066193	-235.52903754153843	70.69377911564973	44.9377106576823	586.5285908559134	6089.2174621944	1634.6211306649807	-96.02997154916045	8.703444863714513
?	121.72776569035113	-105.88689528124186	69.1477154922563	-267.31675804011513	612.9799768520533	928.4218792866215	1767.392110106032	586.424706448772	9.3326785055746
?	122.21428676659986	-2454.5553138070313	57.327941213644024	-317.45952857797033	632.9496848202443	1567.2966218335646	1663.9423659874192	-1889.4264968151697	-1
?	-1	-114.41210448957817	53.274739063357835	130.0732623042106	691.3448079437312	-2244.3626058503755	1672.920785265274	-1453.7829766924604	-1
?	116.49368154212097	1925.0369749018478	63.83160432885453	177.70577822549745	520.731554527726	-1401.5052415338373	1591.2532171527964	-8983.524882558286	-1
?	95.25184874509205	-2349.8736308424277	62.160027974632676	-114.54708714035873	621.2695458670396	6422.537723996491	1223.7445411373612	4494.559137550507	-1
?	-1	-1925.0369749018478	58.104249971836616	-36.25213055385343	841.8584407275494	13184.189994162603	1815.981174030321	25717.182917559807	-1
?	-1	9233.565953746027	60.34742144694001	213.08074226018397	1280.4790455751674	-7333.418917140134	2509.603687015347	-2515.3547303558844	-1
?	460.67829768729973	9150.927079587173	68.75828708484578	-16.015511883016046	475.18749487054396	-15834.575931389018	1690.2134375125272	-14841.975599245241	5.638665831624152
?	456.546353979357	-9233.565953746027	59.54664585278921	-152.57250658267407	488.7502490057194	9215.514125925423	1767.5049070530877	4679.154265119312	-1
?	-1	-5491.340600951727	61.1296617557121	230.54624926597168	935.9632011668135	-361.6708344635892	1924.171150768492	3992.668302583384	-1
?	181.97932393177163	3649.654270968632	71.07395831608775	2.093093176834778	470.66670728254	-10331.409928544272	1967.1383221822562	-157.14938732638586	10.591105224417682
?	181.48271354843095	-3659.5864786354455	61.23431641455384	-247.8039838121801	419.39270473960175	-1212.9646652406948	1916.3136814021727	2715.820947432449	9.510905785203406
?	-1	52.59761531937859	58.683759125478794	111.56287758893168	410.0184740205055	922.8774198672419	2102.929369553878	-821.6490080212845	-1
?	184.11259431439987	0	66.8124602940004	31.871888769298778	465.5365757329637	10278.174236272931	1875.2312310011087	1766.8862393313402	3.185834974464576
?	-1	-3702.2518862880106	60.27735356394373	-80.42103181748786	923.9271858341502	8321.897637099199	2191.273681520445	3256.5516866888743	-1
?	-1	2746.4219210830943	62.791408703126024	137.15384051531976	881.6314575879221	-4985.984400969395	2038.0588153355518	-18220.75589746736	1.3165964909933163
?	136.32109605415422	2418.180467315606	67.13504558970969	-72.75230804074977	674.6279657856813	-5095.9129631993255	1280.2358866470802	-8584.833518044192	7.809853753990785
?	119.90902336577989	1666.4637341686241	59.15379330108855	-207.54995222136944	626.8358094279568	477.4013728233666	1608.8171394333438	4613.651021671679	-1
?	219.64428276258514	1833.5037604463432	56.757547978641256	192.99093977115913	698.4980344268496	-4371.558148946795	1510.9184377306633	-9954.92372496325	-1
?	211.58421138809672	-66.95371993758069	68.80334028964647	178.08656877607808	408.25790198061776	-6376.205367327856	1111.070953185183	-7410.521826249027	11.978276637170694
?	216.2965967657061	-426.76114023187534	65.66187641744513	-72.58537041579129	379.68776606045793	3964.9554636357916	1140.3923464182133	-3549.886052785711	-1
?	190.24615437650303	-1763.8628226521002	65.17407176885692	-36.02049842666132	606.5056751624067	4892.692994411098	933.5766505458981	3366.434871135587	-1
?	128.10345563310142	-3824.923087530074	63.86085149611207	-159.37306778903832	624.322415781012	4791.317571358628	1308.714089974992	25736.45281961335	-1
?	-1	-2582.0691126620377	57.20541837940503	-292.71943690446284	846.0715537303372	1501.780966786119	2220.3992915265612	12042.867804134332	-1
?	-1	0	49.22487965088898	-151.8791971743391	699.4114641203177	-1090.4605970635855	1910.8574801817065	-3482.340406964098	-1
?	-1	0	49.6114585206881	58.28086271134416	791.5485238771581	-216.95955461376874	2046.282271178357	2476.5772117019146	-1
?	-1	0	52.13892278645618	44.34551192445271	688.5634863896293	1184.2593549418073	2034.6863407668018	2581.7744155282253	-1
?	-1	0	51.82873411691073	-32.59196329532867	850.7614916242483	2264.8040424693218	2175.3709919547678	1882.172321917544	-1
?	-1	0	50.50932462168975	41.896314404430235	801.8036885130949	5375.2431327011855	2128.7949568626786	3171.4084270578974	-1
?	-1	0	53.923549837132235	5.065250187657728	1119.5236482593066	-892.0167226304657	2333.941413307662	1142.7526091389377	-1
?	-1	0	50.762587131072635	-69.42829665024003	757.2028523815718	-112.32188125577562	2185.9325873196253	-1535.2503642787779	-1
?	-1	2982.4638220315364	50.452135004620246	242.97730064173365	1113.9075541965178	-8926.677954371564	2257.1788950937234	-3636.800256686519	-1
?	148.12319110157628	3086.1826599721003	62.911452163159275	426.46622125524215	310.8689546629952	-15199.729863384173	2004.0925744853	-2153.671434765882	-1
?	153.30913299860447	107.3541718465115	71.77544606738228	234.74329721541562	353.92106102731185	2228.0708133898097	2149.4953233554297	3516.26320725525	10.560260431314369
?	153.49089969390184	-55.88006513618515	74.64861702393002	-6.454822021729592	422.2724953324853	1070.5538739729143	2179.905734848062	1226.372749093866	16.08275366111818
?	150.51512974179522	3480.055484813887	71.4527049662958	-223.72453895582873	407.4487547259574	-1040.7498869270116	2210.813960810123	783.3591780287161	13.417271620676633
?	327.49367393459556	-37.98705854940251	63.46239007613862	-78.2563911501066	370.2350009861349	-1358.083798756618	2219.0736937494976	1509.1681363090865	-1
?	148.6157768143251	-3697.7227181631333	67.53988540879048	186.6729091406095	339.5445647881267	401.6302721842001	2286.272367625577	-1543.1515434414687	12.972708417969503
?	142.60753802643956	-77.34326270567719	72.79603553316906	77.52465402172872	390.3165145953448	265.1249795280999	2141.9161165774244	-13406.577396660112	14.498428291609946
?	144.74861367904126	430.1464701339726	71.4161181098769	-3.6219722529159655	352.80081376453165	410.43522928353616	1615.9434977925737	-8435.07300733165	10.009151272595819
?	164.1148615331381	525.8941572720199	72.61493692052326	12.654286879402763	410.83827605952155	473.82151141053384	1720.1624662108434	8893.70983839307	6.665640082274611
?	171.04332154264216	127.54342204339866	72.04883245384704	-222.42898818671344	376.49188933505826	-40.36156161567888	2060.6289897122256	6534.935303366311	12.735445372971554
?	170.49203263530802	-3440.8664308528555	61.49348751118763	-77.88549935050894	408.8201979787376	1849.4477446778544	2046.9092313791577	903.8418249473157	-1
?	-1	-3429.8406527061725	68.15455748632161	88.1951924480133	468.96427656895065	18946.84250265261	2105.821080959591	10208.339493979578	4.655497885764686
?	-1	3472.5975703174495	65.90324713358828	50.06958947820113	1356.1623231113647	2055.643192719103	2557.326206078135	-10702.31400579086	3.075649153064634
?	172.62987851587187	3245.696808550215	70.65803696023166	85.03015028177119	571.7464362049054	-14207.893904142564	1570.70538067005	-20156.849709688122	8.852051291423626
?	161.28484042751018	-468.45779633455714	70.15475464767683	16.012784358982003	645.767627904239	-439.5241629052445	1549.4837205937324	2459.045151887021	12.288700469262544
?	149.2069886991441	-603.2701084117109	71.45867617818075	-22.40620301540482	549.7702280596433	2228.790596789839	1693.6576382644007	10699.370450583776	9.243900398544525
?	131.12133500692474	-286.2855993676577	69.03444449690659	-84.68127777598598	757.2071577437306	5708.844703867676	2084.4522431229193	13572.73857645227	7.865220615333428
?	134.89270873076126	109.33569445209268	67.22461228938147	61.733019506438545	835.212463253026	-7686.257798084551	2372.2945670870117	-2474.7183732386425	7.065072233102257
?	136.58811972952935	-8.904011916356499	72.1210954722285	67.3396411892494	372.89426783950444	-8926.092629645998	1960.7163244609876	-7422.661241289055	10.97461103396148
?	134.44750813494343	-200.26088092596794	70.59159434884393	-15.64341989079628	388.90783177072774	2608.601094307743	2001.1615050225603	271.80056386372695	10.376614564815855
?	126.57507568323099	-290.15565960172484	71.33892447768869	-8.009780807891247	503.3243225548911	3009.3783812596776	1974.306352654174	-7975.22615727934	9.953231566321119
?	119.93972515485724	-326.4519829704156	70.19110530844937	-92.55208711348932	539.3767508337111	3599.535368648781	1602.4001971585947	-6772.543460965004	2.8859618853253277
?	110.25247653471027	-218.23726946212835	66.71132012201424	-79.197563536529	683.3010909873295	-744.980212133983	1635.679179605925	4143.724108785924	8.262483324365594
?	109.02786168175086	567.5659989880328	66.23122713162293	42.08990043994263	502.12774022701205	-6229.690431418837	1809.5864025978901	8822.194920796474	5.28109451265974
?	138.6307764841118	2145.432138208071	68.81581514401137	56.98907320071291	371.8165694163888	-2222.8510907377913	2076.788925645747	10039.840023099072	7.503727558010012
?	216.29946859215403	2177.975865348522	69.08068079165857	19.198642180815636	390.9851856901229	-119.96315750276082	2311.578403752842	3309.9312843175385	7.478532295705007
?	247.5295697515375	-29.499538992261126	69.77574725305215	-35.237755823563205	365.8184115412508	-2329.611583541005	2242.2854898616233	-6068.794475019185	13.531599112791419
?	214.82449164254098	-4970.591395030768	67.31879300048041	274.74288739376175	274.50460651307304	13847.269625422654	2008.1386800018838	-237.42898414944733	0.09862583391021655
?	-1	-4316.489832850835	83.51289162274019	332.4577866922289	1058.181892812381	24615.171785222272	2230.414040654151	15539.106028749235	31.10187610979579
?	-1	0	83.9416823350918	-54.31310851443319	1505.2631957741821	13069.85596113294	2785.0939814393428	9060.989706191136	39.01998389771035
?	-1	0	80.79723619701854	9.807962306065612	1711.6746908690257	4427.161857602875	2683.463525963706	455.53523756399204	35.216141774540446
?	-1	0	84.43208045039508	-119.57844560109592	1726.621288654325	488.16775341028637	2807.8707433175423	-2287.9261911720996	38.993315636739794
?	-1	0	74.81831391696376	-240.85459653521156	1736.0830785395399	876.4142140904991	2569.0672164051016	-7187.028741029124	-1
?	-1	0	72.38935062363454	-105.43679376550395	1770.44199935885	-730.1685473125989	2448.5193062660874	-3993.2475017964275	-1
?	-1	0	69.54647422868858	-249.34859874667654	1699.57465117391	-10224.26774366757	2369.404841315281	-3809.2408478653715	-1
?	-1	0	59.92192068630076	-363.4396778725058	1259.2286121754732	-15209.25007159694	2258.0572638728195	-5278.7000490575165	-1
?	-1	2630.277161962728	51.374490335063356	60.24873800717948	939.1121475940657	-17232.87142996821	2105.469838862406	-9731.679857257675	-1
?	130.51385809813593	2387.3080521988472	62.93435758665972	302.5943732389012	397.5850406770658	5273.5534943595785	1771.4732710099374	4936.621110328105	-1
?	118.36540260994194	7.18726153068192	66.50420899700836	62.59480583651517	1202.7898223120437	29666.034425945596	2352.3008943788104	22185.018714881477	7.461774380495117
?	130.87322117467002	632.2380875628167	66.06409787848547	-113.0004517825358	1880.8867619743403	-16998.14112266385	2880.7242067540074	-9349.319430572725	4.810935247510703
?	149.97730698808266	3772.0999763401474	60.85418640788159	-82.92976497404142	352.8827661788544	-28096.377820724374	1884.8349228501759	-19965.291801535248	-1
?	319.4782199916767	3019.334804678767	61.91760962978341	42.17196075063698	476.0678709381265	13212.719035158718	1882.4596166772485	7223.299733348124	-1
?	300.94404722202046	-3403.373999521079	62.96278444541343	42.71689249748179	1013.518717936788	12197.98209954995	2245.999909517581	9282.384447570517	-1
?	149.30952001562338	-2955.8148375518876	64.0534542546575	14.16273397256466	1085.9669759156218	-9513.960551060874	2346.5788390557727	-659.8236515186933	-1
?	153.1533053444266	-3006.1904003124782	63.670921144041664	-133.89427004628948	537.820690383746	6106.768537171742	2213.0087269416463	4267.550667057846	-1
?	-1	-3083.066106888543	57.358740752343046	-1.8306246580539274	1391.3054027742078	4411.264757102763	2559.9563724086643	-4319.21317958019	-1
?	-1	2320.009941209868	63.57938991113897	148.0497048392412	758.3839282388833	-15719.397853274348	1997.0480679626376	-19033.661516392986	2.153823660933758
?	115.00049706049299	0	64.76122599430508	-208.8913450726898	605.3355101104932	-2039.559417933081	1608.2732965890184	-5664.344270155622	-0.16210265729414203
?	-1	546.3856999957496	53.134822657504515	-161.83660082789856	656.4059573422296	5420.337299827866	1713.8308544548574	2828.2804063828335	-1
?	142.31978206028037	2517.549653907394	56.66939595291018	305.0029479248365	876.3523751018855	-4622.369814150465	1749.6873169081596	3153.8650500427934	-1
?	124.87748269536925	222.13355064610448	68.38497005374629	174.60425691426371	425.2874666347072	-9437.867615690406	1871.5241069569965	5984.912482947187	8.964708689183008
?	153.42645959258556	1438.2884574808968	65.39960879862333	-85.82979189900841	404.45899431736694	5134.540459915421	2048.932941055518	-3697.8544194628325	3.8954884845181934
?	196.79190556941384	1049.8696203259383	64.09348045879588	-66.10003638491246	682.0144896304773	4665.027357152555	1686.6313859838556	-7047.899916260579	-1
?	205.91994060888229	-505.01233813733575	62.09460697937772	-59.75077224030578	637.7103621749939	3727.04121820524	1696.5379452424902	8170.746680902332	-1
?	171.54128866254715	7100.496867286123	61.1059418467806	68.62922881236729	868.3665505407387	4492.533855905322	2095.1687200289707	7450.219441343087	-1
?	560.9447839731935	6795.248080078319	65.52606841999614	120.554936967345	862.3370549702631	-6240.151915962701	2069.04891730965	-4685.198593411885	-1
?	511.30369266646795	-1933.2657263690132	67.13368869514794	151.51412145444579	556.3589547425992	-4306.901282077611	1860.9087903583732	-2603.512599298228	-0.23003206391347342
?	464.28149765474143	-7142.526552416783	73.10177449271853	49.85891709218677	646.9919908663795	-361.3946039093656	1938.8732873447366	-4385.124731438583	6.252072704724256
?	154.17736504562376	-5622.713751104957	69.62663454975731	-13.368727045490042	538.2892245471306	-4212.993386530151	1641.6525537864409	2979.279826089754	2.1945413927758826
?	183.14581009948958	-3103.547300912431	72.43333814044402	-197.33494990091788	436.342321539869	2924.9462034620065	2087.8372786492264	11228.299343081257	4.957513763070242
?	-1	-1067.113616400323	59.75988705471128	-246.87908337903755	684.536534720233	-503.6291965714437	2203.0675209405117	30.51493743940184	-1
?	129.79012927947267	2585.9466136543665	60.08938397149197	66.02330578012945	411.16086171129643	7703.824947775192	2089.3630255211965	7073.181301733956	-1
?	128.29733068272017	-168.87078236279865	63.0610523437178	101.18051349203226	1069.727782108998	3653.3162241683526	2556.7265860272146	-6509.456511618421	-1
?	121.34659016133261	-445.1356404536582	65.14840964609365	23.201692561527903	593.8266729197167	-11764.904047473661	1763.8901999402708	-13418.861660006387	-1
?	106.04054866003695	-382.00604194436403	64.22113697179421	-178.54743111552796	481.4825797353066	-1067.6857520723258	1885.7835030268857	4964.43448925874	-1
?	102.24628806411414	326.33162737506626	56.22103809031713	-213.37114518229365	540.4423853160996	1270.695478678887	2012.1119244032113	3797.453935388449	-1
?	122.3571300287905	240.53592822028236	53.552579712679375	265.46555498965665	545.0173536692519	-378.22545399229426	2075.656199796311	-1077.9881812566584	-1
?	114.27308447512843	-550.9540823155636	69.49431583980015	265.85281267641926	521.5311126164846	2225.967545478293	1958.2125153403776	-6564.343314723407	3.5620791835147814
?	94.80942591301192	-439.27321258045026	66.84522034650053	-165.73892644728537	656.3157309431681	1941.0009912131793	1747.4390340601358	-3446.5649349778287	7.3670539471070775
?	92.3094238461056	-1916.1885182602111	61.207369517435765	-9.724640960190389	618.581162177145	107.001146587257	1785.8842685914838	3342.425128024677	-1
?	-1	-1866.1884769220856	66.358988298491	8.61872556962597	661.665788272531	1413.3428062838543	1914.560290461372	6727.911234172266	3.0046082485583887
?	-1	1828.335007457881	61.63830579591707	-67.1399011012959	689.2483024913387	-5384.352982004867	2122.279830300102	2740.0413126254507	-1
?	90.41675037289535	1722.765694225366	63.001993243426156	-33.15482439040021	392.44813917228385	-6331.128208910523	2051.5623560926465	12.490628452332935	-1
?	85.13828471126952	-79.65996253986646	59.980564576397036	-105.02676133277113	372.691892045808	1868.6392282447612	2122.9043617227185	-607.8143087717767	-1
?	86.43375224590197	52.178053006435164	57.750655176787525	-73.73593230293133	485.88010058452323	4446.2009954723435	2021.1716406540572	-6678.439629364421	-1
?	87.74718736159132	-1748.6750449180145	56.29376796125042	4.065179462312982	595.0019418194283	12536.496659364739	1788.9823802544927	7364.444471870615	-1
?	-1	-1774.9437472318011	57.95391414990318	56.776338597426744	1112.704933552769	9097.667085399618	2389.3938642475932	10415.864151340349	-1
?	-1	0	59.132584891121795	-73.3467851043171	1049.8852960894158	-14640.452653677254	2309.7755878215175	-6383.485764021907	-1
?	-1	0	54.28657489468727	-206.90193867951314	380.682300868896	-7515.318194103004	2070.2195760464933	-4951.880047717225	-1
?	-1	3181.188364985602	48.78748795714599	157.01739488357464	674.1193863842602	5249.0187851433	2062.181585435653	-9421.095757748915	-1
?	158.05941824928237	3695.321858626052	62.137444638866114	335.3436166953815	643.1332401260647	-23.91890584929763	1599.1647881590409	-6164.541431484967	5.747123189519724
?	183.76609293130522	-3181.188364985602	65.5546687919153	84.77981971627791	672.9234410917953	2303.2972093907474	1753.9545138614	4167.648578993526	3.438809920160924
?	-1	-3695.321858626052	66.37643562468007	-31.874212762002234	758.2981005956037	998.7875108490692	1807.5472171087201	4737.332306034683	1.0294156598798032
?	-1	0	63.96095815381517	-295.481488144847	722.8628166342495	-2696.9511543882372	1990.8211291631376	3725.743269297456	1.0832524284314133
?	-1	0	51.60236121743751	-124.4488643283095	623.45054287619	-6405.184064108581	1993.8343805735956	4645.4479045432	-1
?	-1	0	57.73851493739961	44.51353994504907	402.6036134288159	23830.903137673497	2223.093524390301	13589.47771886805	-1
?	-1	0	53.82803821469	-80.23919720512325	1814.9956997598817	23436.638764903175	2673.3082665170077	2432.157934750232	-1
?	-1	0	53.72655507714339	-38.97986104708495	1574.4355516739913	-9080.981751896441	2344.7014211278142	-15088.826406103502	-1
?	-1	0	51.87904516233572	-10.910722710829349	1360.9466121650532	-533.2618651137015	1918.8669462118219	-1.532019044234381	-1
?	-1	0	53.18101894160191	92.34598826090061	1547.7724584183059	5102.407745367627	2344.6248201756025	5100.954211018434	-1
?	-1	0	56.49634457538082	58.80283737806495	1616.0669994334382	3628.052696816479	2173.914656762747	-3906.587351514935	-1
?	-1	0	56.1211608105052	-80.36574921161176	1729.1750932591324	-8386.831848549235	2149.295452599853	4011.4106922018595	-1
?	-1	0	52.47805711480017	-168.12652317324083	1196.7254070059705	-17604.24988840196	2374.485191372843	1590.815532639722	-1
?	-1	0	47.71483465184304	-100.33914856997583	848.962598839022	-1080.6848767533966	2228.83622923184	-718.4161448402017	-1
?	-1	2860.884540629291	47.46109968630131	149.79632304311622	1142.6911631683	-4227.5885767492955	2338.5643841308324	-281.3667301126276	-1
?	142.0442270314666	2698.923644954251	55.20465080399896	393.80223408514365	637.5831700015542	-16318.588629700213	2214.7678927262086	-2926.3326296384225	-1
?	133.94618224771446	-47.57849976256683	67.15121139055877	260.2439154288939	326.76173168327773	-2224.6349923530624	2192.247752648909	-4479.616299332342	14.386721405221063
?	139.66530204333822	33.518129983669475	68.21684657544384	81.9133729800802	526.3514203838995	3365.3320174632904	1990.7870777595883	-15054.424730345985	9.331489999092643
?	135.62208874689796	-352.5836141999197	71.24688003956284	-19.51880108109777	495.02833255644464	-1373.4874082254632	1439.5265161315992	-6986.681845068375	9.945591936591196
?	122.03612133334198	-2732.4417749379204	67.24090652138894	-148.29385605206656	457.67704997262535	3209.3730699552452	1641.4529855061646	12376.78216094893	10.125527408403086
?	-1	-2460.7224266668045	63.832187236959406	7.374630888483475	655.4969860542092	19427.314617137556	2058.3656241790545	23576.077522237094	-0.41976177173840434
?	-1	0	67.60963806581312	37.640745887776355	1429.042780829517	25600.843230580107	2820.256861618036	15345.545932685136	0.6898653356495859
?	-1	4685.703056883942	65.71422453134825	27.450399255855764	1935.5391475832328	-12622.071158491237	2825.6429208133222	-11782.912034875604	-1
?	233.28515284420044	4046.819733686569	68.98215802860592	21.29632287127121	797.9392229049461	-31621.670996467932	2231.1112598742475	-13145.748910512079	12.364301635195817
?	201.34098668433134	-1557.129914503604	66.77904067491183	-132.51487496693255	354.45559775981354	-9196.723193924461	2168.355475287709	434.403008602306	12.96155521462577
?	155.42865711901914	-1497.59799228349	62.3564142802592	-70.43663897561956	338.10306320871643	-769.1992285185909	2252.831410304363	3204.0857870950185	-1
?	126.46108707015578	-884.6005282924124	63.2572087261308	-74.12473963192761	315.99563633388345	3698.995380860328	2328.559764642462	-111.24275566700659	-1
?	111.19863070439789	-2549.2217414030792	58.65017729866277	-128.30622461320775	523.0528322517355	32559.361738407133	2247.2692725210127	13524.879710161566	-1
?	-1	-2243.9726140879256	56.84189749547032	-67.32557207539902	1943.9637232542632	25681.532399579977	3004.80375015055	11382.225706684405	-1
?	-1	0	55.28389869489277	-124.2713588015358	1807.1294522307526	-4544.9637410143705	2816.380557855241	-7532.930912624726	-1
?	-1	0	50.62832955539344	-127.91046685880633	1716.7155362035414	-3456.0559210109805	2628.1572045193084	-2872.784345974401	-1
?	-1	0	48.88837535195236	-174.9078044099303	1634.326656180201	-11124.996081945097	2672.741340556519	-7031.661659197516	-1
?	-1	0	41.882939334896804	35.56058213799239	1160.4657321062787	-5478.005377201543	2276.5741215594276	-3926.475210201323	-1
?	-1	2218.2582603467313	50.66640445885201	489.7272350159723	1360.42638732012	-16083.747467905425	2476.41758004645	-4747.194678195593	-1
?	109.91291301733814	2195.104196275258	66.36930108569577	215.2315631839628	356.27835871099603	-19031.357518467805	2039.2143876496446	-9309.693153843255	6.641259799405125
?	108.75520981376445	-0.23259700462204716	61.4279826180503	-31.109814353831794	408.8585113967164	-253.73511784326504	2010.9329223542807	-8163.583643609483	-1
?	109.90128316710704	-102.9574041489118	64.81381036800416	43.334021803705646	343.5916028188326	3852.205635630312	1631.0352054691646	-9019.414282005322	-1
?	103.60733960631879	-212.04272981979	63.594683708235614	-231.1989917230049	601.4687931782347	8569.96190742194	1559.9622082540081	1227.7392779661438	-1
?	99.29914667611739	-2092.146792126346	53.253860781853746	-251.83162918302398	772.0896981899357	4703.889452751575	1692.4221693674726	4247.929800346914	-1
?	-1	1025.535962719429	51.003102249084236	310.5304321089353	836.6632658158168	-6533.762610685653	1772.3586982713568	-5480.627066475339	-1
?	150.57594481208957	3192.1925993078416	68.78038238730073	392.3766830528838	445.40156765564836	-3373.0109795504086	1418.3908160437018	-7773.28189131535	12.172657828498549
?	158.60962996539436	0.5588734583778807	70.6219364017287	6.2948291783731305	668.012716838294	687.858585511389	1383.6946037055839	3687.562365286292	11.449279901536585
?	150.60388848500847	-528.7283688683413	69.0951238462194	-223.13823470900766	479.7944969312183	-1390.687994445694	1602.768934308019	1554.9307458550863	11.604962794634124
?	132.17321152197692	-3032.0777697001263	59.46502466627816	-261.1599960062999	598.4783171160083	1086.4630445594394	1461.4411409983393	-1507.7338527421593	-1
?	-1	-2663.4642304395006	56.037124045904214	-244.8439813423375	534.117649159191	947.4121295550483	1527.38224167091	1448.8202306980177	-1
?	-1	0	47.22282559916111	-149.88953043836133	645.8489235937614	9252.493179680389	1533.8821525332412	7222.681241730617	-1
?	-1	0	48.54264752398604	11.476460672208027	996.7423081432171	3218.516185012972	1888.516303757446	8175.943621484441	-1
?	-1	0	47.79664863277152	-21.761893890370605	806.7747328444123	-2212.1068488214682	1942.679333607469	758.536815714495	-1
?	-1	0	47.454552829467495	40.69838859083816	886.1369657021421	-1169.2453171030654	1926.4431445431712	-693.2228244121089	-1
?	-1	3681.2192803879598	49.83156806231346	472.05285490938047	748.3124669892582	-4924.26484048906	1908.0181923868631	-6466.59655915012	-1
?	183.06096401940061	3708.5674800159527	71.05719557493686	361.4572070482616	639.9237236776856	193.3484371379263	1603.1133165856606	-140.61843549159022	6.38991476795456
?	184.42837400080026	1063.6363809626685	67.9044284147268	-272.6702724989763	757.9798888461546	2305.0821123912615	1900.9872706122835	6175.624511741043	0.6984739452054228
?	236.2427830675348	520.0686434391679	57.423681949987845	53.594599969006914	755.1778292972504	-8127.824117748857	1911.8945421727171	3738.119490949463	-1
?	210.43180617275902	-1223.331049956341	70.58415841317718	319.09549749159044	351.588682958706	-7749.378370844696	2087.8932451597593	-301.88826958550663	10.585531306784633
?	175.07623056971687	-889.9510450499871	73.37845682456759	135.28893651486874	367.70891075501004	2691.2871153248493	1896.8001286934416	-18635.474211959267	9.771937892166841
?	165.93425392025904	-831.9594359022598	77.34860523892071	-13.860866648221675	486.15303872495036	2763.160036831753	1156.1195345617828	-14527.12357685711	10.520913293938907
?	133.4782587746033	-959.2796146989531	72.6854134921565	-182.08587798306067	505.86691259659966	1635.7557778204712	1170.4439498505758	17698.73623829444	6.946561066701175
?	117.9702731853107	-2689.5651754920277	68.24431133976755	-138.61970149083734	567.9408276159751	13781.37617810877	2041.0563464765173	32599.616410623887	0.36726663991491076
?	-1	264.1515637314935	65.75442841761453	21.081064532619948	1194.935721502048	-3396.2037655569425	2800.424770381793	-1893.3816885345782	-3.1632408607348705
?	131.17785137188557	2726.1202983846283	69.29836456639856	57.44006635864228	398.13063933812555	-14736.40307330771	1946.387262049787	-15763.751117696142	10.323578963370615
?	135.30601491923335	-232.58686381539275	68.62643173554669	29.764423427702273	458.115567836652	384.25687453192063	2012.237214496975	-17738.706314042007	11.666972404245927
?	119.54850818111576	-367.1862643838448	70.7865857377837	-149.2766179450085	417.34348306472185	219.79420614991483	1059.451946347674	-9398.902870981741	12.880023775236628
?	116.94670170004085	-2410.9701636222812	61.16260083829616	-287.68845137510925	469.1052781441479	4049.7460718146367	1542.2920709478813	17195.692903353538	13.93880504494511
?	-1	90.05978525159051	56.40216316902803	134.2991106986066	619.8307866554566	-412.0295510024151	1919.2365915153632	-5219.872750021885	-1
?	121.44969096262044	2341.8925529004973	67.87755637322658	158.13722345364144	448.50380059402687	17265.767837056257	1281.2984334467833	9925.315038779976	9.372949424829178
?	116.09462764502653	2156.7562315564746	64.30902434171021	-93.15692661990464	1483.1191785082817	18647.721376246893	2415.502343454369	20978.877285020648	3.7670193011106043
?	229.2875025404457	2430.408295873961	63.219710042231284	202.60356859572792	1380.8898694063848	-20055.332467018983	2330.2422976978305	-27566.209062462294	-1
?	237.6150424387263	-182.41811308912386	74.43920277149675	193.66463537496523	480.3525551573183	-18259.409239034587	1037.1918903312348	-30525.88390514292	14.306888715327322
?	220.16659688598938	-2009.7792693803813	72.90294181097968	-52.777323447503576	467.9194074546425	-1195.0151681381135	803.9481024406629	1499.4126576275962	12.974413989546841
?	137.12607896970582	-2081.0278364844794	71.80033659912154	-181.3495010546512	420.6017967504118	543.9782529845834	1112.1625232126157	18467.189017567798	4.583094916933141
?	116.11520506176393	-2762.521579394077	63.835466758246994	-250.29659881945946	495.11832010387207	2388.7755743764856	1727.3075533190658	16370.571132715322	-1
?	-1	-2342.3041012352455	59.285506658148385	-297.92132951081487	540.0405754692378	1071.2904242980433	1930.6910798483934	3076.8382278826193	-1
?	-1	0	48.93940028270604	-234.2830561951366	548.682841318775	-620.4122902766985	1881.149464713199	-2810.927304515604	-1
?	-1	2669.9607901458157	47.57135384839139	321.31009671000993	509.0199609554024	-116.74042891708329	1790.1447146226112	-5649.441811231656	-1
?	132.49803950729267	0	65.00490511820676	483.3189011556918	542.8458198729207	12766.535467828104	1598.6773741516122	9155.01054776126	-1
?	-1	-2669.9607901458157	71.73729890617632	-167.9856653410103	1147.3467343468167	7318.830129610063	2247.8952420106807	3734.8521012235838	1.5657521129093648
?	-1	3889.514818653097	56.60562185115613	-31.509040771305884	908.7873263534291	-5525.933629748916	1785.419979212794	-6398.002811462147	-1
?	193.4757409326576	3303.6967017977067	70.161846867611	236.16434989585804	871.0500528593669	-9074.873631434293	1927.9951014375688	-3805.8247123273172	0.5311488316964409
?	164.18483508988768	-275.8249780659998	68.4138393459492	-150.86905901314026	455.04364478170794	-8027.177447159661	1595.1287435964255	-8214.433506184489	8.565850917118818
?	179.68449202935741	-59.88626362162478	62.618393916953885	147.15941960475237	469.6911805013782	2869.2515068797775	1517.2734261283385	-10112.697591179582	1.4299418516674431
?	161.1905219088064	-864.5519325602592	75.77181032618692	169.75052231763442	598.5062201256989	-486.18098049414573	1089.4938640374392	-418.8968213384564	8.83620058051177
?	136.45689540134384	-738.9790636679871	71.10592003283573	-97.27749600947026	445.38213147667057	-1687.52460445554	1496.3285850614154	4945.393382566943	7.99335260218046
?	124.24156872540652	-504.3413170604347	70.90793552571334	-117.88107899174523	514.1299899029207	3118.4879892886934	1336.7635331657898	-6881.394627879374	5.037260440670032
?	111.23982954832175	-250.5108763826108	65.21186608324838	-151.2049187183258	601.3065309411074	-1209.5808593262118	1152.2588536674418	-1439.7534806777435	5.312917134343799
?	111.7160249062758	534.7576382334947	63.34768958979694	-7.959824885060017	453.6509469366092	8110.134486397681	1264.7758591319016	21546.843863396396	-1
?	137.97771145999687	1786.5703650945723	64.81387483899538	230.38892540400568	1006.8132552609973	61.09055035194642	2229.601046837277	3655.602811032025	3.7145447565661454
?	201.0445431610057	983.3903892698705	74.86713585999739	55.81823078830644	456.7054744542066	-11114.48248627685	1447.5559996835054	-21142.19832615792	13.3608936116987
?	187.1472309234911	-1017.7143965115736	67.60478637841074	-348.3648281853435	451.0891309471469	539.8848520224582	1172.491130529366	1528.1642947587725	11.065060790378796
?	150.1588233354263	-3762.9446184697686	57.448894450729966	-299.4721917913161	483.69971705532987	3932.138084158205	1523.9642144214451	6694.909179598844	-1
?	-1	-134.8513537895699	52.63117678884472	203.5032155112304	647.6960351550599	-777.7598263223675	1507.236589509313	101.38042737168091	-1
?	143.4162556459477	4869.828946455948	67.62405522629163	325.4351902049715	444.81172573921094	-5085.919246201069	1529.0332357900293	2046.764878661882	3.0658952260984194
?	242.4914473228009	6871.355833476819	68.90293629909353	45.31075110671217	393.40007284500285	942.8644494324512	1609.5748334424086	662.356138478735	4.594224233412215
?	486.98404731979355	-2211.794276660111	69.88959278162727	-118.01860157707256	491.9549482108342	7392.262571886273	1562.1510427139665	7641.318650636827	5.3599544688091
?	131.90173348979377	-7201.538398162429	63.002006220239814	-12.574252939455553	763.0132014393217	-841.2952116581613	1991.6407659742554	7165.825010287279	1.909862353252053
?	126.907127411667	-293.83055073402755	69.26088013465449	-94.40854016276072	449.8901876279255	16.27203965944977	1920.4422932283355	958.0133772772297	11.839735557812585
?	117.21020595309218	215.08798592091784	58.28157921210171	-250.07612087986075	763.8268034222942	5492.317640931237	2039.5414348381175	6920.4473563061965	-1
?	137.66152670771305	219.71482923382183	56.75707409066127	203.24174678409187	724.5060696744913	-7772.3095208938785	2266.4646610436503	-97.10408977869837	-1
?	128.19594741478343	-462.7962199058086	68.44366655130645	99.50184687492467	375.2113273775948	19153.642019948093	2034.6862303491826	13621.304957128948	12.74572981284531
?	114.52171571242229	-2583.918948295632	61.732166434407574	-91.91205161746635	1682.1881706719096	34442.58647586429	2947.5299089001073	21142.81167223051	-1
?	-1	469.04452893583783	63.84806397043307	54.706717348274275	2097.340651170834	-9811.59875975147	3091.826813960723	-9135.532553447263	-1
?	137.97394215921452	2392.631364692802	64.46750230182133	99.37817673229903	1191.608232684329	-31860.78841460798	2490.7532812277377	-27068.866721005572	4.178492152164834
?	118.6315682346418	-729.1530896078582	68.81697280704809	-13.129638142642603	504.3012304404123	-10109.861461834042	1738.3834779104252	-18988.263231549947	2.997167196177227
?	101.51628767882109	-369.43627339994083	63.81102039468919	-119.66558892368596	686.1151595926199	-520.809611735138	1541.3401196502268	-5398.101396972453	7.34465815980655
?	100.1597545646445	87.84713703357983	62.833693360863705	-14.37050824464614	478.26074985365506	-3378.9646927242	1468.4784080617987	-2070.499580037406	4.675083198667508
?	105.90864453050014	128.7672755964174	63.09249498245687	-76.3009754572399	517.1669249564075	3207.021772695948	1437.815140648355	2149.016969112364	-1
?	106.59811834446546	106.29479054974061	59.018644588001656	-111.91427021130264	638.6118384884547	-1074.0332691970884	1575.9292565174185	-428.173508354724	-1
?	111.22338405798725	-8.604735507098146	57.49678147189166	125.1552425472051	463.4652614965523	-3470.49559008199	1416.4064652306186	10086.426568872019	-1
?	106.16788156911055	-155.3182283147371	65.276406715362	137.6048654934981	465.0870589843528	-742.10465762094	2080.2505849610266	14842.262045939482	7.753952457719206
?	103.45747264225028	-17.827739708278646	64.37702474656666	-63.698312191586645	426.36002861550475	-1067.7984221811444	2158.519567527603	3051.62734162652	6.167343740790887
?	105.2764945836966	19.215248381030687	62.09149110578262	-99.13328304589216	411.6971378752948	-397.54152984363265	2232.8319520423547	-868.3965116271578	-1
?	104.41823506130183	-63.4865133702291	59.42036059427198	-3.5270436504704104	406.48295212332283	2566.42388417319	2115.0997419462446	-9014.991343049078	-1
?	102.1021689151851	-185.04057597614425	61.9151389232591	-49.11443999375352	540.0183320839561	2954.6098956266064	1782.0823848898945	-4570.812184476639	-1
?	95.16620626249448	-2062.043378303673	56.96463859458427	-42.55545452560536	554.2134469046553	2177.327683242207	1886.5591327224095	9076.168574398333	-1
?	-1	-1923.3241252498624	59.7873661969788	5.113229368200576	648.884716246068	5538.2065828248715	2235.8908136098175	7517.760414241573	-1
?	-1	0	57.220300062994305	-62.03558436297595	831.1237760459028	-2126.872074368293	2262.4471534344934	-4699.525972784233	-1
?	-1	0	56.68558697882996	-152.3909508658191	542.5411125276519	-4294.421427008065	2000.9145149706026	-2869.189656945814	-1
?	-1	0	49.60075251970324	-314.3790219780703	616.4027046954965	1088.9029506602951	2118.9876705872007	-3935.7663730059708	-1
?	-1	0	40.96663587992622	-89.52980496071177	596.9862600606674	7335.130865638092	1804.1261963203012	-7829.2126137791165	-1
?	-1	0	45.12426227166759	149.74013683475889	983.1592479774063	11004.117363113279	1727.5270398982393	5580.029446710412	-1
?	-1	0	48.45364272166427	114.27005146141178	1147.1921282163391	-2263.140353783362	2083.127668655826	4861.71170073268	-1
?	-1	0	50.83776484473826	33.73725469825937	870.0022302882366	-797.5160089322958	1970.6126249348767	-645.6287376474119	-1
?	-1	0	50.140505456577266	-63.20840420405101	1107.3163277697238	-1046.9779071926916	2050.8462317734547	3192.61127920895	-1
?	-1	0	47.677344634535665	-104.00496562286045	817.6533349286012	-7574.439273357559	2130.2431888953265	-1507.4231004525395	-1
?	-1	0	44.94025717543417	65.51283961431884	728.5943641018405	-1579.6374681462319	1975.4750767508267	-4409.385625807919	-1
?	-1	2843.767980301543	50.95298661525165	547.1169509216655	738.6714615212885	-7894.229658411064	1909.7739076049274	3948.4549384669376	-1
?	141.18839901507917	3072.336481640234	72.29610472151784	497.0340758634201	333.8828811812817	-6311.884828927867	2172.8978236741764	4440.452088217636	14.985120448999066
?	152.6168240820139	223.3051976754549	75.80469040842301	-1.2216587851494691	423.0772200748907	3381.72593045516	2131.7965120158124	-1980.6554887192751	12.632618960790357
?	152.35365889885207	7434.789977340034	72.23502178226036	33.68694863844619	502.96917770404207	2821.778712107104	2073.865049238211	-4596.048791558285	1.3256154717584114
?	524.3563229490209	7010.83292389107	77.48903784034535	278.6135046749831	564.1661556802479	1419.6370768987665	1901.9940724378948	-17021.829067504244	3.184796493616779
?	502.89530509341057	-388.1477837158811	86.16569701600972	-68.82527881823096	573.9510315489814	2214.20138675376	1222.773595862987	-3944.8727691533927	7.668397856044143
?	504.94893376322653	-10077.906101868068	74.04777389943375	-293.1868357459966	674.8762250179375	3257.1472937131525	1704.7504339802224	16174.508152938786	2.294293380418901
?	-1	-6422.9518858586525	71.50635522870968	-22.765478756692193	736.8083962346414	-1106.579906125278	2031.4990035099377	-4609.592890362749	1.6592405638299403
?	183.80133947028935	3484.581948618595	72.90949996159912	64.06452097560924	619.5472297116728	-4132.21258110709	1474.2707894620817	-18380.541050692438	5.597641129530941
?	173.22909743093223	147.3175254247289	74.70958127749019	-47.534196037178326	530.1977671792839	-2352.600442655114	1112.4719509753027	-2063.123735344319	11.769772110812529
?	191.16721574152564	652.0851730798481	70.53279015974026	-106.58233537494756	501.9172075789196	-1426.0695938392487	1371.114602694868	12868.830158125818	10.116851393772
?	205.8333560849251	-3843.344314830458	69.38046450874273	-77.60903391501645	458.89428748732047	4510.829579591909	1755.9134588816028	17826.71774516202	11.16597050026298
?	-1	138.25469561594647	66.65233846398938	6.276872154936566	727.4586865585183	-328.6954416251182	2262.4504899529816	9308.145002369896	-1.4080927482134664
?	212.74609086572252	4044.0011667282065	69.69430811648957	93.94852837588965	442.4595154060643	-6023.531418700084	2221.320709000104	-6831.6339199178565	11.510930983393513
?	201.2000583364132	-675.7482602483476	71.34976488278393	41.826041469203375	426.28211562350975	-243.98900115450596	1920.8687939570839	-11097.443150385394	13.039196042033947
?	178.95867785330466	-712.8626296860058	71.78561018994977	-6.190800355703826	430.26006534833886	2.940654619758292	1666.4485514808266	-6092.285848434126	11.252360790407181
?	165.5569268521124	-1309.0233669874876	71.04022486499873	-44.788894174247886	426.42914835449767	1918.2263699337625	1616.2545015353733	647.404152020449	7.91513672875763
?	113.50750950392936	6263.483262112656	69.54616548123734	68.68742414195809	526.1713838450283	1408.1090365676816	1698.8187590818495	743.3234717379932	5.993795784723737
?	478.73108995774965	3525.348036916487	74.47459607209669	92.74376075853364	496.83460018288275	-1438.5960511248118	1653.4206751222735	-4195.454123159278	1.8558370371094348
?	289.7749113497562	-6664.611657118394	74.18335351916409	-50.36423710596906	454.24158128878673	-776.4517371187654	1489.0460529238826	-5628.322810487118	6.382264416248622
?	145.50050710182524	-2398.1720735169274	71.9563842167982	-30.175818952064756	458.01201332694393	1606.136634673935	1372.0045345979136	-3896.031213914879	9.282878697835688
?	169.86630767390815	673.4746015254076	72.67456257156083	-32.93913336705752	534.5484130224846	1670.9169672416137	1294.2444922281359	-1546.1541199257142	10.156222943524202
?	179.1742371780961	151.38327949265044	70.3094275484453	-75.7628079961467	541.5578616890258	-1180.058244187974	1294.6968286016267	5280.309771721738	5.309111249478757
?	177.43547164854078	76.34073645347718	68.88642217175344	-143.46388641195085	475.5455008130851	10.341396573778491	1558.2599808142265	7419.064654040652	10.418281036736584
?	182.99127400077	516.7147251926662	63.136233227847654	107.07114630274863	542.0749315177147	1710.2676610291423	1665.6500613036646	463.56550773400863	-1
?	203.27120790817446	5127.612693618541	74.23997948689095	276.8222166930301	561.0588838645434	1.033371166365654	1581.4382562009273	-3704.4304265033516	9.60834657318124
?	439.37190868170075	4048.71585348756	76.97734406249936	8.071431192876899	542.126600076033	-3617.4227377591724	1480.4285399784944	-1178.6848774185378	10.830821189721513
?	405.70700058255534	-4659.397526093719	74.6435510465348	-123.2622730725654	380.1877469765822	-523.8223431428895	1522.5040123299996	6894.544093238539	1.2936635079385306
?	206.4020323770115	3689.2634354591632	70.814230408871	-131.38631463446626	515.9354829188882	6695.851251081698	1825.1557446404263	17482.854530152104	12.208836158824719
?	590.1701723555161	-1898.203580099075	68.07423531481139	19.157793005186374	714.9803095306719	56.30027204989039	2396.6467388376172	-1102.7046752597678	12.38427141757683
?	111.4918533720564	-9437.98940491527	71.77212005913033	95.32222179975186	518.7504965213827	-4444.405967780874	1770.0205108774371	-9664.184785975047	3.8180304494292843
?	118.27070210974591	257.8912255207104	72.84034640479905	-104.89085768928923	492.76001114162506	-778.6116364945375	1913.437499538858	3948.322422046848	6.514961879956156
?	124.3864146480921	-2385.414042194884	66.5275771746658	-248.7963799910084	479.8199146966553	-337.8618836842961	1967.4366319797823	715.3552159217715	4.190990898603041
?	-1	508.65844802357446	60.400527405248454	3.90036206295713	475.86691695741	-412.3755219653479	1949.205260334947	5253.063505186836	-1
?	149.81933704927118	2933.6673923518224	66.72259527781365	188.56053643972461	459.2011385983876	-589.2955011955889	2230.089807239128	6459.98920039432	-1
?	145.6833696175932	-6.246350280371669	69.82855422723482	52.61893058961743	446.40214189763014	112.14537507029445	2272.2047203546676	-21445.813413303535	11.633693288217001
?	149.5070195352526	97.35441438096619	69.35354180729456	-192.9414176176456	464.8084073519024	1272.119678123854	1157.7991365739358	-5382.904639137711	15.020322783181072
?	150.55109033664158	70.73328740475189	60.1814833463524	-204.52863864646284	510.00812580382376	2776.1934019607957	2003.0594883977783	16762.328765570994	-1
?	153.04368390549024	175.53381892984737	59.127109874971275	151.30880390672073	603.6180774499442	1995.9386330312793	1995.9155748524975	-21548.55249097308	-1
?	159.32778128313407	-157.93473435065667	67.74692354168855	164.80034077373838	609.8050574553892	-899.0017440087522	925.6318638491088	-15965.318248232785	13.209527402794029
?	145.1469471879573	-239.45110970451083	67.36712691365831	-149.6159329364525	558.6679902495059	2628.558822104168	1197.649662440847	25238.896634648405	8.927669687896797
?	147.35522579790836	-2922.9389437591044	60.26612689486581	-129.7306997236069	741.2329985605994	2055.604220785579	2187.576695581547	24071.862702153507	-1
?	-1	-251.85142390246125	60.88059192747787	-24.70936944020274	661.4482012887863	-4634.1804260225445	2401.2427975485393	-419.9727952069256	-1
?	134.76265460278512	2669.799015180983	59.03065842285566	-11.185402361891745	509.5239772594689	-3219.304717255189	2166.5780558212005	-5483.440266449465	-1
?	132.48995075905106	-132.9994768421032	60.32132180938328	65.93458678020289	500.4829654260246	-866.1834896197925	2127.070784226062	-520.2483590662922	-1
?	128.11268076067986	-120.23670917942127	62.32738776186585	17.749575570685355	466.21480277847866	-11.908769074634451	2140.5656378678855	566.0837150847702	-1
?	126.4781153000799	-2582.253615213561	61.20880058791756	-129.8681477354792	499.88752697229285	1789.8488005997383	2155.374969980301	-1448.483433970466	-1
?	-1	6481.653648359528	55.8339803750918	245.04416402602976	555.7072428084668	-705.4601233498809	2068.141466169361	-7712.771737859024	-1
?	450.56079771806094	10584.049093595053	73.46100878921922	355.61588500537346	464.6145208047983	-810.2768849522566	1769.7363830873444	-13365.80506484997	9.229107458832644
?	528.2024546797602	-6442.586777508224	73.61477462536072	-140.43368251549026	515.1933985608534	1297.8151094191455	1399.8512129268531	-5926.689440308989	4.880554668611518
?	128.43145884264516	-8039.238421871976	66.43932466344461	-91.12969754449166	529.5052762757565	-1639.5659460311738	1473.4019110718907	4314.460182123951	-1
?	126.24053358615565	-72.26461920054004	69.05828974813608	-79.67115858231736	433.2151012592936	-2865.598749393705	1615.5742220330537	2811.9017172152153	10.157051747486465
?	124.8182278826181	-2544.8106717230767	62.455766734328684	-235.81330704927544	386.2253388060692	4552.696879622843	1613.9969969326535	3197.0805502551957	8.035291072819037
?	-1	58.3300162903416	57.26762439567214	75.90280295062931	660.849945240439	105.8897313467829	1775.4282495458158	4367.2633330237495	-1
?	127.73472869713522	2460.0385535691257	66.2509068818602	150.87833230936013	391.5198253734084	-5907.158153788522	1832.360163583844	-1449.2442567374403	14.36847593131813
?	122.00192767845803	-206.5008834477364	64.81154101114025	-185.80496784935525	365.49203755100865	-1799.8905660968292	1702.9660367089427	-2461.5196074335986	13.526669173472852
?	117.40968452474826	-218.97109712274417	56.96065848939231	-145.2272460766999	301.5252970685657	-1178.7579609972456	1709.2841832121624	2162.8863611926736	-1
?	111.05337282232067	-137.4407011119948	57.55017870730515	88.78147182409607	306.5541395011455	1177.149506274666	1811.110354768578	5947.501652894827	-1
?	110.53764946914842	51.94757511761179	61.399732080597175	101.1513625559047	360.38277238229983	2865.1832617387654	2006.659265856908	2023.4403996986462	-1
?	113.6507515782013	-53.899442707407076	62.60774683510046	8.260682759130187	449.81330258808583	3710.0041861011514	1912.2823747535117	-10072.917908920874	-1
?	107.84267733377803	-133.38847802288976	61.81276621855369	-114.47336255742891	545.88298168736	252.20212077723073	1503.013370410857	-7910.872518848792	-1
?	106.98132767705671	121.96567886366606	56.88407870722893	-117.41567717114724	462.42340862694755	-472.0193555553352	1516.7387488110664	6829.247514933584	-1
?	113.94096127696142	76.66803581021019	55.941982359996246	142.70528565240465	522.2820139095929	-124.26871031015304	1844.4757461575412	7499.378611318328	-1
?	110.81472946756728	-133.8999131415276	64.01934298984926	54.532708975136266	456.2099731114398	108.50157004123575	1891.7076793769882	-1221.1366584362677	-1
?	107.24596561988494	368.59394975558007	58.6686178087531	58.53601640394319	527.7070924116548	1707.7475461933257	1783.418913235727	-2236.8100638945634	-1
?	129.24442695534654	1016.3820309836556	66.94614381004647	299.1591873637131	541.5973504211073	-607.9878965139749	1779.8671761822584	-17616.241390972657	8.617682492647324
?	158.06506716906844	1099.5078784559926	73.62657717693897	57.86262071675995	497.3076975859556	-548.5630976511119	902.6068436870816	148.65552413708218	10.015881367681116
?	184.21982087814695	699.8141785266379	69.8392748458845	-198.24732227036466	514.1691955385513	347.3918507305105	1787.2999523891126	25319.472451401176	9.38212560971851
?	193.05577609540083	-3704.396417562886	63.71421106342059	-249.3525346381496	514.6772901224814	1894.567103980401	2168.580466257158	10382.554818518436	-1
?	-1	-3881.1155219079615	57.371648113976846	-169.8699691360018	608.8975507375727	8866.72562335615	2306.427693315042	5665.915732402801	-1
?	-1	0	55.22071260662038	-103.3178728322505	958.0135712902952	1069.0398047924016	2451.8762528773022	-7236.532206197023	-1
?	-1	0	52.20575447236425	-8.287962722270972	662.3495409771936	2796.5349763560666	1944.6010830051855	-3569.226885761722	-1
?	-1	0	54.80631447050683	103.74638728883065	1097.8403201081005	16678.770862028032	2273.4149085892136	9970.237493415147	-1
?	-1	0	57.393073836805854	-23.427067268432985	1496.288084078607	6412.530745793247	2443.11295767595	1285.1808747134874	-1
?	-1	0	53.63496110708516	-0.49270589594910785	1418.4668573977674	1270.487669618806	2337.673952324889	1221.8282946322424	-1
?	-1	0	57.3684385420084	27.109071143353034	1559.8124675595482	-6752.4351184564275	2504.204372407563	-5770.35487084544	-1
?	-1	0	54.99041466425283	-87.65739750581889	1080.8451014749412	-5275.547922393155	2049.156208782613	-3541.867910185278	-1
?	-1	0	52.98556866671739	-121.72989399274013	1296.0350714398867	-7330.239990681853	2327.1109768982965	-7270.902679332167	-1
?	-1	0	48.90391996461574	-195.279361025972	714.3331019408433	-11276.57005887527	1685.6110748159992	-12914.507279422785	-1
?	-1	0	43.22160061541865	-102.08323760161147	732.2065684961152	3030.385945757116	1681.385612927148	1106.3949926427201	-1
?	-1	0	43.79975808453509	74.05620450169417	865.8523992287013	1869.0615428309964	1740.930824448136	3486.743546237763	-1
?	-1	0	46.92441084050341	91.69792080021009	825.6596456376664	10202.956061573435	1855.7227902390387	14437.004518197618	-1
?	-1	0	48.38465412454566	13.718460389532883	1376.0002023073803	1194.7379714881242	2462.781050358027	3319.4509715781423	-1
?	-1	3304.209416167752	47.61033385998007	216.26064913379585	885.3965442120734	-10374.008340204598	2021.6953388179481	-3678.5988834179648	-1
?	164.21047080838994	3391.5186051353057	59.19768658123561	461.6065709085232	857.299785297143	-11027.056690146854	2278.8511061871263	-6231.065045131962	19.484395031019506
?	168.5759302567677	79.12633365873207	70.69066240540656	119.03189931133981	334.04370970472297	2296.7728562514153	1710.1420865613456	5419.1298506389785	13.79071910958883
?	168.1667874913266	1098.886985825941	65.14928154680268	-55.820145091706536	972.1384281097154	9585.468990343119	2549.807598719079	10714.456362419758	8.62436248529419
?	223.52027954806553	983.4567365551171	67.89965515082119	356.77943908218856	813.3171592218857	-9910.38709640967	2245.864904682341	-26658.2413267003	6.178131142381406
?	217.33962431908316	-343.3971749334389	82.98825350091236	184.49982766074748	476.61907328922484	-6909.7705036952675	1216.8955323840453	-23186.25133904307	16.79582062560567
?	206.35042080139334	-489.58478293635653	77.1246465338587	-124.71639626335751	467.82863403711747	1836.205667829787	1086.5523377301713	-5163.889261996982	14.411513465489108
?	192.86038517226498	-220.86711019504577	76.7524336877444	-214.8891143586881	568.4293566807155	2952.458950274178	958.7010692841925	2885.1009171237138	7.326926545946682
?	195.3070652916409	-36.6825833476725	66.38019081592414	-83.31608381034779	615.4515815508285	541.5707446081901	1230.807383586359	9852.107518701225	3.059787004982039
?	191.02625600488133	-162.3719473555337	72.58662949722695	213.06967530711015	595.5078939111254	-1787.4171688647239	1451.3064452192607	3059.2021395344564	10.401213758150453
?	187.1884679238641	-141.55157643619273	77.0336745812798	-92.39533400593427	526.080723107591	3629.8134001273716	1383.767490563084	6716.525092657221	12.833076465969118
?	183.9486771830716	-26.698717385309767	67.96686279693017	-301.4039277628269	776.9985639174965	3239.155834741916	1787.1326998521265	16334.42323989002	12.846666070340751
?	185.8535320545986	8.03592412690125	61.963478193138236	-192.4922146472815	688.0385148446891	-2336.9808550653315	2200.4886525575967	8779.30272981307	-1
?	184.35047338941666	502.14702434999333	58.34225206456596	138.89966338823444	660.1495211642283	2678.338537788241	2226.097836342786	-8322.603009992554	-1
?	210.9608832720986	512.3083258496969	68.90846136255006	458.7041485961773	821.955441734103	-1690.5597985815812	1784.358502057963	-22000.65149375139	9.907098163783912
?	209.96588968190187	-76.70990579611105	81.27745949437515	231.8994189869225	575.621531235148	-4142.6639741287545	1126.065261655201	-10450.521163460204	20.78732092011004
?	207.125387982293	-45.803700314321446	80.50343231189635	-165.74614034438972	614.8222430276624	750.8403930588709	1261.8324438849454	4248.3349718554555	20.19489823239484
?	207.67570466618577	10.556248750361156	72.99015247715555	-394.367794046504	613.1635508880921	747.3195895473426	1338.4820102479769	-397.0896109914418	9.054519477421575
?	207.65320041981107	-846.6911675572048	60.785042609570866	-117.40302151853801	652.18822250503	-1137.5428895307502	1241.977963335373	-1700.4194772611286	-1
?	165.34114628832492	-1483.046655770094	67.12000140122856	173.06698135120124	556.2864064115538	-2447.875714308918	1253.4610363849192	3451.770247399955	5.909969448290204
?	133.5008676313053	-731.931372952818	69.43839167713105	-57.61967251841359	529.7944367895824	332.05660144437144	1414.5664757053733	11058.778936377092	10.581989902825052
?	128.7445776406835	151.54417667185908	64.23901777530784	57.5969290721827	572.8892364837726	-1074.7124042707305	1806.3999832037816	-1783.3246879838973	-1
?	141.07807646489837	171.45221735210765	72.31823813074023	-0.3686263362985135	476.0588165760451	-2314.3480397267194	1325.4002413061771	-9473.434368726854	16.099159203452608
?	137.317188508289	77.46009400946211	64.22058645849292	-19.469366679018954	457.171834497435	1367.3646651059062	1332.7282647674322	6084.35261761138	12.02227962143936
?	144.95108116537153	171.18400915291585	71.34476979678927	290.22844282149845	544.4270498313414	-253.7772731002881	1629.6178721867504	2413.403296036938	13.2421431378106
?	145.87638896593492	111.47464238325325	78.73200859956805	-56.01017839033153	444.4829708424204	-3490.2231518290014	1453.3984295692808	-5188.111520891079	18.888025362190927
?	150.52481328453428	551.15972238883	68.54426087727265	-51.89269151720919	369.9158922398888	1100.0103153568389	1370.2122961421928	2101.220318883845	10.361692156747749
?	173.43437508537681	792.7805035093423	76.13737402370755	181.31092256120664	499.4834866102631	3647.0506555621087	1558.4594455134745	7488.7684898363	10.643719623799193
?	190.16383846000195	374.04539630007355	77.60980700533311	-31.93810311405639	552.2684250179968	-419.329635428804	1744.6507206340132	378.7076319538201	13.234535307430908
?	192.13664490038076	-47.10559704806873	74.54046886800471	-146.08004649827384	478.51700483882263	-3343.61998555277	1577.3948271111658	-5203.686719730403	13.218757365335517
?	187.80855860759848	-64.1979885078373	70.30580468041931	-300.3463292299668	385.08742574035597	-1164.3748459861483	1484.4663846474893	-680.6173057453128	14.145070535680466
?	188.92674547498885	-3776.171172151916	59.523152406506156	-333.1196660094163	420.2982625395144	1186.6654802647897	1543.3639618238997	3586.415229127637	-1
?	-1	-3798.534909499723	53.649821379948264	-192.84700146515502	444.4206997535963	1220.2918221520097	1663.7871461038737	4386.608362607622	-1
?	-1	3684.0246848146953	49.88080233324827	267.4420499622197	481.31285364711573	361.475473611668	1762.694379954284	4823.806579267916	-1
?	183.2012342407374	3606.3869371004976	67.02192387805944	428.26328693843226	462.49447343417995	900.1108723069668	1904.977475067273	8893.339042649965	11.973285491044905
?	179.31934685502745	302.52844618439235	71.29396668017019	116.20774290462498	526.3183972624647	891.8630591227224	2207.3613320867885	2665.7343755337965	16.591159203425885
?	198.32765654995723	643.8626456983479	72.83231102329077	8.151332222814629	507.0876263903167	-2078.9469321821084	2038.2641938439647	-15848.4826778814	17.430630989834782
?	211.5124791399453	316.8723491879519	71.70153329131092	-247.81112772385274	422.3710506533578	332.50202466899947	1414.9371981927072	2861.6062403791652	15.811920828669583
?	214.17127400935505	-4250.249582798846	60.44175463709796	-349.4053230555173	523.7127276237669	1976.5734279475216	2181.344505862925	14658.123851632095	-1
?	-1	-4303.42548018704	54.23126713853481	-125.6938603048892	521.1997220507353	1086.2890079821664	2147.8433907743224	-1995.117324877482	-1
?	-1	0	54.15706162185341	-41.998528656875294	578.027178022876	1927.031504339393	2081.5886396190494	-55.57110037280757	-1
?	-1	0	52.13134070569102	-26.089444438031023	617.5512972677063	1492.053885058612	2145.064835755682	-798.2614021790255	-1
?	-1	0	52.85258939995184	-30.391378072995956	652.6298722758077	2678.5675482202014	2041.6755695100976	-293.6516512037319	-1
?	-1	0	50.6117718020412	-109.58408100837715	751.4796746787183	5443.908931237881	2130.382253195495	376.36958333014184	-1
?	-1	0	47.3733853495329	-34.23297048076145	924.8253188377056	4824.70477764351	2060.494048676605	315.13661957952996	-1
?	-1	0	48.9001232780031	-26.72572888677981	992.7149135608972	4210.415238150142	2146.139084174472	1308.4740928336391	-1
?	-1	0	46.03709890519389	140.5277742085147	1135.3460807452157	-2745.9845528148726	2125.917753318288	-10174.79147087609	-1
?	-1	2935.150440589621	55.926511988428935	485.72193428577384	855.4156859201517	-12967.444985306503	1637.3995106306602	-9699.96220303899	-1
?	145.75752202948314	2671.573131152096	70.32319561948293	188.94703671146803	486.9738314798813	-7949.329370979729	1640.9196431663315	-4026.110132866381	6.284382113898078
?	132.57865655760668	-607.448654331043	65.37386382400247	-126.45157128017607	457.94921737115953	-2203.5586235080013	1436.0940039873383	-3700.492266064509	-1
?	115.38508931293056	-511.07829593415244	64.00061705547404	-143.2457771853701	376.7959003044797	-3320.2795487727194	1455.8950298631034	11662.396499579861	-1
?	107.02474176089869	-127.75043204385202	58.21157496473386	8.395358686022286	291.9352399325212	2983.1420961010563	2019.2138289663396	-5308.26513912187	-1
?	108.99756771073787	-79.02672133260553	64.42038498977516	57.61075408237151	525.9530051095346	4656.237680713759	1190.4817729070062	-23417.393274079073	4.015497765277598
?	103.07340569426836	644.5140089343684	61.09211266885248	-56.87299333375084	524.7471239682125	63.98650342339715	848.3441652623693	17871.833540359563	6.120086231444311
?	141.22326815745674	1910.9523680468126	61.576735323087576	176.3155729794571	529.1523302807045	-1223.5604759553312	2084.073449924997	16056.552390531248	5.111220197524423
?	198.62102409661034	1340.8448464840362	69.90789131782546	-34.06715064438836	463.56910017044504	-322.299465040312	1651.1717847889431	-5136.43879122103	8.71386983098554
?	208.2655104816595	1095.8644252272977	59.87337779086813	-197.30244704134367	513.0373570286887	1339.590265284036	1827.2515103639419	3482.0510201614848	11.440050891572893
?	253.414245357976	256.53010040464017	60.042768965758135	192.110220811315	530.5486134346478	1604.8170229543393	1825.2743357970198	6201.917231884479	-1
?	221.0920155018917	-1488.510672095524	69.47888883143402	162.7903079832326	593.2782081764068	-763.7317134678261	2137.3473719581702	712.0676103477298	11.35352619402881
?	178.98871175319874	-699.1553997157965	68.18228436491988	204.67215890822098	492.36202776125594	-4145.044789768875	1860.8777163144068	-19689.463112482576	5.645194995686213
?	186.13424551610137	-177.21607285437332	79.71249677684521	52.80945386248372	386.02596868796013	-2615.2862703067062	1152.8742163340276	-13479.493952136545	19.42313168223996
?	170.12790811047995	-642.38518664487	70.8227570580441	-306.4922186462947	361.5977142459188	1694.5657603053482	1186.90301870757	7362.066940709933	11.481869834069728
?	154.01498618385742	-615.214383289127	64.38788584453026	-68.08326471972339	470.75425670322875	2218.5032516293477	1520.9775633695294	7411.540696203246	-1
?	139.36718894602316	-99.791642208165	67.41859382205789	345.56534463511605	472.52287682738773	-459.0208733533771	1557.4800535177376	-4827.186939787862	4.2318817066657255
?	149.0254040734491	64.3474262586002	81.6661530762863	65.13645619963818	447.80321303555957	-1840.2314125066562	1279.618216380133	-5494.389292165032	17.102070414955996
?	142.58456025895322	-128.02495874367014	70.67541663203984	-217.14938330011339	380.5113062020536	-779.3585014164254	1282.760588909482	808.089420888184	10.74745643085094
?	142.6241561362655	-165.80420740049752	70.80868391128048	55.79888367079184	408.83528796473774	1546.9837533522611	1320.0226874245427	7527.954570468448	7.40960993608725
?	134.29434988892822	-326.46853332569566	73.46536081557947	-18.526108767638355	457.8604938696678	1984.1675676996501	1659.1583174329098	6992.3103145449895	14.26195795197585
?	126.30072946998048	-313.7998638834811	69.88237847289855	-135.51619313406923	508.04366634972166	-1033.1901937883947	1669.6382031517971	-3121.436944907324	10.371126435365742
?	118.60435669475395	-352.8215403291081	66.68955115887592	-160.3784973652425	406.2009841802473	-3098.390435021287	1503.0864701875414	-2356.250591978367	9.898153260213041
?	108.65965245352483	6426.075371969652	61.86345360463631	-102.61836314663977	353.1241445986551	676.0704089067946	1551.825673552877	3987.5884790970235	-1
?	439.90812529324114	2442.8575463005764	61.55863300154385	29.806675175278063	440.0045046255875	1563.4388216493794	1702.4658941423954	5775.347056588644	-1
?	230.8025297685554	-6646.021489070926	63.35378736340024	79.22974120967326	431.2960856811252	2024.404800795872	1840.5930263823134	-5901.596306181166	11.402149256243124
?	107.60705083969015	-2513.058443219135	65.52012006202757	-40.053223623633585	541.2247446653826	2699.408637720915	1407.386078833333	-7726.61886534176	8.104502956703316
?	105.14960760759686	-2172.141016793772	61.35112618221853	-120.12479987724433	566.2665175671729	5525.793921069216	1454.2620831152199	8577.386163738507	-1
?	-1	95.56982904579121	59.51388006816527	8.021025912365218	817.5144407188473	-2550.770115788912	1836.2553870202644	50.55875578044762	-1
?	109.92809905988649	0	61.752177477836796	4.895236763899435	438.72801177772544	-2678.9180460431435	1456.7900209042423	12862.687039405113	-1
?	-1	123.55726974979143	59.758641906360246	-4.448135704222062	683.5685384166882	1289.8462867472049	2479.389738990529	13853.950596434855	-1
?	116.10596254737615	2190.8185595493205	61.52977069262569	-80.0979161920975	503.2203261150866	-4185.729842969743	2149.487550725995	-10380.39974265035	-1
?	108.54092797746758	-165.4052181742738	55.753746096755314	-59.31959699878775	474.28204626819803	-2989.1858937391926	1960.3697518580043	4108.1009791538745	-1
?	107.83570163866234	-136.9792616977603	58.56379084268626	55.90379908832054	353.76103142812485	-2492.282737284079	2354.8925996836915	4060.7009873779375	-1
?	101.69196489257946	-2176.714032773216	58.54893605117138	114.3446636208541	349.6679094039923	656.5094213535904	2163.404801226904	3638.7180172246944	-1
?	-1	152.18935250536003	64.28102402372905	62.689276011787136	386.58650249580484	2938.615877195987	2536.828500544929	9747.842745000451	-1
?	109.30143251784757	2207.6177904706374	61.68339985176078	-74.88350368266616	496.59870326379377	-1458.9858563905793	2650.7969384769335	2222.791508527321	3.2927736753458374
?	109.38088952353343	332.2577668198015	60.536848839595685	-81.43157939843177	313.63720967627484	-4835.221104404416	2647.9680759712965	-11174.391643165169	-1
?	125.91432085883788	872.9217058648096	57.61182088183914	41.46724383941402	254.83764804356954	-196.42541717720013	2092.077356318667	-10882.373624468892	-1
?	153.02697481677453	1313.2305483307782	62.610211031566415	188.02506066392016	303.8159388174147	1807.2092712254926	2103.849394747844	-2606.63740389843	-1
?	191.57584827537772	1039.0862033752803	67.01307391503528	26.30093000300283	345.19811160484545	623.2882986073482	1961.7454861237438	-3824.005929305472	10.767366081850446
?	204.98128498553928	524.1178630617542	63.925257531716575	-24.589887343735988	334.98035374778254	-2121.3230430119215	1912.6490982825678	-1916.8761608500336	14.633258015674572
?	217.7817414284658	412.7116352695195	65.78357954784846	-53.3193327097562	239.13195945424786	-1453.2982230888897	1865.9016780812408	-3382.442899858308	-1
?	225.61686674901554	-4375.634828569254	61.25929089622873	-251.44048398440842	262.315442593337	1462.243447769225	1743.52695328965	-1167.6140103159803	-1
?	-1	-4532.337334980247	53.21155534862786	-248.11598130026542	312.24413184271015	6939.179724070213	1807.520977565441	3640.8599934091517	-1
?	-1	0	48.85349183121528	-64.73012012328816	609.2744287968526	20168.502350848128	1925.5699529601102	14298.71403021849	-1
?	-1	2801.9468876030055	49.97504934246341	220.90328755070828	1320.669249385131	-5679.10281273967	2522.4566790763756	1111.0511444248075	-1
?	139.09734438015226	2789.8873714521314	59.89865620875085	424.1343938460644	325.31928815986504	-19005.322278244897	1981.1225101813513	-9606.147931380887	-1
?	138.49436857260855	33.483676693841836	71.18176903476693	244.12062519068195	370.40313547287275	4178.974058834857	2042.1492825073244	-1744.5468692767806	11.778783954900074
?	140.77152821484438	90.02850524221216	72.10468746828512	-68.64544488769597	534.2679911016109	4444.870834489022	1893.895166717511	-8113.3524925907095	12.436082067129615
?	142.99579383471922	256.21307994049437	67.74949679038208	-2.464851474389285	592.646677197327	-2575.1814192897973	1636.4816578777832	-7135.934197322116	10.923689171425984
?	153.58218221186928	30.69164201237199	71.98144489456566	-50.03477005654631	405.50892013711916	13376.847030206744	1537.0984568514002	21928.103136987134	16.22845030052629
?	144.53037593533784	-3091.6436442373415	65.24775828755473	-88.08887426750533	1261.4890287076737	-235.43504754443126	2732.8868147271555	15836.034480785382	-1
?	-1	-2910.6075187067154	67.57700118119033	0.8144983796785139	393.73716775989743	2114.6011176037173	2328.9001808906805	697.0274571986184	-1
?	-1	4280.960228712608	65.28848320653866	-7.210813417346071	1367.219084587861	5809.398673209525	2767.738187587087	834.8752326186577	-1
?	213.04801143563344	4393.400478304532	67.21646051032302	84.52217127494116	684.2071014203779	-15941.653640378232	2370.643942521614	-4333.685018791577	11.711338689750134
?	218.6700239152297	51.95666325939311	69.51459177028578	-154.1819811052816	570.1364025689381	720.9709413673102	2551.053936647505	168.48617586351554	17.47872369298347
?	215.64584459860313	-4393.400478304532	59.50736145505883	-109.22396080433957	720.2556484887439	11036.221025719758	2379.06825131479	9968.925445492518	-1
?	-1	-4332.916891972001	64.05339373006872	159.97739981130906	1121.9474538549339	12924.250377266806	3049.500208922138	10893.54304216632	-1
?	-1	0	67.5062314456244	99.10860813072419	1366.4681673520934	5306.7923614408865	2923.7454034231137	-13557.975541286913	-4.164655101417357
?	-1	0	69.008824136605	7.900944119718817	1387.287071926982	-4486.072828475585	2371.6014318577827	-5046.964860683093	-2.545699365700663
?	-1	0	67.90127865161034	-202.51556422217828	1142.164525928311	-883.0174720945263	2671.3971603889554	3797.408494279453	-0.3694555074316688
?	-1	0	58.88304592549594	-316.54106800213077	1343.136198322255	4627.988504129246	2561.471856571758	3869.108289093801	-1
?	-1	2604.5562215324885	52.07422525150358	-46.098435833502606	1373.5639511347765	-15949.041824975842	2864.852574843648	-10110.082346967258	-1
?	129.22781107662627	2797.4855892742266	56.57812413382078	371.0779281310455	545.6841070734516	-17821.410576199694	2055.967739223388	-30783.07026120805	-1
?	138.87427946371332	98.25429426317018	70.62812165805612	258.84131143018976	482.49342232477926	1723.1630732037233	1325.699061783224	-16356.952050016056	7.773217629047246
?	134.14052578978485	7040.904039779475	69.52018970533045	-194.5981894294719	631.842260733639	4443.773141792241	1238.1201367225735	16616.96335786204	7.561057194127486
?	490.9194814526921	8186.797884491043	60.898212186582384	-213.2674278488073	704.6820794143945	966.0523512148005	2156.547229676338	13807.723252586848	-1
?	543.4804200143428	-6869.469838531089	58.856818312889935	294.60308230730993	680.1448782943797	-5132.65285462155	1928.5062993519257	-6537.975988727565	-1
?	147.44598952613273	-8107.146672451208	75.62836630194809	255.53933380667976	448.04943668331333	-4940.551400186159	1829.648430239955	-4667.20528478929	10.976043840524406
?	138.12308639177667	-83.28774324648857	71.6337850032241	-262.06377225458266	433.11730828506825	790.3382480369602	1695.1460351124579	-2263.482044544125	9.950952598537901
?	143.28160236380825	5673.1836134374535	62.52517768921877	-194.1183582529879	487.5663490851619	1989.9275849736969	1716.474328012747	-2472.617397094688	5.459412231288725
?	421.78226706365336	-2885.632047276124	61.92786709057457	-164.00380019352832	532.6136875337545	1506.9265210892515	1571.5151652577217	-3840.268507212759	-1
?	-1	-8455.645341272948	54.32498767954224	-83.41693015720462	562.9126751396256	-743.080350375362	1524.4609026521064	-2175.563636498997	-1
?	-1	1846.69017897634	57.75702058271428	386.4972865514682	495.4596700149859	2958.754194639306	1462.7369834327703	-4235.100875901607	-1
?	91.33450894881831	3056.794590983276	73.64985200711593	334.39076428386153	710.850384871593	303.89055992148906	1312.705858857023	-308.741492023387	5.82876585246831
?	151.83972954916598	1332.8093220727078	74.4765587969076	-72.59633426782027	510.65419801106054	-5388.284013101488	1447.2999088316008	4405.83381083171	6.380152224440826
?	157.97497505245465	148.24085076200123	70.02003529372486	-84.19829248968449	441.43618421651473	-1065.8195816790312	1532.9975493986117	-392.8920826158436	8.709224941546008
?	159.25177208726615	-56.32168256194836	70.26664417242331	-23.037016377213845	457.3632189271082	1568.716457747327	1427.6553047008083	6154.602516994445	14.417582881302366
?	155.1588909243572	-45.21832709954019	68.86818447486415	6.929809579121312	519.8720071038822	-981.4260314165991	1840.7276752483383	-5277.212987952233	17.63663629873593
?	156.9908557322891	171.09168089827148	70.61313465137938	95.74495835942008	408.29191735627757	-2877.5094385808316	1163.794655303193	1244.6314309671611	17.71263169503928
?	163.7134749692709	321.7299915200823	73.65543239283522	59.37309456132511	375.9965351748386	-418.47426368536816	1902.9592467966972	15297.585056645863	19.565387561416117
?	173.07735530829345	815.752750226366	73.58178937944568	-26.116435786556366	387.36820417200886	520.8482499592475	1928.673908135497	662.6961197719626	15.053900142123078
?	204.50111248058977	6142.565706947284	72.34961060350739	-139.75849312719504	402.0389476728013	2005.135488195101	1936.0940527852958	-2111.621433949951	14.357396833884494
?	480.20564065566197	6402.919118924239	66.59386472308583	-81.45538456279239	487.62497858176533	3396.576554848786	1823.092836437998	-6466.628967550577	6.853654289111032
?	524.6470684268063	-7339.633814818819	68.27684137536771	11.212567633248067	571.867775415243	-410.5245542120609	1612.7626044077624	-4615.498562155911	7.407068030359403
?	113.22394991471583	-8220.993779727156	67.15449310474824	-26.310434807676213	467.098750871162	-2686.600189906919	1592.317908330199	4216.789888391494	12.872936742490657
?	113.5973794404427	-2284.4789982942843	66.96131963498388	-249.94911864009921	437.5377659198952	-290.02281966643335	1823.6020988273401	3607.96081826163	10.284710236997066
?	-1	-24.62421167608789	54.6570371727431	-202.75650289402958	452.5976098878401	10118.365100448189	1772.7159492432831	9108.72636523298	-1
?	112.36616885663828	2244.571274856133	56.82349449028226	136.48697408216157	943.4560209423119	3810.5924018951355	2279.0384170889956	7637.898133989789	-1
?	111.22856374280825	-14.65215443398059	61.48138587685128	58.76149916766737	643.1272299825996	8851.919642828167	2154.610855942778	4416.112741462522	-1
?	111.63356113493924	-2244.571274856133	59.76156944866567	74.63565356995282	1386.0520030837265	-3197.1130421014095	2499.844054162125	412.8253438964144	-1
?	-1	218.82500446688172	65.21316855534897	123.62537721009284	483.27157787752685	-18675.984141232602	2175.252123137599	-19728.615945019654	4.593040329259598
?	122.57481135828348	0	65.9428383091704	-199.47345995801768	452.2527960220832	-65.740076661556	1513.4132569111282	-10877.366453580926	2.2264476329261855
?	-1	412.62536307246233	55.239495557447945	114.74305017520358	479.984574044449	-617.7724205122153	1631.383800458545	3966.247724806183	-1
?	143.2060795119069	2739.0288282555875	71.67999081793066	277.0320573832665	421.364174996472	-1673.676149400701	1711.7256431514402	2381.664055492559	12.981156494568044
?	135.95144141278132	-344.0796925566456	69.09109842661147	-84.00311819409632	396.30076657441276	-683.2653325719463	1750.4670032331746	3201.58901907153	12.092716018643243
?	126.00209488407437	-482.1981313042803	67.47983490822578	-122.94399737456398	387.2009083678742	-319.5318046925206	1871.805094105019	3247.564165398089	-1
?	111.84153484756696	-2540.0418976814512	62.94389855788318	-199.7166743737651	380.3241763397865	6961.009757873617	1912.8452115030814	9704.927877508702	-1
?	-1	198.99157391399316	57.494001189537386	-51.32659716308891	735.25139626156	-1197.7104487771123	2357.051487980461	2095.861481642903	-1
?	121.79111354326676	0	60.3775686997287	-79.44407998322434	320.43865390093003	-4801.275544915428	2017.638285585228	-2306.053611259471	-1
?	-1	-150.97249887886548	53.52179719037611	136.96994040131108	495.1876190157852	3001.502963181211	2241.7488074174858	-1865.3784207874703	-1
?	114.24248859932338	2083.598155582925	67.22606571979435	210.4058497320102	470.5138020599927	1790.1225210723858	1924.3693645458532	-9141.940089564952	2.704252437516598
?	103.17990777914773	-2304.849771986435	64.04208967697677	-91.7730050158674	584.6937450694057	1656.1938630635896	1784.6518029392316	-1889.5920858718732	7.339290971029202
?	-1	-2083.598155582925	62.63741546900091	-102.76810290590471	553.3234952131734	1286.5268194521968	1829.8897602522582	12973.381168489806	-1
?	-1	0	58.90368453168146	-137.73555863755195	649.0200860420165	3899.5370937460657	2433.320861363731	11298.632543151423	-1
?	-1	0	55.75063753712322	-165.33647709736874	748.3003499004794	6481.35332834193	2394.8213874098374	-3228.8782770216308	-1
?	-1	0	50.63686067681291	28.18814799032938	973.0877524591176	-7599.044364006769	2271.8769475126473	-1583.8306570442048	-1
?	-1	0	57.16004493663971	126.35785847264705	368.3481317001356	-13428.231005390713	2315.629854557626	-3490.4711172600723	-1
?	-1	0	56.95475360044535	-51.861776466563725	301.6762021895725	872.6623022869593	2097.3533916496413	-6678.250048877404	-1
?	-1	0	54.566956113311484	-90.69785234560526	411.98124681448417	18732.21043553179	1981.717352113751	6598.339068388811	-1
?	-1	0	52.41986098316502	27.736445058937452	1238.2867239661753	17574.27535786662	2427.2703450690865	6033.9149131484155	-1
?	-1	0	55.953778366258376	322.1773022758796	1290.6950147078276	7898.3447405320585	2283.413097771176	2881.9227213537806	-1
?	-1	3875.9699313302317	68.52872609695923	224.6977741256702	1633.2039609927838	-999.0254827518305	2571.3664811367776	1356.9505686149466	3.8651245119747757
?	192.79849656651433	3774.711566135186	67.18866707254205	137.18693481914275	1240.7437405702353	-24889.205252385655	2351.2606262019244	-17588.398499141014	7.860796131349186
?	187.73557830676197	-271.1477118150141	75.38807283791647	44.638414624296495	388.74369837348337	-16916.275198853466	1691.9465561797144	-17152.205625679788	16.849510868316674
?	179.24111097576343	236.57108884053065	69.4205878037569	11.011049986349931	394.92998062755004	456.0380450121696	1493.650344917923	-7670.78997645584	8.137377754662184
?	199.56413274878867	392.51822514277376	75.93862533723397	-35.94068086544445	411.5456006240922	614.0408569929347	1308.407057356917	18255.52755820098	17.78548511133654
?	198.8670222329024	-4011.2826549757165	67.62355376048465	-182.72732665864876	425.6320234771972	1422.5517875488529	2406.426722827985	32817.535989030046	-1
?	-1	556.2969134448088	66.8022590043014	18.95284120554551	482.67319000153583	6167.084396437089	2949.2838568084426	2599.323379831639	-1
?	226.68186790514324	4814.447257696656	68.57119582076194	70.6422180855027	733.986243299056	3495.6866042554307	2536.392891819569	-4319.20325087973	13.519809666103846
?	239.72236288483623	11.055179024224188	70.33436990857659	-130.71425183417333	657.4575202143099	-1152.4553376441095	2733.323694264453	-946.4044762615642	14.504974161663217
?	227.23462685635445	-4814.447257696656	62.035483229053185	-141.45808216449038	676.3634764168497	3687.996552271088	2489.07266800649	-10004.89585429435	-1
?	-1	-4564.6925371270245	63.26146580035197	57.95979915205609	841.8573478278669	1394.635511627517	2233.0789015497285	2216.442837275595	-2.7832337715646096
?	-1	2841.247536452131	64.93347318665603	-75.43484161929179	746.0952519982266	3914.83416728947	2599.8948098702713	8808.776166317886	-0.019532816245134765
?	141.06237682260857	2691.2984849395866	59.48972371938733	-1.4637965032394864	1037.5990561923431	-4772.355070642307	2673.517709865629	-15783.553507164956	-1
?	133.56492424698124	-67.24505083334937	64.86028336149406	263.26708478308655	507.4774984661078	-10185.984997404188	1810.7171345120123	-20022.04838146564	4.662306951659115
?	137.70012428094105	176.0403706002868	72.65307795854184	165.212664413822	528.2998063221265	-1607.5750870025286	1672.4152907923328	-4918.679962430913	9.437184256230454
?	142.3669427769957	43.94640308979598	73.12091658218527	-5.109337736041011	427.09874411598025	3042.7193551492837	1564.7831363904631	-6694.824224374465	2.8687573699742366
?	139.89744443543088	35.53478042799674	72.39761107173979	13.536550173428544	680.4357740795929	4169.468994738283	1337.6740795736048	-1212.0566897469926	12.883753934516786
?	144.14368179839556	428.61565603242883	73.79774409085671	121.09019513451811	635.5721938528974	-1159.6622171373765	1504.1803019031126	5613.247128144214	9.003897586092148
?	161.32822723705263	285.73598758612485	78.45212082846578	-156.46127322819842	622.4526632227232	-285.6160637645217	1618.3364359808195	970.1257452931894	6.42600467541791
?	158.430481177702	497.0939103375483	65.97468042944668	-89.10637899533172	621.2913906646711	146.27180487770394	1552.6865891677728	-2280.156460158018	2.579516204396635
?	186.1829227539304	380.6573102131725	73.99680187869913	215.7523283075924	629.7662534666085	207.616719257657	1504.328612972917	-3818.0122079149583	2.7173419260829865
?	177.4633466883609	-333.15453908012483	76.76229684482645	30.11482151156727	631.6722266275541	-598.4452126825596	1361.7859787720222	4557.025882396946	10.384030885861508
?	169.52519579992392	-252.24340444744524	75.50254295427752	17.834807444933777	599.8439928324801	-2943.33522662006	1732.1799070927675	10636.801728508593	5.4116163128322405
?	164.85117646598846	-3410.50391599843	77.65403721707315	-134.94875355636773	484.505465296549	-1817.3607908888769	1893.6260651974594	-2312.5875361925764	9.6712102642926
?	-1	-14.199781624799723	68.75510527645903	-237.38690784229678	508.975953288035	-431.6028676494177	1616.550530283137	-6329.409923167101	1.5969199933486355
?	164.14118738474846	3577.8105229744338	65.78469182495815	47.63392434631431	462.9253219140778	-254.91252899068607	1577.1555690390999	-7333.982735922373	6.511368471649438
?	177.89052614872423	743.7692933860924	71.13680149377478	192.36692278461203	496.2303268385005	3462.4812657817856	1249.8513934870132	-8870.378733829908	8.06863756752916
?	201.3296520540536	628.4733178378305	75.40303796418888	-98.17637389071169	636.0493852031696	3287.987457763759	1133.6366323475982	-366.1816731360834	12.973330067119662
?	209.3141920406162	-4046.5930410810147	66.22798279923913	-386.89177040347363	660.6296997266908	2328.468781281775	1231.5423098302088	5052.45331427108	6.081050866480282
?	-1	-4206.283840812264	56.058449444014926	-219.22265645175003	752.47282426726	945.0695303616956	1386.2592980611557	7484.030868555013	-1
?	-1	0	55.26684997665147	-89.65576249613463	707.8831762447762	-1605.3469979964143	1605.7438532579647	4177.825728322764	-1
?	-1	0	51.57566131920813	-72.01310792143059	672.2054743674381	-2485.6651790189026	1595.150584477297	-1917.5921973547338	-1
?	-1	2894.0514872050608	51.66619458057989	269.9186111355951	583.5999172938293	-6217.086218378979	1509.8642433902266	240.42900655180006	-1
?	143.70257436025508	2727.962907162439	65.07159187598808	292.86902856073107	361.3511634484848	10673.070285615293	1607.172034804887	23023.75326615045	9.784036418184064
?	135.39814535812388	403.2977744241935	66.30964600861665	25.321574069537217	1117.2534315746016	4801.424724806576	2661.0519066977654	10984.936288855695	3.6347319823855484
?	163.86746308146505	407.9772676900068	66.33767057946496	129.1727237140104	601.422399688817	-11906.490623945867	2156.4188492476796	-4309.447063345081	-1
?	155.7970087426245	-296.78050666252636	72.76828219431727	-30.948529688387637	521.9289003772998	-1871.266344793599	2445.5795535305083	938.4183033708772	11.494130180418313
?	149.02843774833852	-3135.9401748524456	64.79024409504555	-224.1558403975926	507.8590824491357	-60.2628891234795	2203.339764416224	-12851.891936259884	7.38746379198758
?	-1	567.8049035865131	61.560490174437476	260.8741134550874	518.9157559211258	2478.9463256394256	1802.984956717505	-20914.595475207123	-1
?	177.41868292766458	3578.883921784287	77.8339497678001	206.39216507030247	631.8063987311087	3423.288055926754	1157.6099906558532	-10352.354717163602	12.318653347543414
?	177.9441960892169	7.8581544954930695	71.88009842795275	-237.48467712267686	690.0801587174659	2128.7162985412933	1285.3672208593175	2593.1291389394523	15.867846889126909
?	177.81159065243924	-12.867147256231805	65.9597159116661	-256.48726084270027	738.2422136581749	1330.320824149325	1287.2664476028276	477.6949393046039	3.758214117984261
?	177.3008387264053	-3576.231813048734	59.05573538581755	-164.93742912618978	756.5961999249331	2159.279625296057	1309.251967824548	3035.6584681531035	-1
?	-1	-3566.016774528055	57.71284445535649	-105.94142793238211	846.2061949229793	5938.224222544686	1439.049371010485	11405.13150186344	-1
?	-1	4139.028590704784	53.75866398919837	161.97860006870226	1053.5074110521716	-8783.78007469852	1879.5085429177282	8044.901231362245	-1
?	205.9514295352421	3880.7901697676534	65.81177445879172	332.99263686227204	407.0171911880471	-13533.461411767365	1841.294432578603	3562.0467324861597	12.873477129659877
?	193.03950848838542	-4119.028590704784	70.4082958323122	-1316.2354891758157	376.83434046379375	-8140.343823760826	2057.6108795420387	-36825.888651571535	8.591276799092935
