rowLabel	avP	dP	avI	dI	f1	dF1	f2	dF2	h
?	185.01488512946568	-20	74.9659934266718	1404.5412396183747	393.0438023664334	8496.76894662345	1814.8331358706073	34189.75422608239	9.07436551604404
?	-1	-549.9417989554917	70.22706198091873	-98.62957891992096	424.8384473311725	2295.5302331460302	1709.4877113041198	-3244.456073149754	1.7821536276530392
?	157.5177951816911	3094.2254810037316	70.03451448067575	91.12518679237493	507.8203140237349	4395.561862735358	1652.6103322131196	-2571.362884885174	11.380040178542528
?	153.71127405018663	-146.2311886216236	74.78332132053748	158.34381824148753	644.6165404679405	1620.5203487234558	1580.919567059861	-9151.377434277618	13.78877158859071
?	150.20623575060992	-154.70355505626063	77.95170539275013	97.92778943471464	588.8463314599077	1155.3985840280327	1195.0414604992388	-9335.449393100527	6.229889691883722
?	145.9760962973736	-207.27561423108062	79.67971079227321	33.31485158170239	702.3864696693421	2877.7778989222866	1114.1470974048348	-1011.8704936785437	12.469891549107757
?	139.8424550390559	-238.1504111698701	79.61744797183525	19.762195772050863	732.735226406022	-330.4014475259715	1144.4479358153117	-1076.4429747102533	9.098008808756562
?	134.0685757388801	82.18405618258943	80.66782058087576	14.79960860207456	685.8663972930435	-141.0501494911205	1060.324948669322	-2594.997836277328	2.234508471685623
?	143.95165784818536	-16.493703929827465	80.35742840193898	-23.61555439883745	725.682718931466	1093.6594714782566	1014.6980440014453	11364.670231586826	2.7626577407325725
?	133.24389054238873	-505.46663215620794	79.48704286093388	-50.728600880272566	740.5493708669563	-130.4284753820048	1628.5584602486633	3267.108720014811	8.140207134441102
?	118.67832624037497	-356.6459950187146	77.82099835792535	-18.02629417113563	719.1612951623657	-2236.229360098244	1178.0534800021858	-11184.148278208571	12.350562903914575
?	115.41159079145298	-82.83775311369958	78.5857281523771	-107.00411873334748	628.737902862044	-2293.251939702134	1069.3510463382343	-4357.015322875657	5.300979228974191
?	114.53643858468999	-2328.2318158290577	72.47079242125797	-326.4231217636936	604.4986981772589	1152.5964735374293	960.2027138584027	2304.5013376728025	1.1488077705305548
?	-1	-2310.7287716937976	62.26457206419241	-287.4410034450327	686.3677265389156	3120.0608987142978	1184.5761132218745	13387.260413157559	-1
?	-1	3175.5698215620955	58.09874224900632	100.36860494074651	760.5017431129739	2903.1703943593807	1629.5657345162813	14533.850191780357	-1
?	157.7784910781049	3225.7817864256554	67.28300231122974	156.153188591622	831.5262462568848	-6581.887588726078	1911.268622810893	3414.478126410592	10.635145170413635
?	160.28908932128292	-15.158668763497744	65.90640167858743	-118.26996541514082	431.4073636766697	-8478.396847278924	1800.289640836811	-31.736095772980633	11.133081878709433
?	157.02055763993002	-86.77568948350988	61.36950404047269	-7.914708023045016	407.60640389293815	-1457.1905356716056	1909.681818022244	1455.9400214982666	-1
?	155.95030484710742	-23.433346101622284	65.51066627743518	-6.256079164647867	358.54783689308937	-382.2892720669844	1873.0866419117244	-1459.632393827695	11.907420830119735
?	155.8488903348489	117.7639420366957	61.0567000822403	239.4256752268004	388.4919402895889	3203.155419923656	1836.7001983308592	-11760.016576670903	-1
?	161.8385019489422	180.86892785371202	77.48195003877518	265.5907931876877	518.705607889272	2941.502854745033	1285.08581307818	-15786.885446117512	12.152717461754627
?	164.8923367275345	-43.68236687928	74.3362397416247	-218.69359189019784	535.5670830268407	943.4726338307988	1047.3559260249829	2295.577754423096	14.185022172606542
?	159.6543836049782	-489.0973233851146	66.54727044426528	-150.5279732212584	565.8792395808119	-1457.8713285919011	1399.864700799335	7564.539291034583	4.742834473039064
?	140.43747055827876	-505.1818712003326	66.80984108056177	-70.50168487406049	462.67351659724557	-2627.5519515599453	1425.5828905767123	11852.200178660254	3.3976599764868567
?	134.39529004496154	-78.99209404218304	63.02218620056225	134.9816967310851	434.50164200281455	-1080.2433436515187	1992.4747097323482	5920.773938657934	-1
?	136.4878658561696	41.567310265693855	73.55892591711603	37.65467078104262	408.6613494146696	-962.0585442485165	1721.6215875096093	-5875.178633131817	15.761838838777283
?	136.47365555824624	415.618982757322	64.90491973961439	-161.178306909418	386.3987147903887	1501.3469966835496	1698.715778075757	-3482.497871017555	6.00208977488043
?	157.26881499403572	397.3712656155825	65.50001057164512	240.6876638069196	483.72869924884714	3973.6423965202753	1547.4966939587314	-5785.995931130746	5.920127224565003
?	156.34221883902538	185.73553025827817	76.93930292996038	-11.024004937728183	585.0808346164026	1588.9785408120608	1409.4159815192195	-2464.4616425380514	8.533099337979422
?	166.55559150694964	-139.34550550912707	64.94881032475871	-137.43012812912855	563.1776262894503	-1914.8193190492186	1424.2736118318287	3953.15775570367	6.36220039189263
?	149.37494356356902	-394.41776303955373	70.06779652350394	123.71984811218584	489.3398686639416	-2300.4142549622707	1607.0738693044032	5324.577977801455	14.721943190037763
?	146.83470335497194	-35.65696566986557	71.13480273036801	-190.96019895772767	448.1569135413366	-607.5956017678112	1690.5025107219017	1841.5251244742951	14.281873014139542
?	147.59209528007574	100.95597311591794	60.51978657561755	-188.97855007617065	458.960088575551	1478.257975351065	1699.150125528118	1687.154778921402	-1
?	151.88250201076784	209.57753095526508	61.68587522655947	236.7856519932294	522.0698123088899	2634.7242169266997	1774.8602496679719	-13233.567485504629	-1
?	158.070971827839	22.83517085104277	72.35906917527903	227.83368585467394	590.6962994218861	634.0293479000064	1037.471751252886	-13256.229066132766	14.776577641645394
?	153.02426055331998	415.5006196235669	73.07755951929318	24.506494934161914	553.7712797038903	-465.37533759427976	1112.048796361333	-403.6479497963361	6.514436908250479
?	178.84600280901736	1350.09893494516	73.58439392198713	66.31782413807196	567.4275325421721	2619.7538107945707	1017.2893537630691	9259.706962407005	7.019993113557395
?	220.52920730057804	-742.8666370386178	76.39345072619678	11.585360116703487	684.7589702436189	-68.45479335627255	1575.0341444816836	9442.747901080638	7.254632248854581
?	141.70267095708644	-1839.4354320465902	74.1636619278223	-120.97927611787173	564.0047928743585	-3476.9125520620314	1489.4267488171015	-1650.4073266533792	8.635834400769982
?	128.55743569824844	-187.97881506158214	70.34448692030318	-157.41285825447676	510.9133426405172	-2442.346205043511	1492.5137781490146	2074.0192227146263	8.977122394827916
?	132.30373020400737	169.09232875219405	66.2930190150985	45.86845448963049	441.88748262218337	-1714.981476315633	1593.1277099528324	4569.434001887246	7.437182294909067
?	137.0120521358581	32.231928652484044	72.6379096447847	-90.62186201547239	425.16426882473587	9777.312853197014	1720.985478243376	13111.566100413176	11.684230116634906
?	133.91532663663156	-105.11233887593144	61.76192591432489	-215.98621030005197	930.7531252820323	3285.0292632585265	2248.706014973489	4555.479396785152	-1
?	131.75643519206156	-240.29273963608603	61.83859912978214	126.72824962705636	589.4157319876616	-6028.719222373101	1948.7594480826328	-22417.93266877311	-1
?	121.9006896548273	-378.2323711003479	68.09833839567769	26.77345855269844	629.3171641633784	362.7083954296781	1127.8093815348373	-15476.943026900404	9.52125229651611
?	112.84481663704423	-345.9538264350142	63.177272057417056	-70.42640853903205	607.5511517591455	-475.6100333529679	1174.9122967376154	5311.663520019389	-1
?	104.60299833307666	-222.47798457806618	64.5770179687261	4.9822843730194855	605.5366624957301	343.72586197658967	1393.3925575358057	2206.9947325287317	-1
?	101.72091740814096	-64.75491469542982	63.42638627606803	-124.7033570081493	624.7374448579749	-352.1040059076348	1285.2620333640516	6572.6584693423965	-1
?	101.36525259830518	635.4757791348305	58.34185011831865	-16.98452626772684	587.9314622003484	-2233.373169622415	1722.0254810029244	8614.398809118009	-1
?	133.49470636488238	1020.6565546298887	62.57715996268169	192.2613961321201	513.0687863768545	-3972.076419120522	1715.9819738199506	-340.83599501856617	8.04287764333205
?	152.39808032979943	-2689.894127297657	67.95491992492462	163.62244607406979	389.327641244323	15474.588054667118	1704.9836812519961	21805.02561450943	7.103919357657716
?	-1	720.4298467627647	70.75828226638515	139.5288563248828	1286.7981891102077	3394.6452649508374	2806.2332545454183	-2650.172120907169	0.8092413538707108
?	188.41957266793753	3485.6831863283114	74.93136274116874	189.26706797018892	559.0599044918642	-15151.765013705608	1572.4750752066382	-25345.985790365197	7.8518755494304
?	173.28415931641496	-263.690747870339	80.22163566489456	-72.44258181874895	529.20993842493	-1222.7573605708208	1538.933965027163	1462.9826155400685	11.71737830533223
?	175.23503527442062	-182.23047694740282	71.3092336502313	-100.16732148989497	497.9220364633234	-2794.763678577012	1645.6242059836413	7387.498281073639	5.383652884327117
?	164.17263546904485	1450.8565385239979	75.21326959039983	-85.53150069748399	389.4717544960799	-2602.31243164739	1908.3088790808436	3171.424792297364	13.06801800568679
?	247.77786220062026	3418.6166067059044	67.03265861535712	-204.4971660050429	367.8064148809544	6582.04468566279	1804.195445598509	-142.80194099034867	-1
?	335.10346580433946	-1208.0397793433976	64.98841129014772	44.50090693735733	718.5739887792182	2589.2266301877657	1901.1687820313261	425.983399885619	-4.020920219418463
?	187.3758732334506	-2973.9499442651836	69.25770396222498	304.4219970804135	497.2677463903422	-5712.383005944053	1825.4946155927898	-1604.5000404728364	7.958727064691505
?	186.4059685910808	-42.79789427248901	80.20951114416835	45.989731441010115	432.95483848201656	-1678.3261941411072	1820.9437800076846	-80.12782315322994	13.596005617261795
?	185.23597851982615	-3748.1193718216296	71.55719053427548	-249.6872182039937	413.35143668328715	3303.599698488471	1821.4882244351284	3366.589689620403	9.186852515800878
?	-1	-783.237070739945	67.7251502339687	-57.94325841269788	598.1348234064395	791.3650831658202	1989.2732644887042	-530.9831198582943	-1
?	146.07412498282903	3065.376609220404	68.6600276136406	148.13500667026202	452.919690841578	-1075.8637055986985	1794.9390684422137	-5376.421531395118	6.730630089467377
?	152.26883046101966	149.02073614301966	75.13190056748178	121.26077266749448	544.3416381265048	3229.721053129333	1720.4521879189492	-4703.546460590726	10.910710443145257
?	153.52516178998	193.10213650435128	74.7230662470153	-26.93104344905559	614.4057434980441	1211.6962085540079	1559.7617454126782	-4434.216805232447	11.672910254736525
?	161.9239372862372	176.8063522378407	73.785348395029	-88.30419409116789	604.926448554205	-206.84314345231616	1498.7413476573277	1217.9863263619106	7.725022530919278
?	162.365479401872	-3258.4787457247553	70.30785654245692	-151.80573402244758	604.0635863254283	-1810.659979921158	1620.6610617307736	4042.0723055038716	5.4120621959959
?	-1	-269.11592333163395	66.19506169390665	-105.35506380974718	514.3934495581474	-2962.0363404411914	1700.8449629325205	1005.0186859210852	5.891044967773064
?	148.90968323529034	2886.9053953115076	65.04010335196958	183.5503436757862	455.9617693033693	-3472.944646379351	1670.9119960268276	234.77401622003154	-0.32172078715459573
?	143.34526976557487	502.10554632803513	75.37257887769593	341.59583415926795	340.74621723918045	1518.7954611299276	1712.583663743522	-5562.848737039555	9.762774090005731
?	174.014960551692	463.7237969169865	82.11989505993292	87.565716763003	531.9015423598654	4745.056688698751	1392.7695591748509	9158.03198159646	14.049091089026618
?	166.5314596114241	-259.0261844029718	79.75086471584606	-130.4719944571126	577.9990516741171	6041.190364151229	2170.4852628233434	20750.814358328276	13.233393194697465
?	161.06365133154347	960.0307890624112	75.59629533707731	143.7866013980169	833.9610605674258	872.0847085832778	2430.310277091261	-16986.853428668393	4.597756002226167
?	214.5329990645445	443.1516393307429	86.94019478574688	194.34879970676758	621.6032871032809	-4669.48524921777	1321.1425913899268	-26021.996919396843	11.85393466950163
?	183.22123329808053	-1376.3372959444216	85.31373532241565	-224.69553451156537	600.4867981065381	1272.931517133111	1129.2104311214234	12806.980961970681	8.543380121583155
?	145.71613426732367	-511.66370010941375	75.70541806016865	-212.45251500930456	685.2498629599362	-3194.4841354562195	1961.4916394884585	18349.977921995076	3.716163027488291
?	157.63804829260994	131.063800919046	74.69110957195046	85.75059659157007	440.7625913337277	-5019.139890105428	2046.709327221174	540.4747755285208	4.277939607469502
?	152.26932431327594	-3172.76096585221	79.99294788974714	-12.357999764559269	434.29286845466567	-996.8058278533785	1988.5153782648845	-129.29511810337362	2.610365991479943
?	-1	870.0044003261675	74.0732095837225	-6.780242577220316	390.92229994105895	-291.99265448828316	2040.2445713160052	-888.0726691158848	6.198488333588316
?	195.76954432958416	3735.226279513671	79.65393576088613	193.16646678154098	419.69323573025156	5417.7331692051075	1944.1117448090904	-6062.253145066765	7.923170840375613
?	185.7613139756829	-602.3194247088314	83.73153292279952	1.4030032930122665	661.8089584013134	4829.681169662421	1737.131914062668	-10124.97487254925	4.201942269784974
?	165.6535730941427	-560.1274371001799	79.72408592553674	-38.36096386389797	661.1772942133717	-1523.8837726180564	1437.8630011816297	-5565.801931975718	5.279511259204421
?	157.754942120674	-515.1811651287541	81.81348472960463	24.117394309998957	585.6147697704108	-612.5858317575556	1458.8418174638832	5163.305773110001	7.61279967796658
?	139.8945148377051	-480.6379439331005	80.92995564103669	-57.98196145859456	630.5480026254941	-2676.871817744333	1696.0282898371288	7642.113515464698	4.89505637824679
?	133.72304492401906	-260.83092968332073	78.9143866566749	-21.74086662618671	451.77117888319464	-3144.4919291548476	1840.9474932371168	6018.910396368282	0.5493667978488025
?	126.8529683535391	-322.3424274433839	79.84291230972735	-108.93151704211202	473.32340616775224	1329.772592755145	1996.9738096555418	1760.56892855742	4.531021523821281
?	117.60592355184993	-2557.059367070791	73.46781080456933	-290.4271935525411	518.2598085209517	167.91600298978042	1928.9759396649874	-887.714463403066	4.204085309164204
?	-1	566.8436800854954	65.32155263210035	-102.11278283498766	481.71920631724123	6076.599955419184	1952.5880864853887	-8019.913654705011	6.506603501778486
?	145.9481075561246	3264.978527796846	68.36217166281996	167.718316317407	822.0898062919098	1226.9548511164098	1527.9802569297383	-20901.14586231006	5.783741583001087
?	162.2489263898417	623.5581894564324	73.70746844797067	60.296810220503616	543.0669488730615	-7002.322846723986	907.5307933698895	-8749.894800070597	9.54837833955461
?	177.1260170289461	967.0204861923708	71.37701217384513	72.99980929698617	471.97366395571174	661.2497652995263	1090.48551692621	6252.841449082304	10.890042605969589
?	210.59995069946007	478.036006773209	77.35745891281997	165.56063826328628	576.1294371380377	5512.63342808179	1220.1728658240036	3115.6418249478947	6.385629673146212
?	201.02781736760647	-748.3147240304871	79.65504408700942	11.392148799255649	747.6053353598003	3589.9021011251184	1246.2676081736042	463.40812011339204	16.564608606592255
?	173.18421449793584	-1091.3106537791832	77.92706635278275	-26.168319238782182	755.624542194293	-1057.579894860666	1243.343271829673	452.1677492240558	6.041336866026313
?	146.4622846786475	718.3243465592497	78.34662812507031	-71.74369417606866	694.7263406167672	-3688.7911904015114	1268.875995634807	15949.936586598717	5.128730000597848
?	209.1004318258982	1537.7551589558457	74.33988164397933	-84.19832751628549	571.1849826742181	-5241.76737970024	2040.840101159606	7097.852521478269	4.9751574173677895
?	223.35004262643952	441.1137881960427	74.13671174925605	163.0236452698864	432.6379716317561	-2123.5893572899827	1623.7686217087191	-11463.656248675237	9.560907958876127
?	231.15612123570025	-150.88134156689247	82.49106390747362	163.3779763087989	465.00551480971933	1537.0566937582496	1467.6572887258462	-768.0855286251181	14.314251924388723
?	215.80597554809492	-581.3187488368343	82.30561056469597	-107.82705808408774	509.4908063196683	1178.8319389921862	1585.3643452774634	3153.0704773542334	18.746719556580217
?	202.09018379385864	-1150.784604200228	77.09971100326925	-256.97580703666324	523.9471117593284	696.1990045743689	1625.3108125935573	-994.3668533820063	9.555961121433128
?	158.26674533808372	-790.2758883882115	69.45682021286285	-133.29597691580196	544.3007565483866	3582.3795879054787	1535.6460026083632	-7436.243199944237	2.4987701313117734
?	162.5763893744482	123.51348173722373	70.43491215747918	179.40270295424858	703.0660911546017	3700.8742284767363	1253.4986525963468	-6113.979082732616	5.156424346650298
?	164.4424194249449	-159.96911428735643	78.42695536057525	188.52802879707025	729.3444679722228	285.21594655440697	1229.9470484717335	231.23351831101527	9.931501408754595
?	154.57793366008042	-487.25163562493435	79.86131359733265	-19.845690732973722	717.326888482322	-2230.538894970949	1265.0603285118975	-236.811189346532	12.142381943819007
?	140.07983764369826	-621.8291198692205	77.43467082392657	-264.39225427232014	617.8175232236757	-1804.5732498001503	1218.106489004407	-198.70763238740054	6.106647827556002
?	123.4864776666195	-78.64946474293305	66.6417008837167	-152.499591572174	627.0982259923148	-2735.882284474249	1255.1249468925275	1083.0983400603093	-1
?	136.14736440655162	439.4187170314366	69.8096912453179	153.5999751371534	481.02340899996375	-2162.1628599287474	1272.2614060074222	-2742.7504921810355	5.17607904603192
?	145.45741351819126	-28.256245879417847	74.32169964057434	-98.70298309438802	518.9900829958779	1407.3955858750792	1117.9874222834762	5716.086614360922	10.65142862923766
?	134.73455211258073	-117.01664431240472	64.87454209059851	13.578369409632435	551.3931882937175	-1894.7480137484354	1558.0657367254673	14088.238844926855	3.6753600457373703
?	139.60658130257104	144.89829533103426	75.00061811105596	220.32265483836562	424.25268230845643	-2003.64852723842	1822.3993645298165	3121.4757510784166	2.5030004512782322
?	141.97946687913242	192.75070971782623	75.89067483251675	35.9961815259622	451.2107619317968	-533.2611478380326	1714.1395242793876	-867.5772574278275	9.107440196630007
?	149.24411678846232	-47.894534849323975	76.80042718735406	85.34536840566234	397.5896249165549	5426.710489469802	1779.0205016584252	-2470.710215890926	13.039325383528501
?	139.58474013666623	-216.09178335336955	80.15794325279985	5.141059548115	722.546286405286	-1172.3168433105066	1590.6040134848417	-1950.173527306581	7.589891429961831
?	138.43952762079388	-51.37990012568498	77.05748016475981	-54.81474888190055	338.9737827510298	-3996.1617123117485	1681.5118252930965	8485.085126047137	10.222733939093787
?	137.015745130382	-155.65528691214408	77.41720580870484	49.196081704090666	522.7382007896993	1770.3529645071349	2014.858269787197	-6050.006982632171	8.596546330479631
?	130.6567632751867	3085.8826871325814	79.51728424996433	104.33356940178905	427.4914309763862	-186.43258783885196	1379.011476161489	-4515.27353391695	8.945492414883528
?	291.3098794870105	-155.6943394396512	82.63388427879427	25.987491103568438	513.4165713977567	3119.2466356754753	1789.0945930913504	7190.296438953904	1.8402181176290267
?	122.87204630320417	-3574.2586196857847	80.81665880514275	-138.93414241871417	583.4537627601594	3205.8993526882205	1738.526298109183	-752.536665130654	2.6715877442076383
?	112.59694850272192	-165.54319444046317	75.68717715785859	-197.5149615178013	673.7115390321671	778.9986755779096	1751.4677598348178	-1969.740077626923	5.020755008715308
?	114.59488658118104	972.800822356167	70.94091072925272	-61.29480500932424	622.4036965390548	-3522.1066106916614	1640.0392942278372	-6505.854855706534	2.38087247585928
?	161.2369896205301	1289.5538136015496	72.62243690739238	232.63277555947977	497.6062084975847	-1146.412196264709	1426.1750170494922	-9070.803372266015	5.523032594044485
?	179.0725772612583	345.5666423482945	82.57254950722667	-57.01369532750497	565.0830867258195	3271.961207241007	1186.4991256145381	-766.1519798925137	15.48157341495639
?	178.51532173794476	35.83936290675423	69.77175214101715	-248.39147958113247	661.2042688596345	191.75896494058702	1387.8674180548667	6384.251632908172	8.010228316426547
?	180.864545406596	-672.6900446166708	70.15297552817009	30.557761194407757	574.6710349728488	-2810.680296841261	1505.7117072599456	5061.365912029046	9.030682919881768
?	144.88081950711134	-1054.11465365672	71.29964020073753	93.56713304320981	520.6702540175719	-3055.474229948015	1640.935713656318	3159.41014732731	7.201023472393831
?	128.15881272376018	-325.1631413251107	74.83133218033056	107.01708166740256	421.8973234754486	-1437.6599568486954	1663.6822146263105	11144.374212788538	4.323031161208041
?	128.62266244085586	279.8309949909274	76.65049428410764	36.324506048438664	448.7872561751374	79.3947188688199	2198.154424295743	1706.5253690293018	5.038537931985439
?	142.1503624733065	468.5846791778419	76.64755748275249	-170.5922549056166	425.8670594188896	2784.5541605632284	1749.0084830777753	-18300.04805665707	6.549712016481253
?	152.05189639974787	175.03875130399769	68.12088153882684	-204.14959052291766	588.0149642032983	1605.029375450971	1283.1520214628927	-5480.5510164756115	-0.47507126755050305
?	150.90230003850635	435.3224736132618	66.44007795660664	199.70078999043054	506.11852819143786	-1712.435289692973	1474.9809322539957	3957.516006183087	-1
?	173.8180200804109	709.9589654502662	78.10592103834833	203.76215138541355	502.39319971864995	309.03623617318766	1481.0278217720463	11299.787587837463	4.522833620712619
?	186.40024831101954	-621.3439049275899	76.62818552587729	35.70091921315351	521.5703400000972	-550.4180920262646	2039.9703116458668	433.2085618812486	4.454878413156812
?	142.7508248340315	-1266.3407970293354	79.890966999006	68.70091159139402	474.8722951173368	-1953.0367764905966	1502.6882498661087	-7872.3380704441215	4.343743501508898
?	123.08320845955299	464.95016506941505	80.06323110544697	1.6228840297483829	423.9185011755677	4121.500971129364	1646.3534081236621	4099.496503529614	7.555974433039124
?	165.99833308750217	813.2674354447266	79.97211120049342	-13.137948782401782	680.9473436738043	7050.7148143094355	1707.6630750425886	1661.7599812005587	6.112617402997201
?	163.74658023178918	-102.8407509451595	79.40633366632689	-186.68840535898462	776.4542418910382	449.6954844566783	1729.4414071836898	-1096.366682068737	5.26911533870039
?	160.85629554024422	180.67421137615392	70.63769093254422	-7.13410816400656	703.4321178966382	-6830.893792155006	1652.844740939152	2058.31459226047	4.378312066010226
?	172.78029080059684	373.73747031718966	79.04962825812656	172.49479151080897	434.90955228328914	-5616.628276123962	1832.357136796713	4222.727243757041	12.027023315405113
?	179.54316905610364	101.15142041288415	79.26243050808463	-248.22030420284452	422.60070409044107	408.3398231936818	1863.9811031270033	405.52164588209195	13.511511750987154
?	177.83786182124103	-495.6994897450466	66.63861304798438	-315.8295607838582	455.32654344297316	-61.33411875265687	1852.6332190908174	-1205.9550317391402	11.930907732621543
?	154.7581945688514	-200.25523250520237	63.47095246889178	126.59482541983084	419.53399815280824	-525.1723886185966	1803.6833515400465	-5474.626842056897	-1
?	167.82510019598095	111.26664588435955	72.9683543189759	174.8298303156995	429.0679240120434	2109.2181476125047	1578.9018769879735	-5400.373817939668	8.274696412282642
?	160.32152686306935	-306.1932360416892	72.21244398467673	-16.49875353959891	524.9949055334331	229.6444766243823	1533.664660643064	6786.663619295188	6.7980072356385675
?	152.51543839389655	-103.12197409383467	72.14341664199596	-71.7184411519568	440.5501478432625	3307.3050478679947	1918.2350579527317	21474.616789680596	9.279728784052836
?	155.16542815837764	575.155159278111	68.6265219270789	202.97838308801246	690.3601579268322	2718.586441590949	2607.39550012709	-11102.445756470523	7.137337575649484
?	181.273196357802	540.5417364374446	82.29233579639654	230.0608823994676	576.4794699228095	-3307.5110594359494	1363.1127701292075	-26792.209821891178	11.413052154364644
?	182.19251498024977	-75.68488833356894	80.12956604705224	-43.247302181042514	524.9846049550354	-634.1693638860374	1267.785009032536	-116.98399195881889	13.679013394434197
?	177.48895194112356	-221.9975658063455	80.12997068734443	56.388091378659254	544.7710017285077	3208.68343527751	1357.2635705312666	5206.30244847664	11.488093690503316
?	171.09263668993253	-416.98096022504706	82.94897061598519	-104.57268328262168	685.4187767189103	-1014.5720840922072	1528.100131456367	-426.55979616215217	14.546949252533427
?	156.63990392987128	168.02628457894346	74.90133652321336	-27.753084780166077	494.04239752389753	-4174.91580665515	1335.935580723159	1341.6127395317428	6.139788247421892
?	179.49395091887968	579.801512554428	81.56131637697689	179.07392999157884	476.6729863861535	-1101.5491457806188	1595.180768432954	11576.780834440679	5.642986804491969
?	185.62997955759258	197.5304409525002	83.85503302279227	-172.96094195201823	438.9649402348668	1378.4002655714135	1914.774622445191	4377.312488170971	5.316121082937084
?	189.37047296650465	507.11625329636956	72.91326927937601	-37.138870696760044	545.592999664724	3028.096503612874	1814.0463928415018	-9101.302989486754	5.586949736840401
?	210.98579222241096	462.5719252699292	81.99808948795428	139.59641631441505	590.36976541551	-360.4345178767962	1459.709472970855	-4756.438058642288	11.096361883987047
?	212.49906923000103	365.69347996256244	79.89309009509674	-15.895181960617094	527.5712737708842	-1199.22075842348	1576.2244899093882	2541.993327283126	5.253869168124738
?	229.27046622053902	-91.73776184347763	81.20333038992342	108.45801457869679	530.4087274943362	3148.5142590035935	1586.8091393350107	-445.39357480591366	4.194621888425767
?	207.91218113782716	-573.4251597926815	85.31599082403156	-14.688913498873768	684.9969867210633	-409.2554314103737	1553.9548111690926	1220.9683829825187	3.4526146814414176
?	200.59920823090505	181.45338722277708	80.46888471497974	-110.27730075180853	509.94595592381756	-2997.8629749085	1647.8575584841365	-6127.6801547112145	7.817151478075607
?	216.98485049896598	1253.5670816611992	79.80212578644115	9.154395138955099	535.1038379756388	1073.279718875214	1247.570803433533	-12400.669597696713	3.8620301802146004
?	263.2775623139648	-1021.363725382022	80.92660447192749	-123.68496802408275	563.6099418675781	1129.4366488569376	1027.824078599303	-2149.096452980651	2.9597891313685354
?	165.91666422986506	-2103.477547889607	73.61787738523704	-237.47283599229777	591.5756704184855	-24.912378571263716	1140.1159807845008	13606.189754353465	2.3867954388808816
?	158.10368491948293	-3338.3332845972536	69.05296267231243	-120.11891773953892	562.3643229390149	4887.821498082525	1708.133566316986	40247.00833870349	4.939636083624541
?	-1	239.25499700225544	67.61193149826	-10.690087323368818	835.9667453226152	-1307.18756015819	3152.4663977197038	11476.102355422468	-1.6932046840114938
?	170.06643476959587	3218.018349314322	68.51845830614398	14.910656768163976	497.00494493110443	-9250.073003052503	2281.9386840881175	-23738.30119073647	10.877755404954527
?	159.9009174657184	-180.55489649706118	68.35746433666822	81.08703338250818	373.46309516998355	2017.511171331374	1965.5513381828634	-11684.36995004966	10.89398652538492
?	161.03868994474269	-45.63522801846367	72.57280997526945	142.21817103955968	597.8805034976746	1945.1146002901596	1697.7201865856262	-12401.926938747025	6.014070297575479
?	157.6191560647952	-77.36053779835974	75.4683728886463	-25.868922987151766	470.7188251844929	1973.042013356209	1345.4549912455034	1681.738492121425	5.871686612342325
?	157.17066305482464	-158.53164756707602	71.27936382591184	54.54885872435292	696.5326041654864	-453.0915726611424	1781.8071111916986	9254.210138694267	3.4585117862643893
?	149.69257368644128	-198.90844420171052	78.19581582486399	-63.01446607653811	448.0642465514355	-5909.7319230454195	1808.1654981802233	11.867661582073028	12.639511768191205
?	147.22524084473898	-183.4747690813699	68.1286405220849	-185.14266774873468	401.04600801321124	-1931.8007915379346	1782.4004942708023	-809.1334681920238	8.16495302854515
?	140.51883523237265	-199.89576867880942	68.93868243742712	-59.71831403978286	351.47420697453737	-1083.2930395696467	1767.7088247706215	2754.911089317404	12.649362893075567
?	137.23045241079836	-263.61233582708616	65.14272482009571	-107.42390547477304	346.8813560347281	1179.4137189606786	1920.1460487366744	6599.675528049617	11.577392185661168
?	127.33821844101816	-174.38901456000374	63.56748716368839	177.37645407392452	410.44489292257214	1344.150771466566	2097.692601173107	657.989132862376	10.828415687649963
?	128.51100168279805	-72.56899195637213	74.01154752379206	112.73811260720574	414.0888946080574	-693.0502680251803	1953.0455053797937	-3465.9611255429	7.140845850031605
?	123.7097688431995	5163.851184464576	69.20439279404876	-303.06743740178047	375.7923795213126	-806.5330025324714	1924.3945448959596	73.03093664573576	8.364462906925281
?	386.70356090603053	-2494.1953768639546	58.85817565370282	-295.5280598939729	373.76224448143324	969.3344811254734	1956.6970522120805	2372.483496656094	-1
?	-1	-7754.071218120501	54.4279897993499	14.68249416205588	424.259103577587	2558.738116463478	2043.018719728766	3658.388630975708	-1
?	-1	0	59.59230036180563	196.9985581805367	501.69915030460896	-2842.9870654969495	2139.6164837608685	-1006.2798020184975	-1
?	-1	0	64.27791770837688	-4.901765812982648	282.1097503027375	5721.9484948217305	1992.7047296278404	3513.3240351241557	-1
?	-1	3493.7143848622545	59.34721207115649	-118.82671286345031	787.7965750456996	21653.33370142659	2315.282685517079	13788.736762429762	-1
?	173.68571924311522	3424.0994185108684	58.336582065204276	333.23745015603305	1364.7764353740822	-5056.105303010528	2682.1415677493383	-9598.9789844385	22.08969695140872
?	170.20497092554587	-352.19944220414516	76.00908457895838	337.39949679009146	534.9913098951696	-14797.664996795242	1835.333736295147	-19711.039464597558	5.348838768726371
?	156.0757471329077	-310.0363394636663	75.20655690470909	-249.65352270643493	624.8931855343096	961.806180337328	1696.5895945194463	-2901.2371037633325	6.037792587128573
?	154.70315395236233	8.484069127551258	63.526408443636456	-358.3957996358699	583.0816189120367	88.42397394412149	1690.2718811069783	-595.1453958626332	-1
?	156.49995058928528	-3114.0630790472023	57.28676692291534	-178.0553715828491	629.3143842315158	769.5360698911854	1666.8323247263143	-1148.2062908307144	-1
?	-1	942.9714158126748	54.623639864493875	284.433514689153	621.5584224065965	-2172.064312771041	1632.8615665654418	11910.451207984082	-1
?	203.64852137991969	3357.177350084518	71.5084426573732	573.3675403151699	520.7111685929622	-3299.0042589272975	2262.354885125527	5279.537646303195	7.3968314783306655
?	166.85886750422827	-910.293222117087	83.29201688025277	206.19242408932357	456.60820946022926	-617.8519611843959	1896.8384488806053	-7150.442611746087	5.898726635260379
?	158.1338602740647	-1456.9260008038507	81.81806386183952	-162.1766337079782	489.81857053374193	1250.0167455376406	1904.8327545382174	-5758.267346848779	7.415934561377711
?	94.0125674640347	-1176.9935083524033	75.18318519485375	-219.7161128702203	519.1090467371122	1914.7422999759726	1608.9250815381622	-170.44395206856947	2.878007839213507
?	99.28418485644369	1511.8508696480776	70.83225821832835	-15.939678522717657	585.5556855325419	216.73359810375052	1896.3105569347888	-1648.724890005705	6.274553934258403
?	169.60511094643965	1853.1554194035343	74.38620126871786	182.1615556010536	529.9457266422999	280.85688620423355	1526.4888370378758	-16338.728979485404	9.211053785263346
?	191.94195582662172	991.7904766600379	79.94033599838116	193.65724571729467	599.5985298427538	1672.2805063530416	1079.374107960507	-13212.54690063177	20.604247327275097
?	219.19463477944225	881.720955818447	84.06906355458273	36.34646097332938	613.5597519599531	-220.97207684090705	865.8614920062779	-2034.8312077763542	3.342497873586585
?	236.0280036175447	51.80201157339735	81.75765904704765	-240.44283538778927	588.5499260007083	-2018.4005858566989	977.6325475716878	2876.9559496648662	7.14993247119296
?	221.78473535811216	-2344.885114542844	72.04692178519309	-335.33290840322	512.6397226671168	255.80853490087839	1009.7092894895233	17325.200156353443	3.0356437399130085
?	118.78374789040083	-518.7875746967569	64.99101362688641	-35.57053944917818	601.3403527457524	1.3369060132322184	1843.8925553893723	11602.546052001931	-1
?	195.84535662327394	1640.8250290985739	70.26839481273416	394.1102852934936	512.7065679677784	-2645.9131979502727	1589.836592089628	-1147.0454329674358	3.24230561776189
?	200.8249993453307	28.112356566425262	84.69652789156137	128.8313499811905	469.0446928482369	-177.82252893101005	1786.5402837409997	4578.5378407099215	5.3795503433309735
?	197.25097445159523	-270.18153152533	76.70996231179377	-187.53237406409357	503.81544152122774	2699.6386337220024	1818.7634841251274	7386.358643491808	6.114598543849588
?	187.315922769064	-319.84783657523906	75.31990918835656	89.81719271605996	604.0266245343389	569.1585451315665	2155.8582159155953	3126.344907502731	6.161696824265798
?	181.25858262283305	-152.98894317887527	81.20082194759684	52.44279703309825	532.2733687778065	-806.8321512352303	1975.0807295002662	-4250.47083279282	18.04980399949988
?	179.66647561012013	503.3454770275264	77.94204904001151	-62.99324874012139	563.6850169725768	2050.749406056714	1943.3346742759513	-20410.243109686096	10.998277757993284
?	206.42585647420972	577.0958176598479	78.05115951059072	21.320833794422338	634.8108390806436	1531.8811905400648	954.5685740159469	-14378.253919545064	9.25994895842191
?	208.52126649311293	-245.36582912175268	79.00809072973264	-27.0002850166522	640.2790764995812	256.76510806856504	1224.421978298688	16874.06242810394	13.84993094156097
?	194.15756501812191	-1231.5127779987422	76.70114525975809	-6.591232827355973	647.6490944840721	-1795.5774830440232	1798.271695421156	13628.681452311264	7.206909718372467
?	146.94562759317495	-1265.351509679992	78.67852908836484	-3.052606579493001	550.5002023473787	-4810.6905713617925	1905.8560509142608	2560.4845552815914	5.192018549860491
?	130.8899895341214	-93.87117838363716	76.54851493078344	-4.683748497253579	407.11456591597903	3031.01535280917	1926.2959231852374	-9211.093571262383	8.786236148016192
?	142.25206867399302	437.21795309389285	78.44434166350216	54.455876446745684	702.0509699878394	3210.951995445639	1445.3013723511351	-13310.004271422387	7.86890830007453
?	152.75088718881636	197.93854567034376	79.27130875312076	40.70558209135725	567.6621656882633	-2192.1758340117008	1260.7957096141085	-5599.220291435693	9.49459388735047
?	152.14899595751035	-102.26103715330763	80.47962076807005	-141.7015036108904	592.4421782872528	1950.6734847488196	1165.3403577793465	1090.9666149315017	10.293438870460653
?	147.6378353311509	-8.600424350496374	72.18623357257614	-156.13326022854358	665.1958399257056	-2496.8762094704125	1315.3440403606844	14456.57232429818	5.520064214712943
?	151.71897473998553	2.461203195867903	72.67295775664276	-47.26848706021588	467.59836781373036	-5058.459391506804	1888.1689739942658	7603.03386155973	8.682481019822635
?	147.7608954909443	-135.48957988115296	69.82280921956532	60.922128702891584	412.2728703503618	-120.64650763714495	1695.4957334386763	-1266.0075053955372	9.083177769399358
?	144.94449574592778	-107.6581003762364	75.71906419178738	-110.27324740136336	461.56604243187303	920.3334992994161	1824.868598724488	4482.670237576449	7.560824107022276
?	142.3779904721324	708.305294558652	64.30914684949707	-203.1511192390118	458.28954531533327	5711.25550314012	1919.629245317502	-674.4622066707775	1.2224801400422922
?	180.3597604738609	1414.7352959455495	65.56150822983665	205.93770098268	747.1288175888831	4746.197380103518	1791.1454883909487	-14877.773864410408	-2.0966631596822776
?	213.1147552694109	670.4591895089642	74.60603189863122	-107.91659654545941	695.5994143205126	-2402.6471569864884	1175.740552096971	-4460.1231505837995	15.31131942554849
?	213.88271994930957	-114.3865114709383	60.1656784025636	-37.45687874874026	626.9964597395569	-2702.437873750396	1568.1393308617555	9322.677719899966	-1
?	207.3954296958639	-408.8390788953136	72.73318796119418	304.5143705413249	560.4775206329908	-2283.831310318071	1641.874438091976	1898.1535087645673	6.737468529820255
?	193.4407660045436	-577.3166340692885	75.39139692963006	179.93366472115326	512.8048942236518	-3257.266573353035	1663.0470062999852	2522.4612303629697	9.73967566672586
?	178.52959799239906	-496.8163948569944	81.72987119725197	28.50156285349373	397.6141919653368	-923.9803171501518	1767.9974996101262	-1031.0686324190228	13.126710672277857
?	168.59994626169353	-3590.5919598479304	76.81647507230477	23.189596046671806	466.60587836614354	5752.001438159018	1611.4935746790334	-7985.184545173679	3.193706306134143
?	-1	-3391.9989252338223	82.88935099958557	-71.41156809147658	685.2142638732918	3722.8505997524003	1368.7382723514365	-4002.021353474422	2.813615057046662
?	-1	3945.9321276546248	73.24589666773089	-356.10821259033946	652.7484083537662	1339.0475042523135	1411.3925070053094	640.6705627395604	-0.25635035604267675
?	196.29660638273404	3653.362587791345	65.08394037006835	68.26479198593563	752.1666390859084	-3897.8861548780437	1400.771800488415	1768.9390185453497	-1
?	181.66812938956986	-314.08114663787165	76.65913626702772	33.3675961250942	457.85410060986123	-2841.928931922435	1499.8394579325782	5235.5387864914455	10.673718379786283
?	180.59254905084023	724.3887969400162	66.75232017632308	141.79716958187893	610.0701924897846	245.87081793004464	1662.548739812991	5380.6876278960235	6.325734582634749
?	217.88756923657118	-1969.5951705768466	83.74899474612177	216.90960455368673	470.14764150636364	-2516.701943687378	1768.8738393273832	1842.4760774286062	8.071875329604058
?	82.1127905219965	-4377.751384731361	77.59780040400757	-298.6700505912128	484.23509530541395	3947.395203039502	1754.6725436844226	2385.3066389774335	3.26549380542387
?	-1	1219.72468026059	68.81549221656091	-18.42845735344101	667.5174016583416	687.3606774681666	1888.1391712762565	63.17666079689299	1.9371448915148317
?	143.09902453502687	2680.820547753036	76.67637753633551	201.31834356574953	518.6031291788228	1169.924534028061	1757.8313767242673	-9434.915726425326	3.9408982903313947
?	133.0410273876537	-2881.9804907004964	78.88140939484853	-120.90323017546352	726.0136283597454	7747.6469738415435	1416.3933849549835	9749.207090158017	3.5402555938537987
?	-1	-2680.820547753036	70.63121602756225	-349.38917136975846	905.9854778709055	272.60243760546314	2245.291731232175	2221.885369678294	3.7828284320569865
?	-1	2214.5461711824837	61.41195082636036	36.575610582553445	739.6437502400188	-7217.63364857477	1527.4876534388998	-20025.41990439682	-1
?	109.72730855912576	3104.751428403018	72.45999655668994	208.76672942294252	545.1037954421619	-713.5409034304952	1244.02073601232	-5375.164702486637	5.661791930703923
?	154.2375714201531	3077.800925273898	71.85028729750763	130.79671347307752	703.9667050684935	237.30549139744542	1258.729418314564	-1216.0165447940344	4.037309069273891
?	263.61735482282285	4798.592911437185	78.99983223034391	161.7945471195935	556.9690700120343	-2719.054779059122	1183.2199087726174	-6663.5648806389945	10.378154942508143
?	394.16721699201577	-2786.5586271486904	79.94001465348742	-47.24243872836287	568.0139661155355	902.0577199325938	925.5511742826096	-6777.450009346707	5.136521732315661
?	124.28942346538635	-5671.539511350388	76.63771029392574	-203.49051710486515	602.0719560086646	553.5181385213049	844.3474083052772	-1295.0342970665881	4.282989082603921
?	110.5902414244923	-295.96120001941847	69.76548879824402	-205.75638074392535	595.6898730416011	263.76167112646124	860.7994594292793	9522.684389425778	2.5375713670795106
?	109.49136346441522	-2231.8048284898146	66.34989125672932	-205.5664849834894	615.2600395649879	1152.8678875876717	1320.4816277765729	19749.77425675431	1.4628269517000136
?	-1	1466.330145237369	59.487164549069405	27.332568888088144	653.3332674209855	-978.3610332752821	1848.2881722670088	10849.730462723155	-1
?	182.8078707262847	3573.7899591270507	67.71651970113375	385.85741324751945	566.3419879012231	-3772.5421863391307	1862.9681509127383	-4573.973269505199	3.2605446889706093
?	177.68949795635507	-346.37133564136735	78.78003521144565	278.1878183536969	464.7061581040263	2179.686936826273	1619.5895087917456	-8363.808917121245	4.846759442562591
?	165.4893039442161	-635.5682495527539	81.62591061881879	-112.4381739812817	675.3263347425383	2673.871027387383	1444.7777050566701	-3966.496724609472	6.168130802776185
?	145.91108547871693	-1163.3200718449687	73.15812651238149	-247.74805305808644	598.3997094733974	-3216.5745267402776	1421.2646725612692	412.5056759161758	2.0976507135195286
?	107.32330035196684	1797.3069426823008	69.2385079659143	172.53607842745237	514.4976084055221	-2351.912901131676	1465.4029888524792	6949.419180808446	4.03956315657135
?	235.77643261283325	2530.2616686727374	81.78493043375423	69.66362073262857	480.8040644168119	2102.463167169719	1768.7356316016965	6482.027389329627	11.651329317146619
?	233.8363837856055	-4735.5286522565975	72.72168900254577	-222.66641317765303	619.6207667640096	1043.284316338005	1789.5043583189652	2267.6774217666884	4.029284202132453
?	-1	-4696.7276757120435	70.65160977487142	-27.936615265998512	532.9682802337129	-2906.3343753558065	1882.1195026900325	1974.7473623907392	1.8470968256927436
?	-1	4494.279830218787	71.32485823924583	12.189078777142978	474.30404799621715	-561.0318468631124	1888.2417264385035	1101.0139653624426	4.583209423653698
?	223.71399151094252	4202.177977423261	71.26106371372858	203.7432087483179	504.9166878905569	-1088.9135011933279	1937.1702009581554	-3445.8249865538037	8.628254144456795
?	209.10889887116602	-194.94855137161275	81.51201867666187	-95.99827421407076	419.85837293655	-1549.2956411911196	1715.9504771108109	-3483.184900688207	15.598350836874413
?	213.96656394236174	175.6159513052521	66.46115000302497	-359.9149557930659	427.4519058309998	3871.9458877232623	1763.0109559237426	10824.864316778476	11.129754495237197
?	217.88969643642875	-1277.3991421292976	63.51627088700832	91.79962564039283	613.4556673227158	1665.7452943329681	2257.1936929497424	508.29936235171505	-1
?	150.09660683589595	-1684.10739124774	71.05113128504468	240.1057108359862	510.7391705476494	3289.213499801834	1788.4259240413287	6506.228756076942	1.9130852464345733
?	133.68432687404055	-601.7474936757344	75.5215564288078	65.19894953187894	777.9163423128099	3262.5864142658684	2582.505130753594	18262.26962634055	3.7410260773898694
?	120.00923215210881	982.721705149211	74.31107876163867	52.54741082621518	673.8684912609451	-5614.388910935049	2701.539405358369	-24048.816148081754	5.600090507213709
?	182.8204121315018	788.5355134784466	78.1489269701186	99.58778309488679	497.19689676605344	-2763.388413089403	1380.0643233494893	-22494.576602222252	9.325085396615608
?	159.4360078260317	-923.2169714263341	79.29046791638308	-56.3537635974834	535.699070606473	457.81032989972607	1576.8105752472404	24152.03067837709	11.779528941435247
?	136.65956356018444	-830.3861919749078	75.33123879024439	-176.8421050497455	520.0874132610401	-1076.191956968591	2587.665857268361	350.30544801836595	9.487522357390674
?	117.91669822728572	-469.0229386974831	70.44836266389568	-352.1012974504607	481.8894727580427	645.8869645030267	1594.325847648159	-8738.167403820902	9.323284152063948
?	113.20841662530995	-2378.333964545681	57.7261739177211	-313.67465443187336	552.3817614861919	829.9178604658534	2150.7574870773096	402.8661429121291	-1
?	-1	-2284.1683325061667	54.76462994230179	-142.81325348403666	523.385365781336	1235.599495850666	1614.4691547937657	-10759.103320756345	-1
?	-1	0	50.585511243519164	-89.10404089104036	614.161736278726	864.9071242796017	1612.8023210394847	-576.9431306668375	-1
?	-1	0	50.30942789774971	-52.118949230109564	566.6307219953167	1276.38680975969	1585.6219982604234	-734.942104528071	-1
?	-1	0	47.97956378201365	-68.94337138753743	677.9810767667115	2430.4190209391363	1576.0552158130806	218.94514316589866	-1
?	-1	0	46.86225932837279	-77.61037845313697	688.1516730422752	-1900.7705236298127	1596.5692554187185	1925.3883028131668	-1
?	-1	2520.372454107504	44.099044859356745	196.2029563931515	582.9425505852195	-7337.084272795546	1672.3246309537403	5253.879220683742	-1
?	125.018622705377	2756.6363377524203	56.6724071480305	424.64791211508134	321.2974594024927	-5945.413858863303	1859.2632164529093	2497.463965059479	-1
?	136.83181688762298	-2520.372454107504	65.33144046511112	274.8371060123737	285.6718576420501	3653.8022710268733	1797.197829206716	2306.0085519882923	7.11444726683009
?	-1	8328.372564719231	70.41426244864938	123.10393464785956	503.98757295383894	30743.942157322006	1974.5636440523256	20048.542694050662	0.022991931545803812
?	553.2504451235905	10730.114605942452	71.48663719750418	20.28556268891776	1822.8689655081723	29592.871005059013	2799.6249639092634	30205.660976508338	11.056775102161165
?	535.5057302971302	-955.0165576049086	71.42854058309528	-240.57825989055274	1983.6311232068106	-460.57791291018276	3484.846692877764	-981.6286118736431	1.407152039955752
?	505.49961724334435	-7676.156005947408	59.45772420297637	-271.119516113462	1799.8400698626629	-24831.953594874816	2750.5435333155806	-25873.74880539834	-1
?	151.69792999975436	-7183.092219915441	57.87256477742199	187.03854939672655	742.0334434630522	-29296.78326099339	2191.1592526078284	-23594.238951512907	-1
?	146.34500624756723	-154.7519206298683	68.80965167281283	395.27728609675614	335.00090681297263	-2546.7583753538793	1570.8315857399184	-14555.638279347251	3.068698026546322
?	143.96033396826084	-125.46531724084495	77.63642908226008	8.265102742196742	614.6955246953564	6817.981676095704	1463.3773386404555	1584.5662868094635	4.254702068884299
?	140.0717403855249	-2899.2066793651757	69.22290680992268	-116.00596278062034	675.8999906177627	1868.75868641977	1650.0599000803927	7211.268151692027	1.596248194773122
?	-1	-2821.434807710458	71.83613094322898	-105.44700990208561	708.1334590163463	732.3799749520968	1823.940746225062	-201.056496441858	3.9903151606208076
?	-1	0	63.95055631481832	-328.4052810078799	712.518989365368	-288.5554733714689	1640.0070752582997	-137.8757446376429	0.7630652708320723
?	-1	2981.2773713895203	55.41586689283475	-26.610147958011133	693.7056853477726	-6778.097298733496	1817.0469589931797	2719.647573519808	-1
?	148.06386856947813	2825.297437447461	62.620048916917746	250.19361566494666	373.6141244286884	-5771.200288096735	1775.989453934292	-2357.1657161821513	-1
?	140.26487187237507	-150.10551357067882	67.92554767608226	35.3263158885641	405.14567094293176	-491.61866424243027	1699.1886731840705	-2496.307500236954	16.19515910545791
?	140.55859289094408	53.65846245666186	64.38636471134598	120.79355215984292	349.03319121656654	1857.1235097298459	1651.1740789224425	-5261.575953822942	-1
?	142.9477949952082	-23.589458411184076	73.96522528407449	81.73462988202257	498.00184642942537	4553.881268046584	1436.1098754929196	-4129.222895922803	5.805794920694938
?	139.37911997038486	-2878.9558999041233	68.47309620544716	-332.5136598422803	576.727254618899	1657.5851501768786	1444.7129341262994	614.9057640331697	2.2591761754297934
?	-1	1930.6242739400611	57.33954229196024	-192.98972610136087	580.8811039382705	-789.6652801894926	1466.8551636945786	1935.0206480642962	-1
?	235.9103336673893	4584.835883866135	58.82360990037898	532.3745953549983	537.2439906094238	-2214.7712264249826	1541.4639665295156	5009.182196346848	5.377888014689259
?	228.24179419331	-207.39983248456315	83.95827205971054	188.39319044079747	470.1425426170198	38.820198232833164	1717.3142735119245	3131.788026243431	16.793599252787814
?	225.540342043161	-4584.835883866135	68.24326942241899	-337.50758576852695	539.1850005210655	9143.037209184016	1698.0533678416894	9604.682748249525	10.954107324485385
?	-1	-4530.806840863155	67.08289277128395	-6.590847784747971	927.2944030762271	615.8141883116085	2197.5484109244076	7758.804658707499	0.6191314440661757
?	-1	4282.207755428925	67.91372703318159	151.3715991735425	569.9757099366464	-9747.700037450202	2085.99360077707	-7254.4193960593175	2.616392580855412
?	213.1103877714493	5412.265095228952	74.65147272996119	47.46500687447867	439.90940120371005	-3030.616851869335	1834.8274411214366	-6537.723266801293	13.574134795550256
?	269.61325476145146	4112.227854393612	70.28697737690555	-297.3792430117807	418.44486734317746	629.5292864810382	1759.1074374370005	3081.803171730541	13.087218324295877
?	418.7217804911328	-5412.265095228952	59.78251057937194	-169.097174662581	471.3858655277624	11944.684718078783	1988.9175997079658	18508.318730906896	-1
?	-1	-8394.435609822536	61.83211864377638	25.512008993889943	1015.6791032471251	16999.782126862483	2684.5233739823584	17466.680829661975	-1
?	-1	3690.2653232389825	61.05811102906645	99.69251015932485	1321.3749718708987	-10266.806040487982	2862.251641191077	-13727.600207608357	-1
?	183.51326616195175	3298.092514982157	66.8167441517427	287.515969981112	502.33880122271876	-16085.961715256866	1998.1433636019308	-17019.62100195253	8.902465066585073
?	163.90462574911018	-739.1743025754253	75.43390952812226	143.0485979911196	517.0768861080439	-434.9711923688432	2011.2705910934383	3316.587644621316	13.382023234341768
?	146.55455103317996	-682.3715205086234	73.96917405129878	-102.63114703668175	480.5902416042763	-210.36708830958943	2163.972745832999	1604.1349230077913	13.99140679777867
?	129.78604972367853	-670.913280214666	70.3023521762881	-231.74373836680599	506.5585316925643	-923.8476782227798	2091.477337243829	-1785.270701105621	8.919777120615532
?	113.00888702244619	-2615.7209944735337	62.381987132958315	-245.74053690710804	434.39785769313664	-1690.8920142927864	2074.7092107777166	-1676.2374338899406	-1
?	-1	468.53138234122343	58.01532533093252	218.6687101147945	422.0139309779238	-227.092560833204	2007.6654655493307	-8989.61848231544	-1
?	136.4354561395077	2789.7636077659386	73.3154226386982	336.9807311197538	423.0432296514763	258.9440307016591	1625.2282866619382	-9306.804863050496	14.490386442904772
?	138.4881803882989	39.04316375451971	74.86436188692045	95.64594084566272	434.96113251300693	4710.133857795769	1542.3252223967993	-3201.5487669232016	8.902236976292347
?	138.3876143272337	-2789.7636077659386	78.0977196809814	-127.3917846560308	658.5499225412681	4651.352317743159	1465.1508483157759	-116.38784477775806	6.345797580459319
?	-1	-2787.7522865446344	68.49477265411882	-179.2368828199534	667.5287484001682	1532.6493976772017	1536.5058301579113	4207.714145728618	1.4465560065449645
?	-1	0	69.1358755399836	31.6681456654369	735.1823924251293	7306.843438757849	1675.5365556022098	17202.97990151058	2.3924771106849962
?	-1	4801.540809480778	70.07817993739069	52.04350706630845	1032.8709203380658	2449.855113034652	2396.6548252334524	10130.020247332533	-0.37487895371445246
?	239.07704047404232	4996.886103730401	71.73805089329906	203.83904359755968	857.6751480768636	-9943.179375577774	2182.0375679688436	-27158.769150011936	1.819520820742898
?	248.84430518652363	253.41179448595292	80.27013211726882	-35.706747513759815	535.7119515591701	-6139.652577682854	1038.7163677328363	-19468.033833359063	15.64505991007295
?	251.74763019834015	-49.943406233470995	69.95271351761105	-358.2498311279476	550.6925191927165	1213.9953638365214	1208.6358763008766	5064.875929477222	11.752350052383656
?	246.34713487485004	-747.7002391321494	62.35764056087118	8.213668138733848	596.411719750997	-2584.314554765668	1291.960164206701	11407.73181372852	-1
?	214.36261824173215	-998.2017497293327	70.36339692454774	91.87371383310446	421.4767914544313	-3419.75305119178	1779.0224669873107	10787.488683509302	13.250544959230993
?	196.4370473883827	-4307.252364834581	66.95132625252647	-294.90472246432	425.4240671914056	1713.1602866519786	1831.3345983821737	2682.6683039011486	15.998932944588407
?	-1	-123.72734320639773	55.618160801331534	-35.44428154465215	507.13480578703144	1589.3580029072793	1913.15588218237	3272.250311503093	-1
?	190.25068022806272	3546.1935394496695	65.17911217529384	229.53578991516537	504.8919673367707	-2481.9922935260397	1994.9471139573307	374.1774612543478	16.05128369687738
?	176.309676972486	-623.5116392467583	67.09495029708997	-42.451808601418485	383.0351911107277	-2887.5872919444364	1931.8647552450877	-740.1654343958875	17.589930255867866
?	159.07509826572547	-415.7972086856646	63.05652174522296	-105.79568028740289	360.51260273955194	-23.83366073123023	1957.938842237537	-2923.2239037407267	-1
?	155.51981653820246	-61.1110818520862	61.805166282719746	42.10980371335194	381.84350807416615	97.52823799085579	1785.7035600580493	-1572.311555723923	-1
?	156.01954417312112	-132.7759389402409	65.16201193089059	56.67987328415554	365.3890146390948	-64.78534609409302	1879.3232644513398	3144.9856889501516	17.06215176021224
?	148.88101959119032	-410.8089112682573	64.63915994692756	-190.74481734967648	378.60424076946146	2070.5671153266326	1942.9528445055591	2251.954133684958	12.802753094203597
?	135.47909860970796	-2997.620391823764	55.62477106340663	-184.17725866851066	468.9173704054279	11336.18343737715	1991.9209711355893	2965.7956745776833	-1
?	-1	-2729.58197219412	55.4302970135019	-131.64712960683826	945.413412638327	5971.777242436615	2091.2426282344454	1875.6122007941765	-1
?	-1	0	49.04241458306462	142.14540184924073	767.5062325272629	-336.1602078726171	2085.7015811752995	-3273.1129685841634	-1
?	-1	2634.047232899498	62.53756710596404	388.2723008761053	928.6054022446959	-1606.863772796969	1927.586979805235	-18806.432592453944	1.1175362674536458
?	130.70236164497678	2714.58023395226	68.45602962687016	106.78844577135412	687.1630438874133	-6713.917102907456	1145.3799515525889	-14430.435944885257	4.647226290519833
?	134.72901169761494	137.71737765795226	67.87698939453182	14.54123278084446	592.9095470993184	-5105.280595048401	1206.0651825609618	7226.725136842444	6.461508426956002
?	137.5882305278745	114.50856732351049	69.1830912659124	113.01477331688214	431.89901413498967	-3756.1905687974777	1506.7162083947162	13269.288935261118	9.421454328128455
?	140.45444006379054	-1.744268167897733	73.527728060376	48.748824798804144	405.10001865944184	-1272.3542846970543	1869.5296293240272	7503.431814583135	17.409576337892215
?	137.5010171194796	-208.76697191484072	71.62053250585264	-122.95118824429177	368.28129990013605	-862.9059991256352	1881.8877991238783	-96.38455460761497	16.982614912911934
?	130.01609146804836	-27.360379817888724	67.38016864816133	-97.43750030054518	361.9547187031595	360.8436535998527	1864.7104015936463	6962.22766660475	14.402994688656372
?	136.13299812858514	599.4136243579953	66.74865749082531	213.45824745021994	386.32348258012894	3631.4016766469167	2229.9991824541207	-8930.302538814449	2.5792441802561457
?	159.98677268594855	379.65287934201655	78.05308102067248	194.45456757439908	543.5248025355079	4833.753193202508	1418.1952746529175	-21651.291893385376	11.015486108294532
?	155.11564209568624	-349.7596031011746	76.4713858695454	-48.709915977945734	628.0111422402578	1256.5361377906881	1147.4345877848366	-6610.869865833717	18.557185473922214
?	142.49879253088957	-527.9726646983294	75.61758522177516	-176.35850333035938	606.3516094250432	-167.46527937345024	1087.651781361227	-5328.936056155011	10.927219894683692
?	128.7170088607694	-2869.975850617751	67.6534607030273	-344.266479351873	619.6378782715851	799.4498056604448	880.9877849770822	7012.421167411253	8.36416645514753
?	-1	640.2745369274811	58.404261254181264	-25.772388074618025	646.324099708066	-1208.1916927343455	1438.2728397317946	27755.758261206844	-1
?	160.7307357071439	2999.7402606012515	66.36484129929639	176.66639726668143	559.228293634867	-5234.11704145298	2268.7756980374443	5290.590873344215	10.223106790934326
?	148.9870130300647	-440.47504314231105	67.23758111751546	78.1893980482096	384.6182476354133	-3873.7898589359456	1702.8023833990092	-7113.310412522204	11.178119480648792
?	138.70698355002804	-215.87708363891898	70.27431120170692	234.26820991756253	365.53880068806694	3023.1647452147504	1913.110177411329	-1075.0178748408127	9.233248325408272
?	138.1931588481186	-143.94294481032625	78.95099161339375	93.11140642478459	535.776484896153	3225.687008121823	1649.0514896569678	-7997.569677735914	9.834770003045696
?	131.50983630951163	-160.7528779979549	74.92988152294622	-270.21647430109266	526.8231510941604	-912.7424211713067	1513.2316935245276	-1338.472249754108	11.169127937801761
?	130.15551494822074	-194.67862981239173	65.44016789833893	-52.08748878944033	490.139363837587	-1736.53039304372	1582.1278771692614	6681.273784808351	-1
?	121.7759048188919	-318.5778919088841	72.32550708347416	131.46071469226922	439.99663144197314	-849.0997250291723	1847.2953827649499	5492.394076238014	10.04407932260132
?	114.22662035277631	-249.54449121473445	72.01320363295248	-182.01967103465262	447.68437758612777	-32.81089753032528	1856.747580981166	426.08908660840217	4.676637733387974
?	109.298680258155	-2304.5324070554934	63.224523531741404	-343.08698341458035	438.35608656545685	740.9232383060086	1868.5998370953703	-35.12251019869787	10.453657089335767
?	-1	-2205.973605163069	54.85885446222322	-181.5450989480898	484.7305395014287	5174.319011337668	1854.9914554712311	3062.9914284231854	-1
?	-1	0	54.147268584336786	-35.82208377450817	697.0720371323439	-1581.7044057910791	2021.7494085165317	498.08374336122796	-1
?	-1	0	53.067750273497786	97.6896457005748	405.64531921187364	-8031.764610301095	1879.8956426392929	-2291.826254508859	-1
?	-1	3392.456260741333	59.031750869365595	432.5854555707354	295.48380661728345	-1542.674518055056	1907.1580957910871	-1637.3840906502296	-1
?	168.62281303706908	3989.3624744697663	74.69702305203487	455.39273654287547	328.51159330911975	2483.0955065545754	1798.0264381067802	-3967.345640801066	9.147185446690584
?	198.46812372349115	417.20991899269484	81.80138769650969	-126.67768709780252	419.638581945014	4039.7013888699353	1708.790813751031	-4328.231643377673	11.75487683648959
?	189.48330898670412	239.94786443888927	68.36313869714465	-176.46092410855948	530.4966627526194	3827.0861917081256	1581.6148559378935	-5370.156733383361	3.8688834347377283
?	210.46551694543578	66.4605412212264	72.9783414910816	261.27460568987175	610.992891530423	776.4354431683345	1440.2829770818591	-9233.878655584636	6.2916392540079285
?	192.80633604776548	-312.4051286121643	81.42686898163842	-120.7673275233074	569.3184349110367	-697.8612106912525	1119.9209231586551	-5039.493202474829	11.354410527665754
?	194.84526051482734	-2.444287814726601	66.93997511491614	-392.8284811754518	576.0998309958599	2449.0748905337787	1188.3083169581141	12001.171048709504	7.865113902799473
?	192.68412165702915	-407.42457259700745	61.78544492286555	-15.485077913790583	691.7721794377274	-986.1091052160938	1719.9794755941389	16042.79054978147	-1
?	174.47403188497668	-705.9728926419316	66.1657212192266	11.753763293840908	526.7943757350545	-340.0456461786095	1990.447844447199	8130.090674022816	9.553160276254664
?	157.38547702493207	-383.8540460468007	62.373133087557605	-55.893010251188485	674.7698971287966	-2330.7731111884013	2126.4840092952854	-1324.4917138932708	10.394701818711376
?	155.28132958263637	-106.04456212526506	63.37107070666713	110.46158314162923	410.25572017563275	-4873.172709733194	1924.2232587525345	-11342.186955548157	10.84150929640488
?	152.08324891866874	-24.8093739212478	67.89621224463915	146.9238312799974	431.11126164213346	337.29003211957524	1559.3746615178695	-7221.475297110416	12.893345522632277
?	154.04086088657397	-5.764942490732697	70.7172622706671	220.45413168301081	427.12022178161175	604.7260258115186	1563.1494938970086	2861.0109147033795	11.747850227076531
?	151.7950017941321	-46.175749777937	78.91891882878984	-146.96680464201185	461.3475629327098	721.7167925365129	1702.4252072530405	2261.037385192148	18.055613635979697
?	151.73207339767708	-17.22292919363529	63.36892203856641	-308.1590043526313	463.2060614084379	502.4200566293049	1676.2013631566176	2813.079486095545	7.444965938123037
?	150.93385533445033	190.37224278173667	63.510968611158056	44.46944326264053	486.4685657641754	1671.5578294057095	1843.0791815578198	7644.034999639849	3.9209808829550905
?	161.25068553676405	130.4911130747722	65.59239420169847	172.51896521514905	546.7839528787246	1828.6021743475399	2058.4031131386155	-6922.006745588553	2.289544792357921
?	157.45841098818903	-502.1847459914985	72.13691687191563	152.0083368136518	577.8986744815537	905.5930989993188	1496.9788442783872	-10378.735694777677	9.54283966127811
?	136.14144823718877	-357.47729096138534	73.19281104238117	60.168548000754356	592.0636078286912	-1272.7714214890284	1539.4663283997243	4109.84922248717	7.245598704759369
?	139.5845464401195	69.2512917382267	75.14534427195339	16.53741553111933	514.2601034071014	-1339.4721727963101	1702.4713054027486	3345.5964235831266	3.9560766443111226
?	139.60401282410015	18.2261980769326	74.01968181893714	-34.70326050174699	525.0899991888747	569.6498462940359	1706.746149578883	1133.7784052891013	8.957054332954215
?	140.49585634396615	-29.71571109216328	73.41018124686602	-214.49641974650925	542.7425957218036	1039.715069663522	1759.1602256672045	3518.8739852035224	10.545105597857962
?	138.11822726949197	-2829.917126879283	63.29486083161153	-156.06069489550754	577.0757526720515	792.3662628247099	1882.6898488390616	-5961.668814141041	11.477708388749408
?	-1	63.44785422955932	65.60714650209053	243.9756974888237	582.3609088630396	1132.296310320298	1461.0767849601482	-11858.959239764981	2.8271322312685747
?	141.29061998096998	2948.1923850647618	75.49364570605289	76.52054385451838	633.6905681880672	692.767354760687	1289.7418868508041	2746.9999315379955	4.6488256280688205
?	146.40961925324018	302.1439208885689	69.4331736948165	-33.60532220520961	616.9992766010745	-3165.4902590032502	1598.42678153705	11321.362333280284	6.119646758770662
?	156.39781602539864	131.64618886824127	73.81337959579238	104.12601293094747	475.41605523790247	-2428.5752714195505	1855.8100035148263	-536.5234917377908	10.630056835948446
?	152.99192869665234	-220.758169751023	74.63947434136395	32.2404826602762	495.57051303009524	-362.6726218663901	1571.60060695016	-4868.911983117422	12.948039598529244
?	145.35990753784733	-182.48849248253944	75.42540372880622	-42.66989610240781	457.2824241445827	-275.7617372120257	1612.3644043589518	1008.7092744708427	10.616516393445382
?	143.86750407252524	47.019175590638056	72.50597953624353	110.73524786312773	481.78242616949376	-157.4490858271213	1622.0360706737029	1662.8601410428282	10.264555540255147
?	147.71086631737927	20.82741991861126	80.96216612196268	-24.72749356985212	449.4099698532265	-865.567596292831	1695.5074114110944	5039.658977726395	16.753461289388973
?	144.9088750684558	-7.184313741639596	71.2696048577509	-247.6771714410059	438.5040463548516	179.29488394088224	1874.0190195600262	9291.951145672314	9.132822612629362
?	147.35165063029729	176.72792396825264	68.57830754991221	106.69653298544905	458.37471405027077	1772.9802095781529	2160.1049686947167	2170.3622708893554	5.425538656167477
?	153.74527126686857	-14.903137806742068	76.60443150702344	174.9886109921429	527.1530568337605	774.5788011336848	1982.5371331044955	4115.293586145113	12.189437646885512
?	146.60649373996017	-371.48824361595854	77.32773809951948	-58.23708334936984	497.10365410695556	-1448.441359094944	2365.8696480019753	-10390.496199530588	18.451775001857367
?	135.17085908607038	-297.01191937573276	73.6925773395549	-226.48189989168876	454.7309888790123	-872.7491715270459	1463.0123231279588	-8909.691832357235	12.024452461915908
?	131.75589777117332	-345.85997559509303	66.00364310493488	-151.52456786003523	453.46619553060265	-1489.4851693080107	1920.3850563841072	8086.438688581046	-1
?	117.87786030631548	4550.4190205194545	66.11634894655303	149.71097366344864	380.2567304136107	2899.5637125848166	1867.3342575570168	-6616.896022211915	4.135981429665055
?	359.2768487971493	-51.60303781717074	73.48919178810742	128.6228717494281	598.4443811598455	6316.235641275239	1589.5402552735068	-11121.19677196338	3.5080046282707804
?	115.29770841545691	-7205.536975942883	72.54749253402453	-158.745868994005	696.0685124773771	1904.3122343605708	1311.27441895884	-5067.5041810107095	5.738621479113908
?	-1	-2325.954168309105	65.55189833840706	-287.79321819182803	693.6599928778754	-539.7369024066817	1336.1650462229677	1760.2127491772467	3.588866064542963
?	-1	0	58.15783162443292	-181.26999125671202	669.0816673570427	-625.2119721890088	1399.2850564177036	4397.711015324822	-1
?	-1	0	56.488398775571326	-113.63621549381145	662.3993942684245	2793.039677981532	1556.050596989212	4461.886476162167	-1
?	-1	0	52.47602084974227	-114.5194108092371	808.7336512561212	2058.180849572946	1622.379380225815	1626.897228775269	-1
?	-1	0	50.76242823510939	-107.2924836900096	765.3084367470733	-3025.0348560023212	1637.3954584279766	1111.0919816483809	-1
?	-1	0	47.11139666524171	-33.0169781079078	657.481908456003	33.7776037018825	1677.933979308235	10139.013459484719	-1
?	-1	0	49.111579329713976	107.52320965038581	766.9973169321675	9003.320340637216	2144.3461314022197	8742.3749329473	-1
?	-1	2503.513639777685	52.48755714776108	201.70162021764054	1107.6479254878702	-5712.798094210472	2115.052725955606	-1623.4314527528247	-1
?	124.17568198888603	2780.4109899782343	59.19666034059615	275.08369347627854	481.3574122216398	-14455.695821725752	2063.1745587645773	-3328.340901646723	-1
?	138.02054949891368	477.8827243829682	66.2417418215752	328.8550484294393	384.8631344015723	-525.262021396383	1948.6356808732676	-10795.45419808816	8.254001530654247
?	148.06981820803477	180.2142876435576	75.63941276206835	22.998614811111466	455.09431115182025	6920.407677333994	1523.4018488601616	4468.260538012601	13.736187632297677
?	147.0312638810917	-2981.3963641606533	67.3916725621308	-209.22984005937522	730.8835182682769	3981.234644968148	2172.048707773901	10002.458019949825	5.074423980070457
?	-1	53.21306468681864	65.17792075909944	139.4731406602574	654.1560434002305	-2980.4764737534388	2023.52474985766	-10846.869407428958	4.117566776170902
?	149.69191711543266	2302.687773542818	74.36532959514376	123.80932761573655	581.8596945806029	-381.90952707850926	1629.7052374024452	-11130.470445909537	1.099050991619594
?	114.13438867714254	-788.4697306638093	71.36838713988635	-202.97975981664845	635.0605670463048	1430.4746916774982	1467.0012275621752	-3754.092916274491	3.4938452202545545
?	110.26843058224163	326.61583700940116	64.2163416043112	-16.299436445350235	653.3834291644788	-989.6370533259478	1442.000591588718	17339.50971681419	-1
?	130.46518052761283	1064.0751281549165	70.55341531761883	343.5587492260637	585.5787143800067	-145.71575894965483	2333.976713402897	-2026.720273944887	6.599361367238241
?	163.47218698998822	1112.1524782865333	81.39427906561463	245.26819648768927	646.097641216996	1773.0686211416057	1340.6645778914722	-18042.776492263885	6.061158702142752
?	186.0728044419403	253.43975442099045	82.81682514200347	-57.1927775292625	674.2321454370882	2660.970646842073	1431.83788878969	7785.611339551954	9.357701070207542
?	176.14417471103792	-421.37299337735925	78.53464018915146	-202.60413748423215	779.1461735591015	-1698.2585037258887	1729.9451448690754	2564.781459916694	7.123694783138765
?	165.00415477307203	-458.5287269024744	72.68661826779172	-5.365139233966184	589.3192202507926	-6038.635134814612	1560.0769617855265	293.49132884143313	3.2956249564150304
?	153.21773836591387	-345.55587399611363	78.26638322745315	-32.29053955925007	477.2144168183666	842.8864022828242	1744.6197113111473	6494.346393307805	8.174405393968652
?	147.7263610732661	-1.030758992306445	71.07209128982919	-142.3386147873833	631.4635403649344	288.8193609021589	1884.7942814509213	-1094.1570892270583	8.04930442521197
?	153.16620041629855	752.9738248962168	71.14945248808388	-11.129025197450757	491.65538486347475	534.0196084928895	1689.9118568497936	2119.6744412521793	5.497481233966942
?	185.37505231807748	507.62683744104453	70.51564002995664	128.11624368099888	658.1645207895792	2078.6702245560923	1990.7780035135318	-7347.835912946207	4.110923702083235
?	178.54754228835114	-72.60889187262204	77.55526467213392	84.32569432343053	595.5888960912808	-1516.9297107358477	1322.520061202478	-10793.527000894239	12.817596435721859
?	181.74460772444633	-716.518804193272	74.73192474612823	-124.3128947231852	582.3180352527858	851.0919129008214	1451.1016534688122	832.8693596111198	16.28719489513551
?	142.72160207868703	-1116.7069219715877	71.33961993597457	-2.616991568039529	638.1434917363225	2688.827717149914	1364.1635291830346	-5112.090469569312	4.168712964567189
?	125.90926162586615	-374.35297215720544	74.60107516772625	57.994609406147816	716.7594211102834	1620.9232154331037	1195.497129990343	-3278.3403407621054	10.933902032735338
?	124.00395347082649	271.73054164360974	74.239350406282	36.06107062401128	719.1896525079789	-3195.5775550588282	1200.246512144927	11433.311069346679	15.39719476315872
?	139.49578870804683	358.03918702971686	76.40412869892684	-74.55837437551146	556.9805433573397	-3961.3398430748616	1767.162683457685	15429.19987494221	5.210817302784766
?	141.9059128223126	154.3489247885652	70.51143168750637	-233.13168929646204	521.122660354233	-1218.2316902690682	1971.7065058920484	4769.331286387996	8.688067742350988
?	147.2132349474752	832.9432670418465	64.74754423410357	-14.021711321897016	496.0689588438854	-350.60847488253967	2005.6292477770883	1208.4463227141632	6.075686956178007
?	183.5530761744055	739.8109346230903	69.81034612141151	300.5705490148861	503.5922366101057	-624.7006893755079	2032.1288220277575	-3075.742373744799	5.493500021218224
?	184.20378167863024	-520.0829619417863	79.77607168484809	102.58936519048343	464.8339243751096	-1414.764177734152	1851.8421290898461	-2609.8651033216165	13.966747481725784
?	157.54892807731582	-1840.6781800118238	74.93981438093576	-228.48644822811923	432.8540277233971	-1208.9701266060317	1901.6355668616748	1146.0514269768573	13.647502815469087
?	92.16987267803773	-1353.7087050984358	68.35174927344197	-253.65551956432222	404.3854180448071	-553.6733381059879	1909.1447004386898	-868.1100841476576	10.715514844333809
?	89.86349282239307	-1863.3974535607283	62.257038402719466	-295.1324765464025	405.1703608180973	458.2092577251822	1858.2300626542913	-604.9502490042601	11.218254333581053
?	-1	-1817.2698564478355	53.595125446121635	-138.7878701838692	427.29588093106656	5055.051118624799	1878.8971879884764	7935.725635255422	-1
?	-1	3571.819779466738	55.31764489352591	296.39654379741347	657.9229167493409	2739.5192537786984	2255.016344417068	5245.76763484158	-1
?	177.59098897333945	3448.8302266895817	68.41495263599252	257.9732974371854	564.2718436200034	-6146.646096985841	2141.185569730559	-6615.754056876155	6.4143723222619595
?	171.44151133448153	-180.12608872900984	68.21630976538536	107.91179427012781	350.59061190004445	-1877.541394781443	1924.2286415732556	-9482.169657859891	6.385773082954261
?	168.58468453688883	-245.55466160313293	73.81054234949899	221.24929046302324	470.39477388092996	5503.289638308344	1667.0770868375578	-15671.639710108771	6.620290198165996
?	159.1637782543247	-319.8062125076001	79.27877428853668	24.88731923856527	625.7550938154656	1797.4336480204802	1140.646656067806	-12262.130544586333	10.822995836187957
?	152.5943739115086	-55.28471824613553	75.05490831142727	-351.50317196020023	560.2664562819552	348.07192848805204	1053.9705596082324	1129.4401222180497	7.210875248515199
?	156.3995423420179	-225.93406759589263	61.70361569052642	-290.3447325740826	643.1586902398684	253.81305578591858	1197.1186621787092	6673.665649705405	-1
?	141.2976705317138	-627.8396926662961	60.53767168272293	84.22085004159521	572.9571090712514	-5730.478883752344	1387.6538420935074	12417.136010111486	10.751444847203246
?	125.00755770870265	-405.85271205792077	65.91465819260624	-7.677282093038575	356.6347460522471	-2469.427263951856	1817.9754626842923	8820.537445436574	8.01273621813645
?	121.00503492881748	-2520.151154174017	60.153807578070996	-168.48789267413653	449.4857458736568	15952.946029906874	1828.6807143653423	15510.35070724285	-1
?	-1	-2440.1006985763147	57.490263558899294	-183.88018382108876	1154.2820475476021	6785.463287567401	2593.492998046446	10017.506246136403	-1
?	-1	0	50.95979838701643	-51.861845927591446	788.7589102520317	-9468.743053679813	2329.5560266721695	-12984.108809054116	-1
?	-1	0	54.897171262519684	118.78607924090035	680.8448948636047	9342.564728007892	1944.2875575937308	971.3658157558392	-1
?	-1	0	56.89910234906153	39.86781842691158	1255.8871466524329	6420.66240994413	2378.124317459962	4257.4179070063	-1
?	-1	0	56.89056218386529	130.81802772713488	1001.8780153608158	5642.037755291	2157.158452944049	4888.523942585829	-1
?	-1	2007.153148634881	63.440003735418365	128.32221980215	1537.989034416987	-5792.131686369314	2622.550514589257	-10623.206805473059	-1
?	99.35765743174548	2380.7349883305083	63.30667317397288	65.87253451325671	712.271431042346	-17912.77655286421	1625.9981126703883	-21827.1043787608	-1
?	118.0367494165271	1290.5713642639555	66.73363046108125	351.65361106872535	642.3502067737638	-4045.6770851704023	1531.1952956512016	3087.6976637317575	6.319043133744362
?	163.88622564494418	1243.3810779711416	80.8893537274094	295.33467351854347	509.987576783823	465.12000400175134	1780.3829958569784	-6999.3447587747105	6.298683382572598
?	180.20580331508506	303.8184529033233	81.50036413700863	-204.06035277882688	665.6062069738517	3571.8252751797822	1181.2280577124611	-9114.268905635989	8.80573228341163
?	179.07714829011056	448.87480861546055	70.68633608846791	-138.67251363509016	688.5788405428147	-1382.7152648449974	1324.6695505751725	3209.9091653233063	3.2864988244087976
?	202.6495437458584	310.8542619678725	74.56673845525403	152.0846038766835	596.4704437316009	-4242.281626521743	1341.7235159786287	-4924.829465999822	4.442511788822453
?	194.6198613885044	-168.88162149912023	78.2905662823022	13.172648220593528	476.4647592167245	-1388.9789348100346	1078.4280772751779	2741.2224042233374	11.126108750519567
?	194.20546267090228	-423.83851022734257	75.22537086628371	-241.75582878721823	527.0214969910982	3155.9598681234006	1478.7846361897975	17371.642347547662	10.083805734854751
?	173.42793587713697	-3904.10925341799	66.20277484294111	-243.543805196289	634.2627526228968	3547.5865432009864	1947.0101946525733	8907.592201773587	6.282710650877157
?	-1	198.1969699440032	63.04818060646909	150.39135277415951	704.40082415115	-2296.366147450964	1924.1642462784832	-12440.229157841874	-1
?	183.33778437433728	3351.9561594824336	73.72234248164919	378.3474882453831	519.4444452503469	-1596.302382721674	1324.9987367604708	-16875.55872358987	11.231910628410168
?	166.59780797412407	-626.1054399264034	81.96555501873851	60.12227374814074	624.5857050150652	2717.271376034603	1080.3863100989777	-3054.75999901347	11.330036844378766
?	152.03251237801666	-3351.9561594824336	76.72845616905627	-355.5898847296459	655.308014052079	1444.8840155867674	1172.2607368097952	2181.877724815068	5.319931061911288
?	-1	-3060.6502475602897	64.18606078225596	-333.85744735389403	696.8299057944046	1667.7494169219735	1189.4801963397326	8587.240140494414	-1
?	-1	0	60.035583801361334	-183.58823093901628	738.6954848981789	3568.0571276482024	1601.622743834522	12281.963129626472	-1
?	-1	0	55.00664923530502	-133.8354883395612	875.2327621768172	-1329.6898949652511	1803.578352821065	-2291.439439145114	-1
?	-1	3038.742703085533	53.34380938438318	273.39221116806596	672.2109901499154	-10896.895549047631	1487.0507718772647	-1523.9646649400095	-1
?	150.9371351542788	3356.63084381641	68.67625979370851	423.7911679597348	330.38798472442795	-4092.5702718116586	1727.3801195740634	-708.8853898240349	9.129536465412175
?	166.8315421908229	899.5412738327295	74.53336778237022	253.74221456097908	467.5824765593295	8196.001867156401	1451.6065023860624	-16325.83977776753	5.7090579144540525
?	195.9141988459159	993.7587603261364	81.36337052175765	170.67741504411586	740.1880780822538	2652.900572111565	911.0881306856753	-12441.889411428972	11.711967967361678
?	216.5194802071304	601.8675482967279	83.06723853457613	-27.129979627952036	600.2275051649096	-1310.3728526332447	829.5120318146049	14752.86929351913	5.336401817876619
?	226.00757626075273	-375.2699046410297	80.00687154036002	-66.26874609225004	674.6694354505906	1422.3109731604975	1648.7315953616423	9425.383145803962	12.834491151602782
?	197.75598497507866	-706.8992154199221	79.75380122996359	86.95621312481838	671.3430538229355	845.277612554368	1300.7811891048098	-5253.13127434016	5.149685707260031
?	190.66261548975612	-66.98471574000696	84.354682196601	-141.34258185650535	716.9333160783096	-164.96269730351736	1386.0750316446306	3531.457854873024	13.922536420088173
?	194.40674918807827	-629.0541988153605	72.68667213713822	-195.42923333239236	663.0949189577596	275.42759982692195	1477.3540818484635	2798.5110249306686	4.063236875932056
?	159.20990554898765	-645.8466860326614	74.58322052998125	-66.23686473342238	730.7046960696559	2966.0442459566534	1526.000582891166	4051.9116982976234	4.1625907563728335
?	162.11441488644473	4.019908474488091	69.37482890046705	-75.69464159059726	811.3971312555943	-4267.174827219538	1679.9496667633475	6912.276930040163	3.3732133552505315
?	159.41090097271206	-3262.288297728848	70.79848845045133	71.17788877981538	517.345954708676	3844.4997919205275	1871.614429393179	16870.92595404073	6.54162900908756
?	-1	717.824327636269	72.93372333945787	70.7895109938063	1003.6221208516234	8155.013736029146	2523.495964465396	18875.790591242596	0.8339524607262872
?	195.30211735452602	3770.530754299505	74.3379640001417	194.40241248368986	925.0966415101391	-8925.24447616697	2815.403958955322	-12026.668295718602	3.4635891701569035
?	187.52653771497793	-422.1216628358368	82.6538439636425	206.2948339816838	557.3598970432686	-5001.569209094918	1922.1625496794572	-31520.82711438471	6.6809488675857
?	174.19603421273388	-290.6428936237857	84.65270569922603	-65.71271041946196	675.0181810553896	1549.5425930538938	1239.3626032360644	-14436.658595458206	6.065955823859763
?	172.99439303378844	-137.54655681901713	79.36820844266936	-244.35959456476888	634.8370266959644	-2960.22553944381	1200.3296199065367	-1477.4256195233756	11.873997688904726
?	167.31870637178292	-129.17802415134176	72.43472597098742	-103.9786841901917	527.006904083197	-5244.739699465782	1165.4913222598946	2242.6261914012002	6.810163546032413
?	166.53549182622126	715.3635734739823	74.1692742331597	205.47624948056372	372.60004172267156	805.9555365167897	1312.4609294765983	11491.58993356376	10.754989357885473
?	203.08688504548255	773.1337788483493	82.70853844501575	20.747892380361453	567.3046809090371	5010.3406602397345	1740.0708189380907	7253.876290077598	11.885468071049354
?	205.19218076863928	22.838068078705437	75.20666885217779	-401.0367787292506	623.1170747346619	2127.0311072733552	1675.1547439804833	7209.044084744643	12.429280040889665
?	204.22878844941783	-872.2057212161736	62.65669950855293	-159.26380167929267	673.6562362727063	-70.1496871410076	2100.523023175328	14034.934910242624	-1
?	161.58189470782997	-452.1703470858999	67.24347876821304	280.1938627480621	619.6095903776114	-3855.366946485984	2376.9014894926245	-6528.181066966375	2.0611434943586926
?	181.62027109512252	626.4988049123931	76.66639264595624	238.29124456624587	480.8878889484044	-354.8393026573303	1774.1139698270047	-18065.042279395442	5.75001585940785
?	192.90683495345007	4.212697430183366	79.1580409965255	-1.6447669337148108	601.8676252447447	1316.8404002162908	1473.6493755228396	-9031.759852863223	12.009572218932027
?	181.8309059666317	-167.81810624153582	76.5841542992705	31.416135831684194	546.7299089592199	1027.2936854500144	1322.525977183837	-2142.2210610568222	3.415735319570435
?	184.51592964137316	-104.98976288921504	80.72884778810973	-42.497491909907374	653.2323095172461	557.2740527301755	1366.538322469997	2281.9036520343975	5.565486930649258
?	176.58141782217086	-10.325116596946339	74.4592797037751	19.28672051903875	574.593611595729	-322.4326192884586	1436.6211597855586	-2614.469542317028	3.3237410621294416
?	183.99967381152584	168.34035158237032	81.69318381406168	122.80772685847832	637.110678552823	1401.0324676174064	1235.8148453541437	-2160.423021097473	12.048077987567249
?	184.9984354012895	-154.30889406216986	80.5996660466991	-78.19742417501547	644.6452349766004	756.3449565388174	1328.6000087306834	5171.109612434356	9.844676047130344
?	176.28422910841724	-236.14452609559982	77.78331260531085	-167.30146227897666	674.9279263797644	3124.887944822852	1494.3703259758652	19720.62653640938	10.038189966051746
?	173.19120909650934	-145.99468871706299	72.23459293275015	-4.655441900947258	800.8896322177452	-2443.544416833408	2314.6313355511666	2487.537819147643	6.060054470381569
?	168.98449467256398	-80.47364611683406	77.55054051026349	190.97681013626683	552.7507055380922	-1670.2339950097817	1618.747216933249	-14495.65090586318	4.137811476006343
?	169.16752679066758	-81.54051793226299	81.78343343956362	-62.04610670868388	717.3779324672549	3693.917762498386	1589.8487902579973	-1258.2655258270281	8.468537957976228
?	164.90746877595078	-155.48761585435506	74.44823517482925	-169.41812850010123	737.4465936630141	2372.428127619499	1555.8339406418968	-1650.3594017090193	2.037083663171983
?	161.39314599794972	-107.20199947132603	73.31252701455844	145.89276619909717	835.9993388482316	-3428.8792534891595	1507.3308201725451	-9418.751433504765	2.9876721296825806
?	159.5473688023844	-5.272067095448772	81.74287348478421	209.9438585222255	566.0026309885537	-2745.374115530887	1084.8963689666518	-7691.121814432095	8.858798546100067
?	161.12954264317727	90.55657073923881	83.80971994066987	-73.89468074332379	698.7306330716853	1150.7446566168796	1122.774729450935	-158.71171673679103	9.179502668962885
?	164.0751973393464	24.73599862367529	78.04813944761797	-315.72362030592706	623.5398638193985	26.173753774746356	1076.9607831298122	-171.8219118018099	8.045760490784991
?	162.36634257436106	145.66680484190746	68.02353892537329	-228.09079710351983	700.0393207604226	1314.53547192915	1114.1836338608443	4384.82449314714	7.901224522801857
?	171.35853758144188	490.97929109548244	66.64359959244182	195.5077495559778	689.266637415857	-4122.639542386212	1296.2020077871723	11183.98878899774	0.17859153011480833
?	186.91530712913553	453.11984100382386	77.79892640317232	207.31813380311496	493.90734364110904	-3436.1818432333566	1673.3830733107393	10013.942330020616	15.170826358243678
?	194.0145296316334	58.46251070364561	77.00950628259771	-57.85197725103845	517.4575452541867	-273.9205886671705	1796.8991242882103	3856.0942232290104	18.74306788013009
?	189.83843266431785	-527.348394775601	74.90632754062035	-97.02753048899812	480.2113142077503	-2982.4022880886214	1866.1877844721926	-2386.505701241738	14.195635673236044
?	167.64710989285297	-899.2225791192047	72.15812975814774	12.728642595929035	368.3374308497535	3761.31639499397	1677.5738392261217	-10283.789796373158	12.423062310612135
?	144.87730370835698	-668.5442742489086	75.54275967041681	-11.072061026267319	668.2771339574515	5986.84249225634	1351.9982946535274	-9023.85766615901	5.151030998186345
?	134.21989618040706	-2917.546074167098	71.60452670683436	-359.8127695461172	667.6795554625747	278.26702018172966	1226.3809559181648	597.0566936587062	7.901294323754663
?	-1	263.8359087455191	57.5521211931107	-24.116045654557126	682.1904849665382	-213.62122947095864	1381.8511293364631	-61.81190870548474	-1
?	147.4116916176832	2916.320622177661	70.39872442410649	355.50117579280277	656.9984939890267	-409.1878522299213	1223.2903604828905	2057.154116352265	1.5907596684261478
?	144.8160311088851	256.5702152639037	75.32717998275109	91.93978850480829	661.7310923550418	-3691.9106776810668	1484.7088351540779	11946.572706254723	6.226720491253795
?	160.24020238087857	-2916.320622177661	74.99571384934697	-127.40771728515388	472.4029601049707	-3338.3171089978546	1820.618995795635	8092.222336622653	5.624245109893247
?	-1	-3224.8040476175256	68.9567941184933	-71.69456070884064	494.8152369051467	8551.55802006666	1889.3199519852162	13434.480139560434	2.648118564208726
?	-1	4275.406699325234	71.41098581390489	120.5215530634794	899.9808611083098	7407.12522218709	2492.3430027736663	8725.455462787375	-2.062212791590412
?	212.7703349662647	3471.785415544392	74.98287177166736	143.70488234563533	865.1714980145065	-8313.264299923614	2325.592725124591	-8044.389207677254	3.145681515704582
?	172.58927077722205	-1088.381188605894	78.59622993118676	33.129809427766006	484.31764611212316	-6383.077454784387	2090.123542389798	-4254.9368866392015	11.396765824103426
?	158.35127553596922	532.4761320585353	76.63936224305569	-87.15156195896743	546.0176252752826	-1677.8400944736416	2112.845880792628	-2413.0944629574083	11.338641441102382
?	199.2130773801492	591.5970677210482	74.23865183323832	-70.64409796089235	400.4256413884399	-3465.4855693891404	1969.4688192419258	-2369.706242981877	5.8820908590029735
?	187.93112892202205	-924.9223255267605	73.10715734501102	69.99744700654887	372.74334680582314	3055.616620445346	1994.3605686435326	-6945.825948807143	6.388235629327713
?	152.96696110381052	16.943640291412734	77.73852418356582	195.60020635726892	553.2064724107094	5653.705869199683	1622.1775218015637	-8843.279068844451	6.713564514447988
?	188.7783109365927	517.6936156576136	82.8871676628746	35.73730672078859	655.4286402658113	2771.1414168079878	1552.1966152013038	-3727.323940587168	2.9150347423453935
?	178.85164188669157	-188.56680696006396	79.52538951960527	-113.50798727450533	691.7635432511107	-170.35925688790698	1435.8113247722026	18778.509604537256	9.80866012802272
?	179.34997058858937	68.00913765480021	77.21176829914926	-22.594571880942986	646.9106774214158	-1636.8380841617427	2491.12209542818	18612.514621763556	5.8306542254463425
?	182.25209876943163	-1564.045789120209	78.3956609255581	74.62041296147085	609.9216390430224	-451.0757110296303	2366.4370558603937	-14856.712400791992	7.5271657030975785
?	101.1476811325778	-95.11637925919253	80.94278894722285	44.615632559817236	624.356891869934	806.7689146978704	1748.2864753885697	-10158.82661956856	5.9921139664964
?	177.49627980647193	1613.7016833752216	80.626442553549	-45.218166181865556	650.2600847779165	-1896.0888988882223	1858.4957248819585	-7543.241877019984	3.926705225166674
?	181.83276530134003	-1151.9192141321807	78.68188063812954	-181.2914649091675	529.5524469255215	-6400.726130049861	1371.1243815375651	-677.8659961595707	8.51185483041518
?	119.90031909986207	-1143.2440655478	71.5618693080905	-99.45347377002635	330.2237782754189	-2644.178932118341	1824.6024250739795	8105.260614251782	3.756403705542265
?	124.67056202394923	71.91932263157821	73.70920694962815	105.92086770376105	397.3435003196026	1093.4831243830392	1776.38741225016	-1623.1331563733554	5.356757727232553
?	123.49628523144104	-145.67463549109695	76.85791269327862	-58.36489853979233	384.89793449457164	-1545.1185427032517	1743.4457672553106	4322.385609449904	15.075080230423598
?	117.38683024939428	-158.15754442977553	70.7909620226385	-217.1759320435908	320.0875731844389	639.5574736353342	1992.5066927226583	1666.0711514284085	10.77179527451549
?	115.58840800995215	-68.44238003738059	65.99911609109893	-138.7304492041382	416.8758081763388	2169.7917542325263	1826.7493248267322	737.733471078835	14.163337915751509
?	113.9647112475252	536.3132668739837	63.85443956243149	172.82442494409122	428.57716089606674	-243.70533591107682	2029.3933662766005	-8939.4293701751	-1
?	142.40407135365172	229.27622681337155	74.64033733830361	183.55316920147098	404.6905413807848	-1446.928538467729	1379.7778563179709	-17045.640762480532	11.335150525468089
?	125.42852258819394	-600.0212471291709	73.03209802250517	-160.39939754046344	356.2307339726793	-2339.44926123577	1177.1113281525618	-3628.1723446265537	8.898333832451492
?	112.40300899719274	173.88444394417357	66.62036746128032	-44.2639362079941	287.7180783189946	1460.6501849851904	1198.3692390866406	3568.76778878799	-1
?	134.12274478540274	1142.2789011221164	70.81890121210543	273.0699307335369	429.26324322193983	3690.9682735216666	1355.5497175919638	-3181.3227702105864	5.106993861929907
?	169.51695405329937	899.241640168697	80.27386399795736	145.9689464378413	472.26649199508057	-499.0814869205471	1039.303100576109	940.535467900004	13.146464664130079
?	179.08482679383823	50.22581541223289	78.1173485339976	-68.01144743320339	404.3091688759121	-2295.4810219491164	1402.5764909869647	6717.509611805176	14.300662154653526
?	172.02824482391105	-658.4635487377407	76.87329162629715	-187.54343862325857	357.4924408976231	-1064.4684145429057	1375.1785811663726	-4839.1793128185545	17.727246803571553
?	146.16164935695073	-812.6165018178111	68.74017660283454	-295.1297753207837	351.0857481487661	-877.3261593067684	1160.6175253460335	-2511.891911327253	15.402274707559823
?	131.39741973301992	108.22721686268795	62.11680286025775	145.57252999169313	313.62613293228407	587.7761000920881	1249.5839856000082	4519.177312919477	-1
?	151.5730102000852	555.0493083367264	76.0188031024193	386.77127386514474	380.4745531533709	3005.435790943097	1386.5763909920106	-2042.3476124718745	15.691873796687872
?	159.14988514985663	138.1873723426796	81.45536655351526	26.079692832853056	463.89792247944104	344.6243508297979	1147.466604976413	5611.635443232069	18.533475834537796
?	158.48237881721928	-110.7859192638564	77.32278774406197	-136.39430259622776	397.70577069486103	-2145.8457527239116	1667.158163153618	5718.891590001982	12.565934587823856
?	153.61058918666373	-57.342447378780186	74.63565142370378	-5.206801150657367	356.60563484324393	964.5846233968017	1433.4111844765162	2017.387443902347	17.49993008708024
?	155.61525644828023	121.26099722718037	77.0624476865291	74.71221121301632	445.9350018647018	2117.269324372219	1768.0275353487368	7701.034060306247	13.559768399049393
?	159.67363904802284	164.44960836216973	78.37126198435465	-7.432031302403069	462.4691010618564	272.7794458116848	1818.462887491834	2185.8529003816475	21.506395404909373
?	163.83773686638884	217.5965619957819	76.69084612140894	-72.3782079171583	459.57397415528624	-747.7931394172671	1877.3201803678207	466.88591938602957	21.932800732108895
?	170.55346714781209	308.33033711238403	74.75235158849668	-81.34104747182163	425.0794440909925	-356.54740973820884	1841.8071834611358	1348.7224957287517	16.884595426241077
?	179.25425372200826	39.93346546770226	72.6237937478178	-301.807074268727	441.74660366837554	455.1484050096068	1944.7563051542593	2352.254070450106	15.839228212970749
?	172.55014042119723	-3605.085074440114	59.661997875060116	-431.83199336844535	447.8368643414732	1224.880863696953	1959.4198869836428	277.1441507764718	13.720305493250766
?	-1	-3471.002808423895	51.032194079395225	-134.44227559983838	502.99064685322406	450.46796024461213	1958.613512693083	-1541.3463011374151	-1
?	-1	0	52.9398840950681	98.78776023142835	470.3602623537041	9430.718292197436	1882.352571926771	5417.048332387908	-1
?	-1	4194.7702304193635	55.97158209096671	50.26827705191209	974.5265614631026	14277.522645695626	2229.4659293124823	11506.619560577474	-1
?	208.73851152097117	3853.508008435604	55.45329794766374	351.2958629206426	1184.2363946384955	-11743.19036478196	2457.683549955653	-5883.103843197585	-1
?	191.67540042178294	-259.2275317193693	73.53637523699909	422.5967822441094	387.36704322399623	-15199.89091587666	1935.310737152599	-10033.555033329598	8.288075522447786
?	195.77713493500252	-26.92434307514209	76.58313705986951	-204.11026383060852	424.24184884465177	1092.4148221458465	1956.0057982891658	-1.0810046231199368	9.4137225856206
?	190.32918326802582	-115.51812783228974	63.33086204546852	-318.7844816798746	441.98778433128933	574.0585402325607	1935.256686921443	71.08632137828762	5.627830772225273
?	190.00122854338795	-3826.583665360462	60.64391297587556	51.44671515272092	452.9447758562802	9881.805609128918	1959.5601143580802	8959.228387053918	-1
?	-1	-112.2309955954604	65.9031978031046	99.85906115975169	936.0780647877423	3543.458255889179	2383.218106274145	7661.483141668696	1.8810774095769163
?	184.38967876361485	3663.486229965377	65.63686603386321	91.92961346654226	630.1176886507417	-12860.658399164271	2342.6342714415205	-8872.127093268533	-1
?	182.17431149827144	-112.50394479058069	70.49967847643178	202.0193355323337	293.0451448295196	-5736.571846599589	1939.6117516107122	-8646.777835278945	15.472490827586103
?	178.76448152408574	-260.9945852086108	75.73783281048004	289.64104340428366	343.2890963207582	6340.140300220108	1910.295379677567	-6171.713230254112	14.245284852298733
?	169.1245822378407	-549.775760222205	84.98173064664617	84.91000521192625	610.0521598405295	9001.155354650047	1631.0260900980022	-11703.581559332153	5.111936107673051
?	151.2756935129751	-238.9013302637517	79.98333307107642	-133.78378924652063	793.3468640532669	4416.526564562169	1325.1163017109511	-8097.239704425536	9.604305384635463
?	157.17951572465296	324.9871484226906	78.29254118432004	-8.38670372063279	830.8784880686411	365.74805978449314	1226.1641048767196	-2423.537992729077	11.125442595920843
?	167.52505093410986	462.5924255863347	79.56399788504477	8.798033853062623	811.6342670424918	-779.7292799942765	1203.9394020744955	-1260.9658758156777	12.83786237868676
?	180.30913700397002	207.11629736789564	78.73244287697318	-178.37493324716067	791.8920240689267	-3971.250471206775	1163.1158110859349	-1420.5836177118297	12.464250712968807
?	177.8808658025048	-389.95751707870414	70.64525122268661	-220.46680495831254	613.0717434821503	-6589.700628134738	1132.910221188903	-135.27733556427654	3.7933708888505304
?	160.81126115003454	-947.9904986089937	67.7091026290574	-86.96919909083097	462.4069926621852	-4297.423395416105	1156.351944307721	3357.4467375813833	9.683713748100155
?	130.48134087205443	-952.5795520931099	66.296791268145	-250.12185654550066	398.200573711342	4125.885116392884	1300.7825580679746	2017.3199444922316	10.107279955764525
?	113.18228354537837	-2629.626817441051	55.20300980178219	-339.0532979432523	668.7012484818323	6939.275869769661	1257.217941532334	2818.8757547170608	-1
?	-1	-2283.645670907535	49.344126370982146	-133.90735500123662	745.1643671998299	2939.8915981097584	1441.7263458038296	8002.145448783858	-1
?	-1	0	48.50764205172026	-33.19900857539376	815.6958283873223	10994.499277180816	1657.3252139715325	18840.083764304632	-1
?	-1	0	47.684175942212434	-62.16128501394263	1294.8893310588785	-1.9629316900090719	2383.7305340190746	1323.2082383394793	-1
?	-1	0	45.399577801023085	125.64307673859295	815.5976818028219	-18237.3724587462	1723.4856258885075	-19845.767312374315	-1
?	-1	3769.5577585233004	53.96632977914217	354.9746821256688	383.02070812155563	-9192.713724875395	1391.4421684003448	2746.410687651757	-1
?	187.4778879261677	3353.746238029178	63.14831190730678	469.70511714780105	355.96199555904553	1351.2126885174134	1860.8061602710973	8751.061462832184	13.795088878994033
?	166.6873119014613	-1329.356062502265	77.45158563653256	111.26481488048582	450.58134254742725	1540.3872033808452	1828.9952415419602	-541.5949757955209	7.8880580655691706
?	121.01008480105351	793.1936493952805	68.71155265133115	-246.72606187179886	432.9813557280889	1578.1822457206058	1833.7264114813208	-2338.611921594778	5.180843245530927
?	206.3469943712259	1729.7607695144263	65.11528254294244	234.77524150831252	529.4904548334587	969.4538762832802	1712.0646454622197	-1626.7010432576667	0.30352650786446067
?	207.49812327677606	-709.7033458822479	80.45031472674694	171.76475480808688	481.4540495422536	-868.6556181802145	1752.3913593184363	3814.5567687392354	12.30843371632865
?	170.861827077113	-1146.929729549018	73.7035202833469	-41.206536999460454	486.05767392444733	1301.328879408553	1902.7924838991842	11736.665600267517	4.5831874731838145
?	150.15163679932434	-307.08873483362385	78.38998787677389	162.3643845162064	546.5204935126822	4466.411833938513	2339.2246393318205	-14179.16382628482	5.383725780106682
?	155.50739033543158	15.38166968276847	81.82173950915734	-26.608158208959956	709.3782656213762	2341.2021495713984	1193.834292584933	-24047.348647145987	9.34457585058727
?	150.92072028346277	967.4547022625875	77.05957996632587	-67.71467266072182	663.5806009912537	-1836.2474834481657	1136.8572069745042	4812.672381162192	5.6350932060588175
?	203.88012544856164	1136.0567164015904	78.4360058761212	195.41961153883938	617.5658914489666	-3672.1232171475367	1434.4679116430461	6257.889586789508	6.629450949277062
?	207.7235561035431	212.46889225293938	86.83056054326798	-101.95586033609996	479.9744401338743	-1769.707910785921	1449.751686313984	3744.5208138916464	11.59896134668813
?	214.50357006120876	511.99099194892494	73.33821285931613	-151.40006431892272	529.0804959096693	3372.7440621175924	1621.6939523376311	-4656.966125778878	5.7172189897778924
?	233.32310570098971	-418.5498969463495	79.26055732732174	122.38799234671572	648.6116432397563	4553.893218904846	1216.9033800250368	-1600.5405639903665	10.429122692537069
?	193.576075213891	-1329.0231411641814	79.457612476652	-28.598465749004895	756.7751568549148	983.3482249702271	1541.6669241381117	8117.044055346153	10.495273748838073
?	166.8719486427797	-415.276342696856	77.83063403987147	-130.44633644299736	697.7790544882683	-3517.9688621279797	1622.7555827923502	9380.57329488013	3.1568347645099615
?	172.8122580790479	397.30161371715957	72.93529565450204	-32.522039134459924	580.8767137485133	-4673.114426550026	2010.6955888821249	6386.206242562216	3.836978434079499
?	186.73702932863796	404.32620168836473	76.20453208314845	152.79592755848722	464.1233331607637	-1331.5203090116681	1942.0658949204656	-2660.7050971735257	10.411004183454946
?	193.02856816346642	-114.30268008211735	80.57509203242651	-54.762651415233066	514.300698297929	1525.516951296786	1877.6603340234467	-1913.622766587573	16.490929954433298
?	181.021895324532	-3880.571363269273	73.46639951238676	-203.06030943213437	540.3991807256041	2305.419734123515	1846.3847565910855	6166.963990411167	4.053907730394648
?	-1	-3620.437906490589	70.42207656081965	-1469.3279902477143	629.5716850041064	-10807.983614511928	2186.0085335440094	-36927.69513182119	1.0898890018671554
