rowLabel	avP	dP	avI	dI	f1	dF1	f2	dF2	h
?	140.27987895354184	2908.6875177534203	66.8193128714112	1193.425571669355	433.6229054612265	9260.949076248942	2393.9300582461274	47753.733679730285	12.850090222206761
?	145.43437588767102	114.28737041011289	59.671278583467746	-169.6317052336522	463.04745381244715	645.6312470067633	2387.6866839865143	-14441.083575392031	-1
?	145.99424747404748	-192.8324176199106	58.33772760972859	384.6284385137062	465.90446781156464	2868.8646891488065	1671.8758794765258	-25188.48704951944	-1
?	135.7927550066755	-451.80803257326784	78.90270050915306	366.27007776303776	606.4906882698875	4008.547244300682	1128.2623315105418	-10019.066462319368	6.16298325359058
?	123.4038458453841	-469.91274642422934	76.65123149788047	-181.21791053237533	666.3318300265987	2605.483288943697	1170.9225563605576	1518.9748907176865	9.67970677735487
?	112.29711768546403	-2488.0769169076825	69.8418049825343	-332.8020802237754	736.7648527170724	1034.4223878299183	1204.2110760464261	732.3358196756136	4.152611755488382
?	-1	-2265.942353709281	60.011127486691706	-311.79915671999004	718.0529494180946	-706.6077692570822	1207.5393473443382	-359.79870682471307	4.982170198275413
?	-1	2656.1311742088656	54.2518471465348	208.87633264343384	701.4344642542183	755.4816123120169	1186.2211407051905	342.7581236503966	-1
?	131.80655871044326	2749.3802487898124	70.4549441188634	397.42530867835524	755.8270300336955	-2129.3504648096045	1224.677253526858	-1565.1717903086233	10.234221040923508
?	136.4690124394906	95.81037596543071	74.12311258045256	-178.9243670207161	594.966941013738	-3373.984743169627	1107.9625511897593	-1850.0488199343004	7.814276373199576
?	136.5970775087148	-18.68816783750729	61.50872576782759	-98.69012973477615	587.1277928752141	-1609.0309926977134	1132.174812530143	7233.16517871798	-1
?	135.53460404761523	-47.16122678997404	69.18860609371374	314.1603372133615	514.5153913788523	-877.3450269821743	1469.6208101256586	-3222.442437871418	13.329260637090922
?	134.2390161692161	-201.90126891067575	77.21674262849568	170.79005985404208	543.2605415261054	1894.8929740318188	971.052690636572	-8489.543117677233	13.696948749799223
?	125.43954060208144	-477.47940055565766	77.72810908641586	-165.50439479534404	609.2600400804433	1784.681210012821	1045.1436542417966	4695.030752784826	14.830447778122917
?	110.36504614143318	-339.10306928892396	68.94152288872847	-341.1543329627842	632.4946020267465	197.80887334465643	1205.8042282758136	2203.65698723904	3.9882643114120624
?	108.48438713763522	-2227.300922828662	60.67039243827663	-306.29417879809057	619.1504837476762	418.97698047064483	1155.3265036037487	-3796.77032570875	-1
?	-1	345.70633348574063	53.62681394882393	-12.894791305109965	653.4434510502788	-1382.7554133147794	1015.9657119903759	10870.78840999687	-1
?	125.76970381192227	2432.4735302116733	60.02565287302113	225.3590612622113	550.0127130819371	-6339.564015149499	1698.8659241035928	6884.105888868469	-1
?	120.62367651058378	-246.89614341414972	64.8947670119345	-8.645805185869754	336.46525029280355	-1333.4143688644087	1360.1710064337997	14598.755737016818	14.621436029448748
?	113.42489664121477	-2432.4735302116787	59.59336261372764	-106.64136603437186	483.34199463871664	6645.449467326322	2428.8037109544343	17268.911842319787	13.0440880183512
?	-1	196.5214616437437	59.56269871021592	100.41222022496817	668.7377236591192	4223.9026737762	2223.616598549788	-12065.227659725573	-1
?	123.25096972340197	2304.481432706809	64.61397362497606	84.57229550933029	694.5371283275268	-5708.623992191453	1825.5423279681552	-11347.892370382664	6.860409914489115
?	114.22407163534054	-109.66744599436613	63.79131348568244	-22.217098740618276	383.3065240495463	-7258.680187947281	1656.221980030654	4627.853048250108	10.46766771223314
?	117.76759742368365	51.29711442948344	63.50311868794514	-36.066152634431425	331.60311893016245	3920.3861817833476	2056.934980380661	11981.637941472312	14.523800706907863
?	116.78892735681471	-2375.3519484736707	61.988005853960864	-79.4383277701099	579.3258331387139	31665.453705555206	2255.30387710427	23008.490904582875	13.744334193421135
?	-1	-2355.778547136292	59.53120229943964	-44.64353294456198	1914.8758042079241	33655.511377284034	3207.3595256098056	17047.53903716139	-1
?	-1	2125.865525813032	59.75582920673276	170.380332082092	2262.101402002917	-27771.898403382827	3107.6808289623405	-24563.127023937042	-1
?	105.2932762906517	2076.455331888045	68.05021890354425	28.40990314567006	526.2808840387816	-35135.479152397136	1979.2031744129524	-17520.967058656526	4.66920349115003
?	102.82276659440234	-2125.865525813032	61.17632436401627	-361.4982528141612	505.3274443830586	590.1956914344709	2231.6324760295133	2863.1021373134463	10.081993620058041
?	-1	-2076.455331888045	49.97530626283617	-81.3568987322234	555.7906686105051	7761.225188435415	2122.358281278625	-9927.982628410424	-1
?	-1	0	57.10847942740509	151.20903575787537	893.3887038048297	11632.185072344757	1735.2333446089917	-8918.109928970021	-1
?	-1	3062.6922270077976	57.535758050729946	302.38282057014817	1137.3999222277434	-2971.359849685959	1676.4527848301234	-2259.8239585601304	-1
?	152.13461135039	3078.4759936624055	72.22762045591252	150.8341126454235	744.8207113205316	-9994.129013527416	1622.2421466809851	-2797.888020829862	5.5934363592280985
?	152.92379968312042	22.4420337730862	65.07746368300113	-312.79995432343185	637.6934715513722	-1244.9735913650886	1536.5583837886302	-845.0400766502836	8.507520410208745
?	153.2567130390443	123.93991948092423	56.58762273974091	-50.8084489238703	682.5720317522771	-4060.8019266664687	1579.990142848471	2111.1126919427106	-1
?	159.12079565716664	-194.70561434654013	62.53704123680761	30.094792741864865	434.6533752180486	-4514.882321105385	1642.1140183857658	13.734449410821968	7.693260660703499
?	143.5214323217173	-3202.41591314333	58.09236237683415	-166.27679736153752	456.82791569700765	2432.991439334378	1580.676865319012	4755.48735553843	-1
?	-1	128.5031181530461	54.22320136873073	328.61985957784964	556.3029471847676	2362.0254414145634	1879.8883861626875	6839.952985877392	-1
?	149.9465882293696	2692.191668578147	74.52335535572665	435.03495980090054	574.9291877677359	1825.7980806831558	1922.674514612882	-9919.82481907468	4.693751741989379
?	133.60958342890748	-530.4533908816662	75.97494935877577	24.386228879153663	647.5928512189255	1567.7239070122537	1383.8971452089531	-12725.360493655235	10.403091801270559
?	123.4239186852864	-450.0727043997334	75.74266679968433	-109.87291438416217	653.3153831183483	-1118.4310759920406	1286.4064899301225	-2735.593968227427	10.959743517120913
?	111.10594820892089	-340.28020964277493	70.48130363956769	-306.10877695722615	591.6712974193237	-1063.233368361695	1247.1174467975823	1336.3329282492898	4.640857431741346
?	106.40990820314771	-65.17605844511814	60.437227951823076	-217.3421889056454	600.1537147002638	-1857.8010556671572	1353.2231363425867	4860.166456750193	-1
?	107.847145286665	-2148.198164062962	59.61419419428545	-121.48154070147186	498.7812446359661	-318.0490689817623	1490.125769635091	597.968118333299	-1
?	-1	-2176.9429057333077	54.363150916749504	-130.44626801108097	584.2512612511757	2780.99806537955	1383.1215422592516	-4141.533909192518	-1
?	-1	2376.808533747868	53.09188079373143	240.52984317655984	637.8311479049431	1854.1578127900968	1283.0490741754659	-10515.220943116585	0.8332909522571799
?	117.84042668739298	2282.5147371911817	66.38964307557745	210.7879870909831	676.9591518906802	164.57733289557441	857.3604951034242	4499.720375409209	10.287284249634164
?	113.12573685955869	-2376.808533747868	63.631280148280545	-306.0771419895603	646.0600145497218	1834.6932290850302	1508.0350929459255	21635.22498948463	10.411617795842172
?	-1	546.550771198309	51.085785976099494	-80.59567073540336	768.6938133449314	-990.8263160243804	1939.121744577652	1954.192767863931	-1
?	140.45327541947404	2417.1131738971476	59.60149661151039	372.5413104369648	596.518698748503	-5603.410858114977	1605.7447313391217	-4413.57978593737	1.4620022089440106
?	119.85565869485696	-662.5269151017677	69.71285149794767	80.39285888888742	488.5232704391836	-842.9384552803647	1718.4427552807842	-6261.698148602412	7.980650926987326
?	107.32692966438577	-393.8202779483092	63.62113955595475	-265.71400718510483	554.3717759844849	136.50052805883936	1292.6598239090022	-4004.882066281462	7.008513794587475
?	100.16464479744157	-181.46826969285237	56.42715113869247	-148.64247304332662	495.34829684212554	-3567.9301582479493	1518.1986519667119	5751.32184665503	-1
?	98.25351617974319	-67.14049380163881	56.189015903788444	-30.038751039825335	375.97526807208806	-1478.9665055925987	1580.2259162417527	4797.546724887437	-1
?	96.80762010735964	746.0325544306836	54.92521358670121	335.78776252602927	421.39997156249586	4231.461227350625	1758.0759882110829	-623.9116413126452	-1
?	135.55514390127723	782.394643336596	72.97840403008985	277.3538992298879	587.5483294396186	2957.596968662024	1549.0303341761205	-7715.994290560639	3.643031025319387
?	135.9273522741893	6477.855397090359	68.79290854819556	-298.50922355703597	569.2798199955965	873.038073382066	1372.2762736830523	422.34224721092835	4.590582828725911
?	459.447913755794	-2738.547045483796	58.052942852238104	-240.10617767289858	631.2002331087217	1690.9585593737293	1570.1474465366668	6340.3564839035835	-1
?	-1	-6349.834284544979	56.78759966455067	99.1113999117406	653.8277479642827	-3418.7968808735227	1689.2940978782303	-6413.955743293786	-1
?	141.9561995285462	2731.0379461371717	63.008512847825116	127.80662874567216	460.2603890650462	-5401.956865221548	1249.4496593719787	3136.7696392244875	3.621870405882783
?	135.5518973068581	-165.93353049686246	63.177931101834254	42.77326628831546	383.7299047032063	-2722.624204555247	1846.1325798394541	15143.57939945502	11.371915152938513
?	133.6595230037031	-132.44590179235436	65.14717616224088	-46.54578227294041	324.1291788372843	2919.3868113746066	2006.628629344727	7620.240608863196	19.06175491693585
?	128.92960221724042	-46.065357334529885	60.85064198818724	113.01091750965054	529.6992452719361	2268.436880048205	2227.1446102826126	-9435.182687005996	-1
?	131.3562551369766	-133.2925717439047	70.79772203772339	140.06322055613234	437.55102283969416	-2329.7072338191324	1534.8694949944288	-17544.715837204643	12.513324982044958
?	122.2649736300452	-274.4438685511487	67.85380301599383	-94.55613662048569	413.2138835809799	-1543.4295212792617	1349.9088184223835	-6962.6423679964155	12.287787757971392
?	117.63406170941923	-161.72694272394892	66.06991520669912	15.66038065379024	360.37954677573134	1372.7906870753272	1186.7373765946093	-2129.9347687878467	11.597504160394822
?	114.17862649384779	-137.8768684415717	68.63682204868334	-13.293601910766645	481.853417934746	-242.1776080607262	1243.4120799829916	-3486.6939179887286	2.2494567616981564
?	110.74021828734067	-83.70179212542924	65.40523511116079	-45.50243830471333	348.2706663726951	-1649.8749020495793	1012.4026806951734	16723.933221950032	8.984712604384004
?	109.99353688757634	-86.5741071372432	66.36170013344768	-140.49037353092567	399.35967283226734	91.12353315346273	2079.6087410804903	11081.862921879328	9.04964829259182
?	106.41151293047852	-145.80438740863167	58.380716434614534	-165.51562097106145	352.8268430303682	-950.4729795531785	1566.495826789138	-8162.298730014033	-1
?	102.70331751714478	-133.6688969763292	58.08591908489464	-122.1152704696067	351.8360238546086	1612.9071391202876	1671.49380457979	10574.85977539882	-1
?	99.72806808166209	-2074.066350342903	52.27495291113422	-122.79870730191023	433.4721999863823	8811.936784339945	2095.238815559077	6434.769656859294	-1
?	-1	595.3780213032916	51.94598371979915	228.77528940772987	792.4328630716043	3789.1051326974457	1993.2322874227536	-47.715875111389494	-1
?	129.49696914682656	2460.8926064215466	63.713717381520674	366.4503148982675	622.9274566212539	-3159.506531820473	2092.8530218035075	-10506.725298613961	2.0952009034690118
?	122.0446303210769	-15.99706342876351	70.26849946471246	146.19422325205855	634.4575364805812	82.21393577435067	1467.8960224920575	-13801.95423382597	12.506239718730393
?	128.69711597538839	284.7489519800998	71.02342854412358	48.5397130604905	627.0381534099714	-4095.2808148688787	1402.7553101122114	-208.98228030399497	11.737032921733888
?	136.28207792008183	4533.147744294033	72.69548511773698	-152.72029002427058	429.693495737138	-3539.8980471567734	1457.4469084768577	-65.4311223520383	13.571861506576544
?	355.35450319008925	6567.753455964087	63.38741404291007	-312.7863079699861	450.04325105213337	1371.808670263106	1399.4837539946095	3826.2585816940327	11.798845557607454
?	464.66975071828506	1570.0248492111791	57.05616971923773	-158.699827601356	498.28392925029306	197.18449137991868	1648.7598375615587	6995.513987516103	-1
?	433.8557456506479	-5071.729965221582	55.4524226628423	26.692313064598874	459.90247562112927	-624.5239182452144	1749.2594533704134	5233.546143049102	-1
?	211.08325245720687	-4841.793446194683	58.39078537246767	81.58584774499147	467.05773333803245	-1956.005988870818	1910.437144714013	4700.058087596515	-1
?	191.7660733409146	-508.85124968851596	59.53171505009186	-19.413174221922343	362.1021761775887	-2109.6066505478193	1984.2623577502384	542.6563869054936	-1
?	185.64068997278116	420.29187759828267	57.420126661371555	-29.851593143169843	361.57740081064185	-491.5189702483753	1937.5699640592875	-311.9481962200245	-1
?	212.78066722082866	623.9842312358524	58.039135392933375	-55.9822306202384	337.52622766517004	1967.1560109075133	1968.6649479392372	-62.902392549799735	-1
?	216.83990153457367	-4275.613344416588	54.621015130359645	-110.57408425636734	459.93520135601716	8232.724385548381	1934.4248444317975	5968.66289906104	-1
?	-1	-4356.798030691489	52.51043118011503	223.30776423178955	749.1624469425876	8472.076038701602	2267.098092892288	6454.1759571605235	-1
?	-1	0	65.78640334194908	309.2944927609956	883.5390032910957	4510.5996844724705	2257.1336422898225	-1575.1057724200712	-0.4792251658856752
?	-1	3296.99048429912	67.97515581816475	110.1598024890971	974.6924311662103	-4813.800317595693	2188.342804271285	-9158.56797073996	1.1587780075031378
?	163.8495242149554	3147.0576648729516	71.29439346640392	219.64960239314556	642.8489874113119	-7581.373144819983	1799.2052437528262	-23150.438663479777	3.0825201756886385
?	156.35288324364703	-133.6714444212321	78.95763593782199	74.65934135107374	595.6237739252125	-1978.745911930678	1030.8208710973001	-17195.21931884498	13.100307914576916
?	157.16595199389383	106.26980070424035	75.02736053395759	-247.9512964987015	543.9116918147784	-232.33586555444245	939.4442778105803	253.22871074804516	14.274630644423121
?	161.66637327885903	17.625319891898307	66.56007111288696	-343.96193537641955	584.0069806474904	511.6131048999064	1043.4823066347024	-1251.820260859472	8.96417317276757
?	158.04721798848874	-3253.327465577192	57.82926376513667	-296.7531208746123	569.4923470597736	2083.374406174758	876.8532647676069	7689.872689023914	-1
?	-1	-3180.944359769786	51.7224150691564	-119.54038446091431	688.175700956228	2249.107763804913	1427.9759410858967	11797.163327096181	-1
?	-1	0	51.85224454209098	-13.338841380055063	681.9477352500188	-767.8327545351981	1466.7114311224138	9583.176180289254	-1
?	-1	2372.080077675642	51.05547300015365	195.30439208846954	649.7840632294682	-5865.571188319543	1907.1347501003577	2907.186644990044	-1
?	117.60400388378167	2660.7332974006695	61.61746414651442	413.08425975767466	388.66917583404273	685.8298419827771	1612.0707633719155	-8226.314122075408	4.047865885362235
?	132.036664870033	367.4192957889092	71.70968598803731	82.86617663546055	684.0755553286069	4239.302278467911	1495.8190439965888	-2896.4735897450387	4.397884813114539
?	135.97496867322707	-2660.7332974006695	65.76077297828743	-348.0497996648938	600.6342897574375	-1190.6238025145738	1467.247083884664	-1001.9387572765608	4.054509204486248
?	-1	-2739.499373464551	54.30719600479268	-229.61101611220354	624.5443652028785	3152.4720098261673	1445.722106132761	5649.864797122393	-1
?	-1	2904.628830231745	54.2802221726773	23.602649617390142	758.2578902487453	4875.130310436315	1749.7403237407827	10820.080618462645	-1
?	144.23144151158672	2810.3266873874845	55.48732848566218	164.8753852777489	868.3008807246933	-8089.617432260231	1986.7261370558913	4073.0921652781453	-1
?	139.51633436937374	-30.127350881758268	62.523991436564714	146.89618645866824	353.7770186357352	-10112.54521544416	1953.3949320046893	-742.317816198154	11.148200427260408
?	142.72507396749882	24.922694910425296	62.83213780859557	-59.04763615997631	362.6736199524872	-772.987281954584	1949.6102462459837	-378.8739501237492	10.905801696760292
?	140.762469114895	-2874.5014793499863	59.57160962856591	-224.52890764945147	315.12765453800614	-1750.973911541311	1934.451234498502	-1151.773011809723	16.56349645283024
?	-1	-2835.24938229791	51.605692426123035	-215.37284162010087	275.1249243754219	2299.0745900218417	1892.0215956554978	-1095.7033733216615	-1
?	-1	0	48.802967547560904	-22.200655194203243	430.0813840390978	12340.81633613623	1879.666065832419	6232.991634314812	-1
?	-1	0	50.49565966641288	72.59504003947382	892.1657411822313	11000.386594457634	2203.6711773712373	5002.097236894342	-1
?	-1	0	52.43271954953458	-51.667855011580926	980.1007137619777	1380.5324907799745	2129.770927677135	-5690.644381199974	-1
?	-1	0	47.91226691583384	43.601172065958465	961.1923657212298	-1471.8437915580132	1919.1389583112395	-1298.265216458899	-1
?	-1	2505.7676622471695	54.6127781528325	379.36359861444055	906.5085241840773	-10908.42464414122	2064.8576668541905	-2229.402591938027	14.58289276850163
?	124.28838311235803	2391.0680367736754	66.8804468465558	187.81617260789483	415.77113351417074	-11603.909651697166	1807.6688287143386	-6652.561452500059	9.294584978574799
?	118.55340183868334	-127.8153725531364	64.0035867832272	-6.633304434179503	326.31304159922104	-1342.086402918426	1732.2295942291887	-7996.162157932286	-1
?	117.89761448470124	-106.62293999615666	66.54878162484683	-164.16930841088632	348.6668133682497	-175.35020724054283	1407.8607208177257	-2726.771682739041	12.777271732872109
?	113.22225483887553	-2377.952289694033	55.79512136268292	-288.787229830777	317.5455312371939	12374.424535777142	1595.8910100922371	15565.65320429249	-1
?	-1	-2284.4450967775188	52.10942013330803	202.05003412989882	967.3880401571046	7216.567647107928	2186.1433810323474	-4177.270244716857	-1
?	-1	7629.621226809017	65.89762306917783	211.84523445059557	678.373913592589	-7653.453027393921	1387.027497856395	-16179.735912437913	2.8426640927092945
?	380.48106134044946	7746.530427836968	62.70168185583777	-2.507719178355794	584.7153887874099	-4641.404299811812	1377.1565854104547	1378.0136456569567	4.532900248584477
?	386.326521391847	4142.033830624893	65.77223711026004	49.1894066543853	446.30369860199926	-5.059306116800162	1455.9281801392426	346.51479441172467	1.4437087886949267
?	587.5827528716934	-7746.530427836968	65.16115218855703	-214.6399536760024	584.4624234815699	3155.2680342178132	1394.4823251310409	2280.716412720334	3.5303118228806256
?	-1	-11771.655057433909	55.040239426459955	45.47476582802249	604.0671003128894	2983.004358894017	1569.964000775259	1692.7225411046325	18.614670117876845
?	-1	0	67.43489047995814	53.8907402284642	733.6126414262702	5737.716069810108	1479.1184521862722	9628.40438351992	2.077238681696516
?	-1	0	57.734776437883156	-299.6148487968318	890.9529038033937	-104.0182782266701	2051.3842199512533	10954.929289480926	-1
?	-1	0	52.45414804011661	23.763645420206615	728.4117275149367	-2456.0917588442494	2026.8649166603166	10160.57384192989	-1
?	-1	0	58.92295870889348	188.84117576248	768.1483158611817	5082.002119081091	2559.412912047746	13708.703430112671	-1
?	-1	2683.882769644448	61.89620682824057	-11.302825243385014	982.5118334689904	1441.7338250888731	2712.3000881659477	1162.012407322049	1.9581007717289722
?	133.19413848222194	2519.763586182008	58.35781744672423	-130.89632717993385	840.2350071156251	-8364.161623353602	2617.513532413848	-8431.650865782905	-1
?	124.98817930909996	-258.02059822885815	55.3513904692439	63.993592197401	564.3037523013118	-2805.8986440143312	2290.717544876804	-17435.259721620372	-1
?	120.29310857077908	-224.69904547861967	61.55749705659427	245.93552676809213	699.940074914909	-787.1888838974343	1745.7505463328328	-16803.372978438525	1.1950099759711243
?	113.75322703516902	-336.93807321779167	67.64816680764847	-28.012089636263752	524.9443081064402	3421.6680536387034	1450.5488959548807	14636.369024620855	7.382738126454491
?	103.44620490988956	-2295.0645407033885	60.15689257478109	-191.12449494995116	871.0234775968436	3354.6096786039952	2477.568997563873	23627.99087911798	-1
?	-1	518.872893453899	58.09194206015094	89.38421000720228	692.6747920366394	-6736.4530575657145	2631.9484399107755	-7003.857816363386	-1
?	129.38984958258442	2469.821450404219	64.62610307514119	131.09985309885604	534.200824718559	-3536.7213614627726	2127.376106745705	-7347.481291230078	10.391669514822205
?	122.49107252021051	-169.30542613922373	64.64693471509372	-113.10551620676418	515.8387239635014	-1100.3738614593253	2264.574375349273	731.7177687056509	16.717671914789598
?	120.92457827562326	-2469.821450404219	58.970827264803	-340.7381531639627	479.18213164559296	1100.2489352386003	2163.9619951809873	-2033.4364433654064	-1
?	-1	-2438.4915655124737	47.610027056895646	-312.20110530103153	570.8511707254312	1299.2863084427051	2162.902553181003	-180.59668594917704	-1
?	-1	0	43.36077199975148	-19.987996053545842	544.146447067728	5565.849274082674	2154.9321608835285	222.55762744123865	-1
?	-1	0	46.61062725421836	18.717018072731474	849.1436344295639	9411.844117444112	2174.030434553065	751.0212029743096	-1
?	-1	0	44.29662290338805	-91.11503092060805	1014.738652939932	4711.5678180040895	2192.483221032244	796.5801427175603	-1
?	-1	0	42.05487570818797	76.54138876034465	1084.7220253297676	-2932.6438790962166	2213.8594416889428	425.56120756973695	-1
?	-1	3039.3703202955116	48.12369234140527	600.1205977145111	868.1064589851217	-11126.998459895407	2213.7612814107306	838.3484740373599	0.2706794992185607
?	150.96851601477505	2928.7598091538007	72.06090559391342	494.60623251041613	528.3721023349992	-7919.84873927544	2255.7768653908106	1898.9805445089746	10.560677939601335
?	145.43799045768952	-196.749537124348	72.85400396692599	-270.7448771683476	472.1140220213511	-349.62475282818116	2308.710308636179	996.054745674668	15.818716834415023
?	141.13103915855768	-2928.7598091538007	58.523661735496084	-423.1633141936786	510.89086469359023	676.9110649067944	2305.579602674544	-296.8374417047482	-1
?	-1	-2842.6207831711636	51.69583825724213	-221.5266277787587	505.9595752666907	-95.47262581344774	2293.8684365509416	1371.1509148586767	-1
?	-1	0	47.44733034655819	-144.3057665826185	506.11723340291786	597.154778580301	2374.1371484174774	-1489.1345421043713	-1
?	-1	0	44.48054992811123	-48.923675390450995	535.8173141957057	1969.4300726555562	2219.4117094457233	-7244.839089561872	-1
?	-1	0	45.00114657703565	-21.452056289181133	604.5887370356953	2755.703314467986	2011.895193939385	-2601.3060261151895	-1
?	-1	3180.864866371341	43.40794711365218	188.0225465821057	673.6024799191044	2963.596438584922	2089.3464081399643	5789.169817030745	-1
?	158.04324331856648	3121.4692034860436	54.4022739061409	530.6300812815321	752.7685589649409	-2977.425833686067	2301.3536847909213	5113.75127291386	-1
?	155.07346017430163	-240.1730466295234	69.93945117772869	176.06007782402335	524.7311882348016	-4851.663055808711	2345.0339717856564	1072.8287041299466	18.23439956663695
?	146.03459098709035	-3121.4692034860436	63.205277797342035	-286.2144098749681	510.1854061745062	1099.8141693021255	2354.9951199974184	1515.180833770124	9.938514159114622
?	-1	-2940.6918197418177	55.62873068398033	-197.39847950044066	579.7218966999077	5092.645277140333	2420.7930134741623	1784.817789147016	-1
?	-1	2836.884755052918	53.33535382232004	159.17917209069302	764.817670031522	-1176.314440641233	2444.236009454769	-10940.756970298064	-1
?	140.8442377526454	2599.262981966214	63.58768928851495	38.9272557335272	520.9061746678462	-2855.1395940352822	1873.755164959261	-9951.708495504276	13.187512710802984
?	128.96314909831023	-2836.884755052918	55.28171660899639	-300.5658080260847	622.0606903297584	8636.863607851567	1946.650584679557	2634.435121249681	-1
?	-1	-2599.262981966214	48.55939888721077	-201.58645590816292	952.749355060423	-1259.3494350297328	2005.4769210217446	1518.2156365332603	-1
?	-1	3256.9943012230997	45.20239381358828	253.754104062559	559.093218578272	-9130.691505196108	2022.5613665062197	8694.211461467416	-1
?	161.8497150611544	3025.7631654120946	61.247104090338674	399.65930767976727	496.2147798006192	-4583.221109890063	2440.187494095114	-1746.2778021948332	12.137302108840897
?	150.28815827060419	-506.17187683572706	65.18535919757657	-14.407744929977804	329.9321630837696	-3071.1598333789966	1935.2474763964783	-10176.879156411527	14.804017731129061
?	136.54112121936814	-595.455622622221	60.526716843839786	-134.13142462090912	342.65678813166994	-1561.296902013014	1931.3435362745392	1214.0409456521966	14.971780365958228
?	120.51537713949271	-477.40417117498004	58.47878796653102	65.62976903625943	251.86731798311777	82.70394661535188	1995.949523679089	-2388.0710219637535	-1
?	112.6709126606188	-377.806924489741	63.808205295652805	45.390538348493045	346.7919854624376	2709.428921177383	1811.9399851763499	2143.727457868214	11.854411923467518
?	101.6250309150054	-253.48820017439388	60.74831488395571	-112.11454795132451	387.33876404198884	834.6559760719681	2103.135896572501	3098.5930273140743	10.513723789743564
?	99.99650265189892	-89.12505055801164	58.2024778980865	-97.97183241334298	388.5247842660366	921.5117918184825	1966.8696365420558	-6019.516697687728	-1
?	97.16877838710475	-2019.9300530379498	55.84972326328849	-141.81604780665648	433.4143536329136	-375.48082540525377	1802.1600616881105	-625.1804483464641	-1
?	-1	-1963.3755677420672	51.111675507753574	-3.0999432604098858	369.75074299577363	8004.2012174096835	1935.6106141247321	6803.49604530525	-1
?	-1	0	55.69472610026799	148.65580362519256	833.6244145034035	11809.206688771157	2142.334863953378	8641.660720146283	-1
?	-1	5293.86602249059	58.54446568901331	36.22536120061915	960.2110774343399	-6103.9448727920235	2367.6936501320524	-3866.6763206701894	-1
?	263.69330112453326	4410.784461473361	57.505994160298975	-40.429849252324594	528.427170863798	-12131.818332637185	1949.0010479198656	-16245.010927959176	-1
?	219.5392230736712	-389.0456716469551	56.52297322639705	42.00071122269745	353.620160802472	-2070.213995139674	1555.4431037340821	-2455.5302564993112	-1
?	244.24101754218523	304.86591668193194	59.60602972143388	239.4266951319601	424.9164711068128	5324.60381166586	1826.2245350948983	1768.0070017244109	6.055381021686558
?	234.782518907768	-121.22798719254943	68.49430798299522	85.35592962777578	619.8503513857688	1720.0661949248802	1643.843453820304	782.75271636918	15.170104701380842
?	238.17961818255768	56.07475895450341	63.87382620282273	-202.83641703998694	510.91978085305806	759.6240385708649	1865.3621709133579	2249.4147339298343	13.546447754609696
?	237.58625685549322	15.475164263033669	58.35248713099573	24.979444620775766	657.8315533143126	458.6220063977126	1756.3141905167972	-9835.554427091598	-1
?	238.95337639570937	-544.0172257420263	65.12279843386153	186.45126906820485	533.850881172944	-2261.4683400858366	1373.584449558771	-12685.652040860761	8.943908833389333
?	210.38539556839152	-712.431696010242	67.67505058440611	61.48612066541657	544.7581363100192	897.1767784815834	1122.0315884737502	-2582.2180213178713	9.45968401445115
?	203.33179159519676	-163.60298367908052	68.1971044671324	101.29034724912883	578.7097200970238	-1441.7586066853937	1244.4735484928756	-1651.854299676683	9.841309460817303
?	202.20524638443737	-174.85542004125912	72.73956794686262	114.02286778077135	472.67020597574844	481.16638221627227	1039.4388734899148	-2003.283493032667	13.48455488235435
?	194.58902059313368	-1944.019823505039	73.89824785617105	22.724447164829616	602.7680392078378	1756.0452230519218	1144.3093738412408	4349.8204781516115	6.429861448563204
?	105.00425520918404	-1564.538289963397	73.87579030510412	-39.17241493635915	560.4724671283458	-1392.4360089580712	1256.9298973974985	10856.631923626846	2.3987857925355023
?	116.36210609496273	44.98644713010172	71.93962710935307	-149.83975136266807	533.1462387599332	-1370.88528699369	1687.1409700225909	10754.654458652823	2.928341847327958
?	107.25357756568916	492.2105332141929	66.38380273697061	-201.85610719629406	491.9282027786603	2969.4386917247934	1794.6626203301473	9509.767198771244	3.061838455734224
?	140.97263275567272	2466.191793232351	61.84682174953822	84.77466744691121	681.618173346175	3937.440674839398	2162.62932996116	8907.637040241376	5.826739951805159
?	230.56316722730844	2085.524703821569	70.62253610931623	219.92341063868906	688.800236520633	-5155.774595581345	2240.0444723422224	-7508.22080015226	10.247206161885071
?	245.24886794675265	-191.56194174992845	72.84299228147283	-76.73879974837779	423.8294435671041	-7689.135573386824	1787.2182899535414	-8913.306367517595	15.044381371834117
?	220.98507013981188	426.7883498042399	66.78559612189729	-32.51139341250319	304.34345785128636	5620.605909265571	1794.3791539663364	8651.28319616379	10.20932105668495
?	266.58828543696495	1026.6358324679136	71.21742261084765	181.97014814808907	704.8597390303867	2768.542623782119	2219.782449761737	1358.7254581539707	5.456684074012168
?	272.3168617632083	175.173481016785	75.88410352930187	16.718775655518005	442.77058904039427	-3575.7332035045933	1862.315426874036	-6369.2548754713835	16.701101209600004
?	275.3469594878043	146.21530869262094	72.05336139362356	-104.78686757378107	526.0730788551545	1071.0368099617979	1901.3197059881634	6266.282953071524	12.341094911856704
?	279.62762719783944	216.9185029949009	70.64476015061274	-120.0540714362657	496.3224295384849	-1412.0466778706764	2175.6295745276166	-5145.731329452669	15.488584039469567
?	286.1928846375495	-75.61847541122012	66.05065782181019	86.41050276777597	455.47074496161963	1515.5615746456863	1644.0331395155263	-18448.108797162382	3.0702309293752807
?	275.8467034272784	296.86165401095457	74.9652852890016	196.28050215603258	572.1005082707703	1469.5280555018048	1253.2241346694843	-2761.8067101069137	18.618086922547878
?	301.03596733809746	756.0707607616388	75.86468292961196	76.42913143042739	528.9471477367109	-3518.534110306466	1505.9428040101786	5572.577125283454	16.03686777615368
?	313.65024146536086	-39.22627339398731	78.78674186052302	-77.4116958782631	396.1738027554445	-3315.9352794589286	1531.852990933661	172.8935085169881	18.153874202504923
?	299.07465366839807	-56.52036035933099	71.99409813569875	-313.385560168452	363.15038376376214	720.4959189964313	1514.5874794360282	2967.7873341447216	19.71917510261409
?	310.8242234473943	-6001.493073367876	63.1174638521002	-234.03153767185893	432.1985987052666	3122.4164225875165	1680.2423576408992	5724.409284327095	3.0062622848953335
?	-1	-1465.7791260601211	60.29252125210564	174.61484025751938	519.2712048931402	1897.2426738674428	1800.807943652387	3082.9190094899122	-1
?	237.53526714438718	4113.883718750542	71.8482058649763	284.7307419356546	527.0607323986401	-996.2740072494756	1834.388308115397	4500.034821611007	7.681353628280316
?	204.69418593753002	-686.1609502456217	74.52905834888857	-142.67518973454426	469.4575045306657	-761.185475153747	2025.8096847329405	4154.668799474362	14.144013155300303
?	203.2272196321056	-38.44956784468766	64.71444637824898	-327.7540783723277	489.0014586409522	430.74785489349733	2042.121748089118	-2492.268721649094	10.173155164555086
?	202.7717075452956	312.91001074566066	58.14135443027195	154.15727051378022	490.99489727534086	2056.324675059913	1901.196248650484	-5616.60243622158	-1
?	218.87272016938886	-194.07108568202952	72.4223099039381	260.23733488427933	591.8176923939493	2964.85344076945	1761.291626278035	-11074.890088536891	5.9889983670477225
?	193.068153261194	-791.5367499008694	71.1532211744861	-163.0805866039787	639.2375693138155	-435.8068807756087	1347.4517442236315	-10441.121326482613	10.50131766472655
?	179.29588267434482	88.8997645158888	64.26828057373905	-95.62697344741571	570.0273483551686	-3465.1228833440878	1239.2355599538969	-5204.916001591454	6.82939741465245
?	197.5131414869885	1423.1322199331428	66.37187250211525	164.34496564817346	465.9814251466086	-1091.9003032626078	1087.2059441440551	-5445.640945383393	8.062443045354105
?	250.45249367100297	934.4488249700962	72.48552885614784	-77.96478960926794	515.4323331920374	-876.3767019901684	966.9535126847234	-851.8543312271202	14.654505145225523
?	244.23558273549398	30.474063554745634	62.4736330216518	-331.51699974920064	422.16259004709957	2291.6127206331444	1044.6132275826985	9916.06229467945	9.60686236340167
?	251.97619684874027	658.7301622957833	55.90967886868757	-39.64106232998092	630.0129692236963	6330.836194619509	1462.756627418703	-429.42939156208996	-1
?	277.1720908502836	458.5653222438779	60.491579905152726	407.50064530981666	738.7043997780795	-1053.8897525817752	1023.1417580045937	-6836.579258535142	4.031294386980219
?	274.9044629609345	229.9636437295966	76.28471113417869	293.97153649890294	577.3184815946067	-3003.2713039167543	1120.927664491941	8056.125462508837	17.438302524535477
?	288.6702730367636	136.16140383288587	75.19015673009808	-223.39236881160326	588.5408345822397	2893.505252838522	1425.9480311300413	14496.077765388885	17.809189939244256
?	281.7125331525789	-5793.40546073519	65.11509269359837	-244.39697542980818	721.9937442365349	4935.907499418699	1845.7315527613955	14317.905060400386	10.49638875415523
?	-1	-960.3706910593365	62.9703079586075	-67.26401308104248	835.3362095531782	1745.0940278287592	2141.8432841500708	1974.689512626914	-0.16961465431674194
?	233.69399859961138	4566.885533737482	61.7518920395462	166.84809787978088	809.2484456279741	-4711.514721058048	1944.4660283927426	-13770.087082914282	5.59110525127307
?	227.34427668687732	-143.02562082902307	71.31271285259666	115.329543473864	599.7604735002724	-6548.9869245616965	1453.3389300043468	-5026.544041868989	14.29977225240712
?	226.54271755816012	-37.01287871707966	67.51836921323948	-228.63066972823933	481.7990993998846	-1675.1406670093422	1693.1388262992896	6218.685531564586	13.259531317283324
?	225.4936327510233	278.3433704539908	59.88117936618453	-141.56968166211084	516.0034401498041	1051.7820910660564	1764.2732065825805	8334.268214549156	-1
?	240.45988608085986	-297.09986177682913	60.43988513013384	47.71164880070959	534.3882039531882	-3111.996278734597	2109.8522370267533	-5229.72137186993	2.5188440421433596
?	210.63863966218165	-791.398023807675	62.266761806220046	21.33830037148284	360.403626213072	-5524.124974968153	1502.7871379890803	-1894.0346494966211	-1
?	200.88998489047555	-293.23924635505404	61.506800148707995	-6.827319363049798	258.1819552047766	-160.65603205571279	2015.150504551921	3470.809407947787	-1
?	195.97667734442874	6111.967375116433	61.92539583806755	-69.58087366904309	352.37082461028626	3687.0738223023523	1676.327608386472	-2098.2149963164893	-1
?	506.4883536463015	6326.6440825231475	58.02775646525579	-91.81279538849378	442.53564631989684	18097.897186650567	1910.239754736095	23397.470656738373	-1
?	512.3088814705906	-5756.463785178403	57.3347560686428	147.27928882114117	1257.2656839428275	1240.7265816543752	2846.2011412234074	3252.6406415429246	-1
?	218.66516438737727	-6331.428217211861	65.39172090631296	278.44470089428813	504.5719754026165	-13921.312520352096	2072.8717868132435	-17656.746453888634	6.166340503452678
?	195.73747060999298	-616.1647659342183	71.2569911133574	92.04845863611195	561.2000579252128	-695.1825263886568	1963.363818528963	3965.1311927318948	6.883146520249296
?	187.85692609066592	2254.795715697143	69.99414383811862	-103.72409524418339	469.81284908318315	-3379.23514363131	2271.128346449841	3303.7007854005547	9.621608778986959
?	308.47725639485174	5275.285225799366	66.07078635114816	-236.83001486562495	392.2383007436449	-964.2799502218303	2128.548857798993	-4973.2252980787935	12.036802845845921
?	451.621187380638	1140.1655507098358	58.1526430948372	-32.395547579624626	421.59885157209095	788.5907707599712	2022.4670815458978	-596.5564582751364	-1
?	365.48553393034433	-2239.088063193915	64.4510089721669	128.03508019719476	431.66783928164404	-1331.74723190934	2098.721034885236	2597.790715950327	8.4772481058682
?	339.66678422094066	227.58249187490281	64.55439710469703	-192.28229156934785	355.011489976623	-987.8260787927487	2152.356617343416	738.2124285618543	9.63583291031689
?	376.86465852408963	-6813.3356844187165	54.836894393699374	-232.97068805012682	382.2765353420059	23092.333924052207	2135.631656313329	9945.15005326371	-1
?	-1	-2100.7434234727175	52.905862702190525	5.780516847267794	1509.62818617925	23280.136052345788	2649.6141200066086	6158.420474023727	-1
?	271.82748735045226	5527.423850988265	55.12592023606277	491.63062045479364	1546.283337959312	-19253.979518277953	2443.55268001452	-13967.668319564287	-1
?	275.3711925494172	161.03790128219086	77.48739372493056	480.32788679743163	546.9292102653386	-19747.102172053997	1951.2307040283843	-9698.599853684962	15.509420601366276
?	279.8793824145619	-278.17073688128005	79.14231457593469	-146.47890006022655	558.928229356598	-1635.9482196966298	1958.6226873302649	2242.491862328361	23.81310756539954
?	261.462655705353	-1118.5115970763786	70.16344872191912	-181.635692142826	465.13179928050596	-3169.934964465281	2063.355297144804	-442.3452046431094	12.899427128965911
?	223.9538025607422	-1229.8220361785322	70.06052996879326	71.39658110740426	400.43148113333166	-799.5579208770948	1936.505427098109	-5801.089921065576	9.657186897071338
?	199.9715538964255	-687.3338315545418	73.73327777728939	31.382125883597617	425.15390323665065	3755.055158584295	1773.300801091521	-5813.121822655197	11.92496185829785
?	189.5871109830146	-196.47030843843032	71.62963626297317	-212.46669030482107	588.1842390625491	1750.6519715729771	1645.849335965345	-2784.3543133981043	10.821232683991775
?	190.14803847450384	90.22515235134549	63.10994326204818	-142.8435305107507	512.6865018153007	1225.5816273600756	1634.0830854216138	-6061.043718674005	10.007645021038627
?	194.09836860058195	-29.8216395179351	64.48745973743553	69.89232494002863	649.4633204305537	2946.5404228472144	1342.7971500316405	-8209.381748820048	4.027740115952994
?	188.65695649860706	3035.1323505814953	66.60455950904967	-50.802638841688136	660.0135229576636	-1558.6809064245183	1223.6139979806055	-1214.9229520034814	10.019796518776976
?	345.85498612965887	360.8894680800955	61.947327795351086	33.364922591346534	571.5292751093267	-4324.116875812906	1282.0510024314656	12018.38739468056	11.565145093331479
?	206.7014299026121	-2911.5300174254785	68.27280563861702	173.80797300824364	443.8076791670152	-3329.5607854609434	1824.533367714642	638.0428182136939	13.915525006061314
?	200.2784852583829	125.56477357954569	70.63772644576339	10.758437802993075	405.05123583627716	-373.61064828333764	1313.9531433421507	-7863.081976046544	15.533279213679553
?	212.97966858158946	407.84144717731454	68.81072752876668	-46.87761774128053	425.12714675284803	710.0826798285358	1431.3792689123093	16836.800293806624	12.775828749273636
?	220.6705576172489	152.4350233804547	68.29384555869933	-224.97454905966615	440.55536982770445	195.28995543273658	2155.793158032494	14787.301795416022	18.255651144284265
?	220.6014197506123	88.14477345810406	57.56200007578321	-114.52481787101384	434.891644524485	394.3612823587558	2170.744358683121	-3098.9870999838527	8.836845757036077
?	225.07779629015417	1290.6200146305182	62.56760466514856	159.72559851164462	460.2734339456425	3400.3176329588364	2000.843803033299	-7303.890933075678	5.465499884629565
?	285.13242048213914	894.4660458711886	65.54828000136556	162.90395193398308	604.9075261724292	4940.1397040065085	1805.5498120293319	-12984.229737035786	6.513244373810332
?	269.80109858371424	-264.2114367772407	70.71280226184783	-35.81248001154782	707.2804191459715	-1608.4221968377844	1351.6323161815005	-9108.561656866603	16.03074021579666
?	271.9218486432769	63.46699377239498	63.75765600078814	-289.4779489106286	524.4864163305389	-421.69183323256306	1350.1217291859953	5639.696562350816	13.718972386555262
?	272.97444827233403	-5458.436972865461	56.23890481631619	-203.7836873533285	686.195827484343	5029.451248190379	1633.6171442990453	10837.414807110154	-1
?	-1	4628.780697648438	53.56847163312157	-22.24595165120743	775.9589787400614	1028.3755096979294	1891.9924695415107	10604.071677022925	-1
?	504.4134831547592	0	55.126607233755806	-1.3395215510064227	737.6146029692402	-255.20581115697132	2163.820728150199	8882.398345674203	-1
?	-1	-10108.269663095041	53.501495555571246	-39.33813206797624	763.1986881822127	11305.40484069649	2336.112386825227	4705.9030643828155	-1
?	-1	9760.664803721867	53.159700630356966	81.61441259549986	1302.8848450040728	11202.452238647742	2399.1158813693432	12274.334840408863	-1
?	487.0332401861003	4706.476820243639	57.5822161853463	332.0200570391908	1323.3213001146078	-19797.996763715313	2949.829128845679	-8642.41646101218	-1
?	234.3238410121853	-5192.850169694924	69.76070348231674	350.73116535805906	312.98500681829296	-18564.84687525989	1966.995058318728	-26071.95431030638	8.861218099308335
?	227.39073170135038	-423.27993139178284	75.1187744532495	102.63133566521584	395.0789563516	3734.7329072460802	1646.2314133303414	-905.2755129797569	16.027335494429213
?	213.15984444259587	-542.4088806185991	74.89227026557761	-50.41309590273996	499.7216521805996	1515.303326605	1921.7312826697396	80.86932226613384	11.172995997843667
?	200.27028767042003	-274.0601553785979	72.59811965811247	-5.453837593681706	470.8441226818511	-532.0438536746364	1650.2748794436482	-5351.595716820917	7.025215820094222
?	199.45683667366578	-80.82848114741977	74.61957838589352	-103.16894829434712	473.1194594968674	-306.64907979703815	1654.15149682869	-1124.1749487892707	9.282449071308946
?	196.228863613049	-54.28296649519134	67.43967224339504	-311.9976381262772	455.511668691999	-169.67130501822666	1594.0661320041838	692.6161581168336	13.800659378748307
?	196.74268834890617	427.4592499511154	59.01969647957944	106.6654735716627	464.63589424595597	4058.4008367998767	1688.782304734532	-4794.3704507017765	-1
?	217.60182611060506	98.95595969713868	72.77294592197825	267.78019363395106	658.4317105319957	6165.627172552542	1354.3476094690916	-6293.0719013463995	6.364299370797231
?	201.69048633376318	-406.95240734850006	72.40870616127718	-21.857537190215314	772.9172528735875	1071.7131449380265	1374.1287096672077	2409.723387679039	11.97922408288582
?	197.25420574317977	-141.53971749773999	71.68006906246747	-113.12412618467458	712.0173677788978	-3543.1397202882245	1474.8337788530453	4544.012728435386	13.199074809095237
?	194.61350045887608	29.311568940945715	66.75249985204337	-157.51529301730986	595.7602668591737	-2173.2602796309	1601.3293460889802	1095.6846322077108	10.349901446978011
?	198.71978419022707	452.3361592777591	63.80430441160186	-85.64616908829484	603.3543537973512	-360.857312186003	1529.6180104634316	5917.823999137661	6.998336977705364
?	217.23030842276435	116.43430037289028	62.47019139762857	15.126254798094363	577.7174012498733	-4284.647341836172	1897.2205460458674	2856.941630584129	2.345041136876945
?	204.54149920887167	-396.5280994753585	64.56061715150659	-33.112418122973494	389.1219867055396	-3786.3007210803094	1672.46509199264	-2685.175407109644	13.663335275077856
?	197.40390344899615	-244.80995962135574	60.81457049147987	76.45009810609315	388.40236519585517	-239.2612624998992	1762.9617756903833	3524.9219390389317	11.30885000180444
?	192.3010012278037	-194.84032911022504	68.3831220568113	24.38807424057395	377.15892358054447	-1021.7071431358991	1848.7111889445891	-557.7819626062058	19.51405616547684
?	187.66188699348476	13.075077877629537	62.033974203508585	-124.84542297636729	337.3170080390595	-2202.452400668556	1735.0726775600726	1667.5537088428828	-1
?	192.9547551216852	827.0040254295574	62.14085090799285	256.62139297390826	267.0363035471151	2065.2183927008036	1932.0888743867345	6261.789238996377	5.658041349159219
?	229.0120882649632	518.4101945861988	74.86504385220418	251.87284748910795	440.57792767410115	7680.626173968777	2048.162139509896	235.9969512172541	10.664161285363225
?	218.8752648509955	-195.55228321590852	74.73449328244843	-69.67507132293704	651.0676122455594	963.1941497887829	1943.8887219475973	-2741.9497509697812	14.117443543061151
?	219.23447410416765	298.4508249277812	71.38129028605728	-8.727362728088668	488.737635163541	-2747.0066202153835	1911.064651961405	-4260.119241325504	10.908524206057024
?	233.79780609738478	629.7063749348793	74.29812514604399	26.490045472078144	513.7172812347883	2097.74595941599	1730.882759881319	-9220.489686000024	16.232165088433227
?	250.71979285091206	828.0184919951342	72.7057925596612	-1.4213262316417083	593.624933134342	1663.6388807271364	1450.0401676613972	-7056.963909334122	13.380207446727573
?	275.1987306971421	823.6027227978118	74.2270588344619	-1.0233790930573006	596.8992252711463	-1392.16513175074	1378.034564414608	531.1341063403613	15.439170216174656
?	291.89992899080323	228.27300099786174	72.65462360500834	-247.86603595962848	524.016676546804	-844.3125621741563	1476.5968729784156	191.59038698604218	15.358577403408873
?	286.61238074703533	-23.759166550590525	61.8337570364803	-317.40891621782316	554.6835971624379	1827.2269881751472	1387.6140837639102	3949.3821870127963	10.579084010953185
?	290.7119706632737	-665.1645414935214	56.78417779411696	105.18121143116254	615.3780259555626	-18.871669120805752	1674.0659823290582	15709.346571458636	-1
?	253.3541536723588	-1191.9058054647408	67.0928176080385	337.44879959958416	553.7400137063976	-4262.588404789774	2173.081412336853	18156.135335456984	9.957753605396059
?	231.1166803900358	-752.344555458181	73.6566177740964	98.05131857942658	402.24860571607087	-1826.258737971199	2581.8727491019204	-8022.211989658149	18.69833481135721
?	215.7369258994492	-558.9090980723915	71.9953835370099	-125.62647643563358	462.42707680783633	413.63208457214324	1771.97081285394	-14546.765156415096	12.97621180866851
?	203.17122548641584	-292.8087372422622	67.37529395231464	-43.31149230022357	422.9302099446783	-488.71400968499177	1854.5344912811552	3412.5714494210174	8.506343681218352
?	201.09648903733589	-583.9211335283871	69.82980892199869	36.997860046346645	437.9913763235864	984.8323478642325	1942.5993853249934	398.32477331362384	9.493997921820483
?	173.97516880999606	-248.48162321486416	69.225186954632	-172.42197142010664	472.17182733789065	1258.6481676916517	1874.4507299468366	-6776.866241404454	7.320390256277173
?	188.6724078765925	801.6811216313135	61.208710350993236	55.30386611040036	500.9237847081699	2874.43900423751	1603.7560732547659	-4132.923809636122	-1
?	214.0592248915623	379.8319946862162	71.99038026015205	245.05749058172177	615.8937775497682	2059.364161713976	1667.8045394650276	7618.648418169547	6.621262272668839
?	207.66400761090358	-177.80091063711185	73.4615848800795	-133.68959714322935	603.8919927938701	-739.9746451804922	1984.6884941632486	5575.283307020375	16.32143436161637
?	205.1691793597066	14.490806699886114	65.30590040299049	-335.3473522486073	578.895045290743	-22.12495065900353	1946.5687048160503	-3709.260750694454	15.031882307909427
?	208.3885479458979	87.94664721399715	56.694217267648895	19.760374237635578	602.78574526092	-1083.0235588510554	1799.2254566285233	-1539.2102521396973	-1
?	209.5665117204065	-315.30753104479123	66.29391911487228	249.05233340418235	524.7438673481895	-1378.504463174364	1869.6081922090643	227.41218164255446	5.817749153133241
?	192.6231713936581	-481.22509733155425	69.14683393785819	-63.41607853608972	533.8605221022008	-746.8139795601527	1810.5960657106511	-786.0270458520724	13.302577152531125
?	185.50525685382846	-154.85296038887392	63.12311518806775	-175.80889398970731	487.40316837018133	737.8855105852185	1830.3068399164601	1288.5342763519518	9.989856063883785
?	184.8805233742143	-3730.1051370765163	60.3563892383727	-36.94002967189026	570.7547976314622	1465.6180396396685	1875.0227795282497	1476.8825356074303	-1
?	-1	234.1216262549893	61.27611370447321	141.3525234103187	560.6840703521658	-2436.901179174909	1904.1509666968327	-13631.497443318442	-1
?	196.58660468696394	3642.8459215270273	67.42401540888874	104.221487254354	448.90973867271504	-2801.6800989770877	1193.447907362318	-18107.556432646208	9.568682462694314
?	181.14229607635394	-322.1163319457332	66.48718806719099	-110.50371567380991	420.60006540330943	-657.9627542475621	998.7731450645094	12275.950675153497	11.373535544846291
?	180.48078808967705	-3642.8459215270273	61.89882962519816	-146.88792620240298	416.01160096033647	5430.338707013269	1807.2454411200015	23719.347291921225	7.06957157690721
?	-1	1139.3955683345987	59.14279175707073	186.84227108606612	692.1170007539768	4588.14397576451	2184.7405096605876	-684.5723736785878	-1
?	237.4505665064078	4998.199528039301	71.2409431795016	296.2473133127678	645.4187997485652	-1881.749677388389	1773.0168224360716	-12290.633010764557	9.923680563935113
?	248.9099764019686	58.50335834679728	73.95515742270933	19.913537441414917	598.029516884556	-3532.379845418095	1570.208859122351	-2292.577975369435	11.366146760103188
?	240.3757344237477	-309.3513583386984	72.23662005157236	-94.16237915908235	468.79980747765796	-4729.4326294385055	1658.3879236675982	7991.331794952562	9.976674220991361
?	233.44240848503347	629.4679007606125	69.24703846475515	86.10997964110217	361.55788541262734	-3553.308209363667	1969.7754488699848	8121.401955950694	11.298855706654695
?	271.8491294617788	1745.740422947704	76.54211903362753	233.48009866593864	291.1343970094721	-726.8506861928323	2064.4580214651387	-836.6158389149013	16.80268009101854
?	320.7294296324199	1160.0246019588046	80.92104339805225	-114.02309570635035	325.2153511029852	828.2788971212126	1927.944656924239	-3194.122359735684	20.210400873245167
?	329.85035955971983	164.18505195312827	70.84096424830993	-395.7790612705343	332.5483418655333	1342.6435162258636	1904.7519034783522	1590.4505516812835	18.217170614155545
?	328.93868223007644	56.72231349878563	61.13209033452525	-289.6578679406669	392.34752691427934	879.7449121074044	2007.4671845083044	502.44608312026423	-1
?	332.68647523465916	322.9716928660877	56.35807085127638	-145.45107362959305	376.53558747090415	-1074.3588407180864	1929.8742076343658	-4332.679330818552	-1
?	345.08726687338105	-6673.7295046930885	53.859536653045495	-126.74306793514451	338.62958487837426	5150.2228439999835	1790.8332179673737	-710.8105221922541	-1
?	-1	-6921.745337467522	50.020917454519065	-123.51632205762252	634.046729670907	3501.883435198846	1894.3336815247526	3036.500818965353	-1
?	-1	0	47.68372055016428	-90.28766754423671	513.7237566383191	5506.937023881852	1942.6582589156435	2905.2603827020125	-1
?	-1	4159.478073633157	45.506534077307165	237.5756298442788	909.3935808650035	-4491.54711793466	2039.5967006598553	-3362.571175712285	-1
?	206.9739036816608	5012.394541068567	59.56250204237839	558.8784585121871	289.1464007415829	-9987.451251297807	1774.5297001300269	-6243.179722783371	-1
?	249.61972705342305	1413.4585255888348	73.45045700291593	351.1087369881636	410.0210183001238	2552.0237361342165	1727.4377145206934	1594.5033334056552	14.281332747051227
?	277.64682996110355	808.115156657003	77.11793889178682	90.52405508769921	416.74758754829554	2264.3021375193925	1854.2548668003108	1036.7971520930348	16.840683273218655
?	290.0254848862738	161.70980888043457	77.97665975730095	-99.64398533225449	523.236125176095	3486.264203806509	1779.2775721253458	-3194.9358184705807	16.134524309629832
?	285.7323204051254	43.676825481253964	72.13573962517403	-288.5091847715415	591.0607977386235	1319.546882036936	1694.5080758767795	-4520.264783036299	11.698538073862993
?	292.2093261603365	28.933580720721054	63.55120051872367	73.91966006736462	589.2134692779428	1306.3046635578685	1553.2643329735276	-10840.45199689168	2.5272960012907375
?	287.17899944116147	-543.8853506240369	75.83172262854231	211.3133485453994	656.3760309165178	-850.8219213457339	1152.4854760321878	-4811.226148062378	15.630826436456882
?	265.0150586291343	-761.7926409668127	74.11686794599379	-83.06619012289157	546.6723732106555	-3622.762989379629	1312.7030255704053	9448.624997195673	13.21209360682378
?	249.0893673928203	-587.4612578273379	71.67841312239767	-86.71841952151443	475.2378814475338	-2049.037577968251	1624.916725891978	10331.90024208245	10.0803674677793
?	235.64199573776696	-229.76906653276572	69.780946969918	21.03067868036787	444.22049431224144	-642.9493727023407	1829.2980376745352	3228.4373927527663	13.092560824950903
?	237.60091406618184	-55.95993221666424	72.72994705641608	111.15392847902383	443.09041281241633	1737.032423076636	1786.3385955296187	176.13942189365594	13.778099662872023
?	232.8439991269337	-188.87748134105055	75.33864339386928	-167.2211300553268	531.0721154660745	1708.8801521601267	1838.105008769218	1976.081789734375	19.161561945940704
?	228.15703999912918	-4676.879982538608	64.36889055364962	-281.3123794405048	528.5344204204239	1883.503444879214	1885.1426850163389	5730.5894916493025	6.2389620068147025
?	-1	415.7891036407731	61.273024421843836	-41.9917606161803	625.2472877100365	6218.186226794071	2124.6344833516873	4524.942649709455	-1
?	248.94649518116813	4834.131667724667	62.269302522840576	199.7328155929999	839.4437317601319	-2088.604330051903	2111.389817501815	-17034.7960466056	10.472697687831879
?	240.70658338623676	349.8435581303666	71.25966520149397	208.743737695839	520.8170712074399	-3592.7560071059806	1272.8946810213952	507.27181978713094	17.32338814550166
?	266.4386730876867	1613.6226746586447	72.70648940763267	46.141382646257995	659.8059314048303	-561.0911350296226	2136.7534084911717	-5317.650056623292	13.696935021686835
?	321.38771711917013	888.18594187475	73.5667343338069	-219.73095123865392	492.76251445595835	441.000851830741	1007.0121781902268	-13479.822282422383	13.134991945212917
?	310.84797018142484	-300.99596794589417	61.71994184569982	-375.7915173873571	681.8559739963677	4409.025163179453	1462.762294370043	10788.642182924194	11.480202340599279
?	306.3379187218752	-1160.1348482496371	54.777158464438784	68.67483469821637	713.2137726149341	-2939.6135988619803	1546.4442873364442	4333.05083599618	-1
?	252.84122776894216	-1232.2420140245067	65.15368358061069	362.52773527382084	534.8752940532665	-4807.785587152438	1679.414836169855	5405.395911105457	9.591519761172188
?	244.725818020649	404.46594019863534	72.90354522813009	184.52545498765028	472.8244932573088	-829.6046208635955	1816.7140828917209	-6873.178787842478	17.310547308533323
?	273.0645247788742	1057.0535131153313	74.37995632999333	-23.871834254511786	493.3950630100862	-1940.424227924976	1335.7558967777263	-6407.508079365407	16.380297247969192
?	297.5784936764163	352.33925737306276	71.70995351540448	-226.99336005547372	375.8032818610586	933.5054396187926	1496.338678923446	11789.458409081517	13.473934841677323
?	290.6814876475276	-5971.569873528241	63.03028832721949	-158.6325241706014	540.0703349910265	4146.464538387036	1925.2288172318106	12500.33096469891	4.7974525832037545
?	-1	-5833.629752950469	63.778327306874296	-198.64683333228444	583.1265087804134	914.3352502069758	2121.3552271584003	5240.3900062216535	-0.8133366820817199
?	-1	6250.204928805187	53.097946660605125	55.43600092700067	585.7870975013759	-2161.095260856299	2187.248317542897	2723.266087329364	-1
?	311.51024644026376	5605.253250622327	66.55012735322437	423.49071000892263	475.07174573759687	606.9980224000897	2257.5185315248705	-8011.53202459197	13.071227678525664
?	279.2626625311203	-833.0272226047118	74.27248216105156	-58.131642115578785	616.1369986213808	3609.777311064405	1786.6717163132928	-9884.071733309775	14.898658609803917
?	269.8588853100276	-133.66751412221257	63.64354524744539	-185.2832368828975	655.5606112908197	124.66987769486472	1763.3149448593747	-9921.883602287147	5.7816945767673795
?	272.5792868250096	-569.4468462344172	65.00832031690655	167.1579759041423	622.3704925061242	-1183.8940680556757	1290.5775361989283	-13519.652080679192	4.660237001822569
?	241.3865429983063	-806.7838186164839	72.00144404265262	82.05564384273399	596.365907888035	-2022.773822250077	1087.3323408254055	1041.4345700081583	13.701079551152151
?	232.24009589418483	-350.7884250049632	69.1111025090433	-13.559761157741356	521.2318013936189	-2982.9871237344955	1342.649264699337	15511.55848003791	8.623242525324052
?	223.8471217480579	-127.1221854985679	71.32345598476555	-159.87796201737083	447.21655170130816	-948.1400676238196	1862.910264827312	7525.3079335270395	16.86609375954007
?	225.88398661925635	5.636988925137336	61.11720440817465	-59.88961780852293	473.8247980124272	-23.428009821752433	1718.9146613756943	-6572.344517594967	-1
?	224.12897119431477	-212.34528364678948	68.32897509433936	185.20680533555782	446.0451512102205	-1258.8839964268564	1534.293038947559	5911.297337341164	9.77046176365027
?	215.26672243691672	-226.14534675861384	70.37754467495267	-35.086909760335416	410.8805981910835	-1591.7463133967456	2014.4795282427567	16786.033064809384	14.694176139112594
?	212.82170385638392	-214.8019119944477	66.57462960632256	-198.17773455946895	366.4578355403821	-2543.3173081333407	2373.59469218804	-310.3473128143834	18.553882836207865
?	204.5266268371942	-152.2135448939623	60.468657946979086	-369.1499875883454	283.71473278441465	3525.840342894792	1998.9621626020373	-8724.731585518497	-1
?	205.2110266116857	-4110.532536743825	48.117130226905026	4.4360611708564415	542.7498526851242	2920.8864900028148	1937.358112912109	4391.449408169961	-1
?	-1	1889.7042934377757	60.69046100552191	473.0083513457131	429.75905728455746	-574.8766108923664	2218.5346330105385	10978.098126581634	3.4973780930536598
?	299.69624128357583	7207.952452495192	71.76754779419102	441.22476792651213	514.0060221405055	-1381.3968869524454	2486.2630192411984	5878.311544264914	9.676398613631196
?	359.3976226247647	1909.5923741366837	82.75169940184783	-2.49403949619758	360.6892129369342	-2324.1673814195847	2512.4502102237884	541.9117329502128	20.356564157182312
?	395.17585999041137	533.8797718406878	71.64284581938114	-410.6046719491087	397.7976530695246	646.0174685893104	2513.3586058887095	-1492.0087538709656	12.611365269916163
?	386.0916112167995	-281.71706951812155	62.2214658043921	-327.85466598753067	392.9900863664002	4852.153502433545	2437.849772530239	308.0423824024594	15.427640179691593
?	381.0900065145051	-7741.83222433588	55.25011252000437	-268.99679227448587	640.4053281912053	1069.136157512797	2528.7607250088327	-5342.506791592848	-1
?	-1	-7641.800130289993	48.77162619066762	-117.2948055484439	446.4468942420408	-4755.195548680536	2170.724432950593	-8717.312598930288	-1
?	-1	0	49.38537224258209	69.60412465654898	402.6455507571751	2400.215768028984	2092.895095062312	-851.0741594709332	-1
?	-1	0	52.25183242349512	-25.41929970516285	566.4576826434917	11427.435830284277	2128.1707249770457	3082.3079104390417	-1
?	-1	0	48.11440725732393	-95.97441441209929	974.0173422713971	6274.358742786434	2247.0104905842663	-3005.19769772385	-1
?	-1	0	47.453111702890084	-50.616818758413295	880.1756197828179	-3907.7115129913263	1977.910840090851	-6522.701982031006	-1
?	-1	0	45.58356631940323	-31.318676346729273	778.631766621828	-498.9871444185903	1920.8753914827114	1817.2770718171128	-1
?	-1	0	45.8871778855536	-30.760988876091762	855.226262561888	412.11831766937036	2068.774693681708	3530.0099016560034	-1
?	-1	0	44.04551687559862	11.766546957581003	799.2376825052968	-563.5591029141222	2097.375886565514	1519.8994487181483	-1
?	-1	0	46.475505233432656	8.615219788196262	827.0483074161815	436.5626264553709	2144.7696661176165	-1184.726090262449	-1
?	-1	4954.523470690714	44.47627786500844	377.539466597238	821.0658138280656	-6727.107199972311	2038.1395820523908	-2487.9896508554393	-1
?	246.72617353453924	4968.108225989845	65.35247856329482	482.48397334613423	490.6929474175612	-8064.684913780224	2020.3701835748427	-850.344299192913	12.201190685911287
?	247.40541129949577	-4954.523470690714	68.6004765323155	-7.30542136544859	417.8315681390487	-81.6758680498867	1995.6223670927445	2807.6530779056347	6.65491143876515
?	-1	-4968.108225989845	64.98720749502239	-381.0233134434583	486.6091540150668	1951.680519265953	2160.7528374701265	1340.4095792491207	-2.1455361606190895
?	-1	6692.677568502766	49.54931086014231	45.19305606169006	515.4155941023478	3654.1204452129277	2062.6428460552015	2752.9190285001523	-1
?	333.63387842514305	6687.1468058871105	67.24686029810692	561.9224183022214	669.3151762757158	-2995.9370703426366	2298.398788895136	-7960.2607392228	11.441837096444292
?	333.35734029436026	-195.8953090636141	77.64543177525378	142.2558200645062	365.6187405852138	-4393.206617054787	1664.6298090940559	-14033.973188292453	26.35257364810129
?	323.8391129719622	-635.4146716036634	74.35965130133234	-88.44330070292375	449.6548454229733	3501.50213635164	1596.7001294805034	-2993.8345565832815	26.02216357622399
?	301.58660671417664	-953.2290802149227	73.22326674010753	-6.230123754699743	540.6938474027983	1277.6119802220671	1514.9380812648897	-2666.4869517109114	19.23210057805657
?	276.1776589612154	-878.437787162527	74.04814511359734	7.136038766871776	513.5354444340776	-692.7514584477129	1463.375781894956	-620.263820813266	17.446692311864354
?	257.66471735604966	-525.4482591539311	73.58006867845113	-5.462275312018144	506.0562744804121	-340.74615569229394	1483.924890224226	683.5708524861406	18.2568268543095
?	249.90524600351847	-237.2599721027223	73.77503134799643	9.783263106842671	496.49813664946265	-379.61656042806254	1497.5543245192634	392.8407351776549	22.06775404718261
?	245.80171875091338	-184.50897181293578	74.06923183379327	23.391506977978572	487.07544645900873	-384.66067867579477	1503.566926983109	854.9685931872788	25.191377061618144
?	240.67979741287155	-164.5328390842314	74.94460669689538	25.37960183665539	477.26510271567264	-406.4922547573734	1540.302754178628	823.4050824601465	27.252124120707812
?	237.5750767967017	-59.105065894669636	75.33821192562606	-19.25076630773817	466.75083372113977	-174.60823573991755	1544.7371811061169	2274.6094711057135	28.92221977889364
?	237.72454411813803	-10.211218405772652	73.98206838150846	-80.1975622361283	468.53469092867664	-237.86220212304673	1654.0332277339153	645.5405952126192	29.58818279755591
?	237.06451587641305	-75.41678529260601	71.32833381381958	-102.17242302025167	454.85772361498726	-1070.7118830457814	1577.0142108667483	-5112.125519269225	28.591664163382678
?	233.95370485350767	-72.70016060466001	68.8734472304958	-65.36583742509286	414.9990967763868	-1652.9025946122424	1398.4269517704504	-3415.280976097421	24.5142108952345
?	233.42950784618	-111.91981757216479	68.0600419425649	-41.84274910302716	372.212593884374	-1040.9297091586188	1406.2501620618748	-3572.344325392818	24.192158269942595
?	228.35771397489935	-209.39493275855042	66.78130977534441	-56.474781415016416	362.9526113184551	218.79673637813684	1219.809735500807	7552.404611786594	25.774528437083745
?	222.95976120825233	23.673470324561325	65.23630287181403	19.117481136302686	383.15243070328097	-163.78427702699804	1783.8703926512098	16646.392732755725	20.503217095970456
?	229.54138749112744	185.9214755187846	67.73718383215956	44.95785149798046	354.7633974671051	-1162.6843550443361	2052.129372138605	1005.2446194390488	19.679697639941214
?	232.2558349841917	6.922580129799386	67.48419544671309	-82.5526571754106	325.01821295106333	9555.14728725625	1834.132623623163	16992.7526542468	18.280772299897155
?	229.8875164976174	-4665.116699683767	63.60955097338897	-161.24446305177113	832.5207618299244	19635.39548107394	2901.767004850957	17555.66889917684	-0.3121140877875219
?	-1	-4617.750329952282	59.421972294124416	-231.98135229682347	1306.7879870047743	-208.37699675181898	2711.9160685820175	-10158.82138564519	-1
?	-1	4790.649195707299	52.01048335854763	160.48993747530687	822.1019119923333	-17191.845962777566	2393.8259355686905	-26540.932326058406	-1
?	238.53245978536836	4689.488742035453	67.44646916788987	339.46397565679575	447.1956888658838	-7935.901472052574	1384.8694522790784	-15177.690807112078	7.198841903462724
?	233.47443710177595	-134.62955368151918	68.98368214138766	10.545474705979949	425.30683838969895	2823.495123689242	1634.9413952130758	1352.2759756515404	16.038390724122877
?	231.8009821012923	-106.33917323405987	67.97374290318888	-149.89802393053466	588.3704450503479	-298.2369685502536	1452.4832510616563	-2106.525435261862	17.89829773317822
?	228.15747844007288	-4656.01964202578	61.48878094486082	-343.2316973771229	410.39498996218606	395.0325416858653	1529.6151234499812	1243.1129841849365	15.335481318492386
?	-1	23.011717468635553	50.81215803433249	-83.58834518244217	608.1220721346415	1450.1897046433928	1514.638900270904	-3701.987853361781	-1
?	229.30806431350467	4381.619789415329	57.30936368573865	320.9767994653485	482.90447519435673	-3414.2884739097135	1344.5157307818895	-10140.817203848843	6.0755748548080994
?	218.0809894707696	-86.79937061279124	66.86099800760015	97.210378808356	437.4076484391534	-387.75398781989924	1007.5980400784547	-1713.3214520437725	16.41863913975251
?	224.96809578286505	-142.6199714586127	62.16988262615652	31.474298735116527	463.5167758033615	-48.244294505570224	1258.8496581796996	12145.453706176959	9.236499921600029
?	210.94999089783886	-387.48506229009496	68.434712944356	92.90433888685281	434.99543371387483	-902.4009899302379	1614.8707253873113	4508.488787502556	12.555044580770684
?	205.59384266836003	-252.941760409668	66.81509957049923	-1.573121319616155	418.39672630684896	3382.4640200358062	1484.2740975548306	-499.50171575452913	11.518627915777422
?	198.30290287735528	59.29409769055639	68.35605687837519	-104.21713843646339	604.1186347156676	2288.321392015278	1589.8956395995845	-3294.7083207002365	12.036188683351813
?	208.5585475528879	791.5794593656422	61.604242648675985	-75.4339647438784	532.8127959076145	-3870.8768086157006	1319.5386815198165	-4321.329878824792	5.172922547361619
?	237.88187584563795	658.1375312458525	64.58435864118121	62.40677329711513	410.5747942848798	-4447.751280220406	1373.8291456583418	3940.972166805826	15.052221553191051
?	241.46542411518098	138.44038011819097	64.72458131353179	171.62177367161473	310.425231896591	1616.932924133665	1516.5872898601106	6214.813250298301	11.123202488429037
?	244.8038948515476	-234.62413404136564	73.16544732476207	-27.059409620883955	491.42144049156417	3249.5636119855035	1684.5698081732612	3527.730297717276	14.904377909799958
?	229.73421741311253	-474.52034176388	63.37161083248757	-76.29762388284183	472.9034124958685	-819.244155176867	1692.9738047459768	1467.0762364109369	8.323235814000892
?	221.07787776335326	-238.5096310170832	69.35056613061992	128.00215748674478	450.45923273272024	1846.9844053834822	1757.923619993809	-56.462334964070685	10.755291418513677
?	217.8087358622582	-123.45613289261901	69.7717187068249	-76.09617535790454	565.2526327650439	3932.61941676002	1690.1506879977733	-3598.9106628674826	14.349652623037343
?	214.90507111872222	3559.9176068276506	65.54575736272464	-306.36548144287934	647.090203570724	-98.7248280434355	1577.9780868504324	-2067.945501973252	15.12929903861012
?	395.80461620364326	485.3173057700172	54.453444634680714	-139.33066352149766	560.3163913628721	2070.905964531753	1586.7534128991092	-2063.7401644948595	-1
?	239.17093640722342	-3227.820076259892	58.57922418664966	270.57237141795156	750.6355017973132	-2175.043040414314	1474.791078625688	3104.245278564223	6.8615977375894115
?	234.41361239064636	-204.34562811543339	67.98206320557848	52.822736383162365	451.56423934215485	-5073.396290341159	1741.9656768273226	8786.883175162164	14.068013096794427
?	228.9536550014516	1028.4983586160633	61.22036100580782	-124.47373371734011	496.9656872802516	8224.390254899638	1914.1352373838024	4224.9491365970825	-1
?	285.83853032145026	1126.341200775551	61.75837651971139	191.3121401051286	862.7837520871426	-1992.692197593641	1953.2131336571797	-14441.141288478966	5.93795114645669
?	285.27071504022996	-343.3891361313098	70.78596801106438	201.0889734642515	397.3310774005681	-8893.843832282695	1192.0781729598439	-9032.386983990435	14.254087690999791
?	268.66907351488453	-958.1664712649257	71.81282519292411	-59.8466759196927	418.09156047300155	2001.177851419352	1501.5937844576515	12620.573626451962	16.743243553015187
?	237.362391476983	4134.374635299112	67.7936342150797	-150.75602348852058	497.38996997153714	2045.0077281935187	1823.106854282451	4299.594381736477	9.18814559874334
?	475.38780527984306	2532.4042743305617	64.27502401849797	-99.85233315335037	520.3419468826789	1431.842395343846	1716.5735035444784	-5981.49286493943	19.403697663198844
?	363.9826051935129	-5521.924618005224	62.801017557412116	16.50417227015827	568.9820897387305	3483.9368926128172	1524.0322110354753	-3304.3465154126384	8.612848285826228
?	199.2915743795779	1866.5955000111383	65.1002326320059	-2.7185689322635267	694.5387915133223	1896.4652843340562	1551.3561777738441	3446.5098164994433	5.279508213754872
?	457.3123801940711	-4005.831487591501	62.66508911079894	-48.5654611528908	663.8053539554346	1528.1076399455796	1696.3577018604499	5859.612420567385	-1
?	-1	-9166.247603881293	62.671959574361324	-6.0664980095332615	770.9441735106024	5205.308120050926	1844.3367988022176	5252.207417171933	-1
?	-1	6602.927928407916	62.36176421032227	114.39411778312953	924.0707599579846	-6272.2413919670325	1958.9680727190503	5458.742202277099	-1
?	329.1463964204005	6540.318316450595	68.39166546351788	199.058804950228	457.3321039122463	-4928.851460477144	2117.2739089160764	1170.9056316223284	13.17476296450575
?	326.0159158225344	-639.7936025461036	72.31470445783381	26.221705161949753	677.6281869341239	2832.0879856087977	2017.5133543001675	-8502.93698124722	18.256760686545245
?	297.15671629309486	-1366.8426353729149	69.70275072161539	-59.902725344884686	598.9365031926882	-3171.2217687137722	1692.1270598537094	2794.7354416125168	11.783077851970136
?	257.6737840538877	-1131.2466910595326	69.31956819058954	-92.25790501197349	519.067098498433	-2257.8282563328535	2157.2501263807953	13793.853376033734	9.545735089313748
?	240.59438174011743	-471.16012584416137	65.08985547101665	-314.1146318531569	486.0450903760439	1085.4805230083484	2381.819728655406	1775.6753194259475	13.104807550849303
?	234.11577776167928	-4831.8876348022795	53.61383659793147	-233.40346391855527	573.3411246488512	2315.7851386568927	2246.033892352094	-8118.485019588141	-1
?	-1	1506.510746779152	53.41968227508872	108.45009563324399	601.8343473088902	2248.5803067866505	1975.895477675993	-12887.730659254443	-1
?	309.44131510063795	6581.579414913435	59.03634137959374	341.9216495146401	685.7701399881853	-5221.071205741201	1601.6473593893627	-15908.524845985936	5.9390601487196095
?	328.07897074567643	807.3945821839458	70.51576475082096	54.35023151272994	340.7807870218264	-4604.927312516771	1180.469235376685	3143.0192249950014	21.435782142616667
?	349.8110442098358	-6581.579414913435	61.75385295523028	-308.46863953630833	455.5237743623435	6838.596740209271	1758.798320639115	19310.562251836134	17.69265732104832
?	-1	-7016.220884196617	55.09233277400533	-102.5655081933895	682.7106240322949	14210.96057893401	2145.9973479685054	18785.28366319754	-1
?	-1	5447.536919450896	56.62557754556073	-11.36675575927894	1166.071803309054	-1079.2593920675342	2698.0625037990053	-2035.2459185439905	-1
?	271.37684597254867	4933.3966819422985	54.52399498604137	204.78514984612127	628.7476544289174	-15128.110719307719	2044.2350520413045	-17345.26287564539	-1
?	245.66983409711844	-866.6231728485527	66.86483503786694	189.91961261052083	409.66626734365735	-4692.666900455414	1830.7993600167235	-4979.671961601573	12.87129281668106
?	228.04568733012042	-4933.3966819422985	64.01997561656755	-135.01225293834187	394.1143094061433	930.3502350201454	1795.2514539612223	1071.3522737508613	13.176445840937227
?	-1	-172.70034134464805	60.11422239094975	69.52599688373496	456.1837790946653	846.6990871124101	1884.3669737042674	3461.889060502591	-1
?	219.4106702628879	4073.677027904446	67.49627546075435	177.4597479391119	436.4492637617644	-801.7696445989623	1968.3459069863543	3985.6342864512385	9.942276512949212
?	202.6838513952252	-493.84397286764323	68.98720978790547	57.41104491199739	416.0952968647166	-679.5358258573691	2083.648688026832	1477.62573980882	11.861169734455226
?	194.71847161950538	-306.99932007568253	70.36682770635426	-95.87129089537604	402.4724724688955	-672.1092873716959	2042.2271939767963	5.4898751060681334	17.081024692201098
?	187.33388539144084	-61.4283860243526	64.1936452431366	-249.18148887977168	382.4898324961313	1581.7446945082534	2083.9231817821355	-1200.937003242958	14.944732491784137
?	191.6470523182877	873.2022108153076	57.907753262365496	-82.25970460100211	481.5597071943093	10323.6936931377	1982.1803438146476	-656.4442543414587	-1
?	230.99399593220684	673.8254246740747	60.08066001308644	147.62747321656664	898.6745171530237	3863.4707247164906	2051.100969065062	-10684.42184861045	-1
?	225.33832355199192	18.064415188526112	65.28912692319393	-37.009756065824504	674.7332434301366	-5408.549296078807	1447.9592513841176	-11905.141133419396	11.481006421221277
?	231.89721669163316	-4526.766471039774	58.230172209795185	-313.5163095218952	628.2470523490795	-1409.9487810787746	1455.8439123940839	778.8072697036959	-1
?	-1	363.50787360219607	49.61331144709895	-80.68103919330552	604.2358043761968	-1479.3394544047733	1486.899614869303	1799.677758059649	-1
?	250.07261037174322	4499.9752798908985	54.19612025012985	396.11931529416245	554.2800796288398	696.2134664306351	1545.8278002970676	4321.7683822061845	-1
?	223.9987639945481	-677.7351630912477	69.41927721180736	319.95147860718305	639.0464776977291	-1800.0070511474341	1702.9880339796152	7046.678350504776	13.026428348487258
?	216.18585221718035	-206.97172550917335	70.19369418048923	30.261788529468415	464.27972707146677	-4151.608414082103	1898.1617178223114	7248.613613388263	15.135873089633668
?	213.6501777190893	-37.404549077759874	70.9323666382808	-187.63149049533413	431.46605699362095	-327.66695530431764	2065.4187146490335	-929.462269558067	21.421810294316614
?	214.31562476329233	329.57181188979905	60.81211965572239	-118.64079141183824	447.89637930625065	1860.6776529923466	1851.6886043444074	-11832.928644209493	16.721537893629474
?	230.12876831357949	364.9402793311412	65.0003270676888	99.61980390173764	524.4999396432396	4431.404495189414	1473.7722824385505	-12386.81213069529	14.315781758169635
?	232.56263872984965	-4622.575366271524	65.79310985080934	-246.7528955761535	669.4666040657245	324.1050255194636	1232.347997809634	193.57181700818907	17.98106223345819
?	-1	-4671.252774596926	52.66268228888095	-293.361114211257	540.705190919213	-346.2248576635166	1483.45087328896	7067.835283437107	-1
?	-1	0	51.125054140246284	-106.026030847513	652.1553611825484	1013.473586863585	1585.7397619814944	2883.8647808399764	-1
?	-1	0	47.361380746505226	-137.30451346192072	591.378870262393	2862.3946824606837	1627.644112330961	10525.452199125939	-1
?	-1	0	44.25982846715015	-87.60563678722735	795.2750953055846	7725.382327560048	2112.012371937799	10193.444879918661	-1
?	-1	0	42.981098907143796	16.82502937691628	977.6479866404009	6330.577702695481	2137.3163563269013	1371.8927135579438	-1
?	-1	0	45.101079935995976	402.4847852175425	1111.8039804403631	8389.336806199188	2180.607007615697	8678.468322241028	-1
?	-1	0	63.105338168021206	226.25349193194387	1397.1148269503663	1326.152064753882	2571.239772438959	848.2485820286609	-1
?	-1	0	56.41375453259333	-284.29589972832355	1178.1115836780582	-4073.792782328261	2223.0194367171307	-5186.3342835304675	-1
?	-1	0	48.890543181604826	-133.0606328117751	1193.4251878339503	2583.622039783258	2311.923058262432	2475.234448914081	-1
?	-1	0	49.76072289200448	-74.60848254336618	1307.292685667223	-154.79051573863907	2346.7811591628365	-678.0282143418839	-1
?	-1	0	45.160119054436464	-20.66947162861111	1185.6856620470182	1467.5750245358468	2278.021647545337	1454.325123868109	-1
?	-1	0	48.72724931057391	-8.884535716364768	1380.6714368940163	-2680.0480014379655	2419.497415356243	-2384.5183996840046	-1
?	-1	0	44.71589226861822	-43.31939723135998	1051.683261975118	-4749.30152776241	2158.795727561135	-5581.923434964167	-1
?	-1	0	46.56127944900588	-3.510360900676467	1143.2063605058925	-1324.7559308578814	2140.4012436080307	-354.88631118662346	-1
?	-1	0	44.540374223584394	90.50216629482917	985.445465432223	10010.198547909707	2141.051412001804	3494.5367193424277	-1
?	-1	0	51.0863877637474	65.29158723655776	1643.716287901385	16285.082335405896	2315.1280795751545	2647.8421373526803	-1
?	-1	0	47.80495358541233	-26.465371622869093	1799.6995822025294	1336.6446867988261	2273.4435188694397	558.5510156685825	-1
?	-1	0	49.76311918260393	58.035790564629394	1710.5485222413272	-12239.247822745505	2343.055630358584	-4578.563789573084	-1
?	-1	0	50.70674311364384	-46.667277730392605	1187.7371910652455	-14871.370145797597	2044.5153293907822	-3250.53972126845	-1
?	-1	0	47.42975529608427	-67.68304418076329	966.9800149514368	3980.2020303990485	2180.528644295159	3153.7104794284146	-1
?	-1	0	47.322590904605626	-25.735817137630537	1386.7472925852007	3003.666264593017	2202.200853362205	2314.406560682877	-1
?	-1	4299.5010127791775	46.14296443920272	162.56696292170415	1117.1633281810898	-8219.067379895374	2296.2489723293047	-4868.339132968462	-1
?	213.97505063896193	3900.0013989402187	55.45093905069095	574.9195617722355	975.7939235904262	-11028.428297344262	1958.7838967137786	-19217.53486821436	4.168290397346081
?	194.0000699470137	-680.6422772749039	74.8889425278149	332.33463533480386	565.7419133138689	-11096.924809922572	1335.372228918573	-13183.334620576325	9.72323345743459
?	179.94293677521625	-288.2653631464881	72.06767081743138	48.32139408494515	420.9476830942897	-3929.9200337121124	1299.617165684953	10786.14233726578	11.753803860594356
?	179.5868017896891	-292.7408602189835	77.3050122320622	72.23133936884989	369.24591162826044	-1478.5734966886805	1874.6793457818696	15560.189731946986	17.500079897758503
?	165.30589376426687	-1001.9431451619835	75.67923778587392	-139.44615981538107	347.0190082598546	-1280.3516207299094	2077.6266522823134	5344.789527371796	11.601294918988794
?	129.48964453158922	-1023.083784878548	70.33270424129304	-55.061663275862784	305.22833059176406	1138.8387448577564	2141.9188221504633	-7315.320124729584	7.810024358816475
?	114.15170452033874	-401.99972424984423	72.92615462208075	-52.66834724832062	403.96094550274324	10869.974618788201	1711.860646045829	10157.233543859822	10.705298832237215
?	109.38965831909672	7990.047531359378	67.69928687887698	46.169589263605445	848.7270615311818	10724.487026728484	2649.7804993434615	11350.66300843646	5.39773152887107
?	513.6540810883133	7570.4396230824195	75.23463408526105	216.03174662327268	940.1852968391751	-6491.211382159967	2279.39379646766	-27144.640342361035	7.45331503931704
?	487.9116394732231	-1459.2056224019607	78.50087421004076	-48.71668133687893	524.1664924231789	-8655.691933498263	1292.5484822253904	-15932.673359705055	6.188933928088117
?	440.69379996821425	-7637.587152313592	72.79880001841707	-126.88944994375693	507.40070016425574	318.07433571181036	1482.760128482396	1412.9796510627084	3.5516350956818044
?	106.03228185753807	-6745.278221171186	72.15640171285283	-20.121309132395027	540.0702092087696	398.370677182304	1363.1974647785269	5398.829172774259	3.16851865674692
?	103.42988890965016	1213.4481537624588	71.7927345617973	-83.85889791606752	527.3192340233712	-3880.6519288498175	1752.7015871211129	10486.982206168474	2.6366826450322436
?	166.70468954566186	1308.8075866894994	67.96345681704939	-41.822407943078844	346.03761276627597	-2614.4651942785654	1887.546575086958	5167.107236810979	5.4729506748130845
?	168.87026824412607	-1271.8275091481685	69.70161416464333	120.78774291534954	396.5959743094411	1354.4237647758268	2011.0569489616655	1768.217733271924	8.803488066732138
?	103.11331408825254	-1298.6067968542843	74.00284396281695	57.35448185430531	413.7588010050683	146.96747379595442	1975.9574617505555	740.8005957707322	12.595447271582572
?	103.93992840141092	38.54130524323383	72.56933825735864	-30.10057186699086	403.9443479992389	-210.06142952213892	2048.0969787502027	1346.2601261227783	11.698875066629032
?	105.04037935041426	-32.65491759426947	72.49781536946739	-18.388401449763045	403.2557295289612	-147.19513047372646	2043.2704680566953	-289.8492759781998	14.62545774984088
?	102.30718252169743	-184.34116346722584	71.64991818487047	-57.37861319522526	396.5845914755525	-32.50990831982971	2033.6045149512925	-141.86546613709905	11.215944321893254
?	95.82332117705283	-2066.143650433919	69.62888470970609	-265.83726800525574	401.6302341129697	-549.5810965871489	2036.1771947498403	2324.2576737322574	7.928366086037222
?	-1	-1936.4664235410291	58.358054784607496	-98.85612323994509	369.10553664619465	350.76735994406204	2149.817398637907	-1425.3124487351377	-1
?	-1	0	64.68607854770876	-100.40170118217645	419.168602110173	19402.17264410009	1964.9115723130824	555.2552852120529	2.761672077301774
?	-1	2627.43696772052	53.3379697254986	-150.08352291794367	1339.214168851213	6784.142688672741	2177.58016289851	1661.8193677126228	-1
?	130.37184838602786	2454.37205628922	57.18190240181147	307.0944419841954	758.3757365438149	-14184.606243986655	2048.0025406987147	1096.0905764775205	-1
?	121.71860281446274	-359.19962925906475	68.69269182470859	152.8514089557096	629.98385665187	-7452.962337171194	2232.384691722387	1016.912951110011	10.748317053454027
?	112.41186692307437	-2454.37205628922	64.82447284959706	27.152653828630843	385.7276196852499	13590.628159588374	2098.848188254216	5168.293950768247	11.272874993812962
?	-1	8139.618983935807	70.05032451614015	352.7251139424267	1309.5152646312984	8571.301126898441	2490.799389260803	-8375.6055619302	31.125620228799036
?	519.3928161198705	9712.671838994678	82.46072854671864	216.82249255920857	814.2926760301781	-14088.628863154448	1680.0679101577	-16722.314085810194	12.619945129552821
?	484.63359194974083	-2402.1224386222275	80.89144914410073	-169.35272237251255	605.0838214735659	-3061.2194754016055	1654.6836849702813	-1775.5296796463492	5.90211444518047
?	399.28669418875745	-3580.598631802607	73.9930924280929	-303.38984034157414	661.2317022600956	1014.7609772596198	1591.2914261753813	-2133.923839890637	6.686521949177329
?	305.60366035960794	410.8992209695485	65.72195712702181	-187.46681039947265	655.8218703365476	1113.1612825649518	1547.987492975748	5139.808743036565	15.850707095501074
?	419.83165523723517	-2679.405247627441	64.61975190811913	27.106748574889437	716.889766388344	-919.3848835316163	1848.2818633272132	5077.494701780221	9.938758700018116
?	171.633397978234	-6380.2885312025755	67.0772945557663	68.44463289229014	609.8526261599661	-3015.0318664312344	1801.8622280647626	-4715.536729958695	6.187309989981382
?	100.81722867710185	-1441.0696471551876	68.04198355273368	2.7504767324841914	566.1381730667802	-707.924422392613	1612.505026829275	-3926.2168743002335	14.884814766682126
?	99.5799156204736	-69.10678182327261	67.21481839239051	-7.227014042072323	574.456405040335	46.94642390030528	1605.551384349748	-434.4394858687821	11.350392853030733
?	97.36188958593817	-152.2176893959532	67.68063285063006	-145.45624265293887	568.4854942617955	-414.38069892068916	1590.7830525358356	-1102.373898232079	13.590175371590846
?	91.96903115067583	445.809055269824	59.942006259743465	-125.65173706709734	553.7373700943002	-950.8294693463269	1550.4326894381434	4563.29143588437	7.729716030392537
?	119.65234234942969	502.0106661164362	61.398045997275105	223.23374159056266	520.9440207944784	-3036.4506946589577	1818.9476243300574	11024.635422350892	7.623879460072452
?	117.069564456498	-176.71182327604333	71.10369333927176	24.52107237019981	401.9148353613502	-3646.4728889980192	2101.6644605556958	8189.954156237474	11.39628407168214
?	110.8167511856274	38.7911997904604	62.62409961578511	-23.022144504231463	338.6203763445749	-1264.6411458445461	2228.445332141937	341.36661615753354	7.293365081969203
?	119.00912444602105	121.49969038666369	69.95258611406017	180.20367521360527	338.682778069122	91.54830848623857	2118.7327913635727	-2713.223976973875	13.4368245039714
?	116.89173570496067	-105.68831629594362	71.6342833764655	-93.67859483553141	343.1977917688869	-392.31631970772935	2092.784133293241	1314.3722668771165	14.132303866137695
?	113.72470863122379	66.81564305835015	65.26865637228353	-85.03465288543843	319.06696208373523	-266.06937261194577	2184.4514047074294	1961.3058245870882	9.71552074087255
?	120.23251785787822	200.68058605863484	67.38255073219352	199.84291824386617	329.8943231382894	1118.1539117857892	2190.849424522597	-1878.8478025542743	9.01333166045582
?	123.75873793415568	-8.671681669052182	75.26080228447698	157.76482278157462	374.9746576730255	1822.8632125446645	2090.5090145797144	-4738.993766916848	12.680933724120191
?	119.7989337744256	-242.3947034675464	75.27079187127237	5.396658083080505	421.0374837655239	1377.6526647139517	1953.8997361767513	-10157.26041904603	12.916418877817103
?	111.63900276077818	-341.078117192647	75.53063518863101	-66.16708357592435	443.85729090872405	735.7214639869628	1582.6459936274057	-16936.731600485655	12.812000325478607
?	102.74502791479301	-73.14594049537173	71.9624376924761	-41.44177026643886	457.8235569648726	-30.387987983421702	1107.0631561524565	-7471.759552537454	8.244327112917567
?	107.98170573600954	-2074.9005582958307	73.45854667530904	-46.296719814177344	442.33789150955295	6441.9348245884685	1209.0580160005277	34288.766362144095	9.920612978852168
?	-1	-2179.63411472016	69.6476017017672	-76.84742846594308	779.9202981943006	360.4821823837091	2821.5014742596854	28963.981115712424	4.018024002044647
?	-1	0	69.61617525201183	-171.34059465869566	460.36200062873866	21954.582475929103	2657.2570717861695	6137.125868181969	0.21330742715578516
?	-1	2423.809348617635	61.080571968832295	10.574219920315064	1877.6494219907713	-1542.1192211504192	3128.3577676687883	-9264.131183052337	-1
?	120.19046743088346	2301.513629486523	70.14488624802759	198.1163711003025	383.2560395712166	-30939.056257146527	2194.050512633546	-19803.102925632575	7.168567692160899
?	114.07568147432778	-157.34341205465344	70.98639052384756	-209.89815483827257	330.69660913342295	-45.45519461751318	2138.2026213871454	1210.1970222065038	10.572242843759517
?	112.32329682815067	-368.8625332674339	59.64997850611381	-97.35787350476731	380.9832798403409	8789.937338003067	2254.560363743872	-6043.015344301717	-1
?	95.63255481095582	-300.86274624427006	66.11849684860913	114.96765505991881	770.1934760335826	6292.1208313785655	1836.0518541720553	-9714.498808542192	4.708204508920692
?	97.28015951593696	-31.70471954667659	65.39836125910983	-25.10667567070321	695.5893214092737	-3730.0484428381233	1768.8354233167556	-8908.424855343674	10.030996518304658
?	94.04731883362197	3226.633603400925	64.86316306507395	-103.69267183771464	583.6910538916737	-2761.0510404952397	1390.6306114048652	-3665.726916071078	7.529577006912899
?	258.6118396859855	8935.537597777795	60.21372766722403	-101.67980338300933	557.5367693845097	14700.277712156914	1585.549077513199	23714.187362525154	5.744672895998816
?	540.8241987225181	-2941.62129200954	59.77917289592341	137.19302529646671	1318.70493949953	4206.266310154876	2576.3399795311398	4341.758171787962	-1
?	111.5307750855064	-8705.35408622346	67.07337893204746	223.2713207392913	767.8500848922565	-12576.443127487404	1802.6369861026003	-23554.267587420898	9.04104824132608
?	105.55649441133887	-79.58203526210667	70.94273893288813	100.59126280765268	689.8827831251508	-2077.1414976447613	1398.6266001600782	-8015.191033886999	6.075852226948557
?	107.55167332240102	48.51069588046402	72.10294207243017	-211.73767038317632	663.993010010017	-178.100490570848	1401.8774344082447	413.2149743230262	9.913952896012617
?	107.98202920536211	-2171.0334664479897	60.35585541372917	-361.6909917706798	680.9777585966083	4152.823921033876	1419.2873488762298	10206.307758572453	1.4182151454733014
?	-1	-2179.6405841072115	54.01839248389592	-130.24972176477277	871.6342060617137	580.4548243790131	1912.1928223368745	5166.720910077378	-1
?	-1	2143.089278940728	53.843369325490436	280.93710357201445	710.0004998155594	-7330.170021893038	1677.6233943801024	-8125.219657605565	-1
?	106.15446394703793	1847.1225131430367	68.06524766249684	77.33883622032342	505.1257049670566	-5034.723118276827	1505.9318394565905	-2026.2227831964385	5.33796536695762
?	91.35612565715314	-92.53397690858644	57.71031113650666	-99.09516200520118	458.2643439017144	331.00782085131056	1576.312255220279	4990.912655128729	-1
?	101.52776510160854	18.991301402774084	63.110489562236715	207.40564558287747	521.6760960096224	575.373566802808	1755.4774722130305	1243.278794860726	5.382592759548587
?	92.30569072729186	-187.96801672161382	68.08059341565068	63.47363672891428	487.03302224185524	-356.2750184599344	1638.4761949633162	-2127.347890833391	10.428861801166512
?	92.12936426552771	-44.719006393283614	66.28417139868247	11.559847577687897	503.8623450866254	4473.7059474097905	1649.1100776713595	-4764.175889332078	5.877789713622387
?	90.06974040762765	29.244843066939705	68.65858579453509	35.855309165139374	710.718319612348	5424.914564588257	1400.267400496709	-4401.676606441293	13.54371356085461
?	93.59160641887472	10.296018749252621	68.07693685693947	-35.62937281569112	775.1080733160421	1096.4606052817	1429.0262473492917	2745.5376766665377	10.921645129185496
?	90.58454134509029	-93.2110066215402	66.8771171537505	-233.17629477358147	765.5413498764337	-1540.2008662893318	1537.5442843300377	-1242.6478777026164	6.346865036506331
?	88.93105608779764	-1831.6908269017797	56.41812211826023	-352.6796609281143	698.0980300015744	-484.6562898821798	1366.89385346416	-1997.8673792428106	-1
?	-1	491.76974587809536	49.24313410734454	156.15469668949493	741.3085353823244	-148.77499518948997	1437.6509153678958	-6301.495761043299	-1
?	113.51954338170276	2192.7699539272353	64.22585695273509	391.75304637154056	690.6592802420998	-5712.333841981775	1051.8190654119906	7496.372474762327	4.348580403954279
?	108.63849769636333	-27.73399565415463	68.83078642592184	123.67897087007572	455.6918432832316	-6681.88418542098	1812.4695391060175	20882.671370469598	12.001394445666794
?	112.13284359899501	-2.6417709382834764	70.40980549623896	-47.36695368686771	356.56507097104605	20598.983846784286	2095.952633935485	27104.690666797815	13.78551130364651
?	108.50640914944915	-2262.656871979868	66.46243874157842	-114.14956784925758	1485.6410356224603	20451.34069639945	3167.7040724459275	14660.701440509147	4.018205324527262
?	-1	-2190.128182988952	64.702327103776	65.79091474365802	1379.132105791033	-19589.97517477092	2828.987705960953	-27749.627366823202	1.9722883600663375
?	-1	9246.303718119418	69.75198447876137	25.08182779332337	506.14227688390037	-13499.011734297841	1780.2227041047477	-9169.15934376239	1.3419985390940992
?	461.31518590597744	0	65.95641849344219	-172.03828941125207	704.1815190761313	6990.198327972068	2370.529738772827	9673.956104881807	-1
?	-1	-7001.9602902233955	61.15007000819865	112.33091127995249	855.6521932825087	-5272.386280505333	2263.920509348845	-9674.364642794215	-1
?	111.21717139480268	2273.1033547562315	71.57296405743989	87.89712437143098	440.5622050508609	-9089.611634722474	1886.8115066331093	-4361.663826997066	9.253489381116243
?	112.65516773781319	100.61016023206177	65.54492622677026	-23.989243257340945	401.1716115463786	4213.816664143808	2045.8373179989885	-9589.383503404411	11.36372283533284
?	116.24767940640584	-3.1993272793999497	70.37350189457283	-24.674258693195487	651.2530382580543	3644.5847523171556	1407.342331462882	-9700.811943148032	12.282322329242108
?	112.49520137384319	-2344.9535881280835	64.31121329211047	-331.4123719531831	583.400849162239	-466.3746169601861	1560.79672084158	4678.546856763553	6.193795984362746
?	-1	108.22781087149411	53.802883296913436	25.66123033193114	627.9343074100447	-1861.2571473316289	1641.2696743010629	11786.404082134095	-1
?	117.90659191741797	2261.5452236215615	65.59427480870704	191.81513792930883	490.3379917956562	-5859.186844076697	2150.116924948293	12680.456180524736	6.63791260647718
?	112.07726118107969	-2378.131838348326	63.393640193379014	-244.85662224322718	334.97496520620564	-1849.3965539784572	2275.2924833273087	2369.70410450472	5.929660740424375
?	-1	8206.262507079318	53.35144369654551	-72.65939820976281	397.868164096732	16002.189205052802	2268.602130173531	750.7719671351954	-1
?	522.3903865350515	9504.6726900903	59.76067028289082	161.29688120932425	1135.0844254588571	2730.7358919804096	2312.831081684069	-3551.8262648644436	-1
?	474.2336345045217	-2804.0464080841807	61.41628775701184	-23.080097376993322	534.4049586957544	104.55678047505295	2091.010816930306	-8311.257740198904	0.39477751279029183
?	382.1880661308404	-7355.608579306912	58.60666541404114	152.12025160539181	1140.3122644826099	3196.0636896216192	1897.268194674118	-19124.08378697248	-1
?	106.4532055391709	-5519.110476036441	69.02230033728154	180.94579243637654	694.2081431768377	-10707.995736404373	1134.8066275816686	-3632.6164163137473	7.2349561233148165
?	106.23254232901445	-73.65440328534427	67.6539550358601	-251.0190543068205	604.9124776623836	-61.49973149752126	1715.637373858428	12919.830992551892	11.024956391092536
?	102.77048537490363	9068.091372183286	56.47134762194033	-145.20423810523218	691.1331566019616	4669.549829535578	1780.7981772092724	7463.444903525499	-1
?	559.6371109381852	153.5600892185901	60.39374313059838	235.4505803441821	838.3899691391658	1284.0057644000035	2088.8096190347082	7874.67777238837	29.39374350101111
?	110.44848983583324	-9058.347781256087	68.2438766391496	166.55320804067904	755.3334448219626	-1851.562752668859	2174.5320658286964	2498.328969777923	7.467394607721494
?	106.7197218753744	-192.316853585432	68.72140353263245	-111.90911847240639	745.8118315057216	-2407.201644355275	2213.726067523606	12196.546598360164	6.902023975830637
?	100.8326471565615	-2154.3944375074575	62.648420715529205	-52.14975260208274	634.9733626041972	-1593.119755332857	2784.3593957467133	15433.664214394401	5.295186495854618
?	-1	401.6863269702648	66.11391590252828	-16.30944328947697	666.1558437390776	4419.751934145221	2985.409278243337	-10322.074225737686	1.293045255116997
?	120.91696350507503	2375.9734648199924	61.832948551055345	138.30456788750328	855.9609593114614	-3519.4095070386143	2268.2556844598216	-21834.820304324086	2.8745399993732823
?	117.7986732410013	-182.96624749067345	73.02914429690354	249.6988722448853	490.18536838714436	-7876.555823994492	1893.6682630271173	-5238.013959938092	8.990514356967655
?	111.76865113054123	-106.96763649281895	74.31789216329979	-38.47876232871473	462.13316811173115	-1506.4972222422673	2006.3549864629133	1947.578703316903	12.839502999832098
?	112.45029141636027	-162.1915867673391	71.10520618046778	-193.63467722710007	414.86050727502993	-2246.6274581446155	1991.0471981929638	-1755.3240544814048	11.100056198065744
?	103.65907179217416	-387.7038946946307	64.63615830194465	-154.60986625236893	349.8017952044988	3.624858422076562	1918.5887837388418	-9039.268748730972	7.860665904740973
?	93.06509668162846	-309.2698443746939	63.37471286784922	-119.31091874723792	415.04175019613376	-13.245894737972133	1539.0837607564088	5296.138164315541	8.794344617732346
?	88.19557957343925	170.13117770241664	58.67061236458267	22.86477679778311	349.13950046760016	2447.9923579373185	2183.3956919546226	963.5667835161121	-1
?	101.57165556674941	241.2999803272501	64.51795170773839	176.63032374944157	537.4413680930014	4404.208882347013	1587.262099932215	-17281.313128807273	7.172916023595918
?	100.26057858980192	33.91911271892562	67.50212855205487	46.32114257039765	569.349944584954	-2868.401768016163	1319.3300355142467	-7535.3538893470995	1.8328988114680802
?	103.26761120269572	-2005.21157179601	66.8340088362583	-1350.0425710410782	394.02127969219123	-11386.998891698917	1210.4944054648547	-26386.600710284558	5.666096031262645
