rowLabel	avP	dP	avI	dI	f1	dF1	f2	dF2	h
?	162.90124112296613	5158.542384661343	72.13644933659596	1340.2166135068608	629.0033668053703	7547.630328833498	1927.4972086877895	39022.133170189656	1.7376589841261638
?	257.9271192330672	3386.1624203772603	67.01083067534304	-254.01697118864604	377.38151644167493	-1715.6366250165206	1951.106658509483	2573.24018702589	8.401846220746696
?	332.20936214182916	-5178.542384661342	59.43560077716366	-218.1989079517536	543.2215355545443	5535.729487504684	2056.159218039084	2025.5613187052352	-1
?	-1	-6664.187242836585	56.10088527775536	-96.31966720951684	654.1679908169092	4776.113021139207	2052.3847244447447	-2245.5158576952185	-1
?	-1	0	54.61961741668782	-90.88873584822893	782.0271866115046	5893.997361449191	1943.883425154323	-10526.007148078359	-1
?	-1	4078.5479370492662	51.556448485343914	110.59796276788947	948.8678588893687	-4386.560553354453	1526.084367040827	-11978.160335443665	-1
?	202.92739685246326	4467.622242518118	60.14951555508229	555.8907681189376	562.699158943782	-10110.045725829263	1344.97540838214	-11408.921637655687	9.59350974151097
?	222.38111212590584	534.5845354648925	79.35098689129079	240.05038275920248	443.36557259790567	-2841.878021194668	955.6382851580427	2398.089297750626	15.592931031435132
?	229.65662362570788	-384.42864711094626	72.15203469304241	-218.79321105796242	420.6052578840486	22.03840800615581	1464.8798732696712	10765.823219557185	13.645064162805099
?	203.15967977035854	-372.9909771668719	68.41132633839267	36.254154419691254	444.46749299821346	4938.329328734305	1493.9294461359018	1541.6321632829254	7.4045568577625165
?	211.0070747673643	-141.78855825353355	73.96474241402697	-63.845083425499865	667.5217243207638	7069.843854744865	1541.9614814338174	16326.416987991428	15.8349198490511
?	196.07025185768185	-4240.141495347282	65.21907216711767	-188.25188348971164	797.959685735457	2458.0106903663864	2310.250295535474	13839.954438243045	7.136884922180656
?	-1	496.9747757505793	64.55214823954138	154.11629935565585	790.4222588390833	-5621.510325024824	2233.9592033459703	-1977.178804103076	-1
?	220.91899064521084	3918.4378384989323	72.92488713490047	158.81504905022283	516.8841694842156	-8290.972677606465	2211.39135533032	34.42799667365759	7.682226618873248
?	194.92189192494678	-496.2372356883078	72.49290069205253	-115.10351261552434	375.8736249587596	3099.4597486271387	2235.680603179653	-2876.079398180388	11.286819321783138
?	196.10712886079543	-66.7442445938155	67.16971150412425	-68.13728983057098	671.8571569155727	642.1640706917168	2067.5873854213005	-1444.4461772582858	16.450263331608983
?	191.584679695256	-73.72176129631832	69.08603620052398	74.25116432411038	407.98182849334546	-160.0311301513237	2163.458294316739	-6375.764622127903	12.880521411471213
?	192.4210407959795	347.3749058071476	70.88226972032977	64.80192839404333	663.8556004080065	4620.461861197448	1748.799154314905	-25619.121972543857	11.182507978821045
?	208.9534249856134	912.1268247801604	72.32613262022615	93.80184491923237	639.0049215532181	117.22340372920816	882.5021956895448	-19205.18824844842	13.518193629413934
?	238.02738203498757	872.3054909347394	75.5723619662914	-25.916121746183798	669.7167705944669	-393.070438845487	788.5397418924832	3423.596614878511	15.655820963308383
?	252.5686995323503	253.34872551315334	71.03032653291696	-384.876967847866	619.3513996109438	2227.220084272431	1053.6820264334701	15358.754108735659	16.68727066499283
?	250.69481831064525	-5071.373990647002	56.32851357389808	-322.7086710810299	781.0777748080885	1870.4343610763665	1556.4774473292669	24696.67002689263	-1
?	-1	-5033.896366212901	54.89489297886545	-30.71441133425776	712.8731176647622	-318.15260782599324	2288.5155277781028	17249.48249536685	-1
?	-1	0	54.79279300718519	-52.71026778378778	765.1701444167888	2768.306742931695	2418.95157209761	3507.0847699032915	-1
?	-1	3377.6049864611164	52.25937958967606	-53.745159934278725	851.288454811347	2114.635389642538	2463.8697662732675	-2490.8728279528327	-1
?	167.88024932305598	3950.8132746606916	52.10553501047125	474.28804857891765	870.9019138989158	-8403.088931504915	2294.4079306999683	462.888892573546	-1
?	196.54066373303476	742.1730152712921	75.97378201862196	189.98538597559158	431.1340082361009	-8879.460857802895	2487.014210901945	4504.1099190407895	9.827011173508918
?	204.98890008662062	516.7757450202039	61.60480430925084	-229.2682987971646	426.92887100877067	2642.9238087563645	2519.613426652008	-11342.033407349443	9.944955105229294
?	222.37945098404498	-204.9734875381942	64.51036707876372	220.167534039176	563.2801986739192	-83.13766870237593	1919.912540534472	-21443.739949905	7.474860063369398
?	194.7402257097109	-709.240502214863	72.61318101120965	67.4721191777922	422.77198757365187	-2582.4560873501878	1447.426429156757	-16739.68669566277	14.385138449996637
?	186.9174258733018	-361.94131981296516	67.88397303765333	-130.25405624320672	434.15739430640974	159.90904425130665	1082.9282057513328	-9931.004245176207	15.75323467704963
?	176.64315971906262	-395.70578636159917	66.1004781990493	-78.99935592624551	430.7674397862172	-382.90363767204747	950.8762168979462	10234.624693551355	18.004615071936268
?	167.13213655522182	-150.80743717263246	63.934005241341055	-29.80212394981746	415.01221242280735	-1451.8972565537476	1594.659440428901	15306.036866815028	14.372104601104956
?	169.102787860431	572.4270291427275	64.61037200155843	155.60549309522187	358.17257695852976	1301.026154191702	1716.1780602386982	-1967.5153978794951	12.034512694801826
?	195.75348801235822	914.8561109229698	71.71427989610216	206.67711811049895	480.0635201323925	4580.532114823602	1496.2836705349262	-13333.063699588298	10.967804418895927
?	214.84559340657952	593.1152741676704	74.94422790708339	30.251478261635015	587.19918269971	-1351.3435885426998	1049.5248752592827	-7626.813279991978	17.713323000384925
?	225.40925172074176	140.0262141711038	73.22685380918391	-3.2787848915077658	412.49634070525747	-2940.430635626725	1114.943006535327	21888.78754751155	14.470954810735691
?	221.84690411513472	-95.98653622105351	74.780288662508	67.79774174582337	440.1776509183737	2533.2987515258287	2143.964252634861	21204.006213130193	11.581852528067122
?	220.60992490968908	-110.34941141623155	76.61674089647508	-13.656693727386356	539.161278281549	145.8561085849577	2175.1433171918375	190.9729744905233	22.73698231878145
?	216.32943354432314	-219.46664998321828	74.09745397613868	-216.77265006929466	447.47045634762156	-3121.6560307161644	2153.5129013593873	4686.233797400389	17.056965873330086
?	209.6365924105282	-393.9237506788791	65.77810839301039	-170.69269741486525	383.07847674574134	-2571.1076631903657	2409.455007061856	6126.297804796499	3.839177446474616
?	196.63324601037925	79.30240006355149	65.56281910539545	94.18578535568832	318.91507318810375	-199.63972165710132	2459.827791599211	372.6676319345383	5.583814567647717
?	213.60171241370577	451.9380094401213	70.48739766079478	179.18344547928064	373.0964906628863	2113.27532789116	2428.088388658583	-848.9000741431513	14.884117306005312
?	219.23014648238524	1.207921656999251	74.52199137935945	157.34657266584065	424.5788395826614	1169.936286385825	2417.382787892054	-433.17704310860034	15.604652661565442
?	213.66210849655573	-688.9021021660286	78.35472629408679	-26.48724045643926	431.59330498217736	3800.346427764947	2406.429536503153	-10400.891604195649	17.165386990041704
?	184.78504137408393	-789.7547590193011	73.19762935653749	-229.8241692239645	614.596160970908	1583.272947938899	1897.3382076822732	-19729.280002608677	5.678667119898032
?	174.17437054559082	-77.42925703158987	66.8635178328886	-106.7204839134781	510.756952379122	-1702.3686922002837	1419.9655363727227	-12823.705743089273	10.975210152086694
?	180.91357852250445	83.84661394238749	67.8616051608636	20.49398429054925	529.4777263608942	3085.9211996145514	1256.1529205278118	2678.926983913025	11.876840867479984
?	178.36670124271018	-66.18859629147575	67.88821704741606	-281.5147175501255	665.053012359849	4727.923503732951	1553.9118855683735	6723.906563793931	11.44346007001383
?	177.60414870793068	801.8107410460868	53.78586928335738	94.66789198332242	765.8739015475409	-3324.225378811837	1592.3482487175072	9403.945181364172	13.249107269656315
?	218.45723829501438	777.0493943935377	72.62161164658217	449.6711040864378	498.8417434192578	-7589.480899541013	2024.1091446365804	10689.534402487649	8.496046902602156
?	216.45661842760742	842.6643587370587	76.26942448767919	111.04946228067018	386.3998565704916	-1558.5207033345691	2126.8249688418878	5737.9420093733115	12.23629432913018
?	260.59045623186717	1261.38246218334	78.17408476061566	11.052790031525642	420.9157082525296	2358.3345355850784	2311.006245105245	8167.452703785431	20.427468462359304
?	279.5257415367742	-1.7991077586600632	76.82206398925547	-111.30734725508756	504.3165833497451	831.6184326896719	2535.197604031158	-4972.7719542076275	19.48503763827772
?	260.50050084393416	-383.38023826741187	72.6087173978613	-275.87430504899754	462.49662988701306	981.0174340316406	2062.3676473948644	-10855.116741465528	13.156103694576586
?	260.3567296234037	-736.403762420276	63.02834873680564	-87.15014171162895	553.3674550513269	-467.71068039709286	1992.4417669578834	-690.6574675823529	-1.7274451284573193
?	223.6803127229205	-1382.1277413540308	68.25121031227987	165.97928228059376	439.1110958671585	-849.0014000079608	2027.834774015747	-1569.8429884816744	1.476158812322241
?	191.2503425557024	-4493.606254458426	71.3273128508353	-243.27092890324167	510.91738505092906	1438.621514256518	1913.9496175338	-2950.7259275571746	9.978327756129131
?	-1	266.47370402757855	56.087663867117826	-117.68740033176796	511.04217157998414	-1328.6159186389184	1880.2984776378887	-4867.406101730216	13.841672567915662
?	204.57402775708127	3925.2852673594416	65.44294283424692	314.79881654899316	444.4865891189834	-878.2308738087996	1670.57931244729	-8044.120827699781	12.55197872111335
?	195.26426336797138	-348.7804307115546	71.82760469456743	151.5184770489591	467.1306278895443	6947.475745509184	1478.092436252901	-4051.2142257509286	12.766254304816172
?	187.1350062215036	-191.25106015420283	73.01886668669485	-36.89989498665808	791.8603763944414	4889.113660098919	1468.0186011597443	-6877.374987419673	16.893642372897425
?	185.70171036026127	47.883320658737205	69.98260994523453	-160.94003790468662	711.5863108944894	-3306.4898155180804	1134.2236868819186	14008.321437778854	12.545508332365701
?	189.52917225444045	284.0188136491405	64.97186479146055	-79.68756217508059	626.5358856185379	-6758.378394440997	2168.4346730486845	27409.867934779348	8.108800178429892
?	199.90265104271825	-149.37055458821303	65.99823183648051	59.544286346192834	373.6673911724408	-4776.564948463749	2504.717083620881	-10315.358499008462	5.561228446763033
?	182.06064452502983	-575.5559052397238	67.94907910877018	-84.056804767027	387.7076381953513	-27.164531476370353	1652.6667480982633	-14918.32673969351	10.843355553967108
?	171.12485578073216	-175.68834865082016	61.79539159812918	29.96211160800282	372.30916459862226	1189.9936282522763	1758.8007466362083	-2300.5452607885118	-1
?	173.27622709248885	-122.83381353876153	69.44718468917031	90.59056541043124	447.2073196079649	-611.8082653319276	1537.639485058838	-3355.941517010281	9.968776733050408
?	164.9831651037941	-119.99514184298604	66.32491986865072	-18.381059928345913	341.718751332026	4552.178127910693	1591.0036707856948	3807.5702188617834	18.242869476756375
?	167.27647000033957	16.304074735140887	68.52813169275302	41.05540568807826	674.8162260034987	4180.375837495574	1728.0179960019266	5547.778404124758	12.294011838443803
?	165.79836884055115	109.41567398932743	68.37769015305463	2.9414224642323568	550.7375432068039	-3976.3371427062025	1868.3925909919317	1374.0680110046198	13.481830995126831
?	172.74725369980592	-530.3599378345839	68.67520281596464	94.86346179068198	475.9993688681893	2564.250474973892	1796.7213965521573	-5177.62298841214	15.346601918491439
?	139.28037194882205	-1044.279232499168	73.12086324258871	142.9790745166303	678.9500669554981	3344.7678638604525	1609.5114415713256	-4907.0826891242305	3.141996088825029
?	120.53329207484771	-1026.9809853791905	75.82415654179613	64.91431813058478	643.2377620612114	-1921.1005509244274	1551.3672620959467	-3749.2797190862934	6.75287058944811
?	87.9313226798627	-2430.665841496963	76.36657914911794	-133.4826185779439	582.895039409277	-824.3267609786842	1422.0474556170116	-5225.243343129823	3.816503448899785
?	-1	2523.3722907086094	69.15002561289896	-282.67664732715946	602.0214240122773	1251.469787491958	1290.1050949394564	-4651.745456137931	1.8578945391549146
?	214.09993721529273	3886.4156947066012	62.23274678276002	63.25955455199073	645.4685287838747	1241.801956406807	1189.4601828101158	-1063.477414012172	-1
?	193.32078473532937	-615.4178646796503	72.31300334049848	173.73821485157129	664.1115218326174	851.8773117796794	1236.931224238848	8821.942583177228	8.581831771935748
?	183.32904398131032	-316.81330064187875	70.91965752533855	-107.69351790889583	688.0623943728585	8268.396484639668	1630.5573119689757	13694.296045200615	13.764869568803359
?	177.4801197032355	-595.4856803845302	66.92832744505371	-83.11137148678286	1077.5313460645993	14523.90364530967	1921.6460264988764	13744.122572091841	0.34704288350296714
?	153.55475996208392	-264.80591901658596	66.76408895099942	53.61123598243997	1414.2575766383395	-14136.761463993826	2317.7634405735653	767.0615047420806	-2.1445839572467205
?	164.23982375240624	-76.1423829388721	69.6088892441757	22.595757486698542	370.69327286491057	-21736.959341005793	1959.9991017359803	-5269.550227167939	8.98335003376981
?	149.74764081514033	-567.1278515190168	67.89387682533435	33.2958299543476	327.4096095880537	-1239.251712105348	2054.2859292151693	5252.580951748833	8.083090277896556
?	135.8834311764555	17.894401076529853	71.27368074189307	72.291996051822	308.7306872596434	1570.5771044868743	2222.628149323421	3678.6227878750146	13.117400183987607
?	150.64236086896682	382.0229885323507	71.50847662792543	-193.912252248909	405.9384648123971	9025.468416098323	2238.2170686089194	-753.4184572562326	11.063807874353568
?	154.98458060307297	-3032.847217379347	61.57806812944766	-320.9568392041773	760.004108064558	5894.579107719763	2184.9572264606095	-1439.5211006624372	3.6388215147840546
?	-1	775.4157872698652	55.460634667716626	90.85627595530956	700.6674201983842	-6345.056012147033	2166.2410135757978	-12492.96970999995	-1
?	193.7553699665661	3813.203318633482	66.12088192721312	283.41483997115176	442.7513074572075	12874.877092772931	1560.3087409606142	1756.7578273326096	8.625571650104126
?	189.66016593167342	1161.9282087303516	69.63137666627416	195.61039968936723	1344.4112748370285	11313.300929306106	2254.078904942428	8507.43465008142	4.702000198031469
?	251.85178040308347	793.9038257087265	75.90140191168145	157.19999128460017	1008.4163539225107	-14897.67885464416	1985.6804734646837	-12322.694374187344	1.715672461230454
?	229.3553572171096	-2239.2097593858034	77.49137623050414	-22.367887224215586	599.5273321048231	-12569.828704067091	1637.944186233063	-8813.11038949042	5.64711972703071
?	139.8912924337937	65.45467923471927	74.78300755047067	55.5053008493484	379.9249187191583	-2504.3913878882413	1545.0249539901642	-5079.200848822829	3.0632548548477523
?	232.62809117884555	2179.5848980923283	80.26664127297156	8.86012967989419	474.3077627104115	1050.3602381115459	1383.9841437919224	-664.3768301492197	7.28803213197574
?	248.87053733840972	-2307.2291065626346	75.22601403446538	-178.4122582132307	432.4429306247354	-1660.270315319539	1511.8061124827034	12852.410763816057	2.3998771608866134
?	117.26663585071424	-2229.0320858007167	71.34602836231005	56.70883033704504	391.29424694443486	-1564.6445650335565	2026.604681982723	20146.47248031969	3.466817303442478
?	137.41893304837427	751.6276262796524	78.06145555131762	138.76066360765512	354.21070237305787	1743.5578574669107	2519.1297364986845	7656.076926192172	12.730910931363274
?	154.84801716469673	342.3280356118773	78.28406154269278	-17.2657162744614	478.4721398177801	4196.390427935986	2409.40852829233	-11323.610059955436	11.310956608875657
?	154.53533482896808	283.6909053161809	77.19816973759455	-91.36149997617939	564.0302237698564	2201.196077958458	1952.9492335009147	-14705.724804527998	6.365074987238486
?	169.03256243050572	659.230195073829	73.71598654388383	-37.755167188023925	588.5319437157026	-214.66359455989354	1674.122288065933	-5209.662640366128	6.609082967459426
?	187.4968445826594	725.6126486105533	75.31041137819337	25.48393567936225	553.2970440418618	-2633.6991091377913	1692.4661014826092	4022.093323636896	14.028865340814718
?	205.31319486103325	1166.2249275537479	74.99018332785194	98.43547141528951	456.8469882588135	-1389.4577553685274	1875.226954247777	3376.4502671062774	8.044265622361156
?	245.8080909603466	1059.467212153807	80.23218494895782	89.32187734402905	483.8241562734357	979.8055554229803	1861.2886148379225	5389.1402734431	11.217227375954359
?	258.2865554687234	320.16470145781	79.45627719505337	-14.338004477502347	505.83726602996234	547.9526919627707	2144.683967919931	10571.987104427864	14.203307580631625
?	261.81632603323703	-196.85532384324816	79.51528472508271	-22.150782653228667	511.2217908715741	-93.16796568022288	2389.887970059314	2133.8142812581086	14.9626725939706
?	248.44378927656103	-628.1738412932259	78.34873806239195	-186.55635304573744	501.1788677459512	464.5150481673823	2251.374681982836	-3681.464822882985	13.460612498684288
?	230.40763396857585	-735.2431286013505	70.18746707279587	-192.0657037985718	534.4475432799432	-1246.7096356628892	2205.8147289151652	-1971.0895366205184	3.978370388822177
?	211.68163284649364	-576.5864892500904	68.74545287246339	-79.83273458726444	438.84338596280696	569.0845928533825	2152.8202051518106	-5464.113951100609	7.181110563565671
?	201.57830950607143	121.78499313951235	66.19583034343266	93.24700479334187	562.9017729226122	199.77703365487244	1932.6090313601358	-25219.597000992566	8.563782339331361
?	217.77088250346924	-74.32484353931356	73.40780311213047	72.95187594828857	448.83223764555055	-2915.783508977929	891.8403551021868	-10221.551680280645	18.56415491634221
?	197.86206732910577	-232.90017768570888	69.84342414084708	-43.00576380903253	417.1125974737162	-187.79211179322667	1421.5314473461053	-859.1448502382135	15.32116944113076
?	206.12587361918384	266.1358858047053	71.25751492167885	95.91792440781069	439.44263205588925	-133.696267389651	848.8831125902763	-1148.1325576114928	20.3788199284832
?	211.168861619341	-112.15241267651305	74.6393203612376	-40.56084257074431	410.4277841042337	-1099.2941164496567	1364.124819465531	14228.117687336784	22.909634532346434
?	200.5182529853582	344.87863561935694	69.22947279314164	50.18873288644489	384.4779262334066	3328.019876287703	1560.2889969571129	-4947.080955113296	9.806617326607228
?	228.41279340030877	653.1912831121917	77.14875700555983	140.37684801953867	576.8287779186182	3217.1594686748836	1116.770771709867	-4506.820203025516	18.700590436065532
?	233.17781714096768	-12.482436563698842	76.24831519411855	-114.74294248856962	545.3358996671502	-893.2805022789316	1334.947986805838	17206.34627084807	18.780998393143765
?	227.78867157212383	-85.74969977790006	71.41160988113137	48.06826179584749	532.1647528046718	-1139.9599464513399	1977.0880852522673	18811.02472950299	11.371180312241268
?	228.8903321520727	-89.28888561712572	78.65172828391091	113.94268845467349	488.3379023445834	-987.0058531261635	2275.499223280984	1986.0748343335197	15.33243337979673
?	223.32422729126756	-291.02339096869673	77.10874430386502	-161.3491805063063	482.8144601483638	-1091.2148591341502	2076.391826968943	-1713.0433806249646	22.41738277688224
?	214.3391626036379	143.22719909252095	70.58426925859563	-238.09264428076204	433.7771593878761	-1310.2176038273547	2189.847054249736	11436.986356326073	14.161675673019488
?	230.48558724589358	737.4291640986187	65.20411208982696	65.55676693020155	417.3035799569963	-414.2337981144934	2648.2411447852446	2353.6252653536385	0.10664353385091634
?	251.2106208085687	468.65856884477006	73.86210760510569	224.2138668503187	413.0654694821515	1065.3689406941241	2307.5283175174177	-6266.180627091047	17.084526502225536
?	253.918515688132	-353.6862342935417	76.41480543234286	113.96201658553946	470.57202699170233	1065.6281257536289	2334.9321134306933	1638.3205497631448	23.663686031903218
?	233.52630909389168	-902.5763361831978	79.56020843438265	72.58764369621727	466.34687576983276	-879.2545378824783	2389.4443450055746	934.2650987440662	17.290891799271176
?	208.78969887897227	-818.561525355707	80.04418761715371	-173.61246969987354	426.60930009757857	-1515.1484452448412	2381.6453683678965	1274.7454071544098	16.0810911066811
?	192.59823282610648	-307.3154800118555	70.879584949389	-282.3063213253734	390.589453507591	-275.14606100039356	2453.181615363295	929.6623899259281	9.257579625665894
?	193.42392487837955	-114.19479891146166	65.92887155088509	12.581867499900214	412.85199704755894	3505.757225765652	2428.1284878641927	-6088.194139837136	6.280514486542797
?	186.88849288053342	-125.31579951427362	71.50867832438401	123.09206856962037	565.877314795873	1310.993020756996	2148.771908371439	-8983.48230173904	11.141035697129102
?	187.1581349026659	-1.8704720939251795	72.08347497936609	-52.30099626448852	478.4016480854085	-3466.1128440212096	1978.9543727772423	-1948.3718064297568	12.260466836922573
?	186.79496927583716	-57.75626223842685	68.89362851115959	-66.18135545011252	392.5716725948131	-2306.640070915186	2051.3533180499517	1048.3636917866206	12.535297922812763
?	184.27032179074456	17.747315609576113	68.77440720686047	31.83320941716471	363.06964453964963	-1038.715569136008	2031.3725573665731	-7459.865496986521	12.370002187888813
?	187.68233505631596	69.0660964319684	70.48528898201782	19.921116635934837	340.6358941380129	4935.606882271385	1678.360043200627	-5412.21797597611	21.38005339452796
?	187.72362661234297	227.27102459172295	69.77046303865721	37.904925231968456	609.849988653218	8306.905198623002	1760.7616585677686	20115.124666534655	15.160626700255259
?	199.04588628590207	644.4486114331789	72.38053524361624	101.10408085756127	755.9811540691616	475.14012813905254	2684.116276527356	-16542.452750158805	19.846003986386417
?	219.9460571840018	852.4390194190587	74.82566708153526	63.46058914828825	633.6069950601706	-4467.240369513106	933.6390210598313	-30397.996912046754	17.205423924457232
?	241.66783725685485	655.2516711778793	75.55356470103064	-142.02937852700637	532.619135593507	-875.9996733651777	1164.2164309250238	10006.24481125756	19.114771485193806
?	252.70864074289565	125.47588007819614	67.72419815518497	-406.0748406147359	589.8070113919118	4147.968253855924	1433.9512616227075	15647.137112583861	16.586561073856043
?	247.94163126076464	-5074.172814857931	55.249822670293916	-245.37236758844645	740.0175482863025	2335.134758544945	1946.573286554214	11540.848242205375	-1
?	-1	-4978.83262521531	55.455579775762686	11.30106673008545	706.5637493191587	979.5309974201326	2010.9936737329742	3161.4649715175187	-1
?	-1	0	55.81487600679819	16.331895889052447	788.9940981573089	4123.187821265693	2104.6465351300894	-2482.089315771636	-1
?	-1	0	56.272174570215306	-186.14155587758412	912.7231403824426	-1141.7848143578722	1886.8892079443929	-3646.435325914257	-1
?	-1	4034.8643088197846	46.50779821291901	217.41722675170342	731.9048574394155	-1579.0367010231228	1922.3247688343772	-6877.890875355117	-1
?	200.7432154409885	4010.091599045726	67.14303590780044	575.3965542243234	833.7713053312867	1553.6162887072383	1542.9946641766383	-8959.353218229826	2.054999375938378
?	199.50457995228558	22.01330404770325	75.27762592413508	201.34986766433158	809.5856718747772	-559.9050370015876	1474.3571079228875	-531.2252665314665	11.657012825572604
?	201.84388064337367	228.50225854929673	77.21052929101698	19.33623035895216	805.7760534812074	-806.4715901802953	1516.433400850065	3543.1743870870187	16.723493225864324
?	210.92969287975038	-99.43344944901561	76.24443744208269	-208.2739157852983	769.2620923657626	-4393.3545948108485	1651.5158272772378	3960.183883878886	16.271660573269003
?	196.8722081709229	-157.01862976328016	66.7968335017521	-329.67470234542424	586.1083237406658	-2336.8974681835575	1714.4425950440086	1654.3410569993525	6.34594185997028
?	203.0787613915864	51.49259344450304	59.76070232481153	181.91375801667854	652.4172189565851	-3468.4742436884153	1734.2328801272051	14092.527033093162	-1
?	199.44683784314805	-182.85953747213975	75.892521402586	64.38519552978556	412.68461155624567	-1188.06517766601	2419.068946698664	11853.485654890079	12.52942224547915
?	193.93578451797944	-4008.936756862975	62.9799621013008	-314.5063724700493	593.0139600732848	12401.042089881534	2326.907162871707	-3714.516849096876	6.759671714846979
?	-1	920.9872585448374	60.16720277908359	125.94937625591756	1032.7367160503202	616.4131685561755	2233.343104243821	-11107.38219011268	-1
?	239.98514744522114	4936.360541725075	69.27743091409666	302.50041845634235	623.8346185010935	-6650.415319531342	1771.538053366075	8240.914302761823	10.78898097291356
?	245.81802708625287	181.75775506149373	75.29222370190065	115.35429285184036	700.2159500737542	-2426.219015379341	2645.3888193819107	6297.935050583978	22.611861234705135
?	249.0730351982958	-472.77855831611873	75.04514555668865	-178.22018640114214	502.52366773212685	-4238.427159625105	2086.434805895273	-18837.108512197057	15.650682120380685
?	222.17909917044702	-2385.3094262773566	66.38121438184358	-272.16632633958	488.2945920924998	-28.58925096370523	1703.5333937720611	-16523.024536391502	8.620601684401345
?	129.8075638844284	-254.5120655674234	61.4368292397097	122.05070686478835	501.0942051839416	-709.0922767738086	1260.2835790757006	-8802.78691298723	6.913596818835417
?	209.4534958920759	1266.9086676581753	72.48374972508297	184.1638544579714	452.8399782538095	-2439.3784600326235	1263.3940481227012	9068.044563691034	12.448267333479972
?	193.15299726733693	-340.982199052117	70.64502196260824	-22.951287460051415	379.12528218231085	-1251.1642152966817	1713.6858072602506	10057.910803817958	12.34466682484468
?	192.4043859394701	-125.45469472438627	71.3361853520804	-22.513399828265303	390.2817674889756	1709.1362132750435	1766.2895883135973	-3487.451458227882	11.333402167145344
?	186.88026253111764	-225.4876230604085	69.51935197119498	-175.64197423385784	464.5820928460627	-125.21621637874931	1539.3132343488571	-5140.589374519409	19.053152138626054
?	181.13000478644972	42.52137950798116	62.554086640387546	38.23918355174313	384.0209566700382	3365.084533793026	1509.2601195876277	2538.5049392748306	12.169294679534472
?	189.0063315065167	4.446386679249991	71.43131114878213	120.2867159089773	632.8363195357134	3404.444090783698	1666.2384813125982	9860.363855435795	11.92470363876144
?	181.35232412041222	-69.18532676098452	68.5684224358365	-97.60173749617994	554.2431612092255	-4759.748912085107	2002.2783123594245	7805.061520741017	9.923236652920894
?	185.5470651684674	222.97912977239062	66.55122427397306	68.02922947590065	394.8488739314547	-2680.625275232283	2056.4915573496546	6488.1121688583235	5.547730376917864
?	192.5012806090319	377.12116536928795	71.96988390963158	165.3792678824481	420.21189744760943	694.2121294135567	2326.6839208023453	6695.191457213209	13.621053265722253
?	204.40312343693208	492.8141868270164	74.82018766809559	113.2637592941425	429.55948040213303	432.86234330869615	2391.25113021032	-550.1201528262039	17.350786970421854
?	217.14198995038308	355.6178452692098	77.63307187433878	-130.49242981793597	441.85501461304455	347.02319198007746	2299.1779131610347	-4087.5681940542345	19.758383953355246
?	222.18401570039282	-4362.839799007599	68.2955661771987	-201.61711103987014	446.91064000113715	3745.3741778347253	2186.872720507605	-83.91447482424036	9.307027550025692
?	-1	-4463.680314007793	67.55221632234513	17.71774880874918	629.1237235047835	6402.929548161198	2294.9821894198226	10188.943476898648	-2.9391853515806825
?	-1	0	69.18145361763617	15.962010209411005	767.0571174092016	15150.81073650728	2696.319894352545	9822.465741724096	-0.6270291369212342
?	-1	4273.300408064815	68.3503168328157	-79.35331075633486	1386.6642603301582	18.096178873515527	2786.1054765060344	-5138.0052582210465	2.1670457257138076
?	212.6650204032438	4306.776280480368	65.21378807981937	128.8826887074025	767.9619263528774	-19380.969249267742	2439.419631441489	-18552.017259639193	15.289298713529845
?	214.33881402402147	-185.33419116399008	74.79445126818591	20.399483553170505	417.6157978667573	-5384.272865705904	1858.5046135240616	-20849.67541472832	16.969387918729193
?	203.39831084504416	-413.10299033182315	66.2337622574779	-258.6686593999862	498.74828306757837	1154.7581736301113	1396.935860705058	-602.9933874672412	9.870873761459531
?	193.68366450743002	-80.51782594471432	61.861018298186416	63.117494002507286	475.3537065482637	-1310.3746181604795	1828.354944150699	17393.101002381653	-1
?	199.3724195478084	-170.8293981587842	69.38963695760332	-29.23205997189741	433.22955215955346	-933.925459925487	2266.590910824153	8495.424164601593	10.88590318462973
?	185.1421945994907	-4007.448390956111	60.399415299591524	-310.9919234737249	428.6574335519887	2525.154841866843	2253.126152380785	-12535.935837546658	8.49197489498085
?	-1	369.7540814393976	53.84004078391685	247.7357463936413	559.4872942528974	2109.7052532689163	1639.7941189468113	-20272.401448231292	-1
?	203.62989867146084	4004.302668204459	72.78620261927377	309.8130174355599	534.142696215436	-3018.4586598873934	1239.5060799692058	-287.32265810766467	11.769060120966564
?	199.2151334102258	-203.559060258579	69.33069165569506	-33.3445757715044	408.5643612585256	-2366.5729957053118	1625.4279860414279	7357.843990081706	12.579744758546997
?	193.45194565853174	-368.910009009591	71.11897383069852	-50.495393517149544	415.81404643016873	-634.2824974439146	1607.3982794732963	-4277.07831090663	13.867019214396649
?	180.769632959746	-341.2399107586819	66.80592197983755	-171.81259355939187	376.8502363863294	124.33026009303313	1411.5740704960933	3545.178831725911	14.13980798426113
?	176.3899501205974	59.32794962562782	62.528344152728806	32.67026334299924	422.0305594348205	-585.7723945971608	1784.6572210595943	20763.611343265366	7.546016817414745
?	183.73603044102742	21.37211114729352	68.43943514698754	-5.601874102285995	347.56161665647096	-1422.8432818176375	2449.7546376593764	10947.76314031465	13.03805004850294
?	177.4585556779621	137.44843225275733	62.2482504476145	86.8747709334561	350.8883953439376	3378.709981329168	2332.0453780753346	-3291.8399515654332	4.452073225590922
?	190.6084520536654	48.70855084055608	72.7831736936604	22.709455781781248	516.4971157229318	4082.0600708930124	2285.1626400811024	-6950.177299384969	7.275638768731412
?	179.89398321998993	-3832.169041073253	63.38372323670358	-402.2634595121138	554.9913988885911	2490.9583416292853	1984.5365131060812	-5485.134480267228	8.352568108838822
?	-1	1035.4743711306066	52.670000718054425	-47.83469148945488	641.0450328043978	57.15181713347111	2010.905916067737	-5412.1549555297	-1
?	231.667701776521	4447.000101333458	60.9919886622308	421.5064744244839	557.8489897452647	-2251.1502006113483	1713.9287653295924	-19405.459718962804	8.1121759401139
?	221.35000506667603	239.35897774511943	73.74532443927892	304.4746089177767	528.4875227738288	3039.6152709114244	1040.632930119583	-9740.830742011987	16.12776317704436
?	243.63565066377714	959.8571707801466	76.21571910811986	42.59688175085099	709.8297532908381	3451.7219876390946	1226.887228228986	4477.479973283712	15.324939262665486
?	269.34286360568404	552.6464144367436	75.8751685268215	-232.31886749437348	701.073622155786	-1556.7022402422465	1264.5069287837719	-538.8535908362579	16.28203829508224
?	271.2679713856147	-969.0590325616988	64.59977573340102	-306.84664763038745	631.9946412787247	-2106.0127715197855	1199.9445486871728	-483.6823881900295	13.416598147038886
?	220.88991197759842	-1275.7481720256453	60.53283614530191	110.61179743345077	595.7729835797952	-1409.6288756695485	1240.32280937427	-2549.47915358352	12.864570589356527
?	207.48056278433154	-521.9758629239027	70.13036560507364	173.54140730615507	561.5131974952462	-4030.798929128143	1072.470591007995	4330.01141140671	10.901410632494322
?	194.7911188314029	-403.7758405742124	69.20990651060978	-21.125233720296404	394.2330371233852	2975.3094986424535	1456.8233799446086	1194.2859738745449	16.95285436103708
?	187.29177075562063	-270.28638599269027	69.0741039190588	-142.55395578271614	710.278672427371	3260.4233593953145	1132.184889701723	-9099.610650452567	13.16944779006034
?	181.2767995317682	-3765.835415112359	62.082208721473876	-336.4384301924021	557.2542050931533	441.91647394116274	1001.8428474219738	6621.671660752679	10.197549941633156
?	-1	86.65779814906377	52.252182409438454	120.28107924784848	732.3744961244295	1767.6958008928068	1463.2684727393616	10977.643955919788	14.043502549247053
?	185.60968943922146	3789.4513397879155	68.09626268386639	322.5017622023192	645.6389951377948	-1457.4760390608478	1550.725045217971	18748.314458424426	9.189985208723101
?	188.47256698939847	160.28586382815035	68.37727051955464	-48.956162530141555	659.500694171386	-5822.81194397972	2400.6841956605963	9294.574137927388	13.096553632350671
?	193.6239826306291	891.2617051313969	65.64845455735927	39.53175693132949	354.4983979388047	-5270.125494665515	2015.453752114347	-731.5306824322748	18.393447642374447
?	233.03565224596895	1423.5866203862363	70.35385836612115	216.6195807797593	395.99441943810655	6494.594583377708	2364.107661538982	441.9323241677995	12.709657061794235
?	264.8033136499419	1485.572241282303	76.47943359634739	47.76200741865682	679.2281271076947	7426.358734924724	2037.5503683227373	-21818.56743963359	11.463065652063701
?	307.31426431008515	844.3916918901873	72.74195873705402	-135.8171026111484	767.312356184348	-3305.179775333828	1273.1792895572871	-13094.576771910497	11.935468257125796
?	307.0228982444519	-465.31361126178035	69.68857846578987	-393.3566954741657	513.969138341001	2177.3170260628613	1382.8215297272031	1476.8495501473053	13.266034595763482
?	284.0485837469958	-6160.45796488895	53.07412396334546	-333.7670179242259	876.1782074874926	9099.208268053033	1347.0217670646534	13121.309605396504	-1
?	-1	-1062.548081749985	53.00022756957834	285.51183396020656	968.9295517436591	-6705.225932378401	2038.8870099970377	-769.409195622291	-1
?	230.9211796594958	4448.790132989597	67.34971566135599	401.95695987444367	540.9169108685678	-11099.880372433083	1308.5513072835383	-28716.805847962733	14.242196703141781
?	221.439506649483	-203.57535426149065	73.09807556330081	185.45049321554947	413.9355331219971	-1922.8656002614753	603.0467175988807	-8785.44586387816	24.907561642623577
?	220.74241194642113	-256.53706084418707	76.62224032213359	-139.50241326800892	444.7736308554927	1141.4672133713461	869.2790140896241	7306.307643860929	26.01820858576396
?	208.61265360727347	-300.4094555656232	66.12295489990027	-321.7318490478084	471.0088937905652	3129.8424414746123	968.3620997919323	12161.436876919215	10.012060537215417
?	205.72193916813976	111.67443427831597	60.535647869742945	122.09464637654318	601.2657529292255	1524.0752011838322	1477.3508579355935	2741.3774022115235	-1
?	214.19637532118935	-144.66806449278374	72.22768721872751	296.2846180995539	547.2126538497579	-116.03963225207798	1105.4309699025105	-6971.293429461649	9.876498233889073
?	198.48853594350047	-321.0679238010937	75.34987877472085	68.40865482407952	595.4637713166216	1032.4705209203319	1128.786186462506	3248.2496430499614	18.261177774175685
?	198.14297913113444	6473.966749109305	75.64811995993154	-59.47202702125822	598.8361798957752	-613.2023868042555	1267.8434520550109	12187.158818394792	21.06951491440163
?	522.1868733989703	2989.8177826125366	72.3762774236579	-255.51624686111117	564.8036519764083	-2070.1835694156966	1738.1441273822543	13543.230415531378	8.519090106584818
?	347.6338682617634	-6338.870966474251	62.872307616875794	-123.22594523890866	495.3270014249889	-3391.406474877275	1945.0049728315894	8417.431028305426	-1
?	205.24332507525327	-3120.1285719323614	66.21498016171238	83.64707713385238	395.2333282325422	-2706.372019510659	2159.0156787975316	5781.6526314077055	12.875441286424078
?	191.6274396651431	-158.81356800812458	67.05466147356847	189.1123187416072	360.00840044945403	19.868792295643235	2234.0876044019788	6994.244429846741	9.999248866383738
?	197.30264667484693	-900.9391425772591	75.67059609879287	-47.569257616184366	396.22676784732437	487.2203877886226	2508.7279002898736	4025.7966355585786	18.216332486156038
?	146.5804825362795	-1513.608976690915	64.67619859275922	-258.8796784726752	384.3694198388855	-401.26595739398454	2435.3774361799105	-7551.476297327819	9.198236535078628
?	121.6221978403001	1012.3323410475994	62.72661217515893	127.43173474833118	376.16346997762486	1846.3586808601349	2131.154085423477	-18742.79482993075	-1
?	197.1970995886602	1849.3605788654459	71.04778533017587	269.0108427508767	476.68735388189356	3403.567854285016	1498.2376946833597	-17098.315687144608	6.336544192112961
?	214.0902267835737	263.8048027088498	76.17715431270295	78.77665181629739	546.3418626918781	1263.9187952113334	1276.2383010662347	2039.044218909856	19.810943088729736
?	210.38733972410287	-65.33061355653807	74.9866179209908	-64.4159831254168	539.8832936424611	-2750.53833971957	1600.189905628854	12997.179057682035	21.87177186791021
?	210.82369610574676	-55.711317689620394	72.95635515643207	-131.85890125997088	408.8149457058976	-3220.4442412311546	1926.0972539503457	6780.98945795828	14.944273425721056
?	207.6017738396218	-250.04094951191504	68.39367285799216	-83.78989474131765	378.8610815809011	126.06823002051718	1939.2393785267727	-393.4880804171179	19.84692677756389
?	198.32164863015083	-326.564865753778	68.76686041936613	89.98663651062358	415.1183572069236	5524.875124299018	1906.4228499294895	-3923.6375643792085	12.786829301117614
?	191.27353055193268	-228.85500683464858	72.8930046835234	-50.27567017177986	655.1048377958559	4336.072786846369	1743.0575003078095	-4241.988528616611	12.833679987368058
?	186.87889828841824	-3845.470611038599	66.2530769107771	-366.6182331566484	631.9219965492451	-56.27276501731932	1694.323423498656	1953.1126141997352	13.911348287873238
?	-1	-3757.5779657683115	54.56209302569072	-251.53540658294315	652.2911995449899	2330.055237761586	1840.7131310177977	7253.814986303743	-1
?	-1	0	53.67630658162976	-47.71585994813069	748.4247584373261	3047.853477701433	2057.0141728138483	6167.959700468708	-1
?	-1	0	52.17630002828415	-16.24253559507954	804.6838734300637	2250.055457131384	2149.1111160412374	376.25660694834926	-1
?	-1	0	52.86417980187577	-83.94321990338506	860.9275312938969	-535.2370682269171	2075.827003161266	-4557.966316059168	-1
?	-1	11738.78430883497	47.97913903311484	213.14673582412092	777.9220200187175	-5077.085716591333	1921.2128002382758	-8914.267917650246	-1
?	585.9392154417568	6133.996367561144	63.52151659308197	534.6101741209244	607.0732454643267	-4160.021103556439	1630.1136072787474	-8905.893320881469	5.089509861036936
?	305.6998183780616	-7996.233908530572	74.70964773916144	135.18242438354156	569.9209648408926	-1039.450900908488	1475.918134194196	-3285.6678008369668	11.805503663214399
?	186.1275200152225	-2458.5264282819294	70.28063781225914	-67.2303585845872	555.1007004189015	-614.904923517693	1465.8302172368967	-2787.4534392741557	14.670543947719455
?	182.77349696396337	-157.25679984945376	71.34812980993203	-244.161560327724	539.1757186650075	-491.638941031117	1336.5454622304862	470.617642520108	16.99707657523351
?	178.2646800227497	-3675.469939279215	58.07255979587277	-304.7111155176123	530.5187533673453	1588.445569847618	1489.3610993629025	10313.247221362188	7.6544685077022745
?	-1	1121.4095647918275	56.1125740340512	160.7378987367447	618.5979971573895	2703.9949574907546	1852.207823298603	-6164.460019224056	9.871755856565978
?	234.33515826234188	4190.506111712528	66.10945473271012	291.40170479620537	665.718501241885	-2103.4374055687335	1181.1380984016953	-11429.744460921203	5.737568607400534
?	208.52530558562938	-4706.70316524677	70.68265927386167	-138.17418372707127	513.4261268789513	1474.9238347002206	1280.7206002525347	22653.25947172487	11.617041594928075
?	-1	207.62909712817293	59.20074554635646	15.395958918033225	739.464692976897	-316.666410397985	2313.801071987955	17471.809184630412	-1
?	218.90676044203818	4177.282593577771	71.45245721976335	258.45959469013707	497.59280635905185	-6249.5991251754385	2154.3110594840678	-973.0683337725302	12.710340551539197
?	207.86412967889152	-4398.135208840701	72.1237252808635	-107.24517412454777	426.98473671812064	-937.5037451936331	2265.1476552993277	1581.8180125049505	12.82168492199523
?	-1	503.8985263397816	66.09019851353588	-149.07219452815966	450.71761909936953	685.7878631637339	2233.4019601093164	1873.4897606877355	-0.7389092099090797
?	233.05905599588095	4275.305360822262	64.6701155544554	154.84366480156106	461.2741298763078	-231.100940174539	2358.8221433337158	-1512.8229658086786	-0.49932320661438423
?	212.76526804111612	-777.5135043840087	73.83238175361404	65.1548032610048	439.1625720906424	77.99448718313218	2157.7608118188814	-7067.624143282533	10.00058806299277
?	194.18338077667997	-193.839298008324	67.9278557175057	-101.65200025079028	465.1738542354645	-2735.2562447627497	2005.4409361695841	275.26267668869485	11.521052185140618
?	203.07330314069978	298.38070296176994	68.74978174107446	85.47166163529418	302.399759852503	1353.0351246521764	2171.5239456533163	3342.6115895666526	20.44885274132674
?	209.10241592476868	150.80148364750826	72.20143879927046	126.47221362486553	532.8256104680743	5640.987351309251	2172.571515647919	2315.145499993936	13.946870725624725
?	210.6133773230753	41.105739060316736	75.07339242231782	-26.02576011507486	584.4491274179695	-2116.9793839024833	2287.2812206530148	1420.6183354390557	19.05077731500347
?	211.15770287778454	-251.0088863084125	70.9001507935167	-162.26311848444251	426.9766412729486	-4422.463958256053	2243.602432419873	-273.71576948410234	14.47478249402816
?	198.0629330076545	-364.12383818903714	66.96023649809558	57.50701555803008	363.32592950516374	-579.1303296186297	2273.5954321788095	2818.4722143660256	12.24969926624831
?	192.95151096833243	-293.56666868213534	73.77550157141825	13.2103213442151	398.0201247920167	1048.6722833771669	2384.526043138176	1876.6218477588798	15.537709727675258
?	183.38459957354752	-3879.0302193665934	67.62075256530635	-132.2433100496546	415.75954367402284	9981.73646902457	2367.426524566755	3338.7084812113953	8.442709174187284
?	-1	906.558719501186	67.16333606893542	-24.48536751225611	897.1069482432523	23961.406849918076	2551.4614671987483	5770.587899316279	0.9042830711224047
?	228.71253554860746	4396.849629794227	66.39648418969352	69.36440047400866	1613.8298861699436	-8744.947639244727	2655.955919532573	-20616.40144590886	0.6810073583375429
?	218.8424814897145	-4594.250710972084	70.6315560926359	-208.07791478683487	459.8595662810098	-21634.006947266695	1520.6413949032906	-14632.707463037383	13.467934060336292
?	-1	-4396.849629794227	55.99258845035163	-430.2701128081722	532.1295388065935	4867.87978461196	1924.3205463806933	12291.639540151156	-1
?	-1	4783.181771789423	49.11805045222699	217.77257408110333	703.2535555116112	2252.899762667462	2135.223371910857	-8017.1808247357285	-1
?	238.15908858947452	4592.486743121862	66.88121715440695	464.3003465082726	644.7745269399682	-7211.975797244811	1523.4615051439011	-22881.423439027374	17.00014548546939
?	228.62433715609637	-695.0948333944317	72.33306777764095	32.20231475215439	342.6547656493656	-6791.977648124942	991.1521999594722	13860.349633010299	23.53877204847049
?	203.40434691975244	-703.9599657882209	68.4913328920147	41.962756794719354	305.17564453371625	975.807340242229	2216.478986794426	27605.13577930223	15.706606910539156
?	193.42633886668483	-311.75868920673236	74.43120561737695	74.61958611667349	391.4451326614777	2066.0125498319044	2371.4089889246034	723.4552967820753	14.858219770947779
?	187.8164124594156	-224.62645130035378	72.22231219784842	-156.67913935011973	408.47627202531294	66.36553801120633	2252.6517516335302	2321.8471124491257	17.948301204288907
?	182.19501630166698	412.6581764440236	66.59724864987085	-120.46693783734383	394.7634095620381	12914.297850171368	2487.5013445470613	10332.401419166943	6.192687166197206
?	208.44932128161707	560.9103606724176	66.19896530598115	97.34478684347128	1054.1911645338905	5066.819539354766	2769.2718225918848	-28444.202454306287	3.5575470909581117
?	210.24053433528826	128.41016463226242	71.46448799204448	132.8298282515196	648.10438652978	-9016.750959672329	1065.2912218317267	-31864.821915768014	16.080763698775584
?	214.8698295132303	60.98334297605872	72.84045671855722	-14.41285391380327	603.3536165502677	-1924.6313780621517	1176.0307268034614	9633.766798567816	22.33527116906794
?	213.28970148409124	-78.12402768751613	70.74384529635431	-383.2597427009886	551.872817626671	2032.9896408468774	1546.9795617601244	13209.210626704247	15.284318298707191
?	210.96362812885442	-4285.794029681764	53.677469583507516	-272.58380586313984	705.003098592613	4301.840270561092	1836.4912581386832	17103.871129149167	-1
?	-1	-246.08156292988375	57.11465500319712	177.37677633330367	766.9648311547287	-5539.564858040806	2402.173118217595	15896.857572704654	3.269798073063424
?	198.65954998236006	3565.0955998773566	62.546308400172826	143.79382627497316	428.02485569056876	-8550.236784227876	2631.334136773927	2246.465544782209	12.715754654802153
?	177.25477999387036	-517.9069757638604	64.30434631694588	-128.33564109460016	339.4529919433288	-41.56560020287598	2514.496395456707	-6951.708952452901	16.5515332049105
?	172.76420119416667	110.28248152530992	56.12952634544273	52.41502366812977	425.9465756804249	1024.8412232084095	2283.748689151277	-26496.959706207577	-1
?	182.76890407013593	163.17332954236912	66.92509750035241	312.7117257470759	390.69505310375	1619.0547762291917	1189.6484101463093	-27981.548403573917	20.305732825373003
?	180.92286767128525	65.17116497142375	71.76511263279674	95.54486591022601	506.89931449188566	5419.58020302349	884.6712689725614	-1512.3115638192178	15.110317661683599
?	186.02746231870717	221.78560963127578	71.70234079586378	-34.76672642652353	661.6740632549283	3017.2771836057045	1114.0328319553473	8520.536208607675	19.18488834510124
?	192.0121481528492	-69.04978706237004	70.02677631147054	-194.66187700352629	657.763173672173	-4149.019149348111	1310.6980794029512	3815.988206693851	14.225562258045619
?	182.57497296558861	-280.6537203397062	61.969246945687324	-33.30092771158585	454.22310578751984	-2116.8941272303227	1304.8322422900426	-1088.324064033125	7.714522045373141
?	177.97946213586368	-331.312994995627	68.36172992589123	12.361261776954928	551.9184673106554	991.940890169496	1256.2818762012942	-2449.157507744259	14.762341300759578
?	166.00932321580703	-35.580696045299824	62.58731003453508	-164.75087387402348	503.82015029599535	-871.887747264334	1182.374366902828	11414.126661380247	15.767142306872355
?	176.20042733359867	397.27694313575745	60.124186232189935	172.28606102221204	508.32407994743807	340.02722891752313	1826.9882092703147	-5640.204762134492	14.21620253396023
?	185.87317037259518	324.1812525367896	71.2016130856458	246.484565500428	520.8215117418718	2686.6462877658246	900.3641287960993	-13074.947425200426	17.35571870026309
?	192.40948996043838	79.7924496197453	72.44841450721151	-74.50147835014754	642.6563943357312	3295.8241873161555	1173.240838010284	6789.716793303673	18.364317106945087
?	189.8627928535825	-128.02303500718313	67.47653916813837	-248.20434052119384	685.6127211076819	3131.0369569967165	1239.8499684612877	9103.58660269347	13.4319167180806
?	186.00833821007913	161.79284222958697	60.03819748115164	-18.189805684446608	799.2082421855693	-5588.545203952374	1628.420168144964	14068.153862890049	-1
?	197.95243496506197	-46.05058197039787	66.56704888391603	202.9907084081128	406.1854609100592	-7789.771733239498	1943.2576616058002	14723.667713195282	11.69612786685523
?	183.7058091115592	-585.8683212139342	70.18773290155743	-75.85218627354101	409.7196555235888	1576.8126978681826	2364.6035538047386	6818.448151028631	10.120852369937621
?	168.65901890436484	-3694.1161822311315	62.774439570238926	-206.71190070677588	485.02609580346945	5118.901034135765	2284.1800691572366	-5864.004192700302	-1
?	-1	-3393.1803780872488	59.852137866218484	-207.73063000823288	665.6647072303807	3105.02701932219	2071.4033441697193	-6053.449573368116	-1
?	-1	3715.928814571366	52.387908069827134	153.26376389816866	640.2774467695812	-1654.1703363463391	1981.5075904888265	-12827.808370763327	-1
?	184.79644072857093	3880.9113705823183	67.51532606112703	320.9546487745408	582.9561904130626	2272.214680810145	1430.0129256315438	12889.620689143743	7.99871809036478
?	193.04556852911867	-14.713702691353564	68.4356405085544	-65.58003033615299	753.88818081009	-2061.01077860423	2625.988624946023	11820.065879929298	17.642840716270353
?	184.06075559400324	-84.20430715408025	64.23632454431933	-45.29769126121173	479.90565148284963	-2696.7706411985846	2021.016219628017	-16228.40098329904	17.27535424850293
?	188.8353531714146	-15.377406850018142	66.17075594549378	145.86819459090142	619.0496487501589	5215.760005107922	1814.5685757810593	-8748.041477341665	8.340342404662673
?	183.29188525150232	-24.281652968478735	71.5297342738645	106.23307605250935	740.6936517382494	3032.7250337067335	1583.6141457609276	-6027.972136837621	17.251868214717263
?	187.62127052299064	104.24135495434678	71.48240974811932	-28.641071659555042	770.6859004354977	374.1200252697596	1513.169968939174	-2202.439433516893	19.374536257877345
?	188.50395299921973	-33.84502483609319	70.09768069088673	-253.91757583623425	759.3996530017377	-1032.938739200714	1473.4921740850814	-2062.54565525612	17.571775082459602
?	185.92901928118596	69.24487614301101	58.78653095630743	-183.5979540697418	719.0389634754613	-2352.974002452866	1410.0426861763665	-1932.5997743777996	9.302540654851462
?	191.96619680637033	75.10382227398175	60.91778298739951	162.9994454182619	641.7509528790927	-7221.878229922011	1376.86218536619	-522.609186828833	9.196110873720981
?	189.6842103948851	-113.54284047678115	66.93650322722064	141.06729876640725	357.9450519793556	-6637.940044818875	1383.9122268349245	-31.413020906238224	17.141521384457594
?	186.2890547825312	130.5612752676727	67.97114792571998	84.60797736026557	309.85395063814417	220.03908439661046	1375.291534320878	22259.60845962404	22.813247448865454
?	196.21227415826883	425.35819529767105	71.16690209523398	82.9383800820079	368.94700619918626	1323.9429350667551	2496.8926498161422	9521.224040233266	18.617234221309545
?	207.55696454741505	90.46814636507165	72.11806692982043	-11.379789537279075	376.05109739148287	-143.10088786443566	1851.3527363325481	-14920.20612006928	20.128735282866394
?	200.73568147652247	-311.0089293235559	70.59791261837002	-34.972670637894296	361.7919618059644	-189.35846827810977	1750.8823438126676	12605.458122374728	25.232940559488682
?	192.00651808123703	-246.21298389725771	70.36943339792569	-38.43519264160337	366.58317397757725	-798.7924167892481	2481.6256424512935	-2249.678383878286	19.374274244401953
?	188.4250322816594	-151.42996552394277	68.67615298628982	-48.276360038796206	321.8523409665014	-530.4647036196245	1638.3984246187517	-19514.915978474495	17.75483213968365
?	184.4350198050398	-57.80640029290939	67.95561539598585	-41.05853374227222	340.05993879659565	2087.4922258153047	1505.8798435275548	-15648.919258867341	24.482174422775547
?	185.5347122670139	287.0831994258855	66.62322629917618	37.89534333143112	426.2269522572681	2445.698589664517	855.9524616753736	-17861.59861206599	16.674605777970676
?	198.78917977633427	819.4351033531686	69.85038256255743	172.4545291419774	462.34486827982323	885.7511110706388	612.7999129242426	-218.57382006439056	20.585952513038176
?	226.5064674346729	1081.3541466679794	75.24595275627517	-74.3059633149796	470.5145078108007	-455.17514048171313	845.0237706721539	8262.431108859615	17.515636396536472
?	252.856887109734	-4550.129348693394	66.1350843968084	-400.42769784686953	439.58611125573725	6954.821935874029	1025.9214683672292	20280.271802736253	14.691412025535337
?	-1	-5077.137742194608	55.22456786393141	-234.9015647019062	818.2556046045071	5980.5770277246	1859.037360808981	22162.695459137612	-1
?	-1	0	54.39000616171292	11.274351936333868	738.6149626419715	-1751.2728453554816	2134.0562413241255	8041.204228386613	-1
?	-1	0	55.788285460748114	-22.76872729212325	730.6919623367318	-693.6020788849752	2261.0975722283174	5867.067393756704	-1
?	-1	0	53.25156979710674	-136.82492760883753	703.9348586977222	-731.1708224103255	2427.409611011965	-2191.5963839888045	-1
?	-1	0	48.94703908030614	234.606384138924	694.133421216215	1760.6815802978065	2151.5177530288756	-3029.2721278333656	-1
?	-1	3732.0250264620045	64.98188900405269	396.7109667907122	791.9689377126107	-3126.5784991501173	2275.9460046203	3330.2872588472637	-0.5119840457341405
?	185.60125132310287	3450.0993531777067	68.78258741984203	-16.972992859356893	537.8044962587069	-7676.249701192808	2318.032115971241	-2094.344629262248	3.9429857300884215
?	171.50496765888778	-283.4821986619067	64.13323936108483	-155.83504102989457	408.15645265296484	625.1291345693269	2171.228773157186	-18357.15454835274	14.051774813393466
?	171.42714139000734	904.3014761586314	60.99083536834719	-58.4032788093832	569.0609529871737	11145.98840899302	1400.1743885535911	-5519.006125608211	18.342025448048812
?	216.72004146682	1049.4301805840141	61.21307542061563	312.7561349780241	965.4558731026237	-2176.0958550177347	1895.2784668767715	18441.04058385686	-1
?	223.8986504192088	864.895629086562	76.62864211724862	306.64179518050906	460.2561602362854	-9953.413078691116	2322.226417746447	11309.434262773346	11.897313946551389
?	259.9648229211487	929.4854664064438	76.5451651796413	-282.1589085669859	467.78521916806085	-739.6055785249198	2460.750180015447	3868.5059739218827	9.444243203885673
?	270.37292373953164	-5219.2964584229	62.52069668889912	-452.0066736821797	423.27588131003887	584.897203310414	2515.651716442544	-396.02573928886505	7.8621994870083665
?	-1	-1117.862439672307	53.94483149553199	16.329377672608754	497.03007933358197	-323.12695464690586	2440.9488930510033	57.42357824159544	-1
?	214.4798017559155	3672.169323975742	63.33716557252957	171.79730335206227	407.11953357769335	-2564.3148525166134	2518.522895354624	370.7862243708989	10.826086925635568
?	182.6084661987897	-4309.596035118248	62.53469666313523	-134.4086645457214	368.8143367077495	9064.0847579483	2459.4882042695485	-7208.292679589319	12.837567860287987
?	-1	-3672.169323975742	56.616732345243406	-75.45616117608283	860.3237714751148	11285.879973040694	2158.108261375153	-3911.676077928695	-1
?	-1	4284.809148208207	58.761888604331034	50.87834851416018	933.1083353597921	-3223.7094507846036	2263.904400373111	-7926.166503871051	-1
?	213.24045741041343	4114.049493218874	59.16064977095145	301.42579822395845	699.1382989358823	-8358.412919301065	1761.7999361815946	-26428.19991700497	3.0917494761807167
?	204.70247466094662	-461.8680841167938	73.83317851552917	273.72838137510183	515.187689394733	-120.32142609258074	942.4944045228438	-10950.675849365993	14.212799937093024
?	190.1470532045734	-366.2960290319937	72.84706883970674	-283.48623439075277	693.1222276312532	2009.565552449038	1214.2661437132872	5516.707137637112	13.019488022523884
?	186.38767320934667	-3822.941064091414	59.65886679599133	-340.2545513001128	615.6659670171863	24.718208017086102	1218.3297614047033	8228.157436549314	7.406626663941847
?	-1	765.2775721191459	55.834341274700854	98.93035643420463	694.3581380321075	1289.805856400503	1625.6740155407588	19476.47470351865	-1
?	224.65155181530452	3977.774465421918	64.60538461770163	312.86404390070254	680.1562598372124	-6094.9865164053235	2192.1534965806495	4104.446970470682	1.5423277922828447
?	197.88872327109874	-883.4908987351821	71.4775434697362	-18.735096126905706	389.608812211837	-7139.468331970398	1830.8963640642958	-4449.949334029911	11.179113435196863
?	180.47700687854478	-150.96757270784352	63.66862981135633	-69.63142502854609	323.1828432386874	-961.9934232932985	1969.6560298791508	11218.016345316819	-1
?	190.34034463570646	10.08441251518647	67.99597221830885	94.0711590579732	341.5091410471714	528.2627670639197	2391.7971813301447	-2918.4669952231884	15.075952692835614
?	180.98122750430412	-44.76577697122018	68.37218776425506	9.051033187076754	349.59598159188374	-643.9383006107562	1823.7326801179893	-22075.673914599425	17.14989719267355
?	188.10205578714542	318.24783128099284	68.4485238776627	9.486919722320558	309.31222601663313	2407.4301343696957	1288.0134856001578	-16806.885515619964	20.57743719138451
?	196.89361906835398	195.20635931337785	68.8465337503711	12.41248271444203	469.96748831037024	4665.285136956457	983.3884043369791	13511.192928010576	16.00911438790412
?	197.86237375281445	205.19819024636993	69.0691480133848	52.53637649306295	542.5764828644593	209.67196611426445	1963.5731320006962	9880.682956309654	20.304660982846105
?	207.15352858067263	172.92476722998157	71.47335257502428	48.221532901682906	480.4510866160836	4024.7584072421155	1477.4225521524688	3834.5838258399635	22.19175240986062
?	206.50861211431365	-390.2478263402271	71.48022465846898	-58.21168595047598	743.814403226568	516.6320591627135	2155.302323292697	4022.4900996472998	21.077715844665544
?	187.641137263661	-637.557757065955	68.56276827750044	-137.64497623954358	506.28268957421966	-6964.853539506229	1678.5470571348367	3271.415580280717	12.434736668089394
?	174.63072426101544	-223.91088795774203	64.5979758464917	40.711698865173666	395.57172625125156	-2639.7555174211257	2318.8731023067353	15994.862380176106	13.675683555519226
?	176.44559286577373	79.11783308843896	70.59835322075915	155.08088827741665	374.2949137031615	-572.3127093126502	2478.2901761436533	2834.95639903033	17.74767436457367
?	178.58661591543745	12.891025546216314	72.35202026036265	5.104715537364013	366.95609078561864	19.472625353606368	2460.620922258254	-318.00701786465197	22.847034858471584
?	177.09014414308456	-279.19158901467995	70.85358899762736	-101.79014200922634	375.26854497084184	432.70274138481636	2462.3898252504205	-1215.3619145962793	22.116970801105207
?	164.62703646470325	-621.5670696856849	67.26251315990126	-143.8418697838737	388.59122785485977	-1142.836000417668	2399.852826528439	-2487.0242826134845	16.738088767906884
?	146.01179065879987	164.05969729169607	63.66149550843357	20.769970214084868	318.12674494995764	-506.4992665578514	2338.0386111197445	1947.4327207961228	-1
?	172.83002132928817	501.2698045035964	68.30101167060552	63.377374833802186	363.26626452696684	1419.5852985509102	2497.2244625682465	806.475844677377	12.445507177899488
?	171.07528088398004	-166.31133789755714	66.83036425012372	-181.35164585357143	389.10600987750416	5311.427781691498	2378.362403353614	-2991.5048070258886	18.774527560219124
?	164.5144544344102	393.8141238747694	59.23342937792682	97.20030021644367	628.8376536115455	-17.881676058989086	2347.64922221695	-887.5642967328951	-1
?	190.7659870777188	266.3301006816808	71.69037926094597	189.22654050838503	388.2119260745547	-5643.99006424159	2333.9841885169685	-1369.6949272556399	9.80808897455431
?	177.83095946849443	-426.73187645087654	68.6947564033462	-176.0681088186333	346.63815039946206	-1081.3096230150488	2279.164475854167	-1801.60403839299	15.50114655027043
?	169.42939325517466	-50.71446339268888	62.886973820014184	-99.32184253684768	334.1464449238015	945.5585634832121	2243.9039865973177	1729.0784731306512	16.466861540896677
?	175.29523629885995	-16.631420996441523	63.72866427650375	-67.90790615167441	393.91607857362334	3599.872854391796	2365.618399510701	1566.5844433494617	11.26886625517101
?	168.59782220535257	-1.2345700850118926	59.491578512430415	29.4941446115702	514.1400876433938	-39.83075161981617	2322.233208764792	-625.0805335061525	-1
?	175.23350779460935	231.3314406897764	65.20337150708228	283.46888591219863	391.9245409926325	-2849.8247968249625	2334.3643728353927	2395.3217076538135	15.455240728850779
?	180.16439423984156	685.3119211477376	73.66502280804055	230.86446094966178	371.6488478021437	517.6452361676473	2441.9992941474843	1232.4741439769612	16.06789813955112
?	209.49910385199672	-350.4106492251078	76.74659455456553	-17.717763128740987	417.80680280101524	1696.6373958168297	2395.9880800342416	-1701.1499947476873	12.184787856767624
?	162.64386177858592	-1607.5881606938053	72.77913465160349	-330.3167457209734	456.48071759298637	3485.5231826135996	2356.9417944100987	-2530.5971985137517	5.7863048281117475
?	129.1196958173053	6650.198231208955	60.230757268516626	-111.75616561254384	592.0829619316977	6660.6456318826195	2269.4582201085523	-6352.968586922335	-1
?	495.15377333903837	6519.899394830846	67.19132637097621	254.11046424723318	789.5129991871221	674.0143789052258	2039.2933650639775	-9592.27635036265	7.63897877031593
?	455.11466555885227	-1220.3338356141157	72.93628048087847	-47.96029249710688	625.7836808769595	-1444.8946059132345	1789.844402590413	3690.1754051531975	6.853805250389215
?	434.1370815583317	-4821.355387755622	64.79331174612084	-260.15145204225075	717.2682688914593	-1010.9964068865945	2223.80213532164	-7480.717296929136	-1
?	214.04689617106771	-4110.902625476249	59.92870787876574	268.8425103024271	575.233860532629	-9202.075573667502	1415.8085377439509	-17553.55886161182	-1
?	228.59195028451634	880.8814287365476	78.23543726124238	466.6348994443809	257.1644902080777	-4537.896719207497	1346.1241922410366	6198.949626161464	14.90868577734668
?	258.0909676078957	635.8449986030128	83.26045285098512	65.85660862376577	348.33902457225093	4850.464773629509	1725.7560190520285	21897.841157949937	16.718791930488642
?	260.38420021466743	-28.31467874993069	81.52826769243072	-112.83034012324133	499.68772888955664	1345.263767346154	2441.016250138549	10316.977552287806	17.045766805408242
?	256.67523367039917	-226.90942941770365	77.61893584482297	-128.50388202921226	415.6022129395596	-3852.5390041274454	2241.604896666426	2815.024203939298	12.50048959769309
?	249.0387287437821	-456.1511110015542	75.10307359097001	-86.56888967406663	307.06077868318164	-1927.7296665404401	2581.767460335516	743.0700946725559	13.038072115291815
?	233.86767812032113	-456.4358455574692	73.29049136111958	-52.35306558346576	319.2157296125362	898.353179915616	2278.7584014000545	-14632.9254390292	11.11511133714195
?	226.2169364659083	-2146.5818885727886	72.48542031179669	-83.96455775681113	351.9784376789631	5062.448380262367	1850.1211883840454	-6799.127191624015	8.441090086807666
?	126.53858369168017	-2063.0158372202345	69.09226347327896	-64.21082760264932	572.3381486256582	4453.421522611981	1938.802041818849	339.7024872748531	3.2959132488350362
?	123.06614460489511	67.19369181292866	69.27487893166418	-31.65894675179499	574.6495138095653	271.9236088246414	1867.1063127477883	-730.5563561405494	3.5793546831088343
?	129.89826828232665	302.671382093099	67.50931613568919	203.76035365243888	585.9343290668904	404.7998237187027	1902.274224011821	-12359.03050309493	3.0518990527476015
?	138.19971370955028	185.53262154471062	79.46289661428627	247.3094615081543	594.8895049955007	2933.6077170653257	1249.154787593033	10198.857307991811	18.708621254094517
?	139.17489935956232	-44.322020174127424	79.87478921109708	15.601635172542734	732.6147149201588	1980.5403408024463	2412.217089411419	15486.652373005885	12.07674836711272
?	135.98361270084388	2153.7866690491787	80.24297837291341	-23.58684733577116	693.9165220356244	-2355.0994706197985	2023.4874062433382	-17556.97132011424	12.378933339547439
?	246.86423281202278	1356.7304952041009	78.6954468443085	-93.69744115738862	614.8597413891672	-4959.3204179194745	1534.3685234056943	-1899.3165038014833	13.301164353670575
?	203.82013746104988	-1512.969512632912	75.55810631504392	-168.91904622202946	445.9505011396472	-2955.7015003027996	1928.5215810532627	9064.880168757643	6.96703149700126
?	171.2157571803761	-4096.40274922094	70.24949453320691	-194.1541630619714	467.0746663740251	6388.168518219951	1987.612531843583	8176.09165370309	3.7031219499541574
?	-1	-752.135293080022	65.85039816194521	-77.18832992031825	765.3589270506493	7647.585709317535	2337.326163738423	5601.815461902936	1.0747979924945807
?	133.60899252637446	2512.9590253192396	66.39007803719095	133.83486314624045	849.4539518399073	-3329.1208486489863	2267.7033049387337	-14348.845214796853	3.65317638398739
?	124.64795126596377	-449.6411627660372	72.54214131925733	70.7892711597607	598.9028846181976	-4895.0894054862565	1619.8839029985702	-15233.807943053476	6.130964318254819
?	111.12693438807229	-2512.9590253192396	69.92954159517903	-246.8891669187436	604.699481565591	1204.7614304130127	1506.012907786049	-4020.9003970896238	5.533152124489599
?	-1	-18.606324941783633	60.19768297331997	-116.60699053519754	659.1409561388491	-1982.5734336430585	1418.8388831440861	-1450.657340216919	-1
?	110.19661814098309	2141.4382402822575	64.09919206841907	210.2335143721909	505.57080988343665	-4539.619847936294	1433.480040775202	910.2428709099702	11.585269006888414
?	106.0719120141144	-140.53113747920804	70.70935869192967	195.3431028086036	432.1599637420312	-1684.3536248243936	1464.3510266895853	-1555.2447292170025	14.900638780473637
?	103.17006126702259	67.4854961181011	73.86634720884939	15.789052785069149	421.3531286422158	127.97873803476068	1355.7178043143508	-2264.6499409831627	20.778172107885176
?	109.4461868200195	163.13161472679633	71.49881133118313	-210.85256449903412	438.55890064376933	-98.28213701165029	1351.1185296404255	2253.949339521205	13.61997165640327
?	111.32664200336252	179.21890186170174	63.323718983897535	-199.85124611913903	416.4390217916332	-868.5627956455745	1468.4152712904126	3611.155250978953	9.514268573445351
?	118.40713191310472	-32.25507539200674	61.50624902522604	-126.9835662377128	395.13076086149	-1250.3413359680114	1531.6762921893758	158.53094700956493	-1
?	109.71388823376216	-90.75875196244864	56.974540672011805	23.038095241249962	353.92195499323174	477.4679336298312	1476.341818640891	8089.715997183206	-1
?	113.86919431498222	-37.60600373557086	62.658153787288555	346.2847678910061	419.0041575429819	1679.1242709411415	1936.1620920485418	577.6478892075065	7.446227741232702
?	107.83358804698359	-164.33464717658916	74.28877906656236	158.03740925145408	437.87816854029	1766.6248384107291	1505.2242131012667	-7645.301460942847	11.486129938029816
?	105.65246195615265	-23.64198784162591	70.56002424986137	-110.40876086412041	507.3353994635196	3190.821279154342	1553.897019001394	-236.48615375780201	7.824966858434079
?	106.65148865490228	12.442160110368086	68.76834102335626	-209.0882286352877	597.4192324980094	2798.0137509539613	1493.3999054133765	6204.729415102168	10.12903340990574
?	106.27456996167106	533.7127460485722	60.10561281809684	-158.47826643954423	647.2360870112196	1331.7448336231603	1864.1334897565068	6738.031139882769	-1
?	133.33712595733127	362.4134673327253	60.84442770137893	254.31985588110672	664.0064741791683	-2048.665150714474	1830.3014624075197	-6120.640278459663	3.313796247991731
?	124.39524332830759	-460.5591788788445	72.82160561215235	47.701642312008836	544.8028294754945	-2759.619481526465	1558.1014758335193	-5269.198186659517	5.617433804172291
?	110.30916701338872	-247.13661313861638	63.22950981697941	-60.44050175541229	526.0255001028431	-42.09306607454377	1566.8415530745401	-2684.8222689654976	1.423238061340705
?	112.03841267137659	-106.50314398199289	69.7995805243817	-56.49361593957044	542.6981761717673	922.4231254260968	1423.8603623852425	-2509.4670397211494	5.620082282885308
?	104.984009814289	24.094799911011876	60.40482902000085	-144.8316731139189	572.1466563741486	2882.2666247145708	1441.3682010884809	-3478.654264729062	1.2905094186191364
?	113.2431526669272	61.5128641637011	62.55799686868565	41.459760279811896	686.8115074074979	251.89497098358385	1249.927649148787	163.64901362907625	6.585860944673974
?	108.0596530224741	-2284.8630533385117	62.47781703399147	-143.4431937069018	584.741404923328	-481.99892096115263	1449.5506517699348	14295.045095192501	8.417599594792453
?	-1	55.65443869499922	55.385837183340456	57.21616458654215	662.7115613594399	-3109.965703886866	1964.6799039084221	9178.051615197985	-1
?	110.8423749572241	2085.638243911085	65.33862526331862	206.50544841623477	429.2431197289825	-4571.015710981846	1908.4532325298405	-602.833571015031	7.479536835771153
?	103.28191219555572	-255.19411206077882	65.71110960415234	-24.708331472063424	434.1607758103444	2318.413646150399	1934.5382253576702	-7503.974635915845	7.866126222785335
?	98.08266935418497	-41.967227351119305	64.10320868971543	21.03731673724637	545.1638020365041	3502.839502257305	1533.254500734043	-11744.806953735553	13.271117272346615
?	101.18355082799972	-1981.6533870836713	66.76297544101468	-58.434809019068176	609.3027509232121	2828.699840277114	1347.2978776708842	8125.103761676572	10.498334386748043
?	-1	-2043.6710165599654	61.18146823876198	-160.3425129535816	686.5987940503618	1893.8392272490732	1939.5096888178773	19139.0306572355	-1
?	-1	2099.939485586077	58.74584979333548	57.51724663496365	703.9947122856671	-1925.1773871986143	2304.2494105326728	4298.3082823678005	-1
?	103.99697427930533	0	64.0573305705102	29.493862471327084	590.3399246904297	-2074.8666252099088	2154.4251029362704	1264.990328836275	3.9541290588525624
?	-1	-2099.939485586077	60.220542916901856	-31.915516467720664	600.2513810251702	10934.096334350621	2367.4989269744874	11207.552730898364	-1
?	-1	0	62.46155474712415	181.08948328075184	1137.0447414079686	3213.2020622628283	2714.8027394811966	-16560.804802394952	-1
?	-1	5087.531880910294	69.27501708093958	309.35625472637867	760.9114841383139	-8260.473205867325	1539.458686854728	-24868.20673394955	1.5300911525167458
?	253.3765940455183	5267.251188598534	77.9293674834433	135.94817176921345	724.0210811145964	-5023.407844269589	1471.3924027837013	2731.068666702679	6.661302058026967
?	262.36255942993046	1579.1937272273983	76.07242566940035	40.79139594095152	509.74109192483087	-3564.5938652393233	1676.012120189864	7081.874521419608	7.8694897965502975
?	332.33628040688933	3004.941747002501	79.9689372804909	-16.49998259564375	545.7913878526277	394.32283000279546	1825.4861288546867	5258.660929084447	4.4270219933666795
?	412.60964678005763	-6666.725608137692	75.24742653961815	-249.5359407294258	529.4572334249709	344.92355613323036	1938.94516664409	7379.211823124037	4.471544934139459
?	-1	-3861.9332216753337	67.49214024401944	-67.52546824577809	563.0375656592895	1058.0440455384687	2194.446720010894	5913.625212552441	0.8277485003334683
?	219.5129856962882	3977.6785876448325	71.8711531273292	217.36234489397648	582.3594357018951	988.8099489155156	2234.6264272717162	-16475.8987307475	3.037360146254268
?	197.88392938224445	-4410.259713925701	78.36025748871842	-49.703981320861466	612.478063105066	1432.9218696024031	1370.651783473507	-18234.33955770013	2.9106482270096894
?	-1	-3977.6785876448325	69.38595406128609	-275.2326519562843	654.0055291820163	1513.0256893518492	1322.909449386697	358.4152727920076	2.453568406394198
?	-1	0	64.598624890904	-102.38286228697828	688.1293475726595	1854.7833869354836	1388.5725471131077	6416.520128216284	2.5978683241069875
?	-1	2275.0591704498597	64.2668109469371	-18.449456271358024	746.7446985287918	-260.9995645426247	1643.7354557975157	5390.595360863013	1.4086045864878454
?	112.75295852249461	2175.3155229005533	63.67615207733609	-73.34063179593822	675.0793693455281	-126.8941290628941	1658.1023151562622	4448.8470836775605	4.6022216775693074
?	107.7657761450292	2506.2965281161178	60.599779357140136	239.77838632923195	740.399992075647	3078.9265375411965	1866.1778099813969	-5786.755702782675	6.495730526449038
?	238.06778492830227	2800.322524328786	75.66507139379786	345.02685882886846	829.0256962225901	-2726.893834431646	1368.7645300171243	-4275.307189104758	8.659204212368092
?	247.78190236147051	306.5296040930601	77.8511222985838	51.95911109285714	604.0553003540628	-5756.0672477845565	1652.412450526156	4668.25656089579	6.64323276566854
?	253.3942651329555	-387.35265872625763	78.26302694844075	-9.063451749031385	541.2223338333582	653.3963876536561	1602.1773580619172	-11542.696860814543	6.491132099820763
?	228.41426942515736	-1819.3162368375474	77.39794971113223	-265.0467432147388	636.725119736746	1892.8727021204627	1075.2776074854205	-691.0693015731924	11.728712636072071
?	162.42845329107683	-2450.756997935298	65.01068978770363	-160.37025870002964	635.8659689393827	-4278.984637751971	1567.623892983257	10991.64737571993	5.482303907555971
?	105.87641952839071	-251.1224563975581	69.37943677613063	181.7320695872746	422.77588784914445	-3936.799576094024	1624.8599762714248	3260.947429322854	6.416078764561997
?	149.87233047119875	1027.3695631523508	74.09729326706749	94.56708212238887	439.0259901346787	18.25360300309259	1730.671264449402	5884.381119138327	7.373948563948323
?	157.24489768600898	1719.0088782039743	74.10779088225014	-39.413964103283384	423.6885679992991	310.01236606053124	1919.0790322283453	3741.563798066001	4.78356269830761
?	235.8227743813987	3265.4489107838367	72.12659506190329	172.75506467056982	454.5266084377055	4473.169966308273	1917.7494543527048	-2663.436049036212	3.19467150751254
?	320.51734322520315	-930.930923459798	82.74554411577876	48.6477663360286	647.3470663147159	926.8256741529381	1785.9072297765329	135.38285417587565	9.645959773305938
?	189.27622820840813	-3826.581612636295	74.55898337870475	-286.28426352039514	500.86789214535304	-3572.659902615233	1924.5185970614987	4601.377529593727	7.422521702771247
?	129.18826259338567	2449.582270733982	68.4313309397588	77.7008734742819	468.7140711839517	319.3013725466358	2015.9761062562225	4220.286650000543	5.965052637594014
?	311.755341745109	2818.631457243425	78.4440270524189	239.310983631633	516.832960772685	415.2836342362705	2135.532929561529	2620.496958931243	7.069773899488746
?	270.1198354555589	-855.9777835807964	80.39688012134062	-55.29783040159436	489.47825289576554	-3223.513118629034	2147.0009542027865	-4344.268554563707	10.904589832498353
?	268.95645256606855	-342.325136743004	75.67913553233915	-8.931523876542132	355.65730484123105	313.0346858313454	1918.3195018333404	1020.9049560205531	11.178581967323803
?	253.00357861840848	-273.0929790710162	79.9503039275135	-130.60280392792194	505.12998718733303	2150.0410081726295	2198.046202003815	4654.445301402745	6.241802272893459
?	255.30180361251755	653.6169314488914	69.14899533594296	-133.44907353647793	463.15935524986406	2504.230754302591	2151.041766903481	-6290.777730417237	4.86312299411467
?	285.6844251908535	765.7000675888115	73.27785025068951	171.55273444501813	630.3415249024644	5880.335092802554	1883.5073154829486	-14612.573521247165	4.659150496647533
?	293.58680699195867	-3787.8116771614136	77.72663205819399	-129.58186882005563	757.1761098899959	2874.172196935731	1420.4130908411123	-6906.0470291244355	9.53359031006525
?	96.29384133278015	-2860.3430225841303	66.79875680968664	-155.46551362811505	774.050134749253	-3406.011335772707	1538.2049640267219	8143.468471982922	1.2116273882022808
?	150.56965586275012	2449.9091155489905	69.95335637678812	132.4931673873125	586.8755431013582	-3974.7447585340005	1827.5865144402642	4220.497469592437	1.4292190061395769
?	218.78929711023142	2180.3091479456434	73.42341517905236	138.05489339541455	575.3128968225501	-1847.1573941552992	1749.2298375063467	29.271707103489046	6.940145084160045
?	259.58511326003384	848.4181706300585	76.85610104655895	14.859570469593352	494.5176733935919	-2294.125050198467	1829.0500997954387	5180.787119439664	9.355261355533685
?	261.21020564173494	-5211.702265200603	74.16639370253203	-143.96352045046137	460.6066443126251	-441.2843650774954	2008.2691934783336	3733.4154446671087	10.051661621338889
?	-1	752.4596298136937	69.65792502403578	-34.92427973081625	472.4534551397168	-471.0572963026415	2015.7208720287967	4699.945265712269	0.9125506525289534
?	298.83318713242016	5186.473993800217	72.4201797159912	76.18546588455649	437.0537794974927	-2891.714667894283	2243.2664567639504	10190.204228248367	3.0277057613953176
?	258.3236996900145	-1730.3254166844827	73.46719831826366	-82.3411415668377	327.8677217450006	-2595.2755229545714	2525.2310834412224	4140.926113747414	9.974133430257666
?	212.3169162981948	-453.90084548177	68.30312263764925	65.19254838555717	307.2900033497623	2362.422906485388	2450.312762451324	-12531.530425379797	9.773861228925656
?	235.6286574159257	623.086883871862	76.72682573754156	218.19739089045075	445.9888670692717	4939.861010939192	1898.6545621722237	-22134.842201400614	5.731724812409485
?	243.47126049178834	-1391.5286891872327	79.21299218217195	-53.0038614199692	554.2830538967254	838.3891296091434	1343.5706523812776	1892.3960654189846	10.155241518159485
?	166.05222295656307	-795.1453839464842	74.07663266654306	-135.73701035684172	487.90832354972946	-2329.2963764774413	1993.2743654431742	14523.771742931911	6.696515651149957
?	203.71399129446357	1761.7937825588256	72.42614166432976	93.91013682604958	437.8182350728517	-306.7874756499477	2069.7592395278834	2003.9229473544844	2.5422821774178557
?	254.1419120845056	730.0111353925768	78.77213950784561	21.037051454519244	472.56894976723186	6147.35404737889	2093.4705128109	-3210.87695423229	7.700665829558328
?	240.21454806409292	-277.0590403390668	73.47799423705574	-224.42100814896997	745.1859374418006	4762.672205342984	1909.2153918162667	-4934.931629880287	3.821017763216927
?	240.28896006755207	152.83295909272294	67.55108910039695	-180.20366668776234	710.7025600343844	-3930.821948942622	1846.723931316882	3729.7063968403213	5.532491996234936
?	247.85619601872918	241.45288921244398	64.4678109026675	189.89766582915266	548.6448399946667	-1620.5353470651924	2095.7007116582854	-2084.3686687199875	3.444990512694247
?	252.36160452817444	-336.47460795986126	77.04597239185472	162.4550870309562	629.6757926811237	1619.1279765111742	1742.5054978808812	-5977.689266174522	9.96547029628271
?	231.03246562073588	3527.8201235009883	72.59056525421542	-63.9295636249127	629.6012388202265	-3577.239039906191	1796.816248349555	2449.041128052328	7.556003440010319
?	428.75261070322637	-1164.5955322566806	73.84949421060904	19.571888684440076	450.81384068581156	-2553.8208364182447	1864.9575542834993	3017.0165690541653	5.08246839912379
?	172.80268900790102	-4124.888744117592	73.56915968843744	126.55424090482758	501.91019699931246	613.7331027637484	1947.6670768022655	2811.290318401535	2.251870693381505
?	222.50817349734385	1020.1434043823198	80.1772062558505	65.34975417412106	481.5004958239994	1408.0329144608531	2005.522070203578	-2175.4939106777565	4.6683781130593305
?	223.80985922701774	-544.2931410460138	76.83664739714354	-133.88656040543773	572.3118427223561	1357.7510155777554	1838.892381268376	9040.332996822024	4.628956569723386
?	195.29351644504277	-1621.808046987442	73.48287823557853	-201.54983987382363	549.3880466028882	-925.6842596959068	2457.5387200446858	-2191.3681476466363	1.4007078505539692
?	142.7194568776445	-294.2766114484184	66.75915540345221	-56.06176702483458	526.0276297375601	1076.4540525758896	1729.3239738860427	-20771.75979398163	4.590538314540214
?	180.57968587262164	2468.2865439125144	70.67978988433676	297.28204477379086	603.2107492316834	4665.371184576845	1418.9507303455896	-7266.840599105841	3.0766410479983524
?	266.13378407327195	1715.8369008004354	81.62325764214197	-49.60589829760054	759.2961889664057	2671.7001486184913	1365.9819439307455	15.897603308257887	14.962413567118494
?	266.37153091264463	227.7584861573725	68.1994949694567	-308.36671604422395	736.7957566626099	-1446.2482178821574	1419.7456105110025	-129.1483377634249	9.057518100048052
?	277.52170838114074	152.89200942880836	66.20492183993055	167.16357461171998	686.9837780722968	-4120.423097781751	1359.5245270425742	1454.8262060273712	7.666393089491304
?	274.01613138408516	-403.68715650276494	76.55767370004281	281.2088450462858	530.7746017735194	-3769.768249754486	1492.486920812372	8187.561487212849	13.473291207876656
?	257.3373505560022	-242.50220724928565	80.26536409224504	-183.04998816104182	498.4953655845698	-1267.8740049816613	1768.9026014032224	8352.425148194861	14.849804382393529
?	261.8910210216207	635.3367977939912	67.40517429199059	-293.6510067288715	467.38090152443544	-96.63618521986312	1910.108178222121	5050.404716663712	9.309851588357688
?	289.1041904457022	-323.1745148935925	65.58281375580125	-7.3714557468928295	493.6635563235766	-2078.7550077145147	2021.4228372364116	7909.402298736178	0.2786379247562277
?	245.73229527694085	-1403.344618907696	67.03660150464594	-13.436449085605867	363.44315113870823	-2993.0519879802982	2305.5782931589356	-1638.0168962799594	7.210593261339383
?	218.93695950031642	-105.79389634654396	64.91099130152095	208.90172973801714	344.01095692455954	2686.9028539329456	1939.5219924224125	-9779.435232112357	20.887104738741584
?	240.44260045961357	119.37984162637066	77.48168799154695	66.20486637950384	497.7882938353574	3236.782886913923	1816.6065315533108	-6038.387582071142	11.728916152407422
?	224.90595158163504	-117.27416489936108	68.22123462049619	-194.33388808619875	505.850101270258	-1572.6656221633873	1637.6026133188511	7107.527175948202	9.382221188893618
?	234.57889221464544	-190.3742205675634	67.76499358723687	56.13178572300973	419.15501272718694	568.8556719784491	2171.982890350726	-2295.6974790172935	0.7348355934597344
?	215.38724055325673	-480.3547346713026	71.02782390664672	-145.70952323859706	534.2928848691809	1168.495053854171	1522.8177393679848	-14592.979433507346	11.368209554730205
?	210.56115548107996	213.0970330365043	60.479517425306916	-59.67992171241179	477.5797654198963	1771.5674894227752	1442.3339186753483	4929.565772201216	5.273246894179879
?	226.0420922050821	-76.03288285644004	68.04382782102609	142.48635591669466	622.8712593403209	1186.604896975189	1769.296027978049	6597.70540411843	7.962899063451069
?	206.7595113382579	360.466914014134	67.60383522114175	-108.04645248484678	536.9100102686566	-606.7616025689408	1772.2191888812745	706.5726212748714	11.685724570142192
?	244.06543790578905	557.2024013578721	62.64150519678367	103.1599012964153	592.5331792118734	450.96423598836776	1804.6246590417932	-2254.837532988795	-1.1258911287075979
?	234.6196314061519	-560.5159191457341	72.76183028596259	287.3874944608666	559.4582220680753	-2979.6718350798683	1659.4773122318331	202.39087158045717	8.929665902642642
?	216.03964194850195	-1676.0604563311308	77.0108799198272	-94.18990765624253	443.54958745787786	-2787.6510663919726	1814.7442026208162	5031.7335064000245	6.3597340582550625
?	150.81660858959418	-1205.5659345847675	68.0523349031504	-118.2229823858913	420.0756687484747	-276.3904912881964	1911.063987551838	1084.048353251781	6.219452943957313
?	155.76134521926272	-32.27620648565175	71.09973080053256	131.89278878070849	429.73006289346785	905.4766264203462	1868.946620283406	-3645.0688475599036	3.8164931402409925
?	149.20279826531157	-349.52537972425677	74.64697434218591	80.99490458289948	465.34950006949265	1426.4760183243689	1728.8105451738402	-1533.9039866819767	2.2762931913177575
?	138.28507623304964	1794.8237311320947	75.14947602967759	-15.706271914644734	501.0538638096873	3883.307156714896	1792.251420949306	6293.704959873091	7.362888210275306
?	238.94398482191758	1591.9524669035554	73.86166074645367	31.730312204180226	659.5148579052402	-262.86552490326096	2043.4957931674992	8996.368150582111	2.7657931808481364
?	217.88269957822854	-1509.8118593684485	76.73599163988662	48.92995821753048	487.91058756452406	-175.26591057417113	2242.069828478418	-14798.80273881667	10.113236573882125
?	163.45339185349408	-305.28936862870376	76.30815865733023	-12.986621504994773	650.7515623765315	1743.1941290830027	1303.5556562266552	-5381.529358885087	7.995638184692727
?	202.61823114679314	1322.1268934713032	76.08666056463687	-1.4562899334648953	575.0702940186754	-3208.112332449641	1972.9933605341598	9927.6418137783	5.676713123227768
?	229.55973652706018	548.8599134806078	76.23534416065698	-5.166841966558235	490.3459457540472	1614.6738231495735	1799.9377469155772	-10682.245891066408	6.1761998360690304
?	230.06122682082392	-309.5082479897225	75.82831846630896	34.93356872019696	655.8039851761553	1851.3916069240222	1438.8810659808319	10393.908481677683	3.0541331936015195
?	214.08432412757384	-109.76690897998665	77.98202259666685	67.69842061055289	582.9155261002496	71.3272585681524	2319.633170999469	12883.879721243127	6.02191550827836
?	224.5728813718245	643.2263734169356	79.21323949683665	11.693524082127002	659.3703481045629	1993.525161248623	2083.0750520429974	-6947.456805167882	8.535029607949904
?	246.24564279842107	1006.2668380375344	78.56669880077321	-53.44552831895536	682.5917841626822	-951.7174950932782	1972.2603307410698	-3791.2006205544785	4.46138830400289
?	274.88622327370194	654.1354848574853	76.54096308088884	-126.80876701836202	611.7844733498984	-1414.216432613321	1893.5150210152708	-5164.384439884774	8.672661443123184
?	278.9524170412958	-5517.724465473961	72.22626044985502	-197.19452989895305	611.8809625320151	1043.3338841164561	1714.0411087468274	-145.85639652360234	13.645297052961933
?	-1	-1209.0945447790175	66.68123658594105	55.5882165309331	663.9511675557219	1292.7716678052136	1886.2222011890906	-41.26279175826708	2.344992507281539
?	218.49768980234407	4330.709113647485	75.00567127640171	48.39416285368673	676.5195459222767	60.39248811937255	1711.977969158914	2762.4437972021333	1.9475765775042952
?	215.53545568237732	-1458.925353699037	69.10094472862542	-255.063063020254	666.9707919616906	3067.318575312772	2024.3443910491992	3925.5992779324956	2.193574271247319
?	145.55142211739118	-1522.1349333096173	62.25251812538883	-49.727690802877625	829.8854746879175	-3289.0953889878515	1908.2579330555416	-365.37905330964287	2.275770542140855
?	139.42870901689537	-2931.028442347782	66.6145601884815	103.90150648358707	502.51602251229565	-2085.55937992189	2006.0754383837168	4885.924064866594	2.2782609455448073
?	-1	-49.16038850166261	67.44759344956826	92.86845131976843	725.6075056918215	4792.788362276574	2152.5541362988747	-785.825371865724	-1.2512898763812421
?	136.9706895918122	4378.5517478587335	71.25798275446999	159.88807365284288	742.1554406261278	-3378.217223983847	1966.78416979043	-6616.569074555438	3.246375768344587
?	217.92758739293978	6386.881801579778	75.44199713221052	63.92092896608824	556.6966444926268	-5171.654509173949	1821.725682571098	-150.72201606370314	1.3878107097362888
?	456.3147796708056	4501.692845359334	74.45402920277445	-158.42149704913172	483.5727151674266	110.0235397576769	1959.2480689872448	4493.886668442906	6.634809248556627
?	443.01222966090967	-6253.381691273698	67.52092227975382	44.75501117265843	562.1978214805107	1897.8141948976374	2046.4200159932466	-4305.8755626185875	1.3782266850568226
?	143.6456951071162	-5990.205721190847	76.6917797614074	109.1956739940237	578.4634249123099	-2010.7880945787745	1743.9542908563124	-3358.7200438646755	4.8840316796038525
?	143.50194360136308	66.77426221964727	72.98070597945508	-162.3884783569491	461.65841675157054	-2138.8036304527923	1878.4840138000104	7029.692432768238	0.7173712565319509
?	146.98440821809862	206.9938422266886	68.57235584355983	91.46849091202383	471.5232433896687	125.12690925544625	2095.4389124947293	1099.0454826295788	2.89932152811153
?	153.85163571269766	112.41470332173162	77.55413052505634	20.82475055728735	467.91476221434294	-51.23054840296432	1933.4362879314901	-1094.0326881192077	5.5407934241062735
?	152.60514338418528	-44.42523542427744	69.61359337142422	-201.82701832544038	468.96171596952047	13.89815961112143	2040.737278088768	8026.96519369626	3.740341977814264
?	151.63037394148375	1059.8563579562299	67.46277960878417	230.48161134107787	468.609670194899	2511.483891093729	2334.784547616309	-13970.2063785236	0.8673030957860344
?	205.59796128199753	1164.6504274513302	81.13767393847827	229.88647375434155	594.5359105242087	6013.870204570887	1342.2269591625782	-22833.879045471134	3.122554892990059
?	209.8628953140511	-215.62121724891574	78.95710329650142	-128.73365955660933	769.3031804234477	2866.9802972437196	1193.090595342736	165.39155706876264	8.460811413061432
?	194.8169004195516	-2099.454378352383	74.70099096064772	-88.1500056418169	737.8849253863967	-3255.4024155284164	1350.4965370160164	9332.868358264886	2.5788300121696266
?	104.89017639643045	-935.4385954381772	74.54960301441051	-67.03950182066554	606.5330596470245	-3422.441414866461	1659.7340132559868	3780.481859411094	1.7550996079157746
?	148.04497064764206	813.5211755978521	71.34901586961439	-125.53637427532655	566.7628546430713	-697.5683197204822	1539.5206299865738	-1393.8618213164984	1.043558138522189
?	145.56623517632363	-346.5457708762854	68.27278430064409	4.908581058034188	571.6546436609999	3068.3870344569477	1590.040922190161	-866.613561916562	2.853962226154819
?	130.71768210382754	-456.04332639805824	71.5944449225161	-30.410935753316856	720.1822063659208	2330.9445084754097	1496.189951890745	-4382.605680347453	4.488096074863706
?	122.7640688564204	594.6642111804739	66.75223751297823	4.4101555217641755	688.201869084772	-4247.5146915285	1370.9106381727852	7536.157272829634	-1.0020189618851945
?	160.45089266285166	1572.735937142258	71.81495269860432	176.0288760912983	507.8064717894928	-2525.7817780255805	1872.9978155322322	11508.054803112678	3.7836703649642116
?	201.40086571353442	951.9110957280561	75.55368131754327	56.00254816243938	561.9127801834912	778.6122688094091	1946.3133783284272	-1862.7277113169212	6.498268281831876
?	208.04644744925514	-1616.976546466915	74.61508010672633	-1.3934821462538396	546.7370852299638	488.87677931616724	1779.8614299663848	-5886.025644953891	5.129779262483711
?	120.55203839018752	-1614.2285658513065	75.48400721023057	38.73237402693379	586.3566191493	463.5746192109334	1652.0120960807285	-5909.738692768395	3.0641279005358726
?	127.33501915668867	1688.3426624181689	76.55169880807304	98.10817790260361	569.9158161905108	-878.175578346619	1484.3744953279609	9379.029015440505	2.40597325030065
?	204.96917151109716	2773.451403302514	80.38941610536082	35.24904022948938	542.4478402319684	-228.38460692207622	2120.9635468527604	17828.175679225704	8.77914864980899
?	266.00758932181634	-4119.383430221885	78.31415081954754	-127.523802549364	558.4965858444068	1552.7902299841646	2375.7832792892586	-15395.568718832319	6.064109643443549
?	-1	-5340.151786436251	74.01322597789253	-110.48825230832463	620.0873517311777	-1735.4495319600157	1351.1851109111335	-14291.798720162798	6.264763924754861
?	-1	2851.6980286068097	72.78973820413123	47.62433926148976	471.7241092464048	-1921.9752367145907	1661.1933432811086	15637.796399469358	3.6732106235392323
?	141.5849014303425	2863.7253433582127	76.39444294096705	111.00943185241631	523.9885898954468	1234.5142516476512	2133.0749308846125	7206.246948751538	6.114786707486654
?	142.18626716791266	1308.4487461772228	78.34020979675212	-10.442579895018433	533.4498218287882	728.0189351008868	2021.5056907186906	425.56297501360257	5.74676473011549
?	207.00733873920458	-294.82819677150394	75.87231394621612	-119.35716090442698	560.3895366504917	-125.7377394959922	2154.353079635293	-4676.192666335971	2.947051828992396
?	127.44485732933725	-1678.8884855243462	72.37235175153069	-89.01847312110208	527.1629348539885	711.2350969206217	1787.6960574018888	-16032.384907765745	1.8369685154455173
?	123.06291446298609	55.03895727702378	71.42139029016096	-21.03491954591219	595.9512914965233	595.2407570677663	1352.7338342469943	-3447.165353112374	5.146723508454139
?	130.19680519318848	9053.470904472903	71.32060577423506	11.75674900279046	556.9249727073773	589.823102804806	1615.3377897462676	4006.2568349095295	1.5271897900268687
?	575.7364596866377	76.24895920243836	72.00922774030049	-77.85820841313753	625.442446636764	391.3151035510135	1553.0466759924736	6010.104771406387	1.8187775500769192
?	134.00925315331045	-9027.234428345799	67.42769535357813	-93.164683180707	576.4907278849282	-3387.9414713258548	1915.8430283165912	9585.830512297189	5.57683273093966
?	124.37473826934134	-2700.1850630661706	67.35099358126507	-7.903467112994237	456.0453730704688	3938.687012487295	2032.33820160734	11864.062671800115	6.653756173336625
?	-1	5858.201017723204	67.03252199792841	68.80366837639274	773.4250785092958	9184.951139156163	2509.0461619066054	3888.1575492751235	0.8513956448915665
?	417.2847891555057	8181.64542331232	70.79117700008476	93.12787141559862	915.2929300282835	-6957.5763431359455	2226.746079071099	-12277.314245553232	3.587787091249624
?	408.0822711656218	-5975.1345484385565	71.68891556870841	-102.8746647676473	425.54626135249356	-3387.76915521885	1895.180449628935	-1062.6941907392516	1.6398095308035903
?	118.5280617335736	-5858.2292953335555	65.64744376170232	-54.065673872010024	745.9044722673386	-168.3169976196233	2173.6113695341355	-168.68171508854846	1.1496913432474385
?	115.17080639893986	-2390.561234671438	68.98563187510787	94.81413978352357	417.1304114715123	-6776.35643596765	1886.7463638745076	-3104.0327788731124	5.83690941633354
?	-1	3445.5862418080287	70.38815075087857	185.7343164274868	407.0866504689513	3011.5643641823754	2018.4097305904777	11126.745550727761	2.159509291292786
?	287.45011848934377	5511.377003556819	78.27234769648234	137.11644039808593	567.7086296806332	2653.3298197928025	2443.0836414109035	2449.978068300467	7.974193441940214
?	274.56885017784487	-5769.002369786794	77.24397277078296	-129.93624620127733	539.7531414585933	2636.724802360842	2140.908634005503	-8476.992881811586	14.710557875156633
?	-1	655.3464191492228	71.77553538641838	-92.14788810351405	699.5448697986772	2955.864866614146	2019.2339973203182	4221.9916740482895	4.469194858245013
?	307.3361711353065	5925.769763627702	72.63657836560719	64.85369052089901	687.5463847893027	-2851.7702093224084	2352.0082177079203	3212.452969943365	1.5879667080445148
?	295.2884881813893	-787.178701110121	75.01821991246338	31.702583304965064	556.9563593325547	-2809.3399656099073	2179.8566458174887	-5385.92324202899	10.75193122148205
?	267.97723607979987	-840.4059374958405	74.22170753085547	99.06755673744898	547.0793865088053	996.8258786136329	2082.712055606467	-15855.349477952524	10.226278268900852
?	253.2681913065967	-1101.256227766339	79.9715977493359	52.65885538445229	606.7976532632371	2862.8973938470726	1387.0891719198512	-5221.900298195026	6.310199453291981
?	212.91442469148214	703.1053846408818	76.85465030007812	-55.91386380796399	690.224256201161	2118.8364269893846	1821.617040696712	17029.838731732565	2.0029943695078
?	288.4234605386413	1725.1900701734075	77.17590455893766	32.89372503117231	712.7394746127078	-1688.1295583796177	2238.5811085064915	8594.483871176108	2.7840827438470392
?	299.17392820015374	821.1600128156837	78.49933655163676	-10.47738125384128	605.8177782821789	-1604.3401367276442	2251.3412342555234	2064.5009622775683	11.1291099858438
?	329.48146117942605	1212.320514811929	76.65203549624559	-164.27122630703303	632.5224677763245	-694.4389959029323	2341.8061566203714	191.50954903925322	10.493705082113333
?	359.78995394075105	-6609.629223588427	70.28577523628499	-297.1379621657616	571.0958284870318	434.8740108484714	2260.9167117074862	-2063.980677865855	4.9088458908951695
?	-1	-265.8016078400302	61.7951373879573	120.9298812536221	654.2661683187483	-1098.7499054479533	2238.6071227270772	-8471.292864710156	-1
?	346.49987354874935	6083.280641398809	76.33226929896618	293.3096556862388	516.1583332146333	-613.7354277909939	1837.3520684719724	-11002.01059845192	3.698081673079476
?	303.16403206994477	-898.832881000719	76.46062017226944	28.72891293549701	623.5793969291982	1793.7896426023958	1688.5065928044735	-3440.253341818976	10.88600251089389
?	301.55822949871276	44.19765589298714	77.76871494574105	34.55382625096697	605.8478153447544	-421.1874944294968	1665.3394013810212	-3035.3256013422674	16.219222230931173
?	305.37391486459416	-782.831336630152	78.18831148481782	-18.027452935558898	602.5200222077231	315.6628564391486	1536.740312737358	-2827.0954493761346	17.93198098929392
?	262.4166626672046	-1147.4369076863725	76.8673422989631	-152.4361330800009	621.630958166712	-175.2678663802178	1523.9846289122124	6838.49534152331	7.54140076725903
?	248.0020694802747	305.77858254511193	70.56650483081766	-139.1618541701149	593.756628888712	1150.0421267249494	1878.6650798135283	-1279.089375762128	4.841011004417974
?	277.7055917944604	519.2617284197689	69.90924959045725	108.07527988709029	679.1330645029603	170.9198887884257	1460.0301601241051	-15620.531485977423	5.181301789545364
?	273.96515590126353	-72.72436362694758	75.97026882517226	137.51058779988116	602.3026233281335	-618.2677071375159	1097.638505514646	6636.857689445129	11.012493865919481
?	274.069373613113	53.48676473537959	76.7847789804514	34.19414299912128	648.2196791460841	-2733.243099688416	1791.8730445963663	18590.378341923028	9.75010950195208
?	276.63949413803255	322.8484277962604	77.67997597512834	98.75954147966299	465.6404683437107	-1309.6877634068865	2027.1574226108107	7772.260167824174	15.18757333614208
?	290.21179500292624	626.2417654838921	81.72275605443463	-37.597433587942	582.7352909757389	539.7721419158885	2180.4860529875805	2321.724028959578	17.879487543428112
?	307.9515824122276	229.36463235077568	75.80010429573122	-161.26438207144471	492.6290754395055	-2552.66999287937	2143.2436240587913	-2924.130376673306	10.078464693056292
?	301.6800266204652	257.8792657775293	73.65953695086228	-16.69437779386134	455.10179133176854	1348.6146630015573	2034.2795341539131	-10376.600408880387	9.572496285314216
?	320.84554570110424	37.56664696822046	74.96538540603814	27.461674558416185	560.0598085895844	2653.4528704941636	1624.4136036147645	-9026.328348694422	6.415118486546393
?	303.55835896887623	-1518.8419904077034	75.0326206787831	-117.22357913259775	587.7744348564786	-604.146273838342	1582.9631167191856	-2663.3703065364293	9.20867604675362
?	244.903446180718	-1775.6411871499333	69.10420644940817	-200.4025074489141	529.8524948976668	-451.11029695928704	1491.2450882879411	-635.7169867821632	4.525189647621308
?	214.7762996113783	-379.3221439522395	65.01249530633726	111.13661158471344	565.2189200085139	2006.292051910583	1551.177267380077	-6547.210337597574	6.2243607621771115
?	225.93733898310575	-21.956515678434386	74.66103702864392	190.0940476148203	630.1670974931974	3172.3626771077334	1163.8845714080578	-644.5800788448513	7.5738036450732436
?	213.67847382745657	-1956.7523492441887	74.51719768707841	14.577805099635063	723.8370538639028	744.753621557007	1518.948263437834	14188.379165880355	9.510427031156846
?	128.09972152089492	-1497.3627019030587	75.38992728362568	-47.15863061094713	667.4047785710483	-4511.280330843599	1873.3035297020856	-9026.543707203107	8.123521046863703
?	138.81033873230257	1493.1183461141823	72.15926615653102	-89.74465424060995	498.2730373217197	-2873.6555514948896	1067.621078077672	-11078.10739129579	6.882190500815905
?	202.7556388266051	1283.845771830952	70.90269457159512	44.51530233362342	523.7220009963017	2925.8652127445857	1319.3981601372882	4070.693673876837	5.361558052098402
?	203.00262732385107	-174.74674035367664	74.38503127321222	-24.115417494462235	644.566297958951	-17.28792234668138	1271.1557617715168	4212.0761319211615	9.713352521415454
?	194.01830180892114	-16.3174887567809	69.69692369687199	-16.283066351212536	522.8576048789677	786.664360964842	1530.0019667333493	7619.396399725584	4.485804787956568
?	202.18675288601202	-3880.3660361783677	73.57087795565158	-1393.93847393742	683.8995160071937	-10457.152097579205	1652.1255817578015	-30600.03933466655	7.616582029854022
