rowLabel	avP	dP	avI	dI	f1	dF1	f2	dF2	h
?	194.28495014561307	3637.6766293778883	76.25420684656712	1517.3744501765173	573.62133338942	11558.066186790658	1225.9568631646596	33032.85085514306	10.853362532917753
?	181.8838314688944	-471.5701569283618	75.86872250882587	-127.27089281212614	577.9033093395329	-2354.0733999881445	1651.6425427571528	111.3503128527691	12.009046002695072
?	170.70644229919498	-500.52067734252586	69.89066220596081	-138.2970438253434	455.91766339001276	-2122.288080173247	1231.524378807298	-5929.96472899901	6.93455391462475
?	156.8577976017681	-325.7229100668645	68.9538703175587	-6.600016077661623	471.78890533087053	-1449.5236759217644	1355.1443063072022	3584.6390894695433	9.766771372570231
?	154.42029679585175	-3.653972936685933	69.56066140207773	94.69654791031304	383.44147959392456	-1085.3354807737721	1410.7563332807752	3075.6802629847707	9.14170887414567
?	156.67509895493382	-32.285129770345414	73.68869771307435	160.1771538569665	417.52213129218194	1487.507020449964	1508.9283194564407	4939.327741015619	8.397364139350108
?	152.80604030733448	-34.56699669126693	77.56951909492605	-203.75439426493747	457.81683061642275	1139.8250729338192	1657.722720331556	4741.439057314538	18.226870577356674
?	154.94674912037047	-3076.1208061466905	63.50097799982748	-224.5178189351393	474.5133849388729	304.6956329075966	1746.0002723221676	5877.9014095393595	-1
?	-1	-535.890891872785	66.34362814816909	-22.232581571434768	473.0516122618026	1982.0401591783132	1951.617790808524	1488.45448883003	2.604979850205547
?	128.15220452673123	2242.388328975036	62.38934892125574	-18.76159952293165	573.6153928977885	2149.0621857364868	1820.422996763669	-8769.350486179072	-1
?	111.11941644875178	-434.0988780744802	65.4055481720225	-44.89070126185349	580.5047215486269	-2525.2739345406235	1513.1502664995705	-7254.310616067049	-1
?	106.4472606230072	107.27431433894698	60.14481385816306	-22.625335163520482	447.35169617075724	-4096.579799711271	1457.7074659603163	-1480.2966367718805	-1
?	116.48313216569913	302.1603518188081	64.27428141384648	103.86935085997143	375.67573156306315	-2071.9362377396947	1439.1354346609764	-1416.2960142630013	15.043593428891045
?	121.55527821394762	92.63145937995822	65.33828140116164	-218.5362938479262	343.7548842837724	-420.67094571402055	1386.8926652471662	2817.6001523112536	11.167282935268643
?	121.11470513469705	-2451.10556427895	53.34746672145016	-256.9574389843675	354.6421842773621	5281.945326225177	1580.0154422765393	10762.792313660115	-1
?	-1	-2442.294102693939	52.49040945194325	17.044783215189327	607.8521505950315	2624.331490181581	1925.0322809301724	10278.79036478333	-1
?	-1	0	54.19970588220963	56.296598736800355	485.8587587864413	12001.232195364864	2093.9549605157063	7183.887316830017	-1
?	-1	3052.7901504197544	55.30523938878327	157.5021804185026	1207.9137603632753	4616.429486152322	2284.2266467716736	-1720.3807414963314	-1
?	151.63950752098785	0	62.074814903134765	-42.708456625348354	716.6802330940576	-14919.80326527164	2007.9359234408896	-8348.605866523178	-1
?	-1	1032.525015735878	53.16981655751585	263.09142825064305	461.9235970996927	95.73709281046617	1866.7963534455143	-10405.890244344164	-1
?	203.26575830778168	4250.209794484004	75.2293863156669	414.9294164610618	721.4670877345809	2944.911950687575	1487.641411223682	-6413.613958674727	9.676161941235547
?	211.51048972420043	2097.9639128706694	73.91628738056896	-238.33051953749512	609.1691946340716	-3470.3936043443027	1546.1156555117777	-1638.0415347493804	7.336592318404483
?	308.16395395131525	1927.4912776394228	63.312860338792134	-145.121199549056	547.9474075173656	-3760.514315669117	1405.739334486213	1956.711629226782	-1
?	307.88505360617165	-1354.3481872647174	66.66022740311615	267.1941193681554	421.14347885061557	-2664.968421302666	1643.951236973117	9099.641751187915	12.736859881434903
?	240.44654458807932	-2053.1199993392397	76.67256630719992	-31.261381816936733	414.6989864522322	-30.681474406353544	1860.7214220456092	4182.983195821035	9.963487952945666
?	205.22905363920958	-422.1579874799814	65.09715831226932	-307.2523787222268	419.6094051302979	1039.9550895284622	1853.1003967641689	26.602343981730858	10.896366835568788
?	219.33864521408023	-4124.581072784188	61.30994737108856	24.345533050448843	466.69674092865534	883.9052399548067	1862.0515392446957	3003.1079034523027	-1
?	-1	-1450.618161976667	66.31443496479176	138.28438397788435	463.80466712803826	1920.4672433142496	2003.2557919367841	-226.62011841981874	1.3025512918204734
?	146.80773711524682	2693.41841151852	68.22416656998279	74.48205267560887	562.7201030943679	-1458.2079411442553	1850.7205333237048	-5553.720854923481	10.337393634087183
?	133.67092057592612	-198.47533124740534	70.0385375985722	-112.35976340247537	390.8942700708254	-3891.0770197202132	1725.5697491906099	-1791.4849068078486	9.294175027421288
?	136.88397055287655	376.5471992334178	62.60617839985901	-41.19928430468061	368.16625210835707	-137.57796693623834	1761.1462879833123	4690.567801430207	-1
?	152.49828053759703	414.60318452634647	67.97857338333817	133.27866349043208	384.0153717240135	307.4569160925532	1960.0981392621204	-1354.4032836560552	12.713991494853758
?	157.6141297791939	-0.7391440394621889	69.27011157438062	199.41724973850296	383.53909791298474	2973.436098799351	1693.4261238005095	-7085.201740228911	10.56235427297389
?	152.46132333562392	-287.95230241946433	77.94943587026333	78.73296241662096	532.6871766639812	1270.5422122389189	1605.8380522506745	-1733.9319486988218	6.719011360051953
?	143.21651465822066	-97.30754705570112	73.20675969521167	-149.29418305098565	447.06620852493074	-2905.123960910631	1606.7295263655683	-873.3621946792565	6.54491265382954
?	147.59594598283886	5.350070356528245	70.48472671771404	-77.53240161976912	387.4309786184495	-2330.3748304892647	1562.1699425167117	56.39634362823467	13.347636663026652
?	143.48401817604707	-184.99383711632885	69.33013961422321	-27.105204668782196	330.5474670004674	-1174.8876466325237	1609.54934354698	6218.615348801858	16.706625611718465
?	138.3462541270224	-164.52220782916342	69.12946648427493	-141.11985493933975	328.68659628682326	7.574226428429249	1873.1007099568048	3772.186545719493	15.195406597367953
?	135.2579077845889	-153.3007682741031	62.27414686725622	-110.13822361098765	330.92617832188887	2722.939226955309	1798.1586708329548	39.15978638554858	-1
?	130.68121571331724	-238.46159575038172	63.62255530372554	128.0307129263058	464.83355763458883	350.27632163760825	1875.0586992760823	1231.5552310913652	12.173922197727222
?	123.33482799706985	-212.32463054685857	68.67568251357149	-49.39696378648353	348.4399944037692	-2071.498127289936	1859.7364323875229	-388.85401899895123	11.71636280828094
?	120.06498418597435	-329.46241404597407	61.15270711440137	-94.84554949439121	361.2586512700924	837.0131063838728	1855.6159983261348	1833.5200444779887	-1
?	106.86170729477121	-310.85625779239274	63.933405038851944	17.0926570333821	390.2906497229627	537.7378931448421	1951.412434611422	1438.4334455963703	-1
?	104.52217129635477	3759.245950046874	62.007339966070475	70.01209193250045	388.1455459273344	4291.984184549194	1927.537670605953	-2365.575468969554	-1
?	294.82400479711424	8730.035203799767	67.43400963547695	60.713083500729894	604.8898589504216	14378.43550358923	1833.1336611629447	12000.43021273592	3.7959545571810462
?	541.0239314863416	5380.373745572865	65.04299414110696	-79.58093989444819	1107.0673211067933	9291.803191546913	2527.559181242747	16559.58175970004	-1
?	563.8426920757565	755.5049898918974	63.45496264075456	-57.55010035396601	1069.4800185277657	-8344.181683588648	2661.1127491479438	-10359.220938841214	-1
?	578.7991809809363	-834.9318128810871	62.16548912340867	-30.205549381075194	689.8582369273624	-11015.549746938692	2009.5981343006881	-24052.6565239076	-1
?	522.0961014317023	-8133.267100972702	61.944685171700804	-23.849974375623134	518.702531180833	-5747.706734066227	1458.479922952568	-3704.4061903316374	-1
?	172.1358259323026	-8068.386505319733	60.97299040462752	94.2598403561839	402.4729002240521	-2463.0711434584086	1824.377824784107	6751.976323099362	-1
?	118.67677616571714	-3462.7165186460643	66.65767718950998	105.63969301052703	395.54897400791305	10775.959124472212	1796.0787391075348	12480.774832188825	9.263069853345288
?	-1	894.819954674297	66.25497505515385	169.00180664093486	941.2708564476608	2827.706235263138	2448.416566393546	-4999.062422151642	1.2457318531662014
?	163.41777389943184	3250.404045227844	75.1077675215567	153.31553062818043	536.9342857710694	-8287.783658183143	1546.1256179999536	-19537.424060998466	5.905304113951641
?	161.52020226139163	124.16957887024283	73.92075158656284	-104.17165758285998	526.8816735385051	-2130.924625277084	1471.5453633436261	978.5155049390313	9.522217517937738
?	169.62625284294396	454.59016816645817	69.89918464241372	118.4353276729361	430.3880545072156	-1021.6047179187424	1595.051393246905	4612.45699138646	7.6376141411360665
?	184.24971066971446	-297.09879749600697	79.84251797020963	128.18703909107217	475.80143764256815	3066.69565583253	1702.1682129129483	-2824.8022300535204	13.99725547020343
?	154.77131296814366	-953.6632863030837	76.3085365969673	-195.53689824414147	583.7228372988416	1144.9514930311973	1453.8112817442295	-4916.513829977947	5.87385386880901
?	136.56654635456044	-3115.426259362884	70.06567305800259	-153.40224733763475	533.0490122941278	375.84156634738423	1456.3425214140518	2132.4619491842473	6.030956267541442
?	-1	-2751.3309270912187	68.63842423008559	-54.53666750880662	602.5149156162107	2760.2802826392494	1560.4343792034415	6279.026742129272	2.116534480674354
?	-1	4577.47703188483	67.33883968256227	29.492377421621928	671.0630264260898	5738.784621378163	1770.2938585205143	15608.649537879764	1.1392288519682203
?	227.87385159424068	4645.949494404657	70.11304310116668	323.4694905299071	889.4541466851179	-3486.9035110734944	2340.866856097427	-271.7555915032163	-1.005864022944619
?	231.29747472023203	45.584978185321624	83.51231420905756	45.69582299686021	496.7178508724157	-5097.194907096707	1756.7060789453535	-11229.21528375135	12.137637431501702
?	230.15310050350675	66.69029437927885	72.39783425100968	-344.12225088284583	634.5944013302834	1335.2697922505254	1779.4060919098615	-1234.575259765256	2.518997810197848
?	234.63198943919596	43.59245173888114	66.30620166491534	-166.1894962431845	563.4813404849417	-1385.7125541480837	1694.977315957091	-1406.9738034583638	3.5334700809715183
?	232.3327230904508	-395.10317522863176	64.08835943885049	247.48614298655357	565.3087736228795	1058.9850421630074	1709.0574017369436	-1810.12713986365	4.478233294041075
?	214.87683067776445	-471.2258278665427	78.68050881424297	280.32122436728247	616.4305925930919	-982.96216564651	1604.4709589639087	-4821.848062559046	13.002962057658806
?	208.77143169712375	-174.06280329152258	78.10442065721456	15.327470191095129	516.1606653405542	-2434.570095654063	1467.9649986089921	-5366.361579896471	11.266592513457772
?	206.17369051318835	-221.21973158145943	79.44688232379772	56.44344345096263	494.7020878103892	870.937262218425	1336.1528799690861	-1385.7448050201951	14.503107199206486
?	197.7104451180508	-535.2888575058031	80.92659282976268	-152.67502925224474	559.7075284514752	2917.993147440907	1398.6777583579826	5851.150342377662	20.085912824753258
?	179.4092476378983	-1038.032041194937	71.81313086118551	-306.4076694907234	640.601745182434	-127.08255780728041	1628.7103970879682	5717.2688541065845	5.577204403470015
?	145.80884305830415	-614.604543800683	65.60620935522657	49.288072327882055	553.3534005611112	-4397.838376710645	1684.5412010633108	-1593.9866744170206	3.128552928917702
?	148.67902044786425	-12.32807018530825	74.27753447757961	136.60241305135563	420.7098263469025	-3870.155501481395	1549.0110633671175	-2675.991781525177	12.190975928945198
?	145.19243954903874	-129.08642023853065	72.43633000779433	-13.943944056575269	359.8456254870422	-273.14278867022136	1550.7416119870525	5610.781669377927	9.450560038913938
?	142.22469943593774	-203.36310845994788	73.58033727475085	10.981539392905443	407.0526869133915	1489.9379165784167	1829.5501468360128	4404.716640269036	10.146224205855436
?	135.02428412604138	-115.07258447500858	72.9854069774396	-259.53361295355626	434.34252131596276	1590.0017623348515	1770.9774440005035	-1044.6484453673238	6.343627730485438
?	136.47107021218733	0.7603399622138367	60.60365662707308	-155.27795877867075	486.5527750301338	12315.539011347077	1777.3177245676468	10254.074636543446	-1
?	135.06230112415207	554.2982092839659	65.22150903850609	202.97016908882753	1050.1194718833144	9118.665667830905	2283.681175827674	2554.6929079496203	3.3897889196034856
?	164.18598067638553	671.8748437309627	70.75216508151442	197.644774987197	942.4860584216774	-9967.663054656137	1905.0523699651274	-15109.670260026354	5.7651372885036976
?	168.65604331070008	168.76538250543663	75.1037477878659	46.00091477300156	551.7363191505093	-8646.141762441213	1528.197662826359	-3387.342392365038	13.634491000623814
?	172.62424980165733	-48.45218303098892	73.05221082016449	-339.1750256248138	510.1789702996183	306.2280005334207	1735.685250346876	2239.01630087921	10.237564709888106
?	166.23343415915065	-189.12442678173602	58.14499650662527	-211.6403379864946	567.0477191771803	-1378.7437601452284	1640.148477870319	3055.591992256138	-1
?	163.16802846257056	-437.6159758319845	62.4701939208398	62.91581108364547	441.24178229235713	-4122.227274148383	1888.4648499596824	4593.987888957757	12.555446810773269
?	144.3526353675515	-564.8366432345259	61.29078706080753	-74.36565449753827	360.93635546976185	-1082.9539368323053	1869.847872318206	1321.6947705584018	12.558473320561221
?	134.92619630084437	-181.59394151354272	58.7519111959629	37.08147066214706	387.09408545074206	-502.2431969743429	1954.5495884876023	3728.900814118219	-1
?	135.2729382918744	-2718.523926016897	63.14486059391488	146.83667791608465	335.8241956210448	21012.6096901991	2056.2929130241164	13614.284028160495	-1
?	-1	-2725.4587658374976	66.0937450917671	12.212300910432432	1437.7245699606933	23476.32408220218	2635.2637898956245	6859.068135038621	3.142742417030663
?	-1	0	63.7554756394365	-227.27895413060816	1509.6403997311495	-351.79928947068345	2399.246319776046	-3814.5082724851136	2.646669436352638
?	-1	3072.335930202548	54.729797385236736	134.1660171134105	1420.1346054871592	-22584.425597050486	2444.5383762713695	-10519.73998180592	-1
?	152.61679651012685	3355.144668369578	70.463776495107	518.4335630793477	380.41911987862926	-18282.437003240306	1873.259320685752	-12934.550866397363	10.783525738812834
?	166.7572334184783	173.36635959314668	80.65147553920403	14.504415299441911	506.01275532514717	3101.4750740198733	1797.8108329515037	-4349.404379083955	10.517682219372976
?	161.28511448978415	-245.68388716603212	71.18899726007909	-221.41846622915034	535.4928735796224	964.8058590418339	1655.789101731555	-10065.134859308831	6.930282784586712
?	154.47303906017675	-131.59295180013305	69.58055222774655	-5.894540565075793	554.2530482772387	1.873702555983534	1294.554089986064	-7603.1377960825375	6.867046012240598
?	154.70546689977752	-45.07131484232007	70.8942702318253	134.7706860267194	535.5865587074216	910.446053475765	1275.6322119274296	-5921.438151646099	11.97962661372291
?	152.21947331806075	116.96427018772893	76.3190865290825	62.89457010463757	599.7753509510268	1139.354498176087	998.48218240376	-5465.781836403366	14.244462988306571
?	160.55368040916395	90.38328963883747	74.03899873705717	-168.73730199153758	592.5542836162257	-2747.9087878857918	1002.3431201072623	1055.1357354750248	12.327439574319403
?	156.7386378000026	-663.756078942171	67.88222142950565	-32.800233413986575	462.3799115567377	976.1480269602192	1051.238969177511	15620.104730689452	5.762036121654599
?	127.36587646205551	-437.9218024129754	72.39898706635785	14.597522373464978	641.3616849642365	1893.906150569427	1783.3483566417322	17405.077667248177	3.266802600900884
?	134.8425476793539	-2567.3175292411192	68.6120975481789	-108.76426085225556	557.0752190852087	-933.2964213112915	1921.4928525399168	564.7757874806459	4.535146032587892
?	-1	677.5690440180854	66.96077402374509	-51.33454988100017	594.6968638986721	2492.154380954234	1811.5871460157643	-2381.187202390183	0.321798411367941
?	168.72099988025806	3668.1338524082685	66.0453700541289	156.33846075531125	681.68293813292	2562.384456655593	1802.4334924204081	-5214.053277458515	6.740347834176925
?	182.40669262041277	321.8184452687615	74.77769706151062	140.90013845493695	722.8160867314513	-4905.245555277937	1550.8844821428395	223.44964712681383	11.241652534889779
?	184.81192214369608	-116.13524340741249	73.09037697687572	-12.818542392084897	436.420660369024	-3858.8646070601226	1813.6059747767488	5066.119094057517	16.827319142607088
?	176.59993045004217	-626.8118685177319	74.13676994190638	-68.53355296557875	529.8728563784458	2647.2113299648927	1804.1904368457144	-602.0756045452002	9.452293227679682
?	153.4713287178096	-346.7116365844721	69.66369932859679	-136.9802486490723	568.7812268672682	9616.373403894439	1783.5021945494889	7404.761838677795	7.726368058942685
?	159.26434862081862	-60.37008360261744	67.28775750945279	116.5727339674295	1010.691526573166	-2229.3464552190494	2174.428528779603	-1452.428243525547	1.6052666941298042
?	150.45282453767874	-156.78367841703164	75.49233602696825	175.1429726039999	457.3139041063161	-10963.68793004214	1710.8807823732118	-10583.64943742745	8.413335227293675
?	151.42516469996707	5161.159428553142	76.04490613965275	118.1324291293312	462.50713007106094	3120.1295818280446	1645.2460569082323	-709.3636843077072	3.244686876613676
?	408.5107959653349	2653.834194556103	81.39895748343479	-9.979295769559293	613.3203831977178	-18.009883027551787	1675.4125981578266	501.0329573749295	4.4300551542467925
?	284.11687442777173	-5379.0109894745865	75.54594135117479	-183.62755645923167	461.60663591968336	-3764.5238590179333	1670.2977047769787	1349.4169551991902	4.349443879204125
?	139.56024649160656	-3157.8633971227055	72.21757966047323	-56.42135284689621	425.09419024682177	-898.69940716777	1742.8834459177858	5208.154829585324	7.685091286738897
?	126.22370457163703	520.6039284325125	72.72487370882999	-84.8027092435038	416.671665561295	-915.952736206002	1930.705446256244	4148.552974733931	3.2688044181134837
?	165.5904429132321	3046.515600371094	67.97744419829806	-137.15564596642358	379.29655343652183	-1570.9321587930856	1950.3110946544816	-563.239372406417	7.7798271662066805
?	278.5494845901912	2767.2184759751312	65.86709141050883	164.8068888661317	338.125057621641	-1221.6694643480876	1902.5434776359232	3390.957644377543	-1
?	303.95136671198816	-467.05228103196526	76.21778864160461	180.31746233765782	318.21308021911767	507.5114251303519	2119.858976873358	5282.738523965296	17.71999749741707
?	255.196870538593	-1134.5507081326252	74.88296452739169	-212.18897489707493	363.5006288781585	1375.6108744548171	2166.680403834187	-4974.608653473305	11.335326921012904
?	247.2238313053571	-845.5793897381547	65.6083398967509	147.98495858609607	386.9936239418583	876.8446076695394	1871.1285441996938	-8027.924674270554	-1
?	212.91790105168542	-1260.3470022654437	82.28221245669647	267.01306393171035	407.34285926163534	1866.389059518825	1765.2841701206607	-1173.1113076484958	10.929065618186522
?	184.20648119208514	-573.1768356053582	78.95899309333638	-266.8955225623993	480.3130769177992	1272.9808155262037	1812.4729788172692	-287.4162272578052	8.145203177431595
?	184.2590592714176	-3704.129623841716	68.93743632857655	-281.26847148915107	470.9919000379453	541.4288357530139	1750.9133587577705	-1733.826597371855	2.4066012592772053
?	-1	-3705.1811854283656	64.89556951887887	-246.28733722891243	507.3845187054498	412.56455561954033	1725.7816489486768	264.43069465915966	-1.1554901976886418
?	-1	0	56.623069467130975	-262.0502287424662	491.62012781892224	-365.2634842914235	1764.1348934907285	1055.4079957388094	-1
?	-1	3265.3131323133307	51.79305808175561	170.18913152509387	489.1213444908787	-1812.108435421738	1778.552048735617	852.1998461817915	-1
?	162.26565661566596	3015.4070308051946	65.13252604338564	486.08955522890926	401.01470604783566	-2931.0846289114115	1806.744885799818	1826.319130575923	4.254657919321063
?	149.77035154025918	-647.442275180835	76.09753584320099	169.837417445969	342.56711304530864	-592.880453392289	1869.868005264413	1487.5787920154069	8.103960120188791
?	129.89354285662432	-727.7883197658114	73.62439691568406	-183.395587691496	371.3706833782213	-0.8478888152353677	1881.123825400588	801.677447436694	7.3138161760585
?	113.38093555196875	-2617.8708571324955	66.92775645862622	-238.79354217583256	342.5247186045469	-171.52413143392155	1909.9518776362474	4.27984438888872	3.952714259822749
?	-1	-2287.618711039383	61.684719806892474	-177.01050146448785	362.79447680652527	-1551.522171872193	1881.3378176200324	26.316490798417455	-1
?	-1	2419.29472510258	58.07723138540186	59.876101635658685	264.9486100109375	-743.4339846971378	1911.2677021761683	-1287.290141767512	-1
?	119.96473625512856	2422.076203881013	64.6785248886754	148.95657148906534	325.6227775716685	8601.682823712758	1816.973310531657	-257.95168403160096	-1
?	120.10381019405021	172.75031057458455	65.5250599598551	45.96963387858653	695.0327511965738	3008.6393469399213	1898.3701179745883	-1179.8880811503745	11.041247072347847
?	128.60225178385775	339.0021533815494	66.97700658260472	266.86162435317794	476.054744918664	-2689.131180356499	1757.9789064741385	-2294.5486027881625	2.206316845006159
?	137.05391786312762	178.01864451636965	78.86814117751395	152.4418197632772	560.5761921787494	-618.6447331431883	1783.6426878351806	2360.2653155964745	5.96335957200293
?	137.5031840096762	50.93454096592172	74.59909757076855	-233.08824444318415	445.1225082615047	426.2255678566059	1875.9921722539618	422.66170436061805	10.152620131717985
?	139.6006449114237	346.10154376109404	67.21372895535478	-63.29080330634065	581.8874705715796	5551.1373349759515	1804.7757730532114	-1899.7576245689856	1.34876905987256
?	154.80826119773084	197.1480024519026	71.43455740545153	220.3951506004915	722.6793750103013	2059.2570545677568	1781.0042910255129	-6918.6973072516885	3.498629671343912
?	149.4580450340188	610.5339220990901	78.23348648537932	107.52588386002184	684.850323299967	-3297.5075997627646	1458.8409076906282	-6226.897968658476	4.316622229828782
?	185.33495730268524	620.0963224940158	76.8108515984526	-117.44737157201895	557.8039950221637	-4310.946501119332	1469.6593925925902	1745.0709528369923	4.621145223876782
?	180.46286115871948	-390.5700401371737	72.36111790677839	-109.149056563168	469.3029982440012	-2089.346880678865	1546.0944553324775	587.2631777478975	9.12031367096927
?	165.80645529582662	-563.7015667625102	71.35339877029422	34.948773266463725	453.3366509882208	593.9777034262419	1499.022551479985	4758.948296595912	7.161201272699079
?	152.27778282059407	71.08316661570225	74.10855657010157	131.60857527356046	499.00188341531316	-565.9259386577785	1784.0418701622723	8503.387877653202	4.880420064064552
?	169.36061362661172	634.5189043459459	77.93382753397222	116.07151582179297	425.040354055332	-2035.530156369777	1924.1919453626435	1995.2528338922982	12.183809474705974
?	184.00372803789125	259.1273428326159	79.9121323611912	-53.4068448775948	397.2253755968247	-92.07692897914545	1883.8045118568868	-2155.5117920393773	10.705018205594442
?	182.31698076824247	-1200.2974678058763	75.26348529009249	-126.97163172542264	420.43650760637473	-309.47822349914526	1816.416355760675	2065.2421598836263	4.962193307208077
?	123.98885464759765	-1239.3814363715996	73.56355077492009	-142.48543223244008	381.75146442186747	-1228.523433562585	1987.0666198510678	4373.3571856726685	7.369528714739152
?	120.34790894966271	-12.73853727035946	68.13921367847051	-305.53899212915735	359.0103359282457	528.4985497786178	2035.0842150443077	-312.71067476072517	10.306039279184404
?	123.35192778407968	-349.9860127886181	58.286601168462276	-190.8690262934412	408.17639191079826	2027.8240399000701	1971.4310861130316	-1029.8392102640073	-1
?	102.84860831023187	-644.3694637867066	58.595762363798485	162.4665575925242	460.40153792324884	-249.54766648593224	1983.5922545311075	329.179955141118	-1
?	91.13345459474446	-395.2384348228239	66.40992904808846	53.25308782638492	395.6990085865017	-2198.4804657077325	1987.8900838700874	477.5304405047899	6.106082846396699
?	83.08668656909075	-49.822046348394515	61.25841675511772	-152.86396651607913	350.4775146378626	10108.827316283701	2007.468776556347	2620.3414778864862	-1
?	88.64235227732475	-1681.733731381821	58.76673072228453	-79.00100154542471	901.140374400685	14994.799473091078	2118.9071577644113	2334.1078683732885	-1
?	-1	1104.7822096314237	57.3083666778465	286.3827237249504	1100.217488292414	-9227.105945949197	2124.174169975011	-4115.7789519791195	-1
?	143.88146275889574	2764.627399653913	73.085866908532	246.30510232730944	439.7850771032268	-14010.852114850448	1913.118210165456	-1922.264501302609	9.210680862378801
?	137.23136998269516	-1.1339205146902072	69.62362179421193	-252.91892712081	399.67488254989405	878.5357628264566	2028.0609449098808	2645.1749694418554	10.492539268125546
?	143.82476673316123	597.1323042826264	60.43992055249154	111.5792886650608	483.7118652445495	260.0794414137588	2045.3769586375483	-2257.5226663240883	-1
?	167.08798519682637	376.2452813292682	75.20258622746495	185.81353401526408	412.67885462058194	6184.792353293789	1915.1848115936768	-2723.6902384890395	6.647069071860668
?	162.63703079962457	-79.76891377987471	69.73059725325471	-247.11179415941746	792.9514829092378	2162.5266717111067	1909.1924467130968	-251.33692029237497	7.013031282125496
?	163.09953950783265	29.287455042840055	62.84699651949412	41.691919854914524	520.8051882061369	-8147.162448761061	1902.6179655790581	-3258.208979691701	-1
?	164.10140355176657	-243.54857319190643	71.81519324600043	97.22760381532586	385.59336047118626	10707.919696948487	1746.2819977285124	8704.592834426321	8.416104121722528
?	150.92211084823737	-3302.028071035343	67.7083767102604	-72.1731356676207	1056.2011730535594	9644.200673555111	2337.8476073003726	19369.86315143986	5.536344277569963
?	-1	397.3940108359571	68.20653646261941	10.502488731652912	867.8033941489401	411.61141288219517	2714.775155300502	-1069.25896913985	2.597507579587385
?	170.79181139003515	3356.7456120366423	68.23350114684304	126.86117715569442	1076.781743697669	-7928.006292459545	2284.3846588433803	-25220.324533833136	7.03930679608384
?	166.8372806018345	85.71505133580664	74.54959532040422	123.57852278867364	471.40307952595725	-11460.806377123981	1453.758928608827	-12568.710246806348	16.724407652946315
?	175.07756395682554	211.70661880974745	74.41242728627681	-71.59282291034413	503.74142484146176	65.50370409126478	1655.949146503054	-6146.1867087491455	17.46821889546287
?	177.42261154232202	-87.66753000516064	70.96995417488697	-166.5617194325488	474.67826473052054	3838.234014039471	1146.4495931713654	10185.996004398354	18.918216579295674
?	170.69418745656745	-3568.4522308463897	66.08434131464925	-29.6816192845769	695.653125543438	5379.229099731333	2165.248946722979	25255.189663035722	4.640596688922131
?	-1	-3433.8837491313	69.4858732106581	-164.45037737379857	743.639719717091	-2051.4918864487645	2409.2090763231695	-3271.824515982552	-0.03913163056268884
?	-1	0	57.861822445959206	-302.8063998055739	593.0785312209983	-2900.1284929660683	2001.657720923849	-3413.264917297917	-0.19876266789806352
?	-1	2794.4016875514535	54.34555322037919	102.99359787182932	598.6332950687855	-4739.13818573481	2238.545830458271	2208.3205837142445	-1
?	138.72008437757466	2651.28229307665	63.011502339550745	197.08930226885147	356.1216219342545	-5362.617066444443	2112.0737501095628	-7438.650910303485	14.330999528273693
?	131.5641146538344	-152.6319236458836	64.2000183338219	116.53757971931815	330.50244174655955	1919.7665301300276	1866.6132849430917	-9266.820342998499	12.270624570733716
?	131.08848819528038	119.59572488677338	68.83838132551674	285.74242304901355	452.10994844075725	6055.762812901791	1648.7327329596312	-12687.020991042415	8.7195220112369
?	137.54390089817315	171.12167908403347	78.48713948627278	189.27558614059322	633.2905823916534	4544.879372852524	1232.262235390962	-7503.0191406020485	13.323011606344044
?	139.64457214948217	150.9887377605277	78.30216063254653	-69.75172084038476	679.3539170833867	1294.1660700297846	1273.5817759295235	832.3796517823457	18.24871137479959
?	145.09333778619964	54.29385564436566	74.9995534442535	-233.02688850216052	697.9988858931436	227.82013482228098	1273.8812179800798	641.2585088679816	8.984324133634347
?	142.3592649317005	-57.24715236739745	66.65081620743834	-304.2225639821675	690.7449238245009	-100.81406624407093	1305.644701372923	441.1506780433757	3.3365553931192435
?	142.23098016782973	-2867.185298633969	59.7884252451449	-255.47672568689015	692.9581825809399	-424.2815075707366	1295.9387518822489	-347.5757133445491	-1
?	-1	-2864.619603356554	53.87697992309365	-112.47416767019598	669.5308484459638	141.53410495494452	1288.2659157056953	5352.233844782259	-1
?	-1	0	54.16471686163502	256.4150664265863	700.0348878286873	6767.676056797885	1563.5504441213657	27555.335516037907	-1
?	-1	0	66.69773324442315	291.6744926945367	1007.9146512858629	11578.57126111422	2666.0326915076103	25679.661608073766	-0.37390226381630953
?	-1	3298.403582781506	68.74844149636206	71.33100239005115	1278.9634508844065	1326.7212243213628	2847.533524525072	-5542.342953266728	-2.3699108914097176
?	163.92017913907765	3049.3554320662465	70.26428336392576	161.9282415272033	1074.250712501932	-12857.342873002865	2388.91554384427	-36644.93455509547	1.640327809648908
?	151.4677716033145	-341.2836471625613	76.84485357272234	109.75752681393757	636.0963072342541	-8944.43029119219	1015.2867967702728	-29973.228027262896	10.70323120120253
?	146.85599678094934	-178.96662295747123	75.75215970462271	-74.06193316000733	627.0291979423162	-2743.123531072698	890.2541424811037	14749.91268465159	15.079003166000996
?	142.51944045544082	-167.8709295099667	73.14175691472192	-171.25886509221897	498.9401306806173	493.72528407974625	1752.7824310028627	43721.43689591409	14.120761868050051
?	138.4624503054509	-5.349767270857834	67.18921645001164	-75.87956935015745	651.7154621463038	-1263.7616681807813	3076.3259872768394	11649.198393309614	1.7364934170715849
?	142.25195209189792	189.07057646973456	69.347778447214	132.3826777489266	435.75204727157734	-4738.499552476876	2335.2423506683517	-24693.377125540752	4.964001507517624
?	147.91597912893775	143.93140566232796	73.80835033745807	91.89155096902437	414.79048452245667	-543.7325026602698	1841.6571309997844	-7865.215369720365	18.511179707753225
?	149.44852237501442	112.73081474692911	73.94235599566528	-39.39284482471607	408.56542213856346	370.3592406686691	1941.9815821823279	1963.5152574337683	20.722140945270358
?	153.55251986628429	4493.113735280473	71.83870809622223	-221.6017099609503	433.3084465558904	779.724245126046	1939.8328938714742	-799.3283751235617	19.47259673156082
?	374.10420913904125	6699.426495590958	62.86227049761761	-189.11124702845896	447.5516343948663	1624.198732034334	1902.0151634261492	-2955.744050338002	-1
?	488.52384464583696	2295.2722748656133	62.38314574479915	-12.617010537798413	514.5183831576082	1124.6430584729046	1792.045691354572	-2043.8383006171107	-1
?	488.86782288232354	-9790.4768929166	62.23141997072768	154.81280040272887	503.78378731851234	4205.191101382647	1799.8232483952922	-9408.65373185821	-1
?	-1	-7084.361450113549	70.1237857649357	132.83584162639525	724.7779382267436	1840.3038047862265	1321.6130047616548	-12058.670053960388	1.8636908345350605
?	134.64975037664104	2761.747914287544	68.87321205204754	45.61186941000066	595.798977557825	-3457.7399039961015	1196.8897456972643	2664.046656486565	-0.3061247341944204
?	137.08739571437917	-3.3912845577071464	72.40437923543577	123.78581636249857	551.890943026936	-2507.111115835222	1454.815337585985	8531.723964096724	4.146317298867672
?	134.48018614875568	-66.9350461470403	75.06250287017255	62.03034363427432	470.4434217660621	-2567.1130873683555	1623.4759439021066	6328.241247088541	6.792913863672183
?	133.7406434070271	-158.4736252005246	75.50589641714953	-34.57805508376517	423.53528865851644	1885.1851505743666	1771.2273999404165	142.893511332484	14.955579157337638
?	126.55650488872934	-212.40056090247901	73.33360011598427	-192.7205819120685	564.7026792947818	2305.5772959910882	1630.6206194687309	-2226.2083020575665	10.751244608439906
?	123.120615361903	-2551.1300977745504	65.86986732154597	-344.2512229948861	538.8141534580725	-181.21570588612227	1659.9169848375366	1420.2666092394636	9.128367946076565
?	-1	-169.88001435962545	56.121038966239716	-44.38101629203765	555.6418940004755	-1390.8025942196646	1701.633949930705	2829.098857209975	-1
?	114.62661464392161	2081.279072175858	63.650816506944054	127.54551637868079	469.2740237470883	116.22753501333199	1801.3719276980373	45.609125544992175	1.8838151857935133
?	103.06395360879438	-137.3188635922762	62.49831478517385	-98.43227520504118	561.4532707511422	889.7287601922493	1703.9144062079547	-2041.7577063517392	7.549786016906468
?	107.7606714643077	-13.478426556849946	58.729202746691925	-65.29224561776083	513.7604617567014	-2213.2240964859357	1699.284042380449	-4949.286396564633	-1
?	102.39003228095187	-273.2342172212158	59.23370250428576	5.5486896757161395	450.79206592684386	1549.36427323042	1456.4500863797196	-3155.3066291036753	-1
?	94.09896060324672	9929.698234485819	59.006637230477736	1.2206073680151346	591.2286754182235	3014.929349900472	1541.518710925263	5214.316881117806	-1
?	598.8749440052499	-1901.9792120649074	59.29473287268652	44.83374836619511	601.5385334218696	338.14929158316517	1717.1659304356135	4303.4679438538415	-1
?	-1	-8703.51618363903	61.24832464878752	310.81039985894904	608.136139997382	-3070.525537510526	1756.692108117958	-196.62082197082958	-1
?	163.69913482329218	3610.7525099142667	74.83525286563419	373.88836489159695	448.0122565463411	-1351.803611141835	1707.334889337072	-3414.586594546305	10.798161785585599
?	179.5376254957159	371.2904565322013	79.94274289336764	-177.57531782833726	540.5459594402893	2266.850113503045	1585.9627783906403	-3227.836796692363	11.414187438254391
?	182.2636576499025	698.2060561746798	65.9564869742172	-175.99405613110156	561.354762221495	-722.735158356852	1545.9430495024515	-2138.0983630862024	4.02700269505168
?	214.4479283044504	1298.294308035414	71.14304008681243	314.7906544926099	504.40920152244615	756.7111290793292	1479.0578602363287	-9764.48273770441	5.408263199024542
?	247.17837305167413	557.5881180048322	81.69601969884792	163.39173163786364	599.190318675462	2226.9300741447128	1057.718912617224	-8709.603344896235	17.94782176659416
?	242.3273342046924	-63.64852487158738	79.31262666870573	-261.4984495027656	615.7557052296834	634.5182995763436	1043.5776929915107	-782.5631068357213	16.08130440774986
?	243.99594680809471	27.856282553143107	68.62109722370946	-398.40812146140183	630.9162336542796	2745.3059605092467	1018.5907572754375	2128.1765483034646	7.084174164397291
?	243.72014833234957	-1.4430885422120605	59.39222059563536	-182.49770339859407	753.0210032551477	1939.946526558915	1149.9865204066855	1110.1011862967132	-1
?	243.9237923809841	10.52058050557249	59.49621205377962	-114.19341532556382	727.9135599822267	-476.282861142629	1074.095816590274	3865.335935927146	-1
?	244.2461773576282	-884.5668497663165	53.682549829357086	-38.065294478247466	729.2068601980159	-2962.7534427454757	1343.2533172030455	19270.501636999063	-1
?	199.69544989266765	-1452.3366937889039	57.59294732986722	259.41968504885637	579.7758878449508	-7071.349975773098	2037.6208984402408	15869.499412689318	-1
?	171.62934266818198	-4013.908997853296	66.65353408180009	224.39395632914463	375.63936140935596	-4105.306571007178	2136.7282878375227	2419.0729806918507	11.266310765430465
?	-1	636.3522388339669	68.81264514632461	40.24005775511057	374.51055929458903	6403.504089267	2158.574547474835	-3813.7564726840906	2.922268535760499
?	203.44695460988078	4014.1049856935942	68.66553696955565	258.42766719521705	695.8145658727106	3940.6736183714324	1946.0404642033154	-12710.10944413527	2.668987912928443
?	199.70524928468257	-330.41883540609416	81.73402850608565	153.25085910193147	571.5442402131635	-2356.8485359883543	1523.0690752680625	-3935.9350521769225	12.7715883564406
?	186.92601283957583	252.35221028078894	76.32807992465233	-171.1872142032213	577.9721390732912	1734.227703232812	1749.2437115944665	8110.663178212365	5.098209768820484
?	212.3228597987222	388.12567990067765	73.17466779592446	-80.56616809740744	658.2556253748053	-1882.532550812828	1928.6022341786866	1025.7233138655774	3.5031789850319264
?	206.33229683461	-661.8669884060275	72.2997715197819	-92.83031051249547	483.8455115326484	-5243.0035907106785	1800.529877287746	-4289.25501373248	5.2680414327529785
?	179.22951037842034	-702.1190514848464	68.53315227029962	112.67972588858707	396.10544583926765	-1332.8909596459146	1714.1394834920595	-6293.904470198215	6.50986567945326
?	171.22634426036717	-333.56939035399574	77.93375781421133	-18.303641182282345	417.20096355035173	2751.130153848105	1485.834653777831	-1775.6780066306303	10.013812325747079
?	162.55104086072032	-6.827666714293531	67.6179702111855	-86.84990525173068	533.6619535316748	2195.68964894688	1625.3555831605267	-5382.638358509922	3.8263364262873316
?	170.8849609246525	538.2093807903258	73.59126255162474	317.252728617807	526.9854459976973	947.3820031686844	1216.702735852331	-11623.109361097475	8.584126072774875
?	189.461509900237	512.2273436523132	83.48060664207607	167.61308060302088	581.0310536901097	2666.212524856188	1044.2001151056447	-1216.2020792669646	19.052469485689873
?	196.4963281072685	320.3425440555327	81.9719165817759	-26.67858564414094	660.2960722405086	2366.4292507106966	1155.892631888982	2948.194971925872	16.974533030332925
?	205.47863710301385	167.07184405822932	82.146677359869	-84.02974854562723	699.3525162256462	-274.75624151644587	1191.6098637019404	2084.2371546141862	14.956922623007594
?	204.8499203101801	-5.600231073859652	77.77042915449448	-323.76106235042977	646.5582601646861	953.0878224474988	1260.1044896196927	723.4539743474841	11.318471117275005
?	205.19862554932087	-1.6924043831931828	65.95862424234728	-360.370759930728	747.0069073480219	2568.3381088585224	1227.7825624193151	-804.2224620951605	-1
?	204.76530009102044	11.563779866162184	59.75189115795782	-182.66752688039273	774.975165607614	-766.5538689372083	1219.893366514934	3983.774225155237	-1
?	205.77681454262898	-4115.3060018203505	56.82524789832752	-117.52311066664876	708.6792139011609	-1319.8548887907687	1426.9712736770798	3568.4518281241153	-1
?	-1	-1197.5827257655994	53.8757356246253	245.68442133196888	708.9824211680747	-5180.605785556285	1398.3159579211424	-25.580652317989554	-1
?	145.89767825434816	2877.5537881863333	69.10946896492614	423.79183882662244	449.64892462334296	-1860.2680458469658	1425.6922410611803	3722.655321004333	2.330235926954437
?	142.87768940931872	-2937.9535650869216	75.06532756595672	-161.91832833377245	615.969018875725	3810.111172264515	1584.4487239713617	3270.0306592992583	2.523445259670684
?	-1	-2877.5537881863333	61.0135525482374	-334.58782686355414	640.1544832365714	3366.788544525525	1589.1937740261455	3672.8102524787687	-1
?	-1	3733.192528676132	58.33593622277878	227.70151037900052	784.3084461020037	-3445.5066494863113	1768.0892365953027	-3757.482678875655	-1
?	185.65962643380925	3636.3500599011595	72.39862806718759	267.59933006356255	467.8791507622534	-5159.224002632242	1401.3196400823601	5177.20827148144	9.192165329333522
?	180.81750299506055	-91.38171058963776	71.7159027259571	-86.25075440034826	526.3472459703879	-2651.028120363602	2026.9496501693784	11710.787581279144	13.999372996917572
?	181.0905409043273	14.645775470558325	68.08609034717011	-87.12060047179126	335.3277447440714	-3232.6665969059495	1986.8590191463256	6760.1723686701225	13.266858261334312
?	181.54979176858848	-3641.8108180864942	67.35987270236747	5.88569794310351	364.71391612508813	5456.288122619371	2364.9582686028893	14854.838102394098	9.607196927307289
?	-1	-3650.9958353717175	68.3803752443253	-3.9149320469274485	608.1421508750439	2315.2581068907184	2729.600924266041	6633.839029396828	-0.3960962149685193
?	-1	4177.370938621122	67.1641261000211	65.59609227786913	480.4768214696257	5029.520187040981	2696.6502200727355	-9599.018993618975	-2.738874638591055
?	207.86854693105906	3850.1779957873537	71.6601798582188	164.89353495847604	859.6181602270965	960.7355481192019	2249.6499745850856	-20076.127629023427	6.833350807224744
?	191.50889978937042	-596.7702275005854	75.40880284794501	37.37074359016933	528.5135988755865	-6646.717849267974	1692.8438386215498	-12161.169693301421	15.301296433915457
?	178.03003555602936	-835.1895533934659	73.52871703772729	-224.70982453103198	527.2822677636931	49.372554333123595	1641.5914899200059	-1161.896120812559	15.801584017811516
?	149.74942211969653	-79.49136515345289	64.17331162139325	72.13013242182893	530.9822265922427	697.403842788805	1634.749032580921	-3492.8515114867064	-1
?	174.05546729835666	618.1234971098374	77.13522365881879	260.39660974394366	562.1524599031338	1407.9567247144023	1466.948914345668	-2226.0145034632205	6.57945053794784
?	180.65559697518884	101.28868891440872	77.19314210859062	-255.08755219052125	601.3800628279638	1434.6523453995633	1523.4483074077584	145.41218631049807	9.714242094597307
?	179.11990174407717	23.23665099141034	64.38084604929254	-288.63205554530026	633.885077173113	556.0383846856655	1474.219523661193	2721.27759053996	-1
?	181.81742952475938	212.00303133867106	62.7615393313254	27.242945331674274	629.1819820622475	-5174.606647584494	1659.5121869347583	6925.066141400409	-1
?	189.72005331101087	-44.914613426556045	65.74299331587628	-113.07703682657954	375.1547447938847	-1728.6440564252102	1820.4728307312184	2342.787117966144	9.915907791152709
?	179.57169885343154	104.0083191170836	57.107687489996344	138.66330839713558	542.7497792409857	3007.668964314451	1776.6515428330672	1286.092909678614	-1
?	194.92046926686513	-165.69210083671285	72.67615873573315	441.33863594274953	525.5381930096094	1140.5945311520325	1884.77747621515	-3158.183821938001	6.737209682566212
?	171.28709381159578	-528.6857348450279	79.17461928713414	-0.7241532442597428	599.7795057985882	649.8043623244233	1618.742351736165	-3112.114121189817	10.434860736407535
?	168.48618252461335	-3445.7418762318666	72.63995107352017	-218.7198051293163	558.028411125831	4971.733616961553	1729.171770155657	12040.602810399243	5.6764850904740225
?	-1	748.8218036195736	68.23862903066816	-77.22994508646313	848.3661866466694	-393.8197518597657	2220.7724922561356	-1425.6087929577168	-0.0978628559508522
?	205.92727270559257	3853.395026163317	68.77845381919696	107.34984286229708	538.3374235328424	-5573.735356116752	1657.8913305077701	-23168.705399664374	8.05976362883758
?	191.6697513081686	-662.6119168203663	73.6061211737831	80.91633840084056	569.6794188408278	574.4552352017704	1062.3372222729004	-8418.263782907565	14.81519733603273
?	172.79667686457378	-1221.1096367888651	72.82427073923904	-131.38518829443723	567.0601852929314	-764.7325916850314	1236.978141362386	8212.693279163961	7.360044390639069
?	130.61426946872447	-959.7370706218629	67.03686175906114	-19.64275273261109	531.4427892565757	-3712.7295649002285	1472.9718862311042	5396.744923248294	4.67527645726452
?	124.80982333347995	323.7251372478914	71.84213310260847	11.096339512105386	381.4237070479173	-3238.8360164417095	1506.8153875248045	4679.063200405905	10.42204307397255
?	146.80052633111927	1446.7675681287396	67.59167873466642	-17.530543121037603	369.5009884344879	-166.88421934851354	1706.9250462514028	10713.40867320135	4.818458243127466
?	197.14820173991797	1017.0713791649988	70.96560594655658	56.7515666121776	373.0794960804915	242.09931100219475	2042.4858211848796	7027.976701588877	6.506410200642973
?	197.65409528936993	-63.17911538324178	70.42925706527534	57.36925465879043	381.6059539845978	4252.090048886044	2058.3238813308517	-220.8176448143027	5.732253775464098
?	193.98924597075583	-45.29794980695264	73.83406867949614	159.5844480354006	585.6839985247967	3723.0728779010174	2031.4449389441643	-19968.85024606316	7.375172223017261
?	195.38919779902227	30.909595901709523	78.40847946704548	26.15652340039153	567.7595978796513	-804.5878463422081	1059.8813690276795	-18414.070425722464	17.416768836832055
?	195.53472576584133	166.48953239463245	75.14189484951574	-49.38830799006539	545.4546062076857	-1819.8455544970423	1110.741417658028	6328.8730609224385	12.73162429605986
?	203.713674418754	125.41611245609197	75.93906406754218	101.35806531474229	476.7673201547979	162.17699408169662	1376.325022073806	8912.231279220578	14.819050092505652
?	201.80553138864602	-342.6482135474415	80.20979811525292	-98.10602440045986	553.5634559117707	1267.6991048147524	1556.3529816190633	2451.0980887694873	10.207246247892698
?	186.5812637413817	-1577.9102201395197	71.03376284751911	-230.65200389750188	540.1522753955364	812.0112587280185	1498.879926512282	1114.9263086893939	2.966946551125947
?	122.91002038166891	-1155.4726012980423	68.67719792037767	-27.040096589968428	594.1640188481722	-101.39149200019203	1612.0992970535337	4610.409181085482	1.7132919155526105
?	128.80763367647876	377.1766855790711	69.68175801802067	68.68949981764574	535.0827007955268	-3245.4592280246625	1729.4003855665594	808.373748349229	5.372346295427685
?	141.76885466062274	237.81679970553742	72.11167291126	-49.11153230839447	431.89105744693677	7809.9157316128	1652.5179844709958	3721.13168711048	7.338264147763253
?	140.6984736617558	7239.902366411204	67.22618140260092	-44.05792270184713	925.5784873761724	836.6040587397305	1915.456969922086	3041.6836539781048	3.4113784516741594
?	503.7639729811881	7001.923390494911	69.90877677616761	57.44478231805747	473.7212603839239	-5836.3139313104275	1804.6021671699032	-6859.011642313915	-1
?	490.79464318650633	-1552.6560147073662	70.09842051850383	57.2650555455974	633.7627908106468	536.4961872872417	1572.5063878063854	5001.62798216864	4.343852443133913
?	426.1311722458187	138.5382702142161	72.77202955344752	-23.50486386761242	500.54606974828636	-2486.0782941992966	2054.6835662783387	4512.9639916433	3.622943093260613
?	497.72155669721724	484.7493372389237	68.92317732512319	-191.03714613916875	509.45887610068024	-1341.8594218393084	1798.1545873885536	-1414.6439533548464	7.427355102978411
?	450.3686391077652	-6769.02846425903	63.22017224648895	-84.94784353249564	433.45309865632	-1378.5683123651584	1983.9513686105954	482.2433631725448	-1
?	159.27013348426087	-4378.595201584577	64.67578514849835	40.64372805265932	440.53046048242135	-295.8257409333661	1822.2667555471812	-3103.8908435160024	2.6171588841219053
?	231.43887902853325	4811.184196027413	65.25235864912195	-51.35650122699031	418.66181160965147	2269.090504138397	1828.756826434793	2668.412134318058	6.808925122933834
?	399.82934328563493	-1854.1620504618797	62.1079600871488	10.850395877293254	553.9849856893428	-468.79088551285594	1955.687362263086	-2812.508005841706	-1
?	138.73077650543794	-5397.994727059225	65.79487844298662	111.96698871253813	395.22226733400834	-248.763445305127	1688.1314261427058	-12692.831777919702	7.73044425521028
?	129.92960693266983	-2794.615530108719	67.70630952277578	-118.23390790219693	541.5468134240863	4564.876555429066	1321.045773367092	4700.827903954452	10.761515536320267
?	-1	31.7123332446148	59.883183047876685	-40.9486320490157	623.4660951054649	174.3465031692788	1923.1728213404317	13676.19964298063	-1
?	131.5152235949006	2558.7955729116647	65.65887792032497	258.31131821191235	550.2641385825503	-590.8256952459471	2004.855755516133	-1786.7836875180838	6.321659188013122
?	126.93977864558505	-114.41352801015577	72.79874895847249	40.951470440905084	593.9248103431671	186.56157884967988	1833.8336369645262	-1844.3931591590456	6.0727833529613084
?	125.79454719439272	-93.81520840992047	67.70645144237025	-94.79621170598769	559.5922175250345	-1798.4184018098138	1912.6360975581795	647.893761122982	2.820320279010888
?	122.24901822508896	-254.52758158513953	68.05893837317304	36.76715670493029	504.00389025267515	-1015.9344954330383	1866.2283250206758	3792.0844550683573	6.211723764935004
?	113.06816811513556	-277.9591068652056	69.54480927761679	19.949068371712997	508.79549275338184	-795.7071747496526	2102.2403203116	4182.4768031347685	7.808150020039425
?	108.35106288182848	6.185209614338217	69.0563917917587	-103.95883596882351	464.21853151519196	-708.3029590522507	2075.352165177417	830.6121935500751	7.063978318455339
?	113.37742859585248	201.1564783038298	64.34686747917554	-265.8561737194693	473.3803448007688	1361.396122899987	2143.7709299891044	-1362.299074021388	-1
?	118.40888679702012	-2287.548571917017	55.763583105785045	-242.9692600623177	532.2883376601923	2071.441288299201	2007.2372114763468	-2542.6326704070384	-1
?	-1	-2388.177735940368	52.19840447605949	-139.73196816719152	576.9524092157303	3467.1064502242584	2016.6392964687507	-1182.4606391417833	-1
?	-1	0	48.77698469742537	-4.954530566944798	705.6436601714077	2760.665037573205	1948.1141795192568	-1938.730559842115	-1
?	-1	3230.00019502097	51.950677947712244	414.0229443537427	714.9856610943925	-4777.684296476106	1919.7027684766435	-3841.4300478862287	-1
?	160.50000975105078	3139.3209166562874	69.4781319151128	363.20130771170636	466.75944534759896	-2479.7618224072644	1756.0426771249427	-3069.76716527625	4.623128761264239
?	155.9660458328166	-243.06792424749625	70.11074333329782	175.6117841685853	590.9975699740276	-570.0663335485602	1766.2144102128289	1051.4544235465005	3.1515405378669565
?	148.3466135386758	33.036445487750356	78.25872112354219	91.21942029203366	438.25612867017054	-1166.762561181992	1808.6153983022684	-41.03654089363714	2.007012115031706
?	157.61786810720415	602.4903408012148	74.67171434789957	-16.81130436988501	532.6594419149271	235.64306411289186	1764.162583168147	-1675.1944167197178	2.127412085199394
?	178.47113057873696	420.568683812385	77.41815590504793	-89.40962394317312	450.0382818758153	730.0581585336191	1724.8556774662813	4727.591013110738	7.6833591472896385
?	178.6463022978237	-624.8355918574887	70.20123315074085	-66.17094059236158	569.1623498416086	1818.2747518112674	2000.5421338236872	5281.367635092876	3.2356177574392597
?	147.22935098586208	710.4820625235631	74.1096088754298	124.51111133403053	540.95201946638	1595.2512194681435	1988.924059220929	-5928.3774020579285	2.477396786565475
?	214.17040542400235	1362.8586407111402	76.42678871744246	235.4778064329637	648.9249108150169	3342.0445982831898	1704.1232637207866	-12936.751876388582	3.7629072448102394
?	215.37228302142006	-73.63872355786108	85.88349919707815	80.35671562799394	708.0542493805418	1054.6755481799878	1342.0864654014906	-6231.0691858040245	8.522488597055515
?	210.48846924610925	-2012.5905560828432	80.44462449884222	-215.9525078157052	701.658688224017	222.40177481198	1392.569804430581	4803.366736315197	1.4278683931577236
?	114.74275521727647	-951.6335997628569	75.08587380629274	12.747783164472072	719.174338121141	-1339.9669003212002	1582.2548022172539	6480.69572882151	2.3815908482033974
?	162.90678925796573	683.6240402847013	81.08201365706583	154.71114683229425	634.6603432079561	-4411.229340911578	1716.604590871661	4283.469712462345	4.089385089282615
?	148.92395723151202	-590.9433886595515	82.82143114790756	-135.73994657159494	498.6128710755589	-2290.0223248374746	1796.4282878403742	827.81863794715	5.280722858060132
?	133.35961982498773	-2998.479144630198	74.29501632848599	-312.7495073786194	520.1592269660807	381.0084270574103	1757.995522769019	720.4006642332331	3.1939552221301217
?	-1	-2687.1923964997163	67.18395577897637	-183.86271685974657	517.6632924284297	437.44118602561974	1832.4483210520364	623.8102566786486	-0.7683148530254151
?	-1	0	65.10188048549853	-162.10916816990374	542.031286267362	569.7004405187396	1789.186035602952	-217.2865403153415	-1.120624148216811
?	-1	2176.7661374762374	59.07849737048107	-83.18025265085818	546.1483144543671	4228.3835928291765	1821.5839940362691	6589.615158392996	-1
?	107.83830687381342	2139.860131211772	60.94286785295556	210.5969733512626	753.4504659088238	3452.527070181155	2118.6667935226064	-8929.376459595456	-1
?	105.99300656059012	-108.69792105680578	69.60834603804435	116.66177758895962	718.7746679634273	-2055.728651945529	1375.11517105649	-12663.06371840874	2.449121080069733
?	102.40341082097325	3.5524745971269516	66.77595673240342	-60.18122415756466	650.6640333115496	-1648.6907344233412	1485.513607602183	4015.4013979341858	3.4593105885563404
?	106.17063029044647	358.97073050276276	66.59928483016607	126.64678627030146	636.3401312422591	-350.2521032995055	1575.8852409532021	-2557.46190594416	1.9020602091253993
?	120.35194734611164	385.66878208486196	73.10829604591858	22.673446172749966	633.1514281465741	-2213.39719141703	1357.640512304973	-4340.522999319703	8.77963296812154
?	125.45406939468984	394.9752867505652	67.73295713880358	-58.57723235781295	525.670271671406	-236.97386190489289	1358.859090987214	6879.611983166827	3.9772975068924676
?	140.10071168364018	147.18823154374167	70.17943442802789	20.74932474956937	621.3027350513293	-1148.7194728491836	1701.6211114633193	6877.829294041424	7.2944985829776
?	132.81348097187703	-332.6036122279883	68.77042337628207	-99.71285190535554	468.234298028946	-3800.5666567432168	1702.75055568929	-767.3478798659271	6.57422701902556
?	123.47053107224053	-405.8804509603845	65.19379183276004	-137.70106165071854	431.2744022141657	-1394.8376657121976	1663.2537174700224	1551.402390496615	-1
?	112.51945842385751	-200.61617260945923	61.88537029374604	-130.34769533243917	398.49241474333513	-267.8149851069448	1780.3206752141218	3509.598286687733	-1
?	113.43972244176743	106.56726190600172	58.67640706613799	-70.1822672741217	417.8836529588183	136.81531800497999	1838.7336318044115	4851.8392063846695	-1
?	117.84782151915768	-2288.794448835316	58.37625693003991	-69.83668747860506	405.3331806435842	-2267.301696655531	2022.9126355333588	1680.2129701160845	-1
?	-1	-82.9283448426528	55.18457269220769	-10.510857306818615	304.5185681260401	-291.5869245067601	1922.744280310217	465.63453074156564	-1
?	113.70140427702498	0	57.85071406469897	-33.05256084491869	390.753834418246	6794.616658653435	2046.1943620704374	507.0000283885175	-1
?	-1	245.96802908273153	53.53194464996173	49.60617402286673	644.2494010587167	7358.28008601128	1948.0942817296432	-1223.6164264797171	-1
?	125.99980573116173	2484.4370317226894	60.33102276584234	330.14644964666513	758.6678387188152	-2656.9900769886813	1985.0135407464506	-7727.525514124813	11.714034902896202
?	123.22185158613624	80.89465437427121	70.03926713229522	151.7104015796144	511.3998972092807	-6165.497044217806	1561.718006023397	-13100.604414546493	12.0017755228213
?	130.04453844987535	118.72946782919372	67.91654284482317	100.77824435713124	450.3929865079205	3799.504201968295	1329.9833200191167	-3936.7265014915743	4.146125453401413
?	129.158324977596	-66.90621657187042	75.07817935015186	9.202004803459129	701.3751073076982	4489.083318615771	1364.8816809488155	1936.8548240141943	10.839105762003863
?	126.69922762128178	-107.22406513711367	68.37664308499613	-309.1650568758972	674.8471524387122	-159.65230986421147	1426.8260612198278	793.1820823617433	1.6092988057239597
?	123.79712172074025	7070.765467695152	59.61992650635678	-61.36955049750154	693.3924918144875	-1362.870074555159	1404.5407850669033	1358.5727017534089	-1
?	480.2375010060444	8051.4110962882905	65.30816556012101	-3.424405775345556	606.7036487109533	-1488.5376882364646	1494.7546963074992	2478.277182020785	4.487937202302998
?	526.3676765351605	-7311.377938370388	59.448706217589496	-196.1981581366401	618.9656074026632	336.4012731399382	1528.4546441679443	4906.821047732276	-1
?	114.66860408751985	-8283.992380802461	55.49825765328887	223.45015186601395	623.5237123679505	-2259.1291405168417	1740.0957486941165	5667.541099309934	-1
?	112.16805749503152	-76.86083901972471	70.62121381089035	273.8091072349965	506.0091503768195	-2245.1778275762194	1811.831699133445	3105.537491812753	11.464821347754164
?	110.82556213653356	-2263.3611499005983	69.18871301503889	-218.9242756861829	511.2648209891379	2530.220582923329	1895.3726232847564	601.2824117498309	10.979876971668952
?	-1	-2236.5112427306394	59.67500002658105	-158.37025988734356	632.5201795229878	10555.727378257852	1841.895819720937	8113.733284483795	-1
?	-1	2224.679894605165	61.270200020671595	62.23301683748528	1039.051189902038	-4506.870343762099	2301.059287508952	4032.266976919738	-1
?	110.23399473025984	1985.8326766633393	62.78665086845536	89.43302233361196	407.1766623348796	-11053.263053172643	2043.5091685669267	-10273.06300096222	-1
?	98.29163383316838	-410.6816688470145	65.74185113735226	-103.40491546608997	486.38803724339806	1816.2780014336104	1787.4061374608336	-8226.815187382683	8.469354710771492
?	89.69991128790882	-1985.8326766633393	57.61640509515079	-229.22463443699328	497.9905624065614	245.57197691145225	1632.1684091977868	-3937.8602400221675	-1
?	-1	152.96440146919974	54.28061941550243	217.04334749860567	498.66663608897085	645.1714660218714	1590.5131254597225	4267.247838430501	-1
?	97.34813136136891	1902.2395087521656	68.46857247008123	86.49273326473639	530.2491357076555	679.0937037854866	1845.530801119315	5390.273989913145	5.27834342184533
?	94.11197543760963	422.0384232024372	58.60525607873931	-173.30916522377174	532.6213212782457	1705.2372002084674	1860.0268249553835	2066.346781206414	-1
?	118.45005252149107	310.0531922603862	59.80311420889252	201.1047699809323	615.51099571808	283.5781108746101	1948.848140179637	-786.7042981678903	-1
?	109.61463505062916	-2389.0010504297875	68.66049457778607	-1.1157993065219627	546.8002268219764	-1871.6958810733474	1820.6916100469884	-897.4470638374814	4.0603897761111405
?	-1	-2212.292701012552	59.74732424356642	-323.41621926017007	521.9262016644113	547.3592677157071	1903.9757869877624	1426.6199791827173	2.0742003288438333
?	-1	1815.9410591953338	52.489683614777334	-71.74274255440676	574.1681902077621	3577.6032376571393	1892.0226090061253	4803.925994136753	-1
?	89.79705295976798	1739.122275305898	56.16018711584603	222.77832896943036	700.8063635472709	-2800.981999216067	2144.1720866946034	1625.8180251252402	-1
?	85.95611376529614	-1815.9410591953338	63.62860006324901	-17.266245538312898	434.1190902469568	-4858.861646436166	1973.3135102623885	-4436.262353830353	11.034941574146204
?	-1	686.2012244974101	55.29687483893037	8.481616259607726	457.8632812254591	1949.6631114591885	1922.3589690030826	-3734.2513759929775	-1
?	120.26617499016713	3977.401562861845	64.0526808762294	129.94147731723473	531.6022458199176	6257.573429965091	1786.600941462737	1641.1825159959146	-1
?	197.87007814309507	994.8825168588846	61.7939487047922	6.1115815181459805	770.7419527237181	-1905.795566901692	2004.4180948028795	1822.1467737354683	-1
?	170.01030083311207	-918.7589037571911	64.3582599521367	200.50096467717594	436.31246747483164	-2516.2762979021572	1877.7082801495117	-18178.553102687965	7.6900190977410485
?	151.93213295523486	-682.0946845538902	71.81899693865114	182.165492772566	644.9281378286084	5057.119409764696	1095.4904396684683	-22283.278344711845	11.46718902021868
?	135.90556660541708	-684.2668413389193	73.46653459076514	19.385379874084386	689.16843796307	-1354.6968351684143	763.5443629139037	-5847.320381195669	12.931394188341367
?	117.71879088828841	-520.5310042293896	72.78826593235537	-53.26438086926098	577.1932960701868	-3713.984962184914	803.1244206086807	-1568.5830225775571	8.798081917795546
?	109.87901639394723	-285.8860326349599	70.80331554730205	-110.8849741884218	503.46918985382166	-1764.200715806959	685.1152117850247	511.58027798642206	11.133220341460696
?	103.42448925654021	-383.1944178962373	67.2440172229342	-225.77472318126303	488.98326027983757	2011.9610756019345	828.7034345080022	21613.672194822437	7.819258342693641
?	90.71929549913509	-2088.4897851307746	59.51457938823874	-282.98066408040137	604.0672436339198	4522.907688267472	1765.7988215261619	25583.077417969347	-1
?	-1	416.3846947496041	53.094984018913934	-33.18461357095795	715.1286446932144	-249.84906378901414	2107.8573054064877	-802.32314301016	-1
?	111.53853023661559	2257.3931736076834	57.855348709690816	433.03372374554425	591.5747904444689	-719.5585072931351	1725.6826643756533	-17963.454868378067	2.213593598130654
?	111.86965868038578	229.62237118191567	74.74667020619145	390.3043744638732	679.1507193285571	1804.7299914110743	1209.6845619875717	-6343.021529155845	11.214247851999435
?	123.01964879571153	250.98448406099848	77.37056743288476	-91.81467009467878	681.8112900150239	-2131.9305212388	1408.5315879178565	2441.5147586876237	6.656571664793445
?	124.41888288343588	3242.7664801345095	70.15593670145745	-179.13004867010613	572.5541932666156	-3905.522344926237	1331.7602999219546	462.06063656248966	4.799749158582571
?	285.1579728024393	6236.4077134273	68.41406499937932	47.22730054647873	486.5351727687093	-2401.9521799751897	1431.6346197459814	8678.80101116566	-1.114037312200429
?	436.2392685548053	-5723.159456048705	72.51730172878142	-207.2319378156867	452.4565842678544	1028.9755371179015	1765.7003504802437	433.7069267025647	9.411954610925505
?	-1	-6304.017095345793	58.05246810859484	-286.9781227629672	537.9839496246051	1515.6513087150995	1453.31996608111	-596.9230093010407	-1
?	121.03841378751115	2175.1311295453947	58.168395590632855	149.9460502227474	528.2391497036105	-3435.40593847938	1735.8542000151913	13245.105359713787	17.494871272097086
?	107.75655647727127	-415.7112796264986	65.54977061973231	115.44487174166441	366.21365270063365	-3531.6628552452275	2115.5752340668087	9448.199428213864	6.064516744994956
?	100.25284980618592	-104.02213182288159	63.94063917771616	-22.754300977528278	351.65600694134656	-236.3400688484001	2208.264171425891	1738.488699512384	5.859988251254049
?	102.55544988612712	63.5720189624575	64.41205557085588	-13.495131428851103	354.3966492582135	629.6055717234993	2202.499669042429	-482.7711639369158	10.065758127093844
?	103.43145075430884	-18.508574736229683	63.26588260627359	-63.18760424207592	383.136285527522	464.04917033473816	2184.125613229045	482.1741605292777	13.367090088771839
?	101.63002114931562	-177.40839817625474	61.25267535875204	-106.49699336416083	377.5991077749507	329.12868911230237	2226.6083770688933	-1018.6143155991832	-1
?	94.56103084549598	192.31858224911957	57.941032938065476	11.022912142124696	399.59271998313733	3311.171969006561	2133.194897449085	-312.9817645677168	-1
?	111.24595026177174	409.8991836928265	61.803820965858286	176.51591470291044	543.1577062252811	-1659.5716590168777	2210.9592888405073	709.3529738622682	10.406394324849156
?	115.0559900301376	327.8288198909657	66.76682867321112	146.0978260603381	316.61413703229226	1841.071045998841	2168.662546142199	-5516.2704862497585	12.421283221081012
?	127.63739125632026	252.26554325858086	69.1087122688753	97.05386458399833	635.2112585252245	411.0302892441153	1935.1457645280154	-1697.1879623221898	8.96324539149666
?	127.66926719306682	-116.3051937022795	71.61952190241111	7.315305747593366	337.1656514944983	-5354.676950916859	2083.8031480260884	951.806190971729	10.984252446659784
?	121.8221315712062	-3.8443422640428957	69.47447755625497	33.71949877144326	367.47741097937774	-150.1236258170242	1982.7360740766026	-2698.8462377897513	11.524969754749764
?	127.47705007986467	169.99406484287292	73.3054968409833	51.946663599023964	329.659470203647	-1520.4545533475061	1948.860836136599	1073.6836001456352	14.946036367393216
?	130.32183481334997	37.719975040100486	72.0718107362062	-215.35182236221237	291.45468331200135	-1002.2603658785334	2036.420254083885	643.1200050792222	15.953334191886151
?	129.36304883186972	-76.38100352779509	62.53790572287252	-245.00880305421282	279.5464519097196	1777.9615256492148	1981.0168363905605	-1126.86087326578	-1
?	126.50278463696016	-302.9275166291378	59.82137058349539	39.50566317930936	380.35275959446335	2531.407938869625	1980.0772104205953	1441.688419116797	-1
?	114.21667300041261	-556.6985835381607	64.51318888183802	197.75336187637652	406.11684885320267	2566.1200052813965	2053.1012573464013	-3064.473754667926	-1
?	98.66785546005173	-293.0627183212384	69.70903867731435	78.61020258954257	508.658759858535	1663.9630374438595	1826.8535226871968	-3833.3553187306416	4.9205760295708325
?	99.56353708435049	426.75149077564316	68.4436990113152	6.2158326484730795	489.3150007253968	197.68519631331915	1861.4334914098665	5755.958717596895	11.863850612579743
?	120.00542999883419	359.91812434780456	70.01983030973801	14.237843754309633	518.5430196742011	-2776.765077689535	2114.6514585670457	2347.2203968078643	1.7440567243478737
?	117.55944330174097	44.309872943550424	69.1555911990307	-49.05085697165349	350.4767468409181	-2636.5050652633067	1978.7945112502614	-5514.849039245295	5.601871574825613
?	122.22092364601174	67.20265925123205	67.5672874611553	134.43101673401836	386.7177664110339	3077.589135025433	1838.909006604777	-5330.563479273798	8.07362587597143
?	120.91957626430262	-227.87346204234484	75.87714203573171	15.217560614452804	504.35620359219195	3185.2253821491777	1712.2663372865677	-2034.6034250538544	7.95531431182596
?	110.82725054389434	-2438.391525286018	68.32816549187795	-345.8800103365127	545.979035518495	1247.7242586487755	1737.1788353520828	704.8363271791359	5.616663878781079
?	-1	8006.743247185493	58.583141518905826	-71.20106646102938	566.7424165246316	-789.1263541854711	1747.508153645525	1161.331771338502	-1
?	511.1644129031747	9419.06447286434	64.76811216882643	81.29879120489376	506.5227178092209	-1304.830915338094	1795.2454239190088	1452.884258951792	6.73057451026099
?	469.9532236432237	-10243.288258063349	62.64808107915057	-241.68474888302495	501.500870757726	2173.8040509020343	1820.1523665931156	-3157.0120433770903	2.3775971765372987
?	-1	-6886.874779628001	52.683874724675015	-37.42838123700498	615.2129203543242	2139.434769391549	1637.394821750152	-5373.392391531575	-1
?	125.60948466181873	2459.7692966705586	60.776662017300296	335.068826296237	608.4726092273049	232.87256702204456	1551.482747016533	1372.2928746921784	7.098173131391233
?	121.98846483352968	-304.8604708468556	69.4373160394871	37.32786137983542	626.8565487054266	-405.7824340072386	1706.009465484762	8766.985437450288	10.71104917370553
?	110.36646111947573	-2459.7692966705586	62.643055086292094	-288.4422832229754	588.1834875269427	-365.0995108807131	1989.8320188890536	4030.8316511640505	4.8385460169558385
?	-1	378.4700216344723	55.015201878338125	-46.96262696628499	608.6015731613907	2676.575636490689	1907.5510480429673	-9363.06409876211	-1
?	129.28996220119961	2448.8853475440883	60.29492373797781	401.05896111094677	722.0122693514791	316.6219785830527	1521.6788139509415	-6291.379501641383	2.1388456074715547
?	121.44426737720615	3186.5306997658035	75.06814993388575	74.91151760737132	624.4326720905435	-2453.992695339556	1592.9820729608937	-1325.1674640466256	7.692138964020719
?	288.61649718949207	3339.2072773653404	64.04049961834643	-306.20010276687384	599.3126345844995	-536.3456739474592	1455.4204407486093	-2952.7052115515735	2.3587953210312804
?	288.4046312454755	-5792.3299437897585	59.75814479554184	-96.44988039864194	597.6153883931702	-174.65310366815382	1445.346812383313	4955.189869095791	-1
?	-1	-3906.3535556205593	59.218005598414265	231.6284524383148	590.5799794010917	-3044.3632300501395	1703.1799342034024	11339.649424042538	-1
?	93.08695346444476	1773.2627694389573	71.33956741745774	182.62663870783993	445.39722689066105	-3293.764055195527	2012.329283585448	6639.674106104113	2.900301066226339
?	87.66313847194913	-1881.7390692888684	68.34933753380639	-347.62404216989387	425.891776641313	-526.5833072215712	2035.1636395086127	-529.65748070115	8.222288872433696
?	-1	-1773.2627694389573	53.958365308962804	-302.8373994425176	419.0680615295821	704.6284006178908	1985.84640955039	-165.86141320202606	-1
?	-1	0	53.207467561680296	22.241665131143233	461.12319667220805	17102.15353657232	2026.8705688485113	10464.682863414888	-1
?	-1	0	55.07044856551998	-22.478249941747173	1274.1757383582103	27711.25140169032	2509.080552721142	15905.576504808174	-1
?	-1	0	52.08355506459292	-124.08878167583802	1846.6857667567435	8641.36912003299	2822.1493940889313	-3109.0331464377246	-1
?	-1	0	48.86600948172799	-35.280213107508935	1706.244194359866	-9864.594672335024	2353.6288953992535	-8937.947505515494	-1
?	-1	0	50.31954440921745	45.88977523324792	1353.4560331399853	-14388.603679128388	2375.2520188131502	-3979.569951164156	-1
?	-1	0	51.16049824339042	5.791637572946146	986.8140104034364	2620.098264352945	2154.650397841043	-585.3322647027479	-1
?	-1	1820.7916305274491	50.60912628786476	208.5247088945316	1484.4609463576344	-7769.893503848583	2345.9854055780124	-1773.2326172049054	-1
?	90.03958152637375	1828.6037094832766	61.58673368811715	254.15595505755783	598.3193352110018	-11056.28726939529	2065.9887669807963	-3741.043102196701	14.286491092865878
?	90.43018547416513	128.38951261188544	63.31692404074283	-15.1891905951863	931.646582887862	11762.30101355068	2158.9332504681747	2366.8223400348716	9.64411316790303
?	96.45905715696812	152.21158595220527	60.827274158357824	90.53061845706039	1186.434385888544	-8584.576408351431	2184.3298839825416	-13467.06272982074	-1
?	98.0407647717755	-124.21730979951116	67.84345496359592	215.91698733834113	502.4177624702843	-13038.345990337799	1485.5801139771281	-22853.88947164774	8.973089186389029
?	90.24819166699247	-364.4337022703231	71.62312352527503	-203.50491853976402	534.5170863716448	3311.0797061447747	1041.6354104001382	-5103.348413025415	9.631710366903587
?	79.81907965825909	-1824.9638333398234	57.66820903660757	-407.8176411057901	667.9717477775254	1720.211660627329	1230.4126933258538	482.3254664999808	-1
?	-1	748.6643163513996	51.23224146998524	243.7696701866296	620.5276694030125	-546.426020089174	1065.7516837251376	-3920.457897585628	-1
?	117.2522954758296	2345.685830436612	69.85669254593923	521.9876208411127	640.6504467730663	1236.1715446678847	1034.3897984465696	1543.7237380426595	12.159670464388011
?	116.28429152183227	61.12206529154774	77.33162251204125	184.5908953187341	682.3362466364076	875.2267598723132	1142.9378706272716	3615.511538192621	14.55642973855459
?	120.30839874040703	52.75134688608584	79.08623731187606	31.607450949392565	684.4117847666826	219.56249340169649	1215.1653753562032	1906.8318259557966	19.321552115572416
?	118.9218588661366	-20.38363746263513	78.9119950595109	-14.142705820076541	693.3143713064926	418.0670736912711	1238.2794619250628	736.1567869687347	19.232052486673417
?	119.28921686727526	-44.074275076449055	78.37910202087222	-187.05786978324159	705.3151384512464	94.96870368563897	1251.9732147046404	605.4773754841112	19.186689185280436
?	116.71814511231412	-7.950962640456567	69.55910157034869	-359.80465834599914	698.0628064907746	-68.92420926844709	1268.5533306992688	1792.0908015312007	6.4703438753979
?	118.89166873525242	69.56828451054761	60.38886910357201	-302.90601350508706	701.868927987824	2265.4933503917364	1341.5777547812017	3165.8891880723154	-1
?	120.19655933784155	-2397.833374705014	54.41380089509412	-154.662694932697	811.337474010363	2269.6987935895863	1426.8477901028868	10588.810084891747	-1
?	-1	-2423.9311867567967	52.65573435693705	-94.08727213330971	815.3538676673049	-3822.1652591922957	1871.0182590257966	-2852.138535632112	-1
?	-1	0	49.70943728842857	-152.65755560005854	620.2292110507456	2432.1689459999966	1284.2408633212792	3698.099665398119	-1
?	-1	0	45.02285657693402	-92.6522835847987	936.9623149673065	3550.912871079833	2055.923242295705	16709.964231835933	-1
?	-1	0	45.07682310918857	-50.614799698864196	797.7748546047397	-1554.8583430755646	2119.7390749130877	-1869.2797758431068	-1
?	-1	0	42.49211659199077	14.560246799381325	859.2193978135272	-224.05002852278722	1962.4592535035486	153.98533265500882	-1
?	-1	2210.0865902087107	45.80483544915764	318.17150192236284	786.5723531786002	-8888.749402570076	2127.4383415458383	4804.734868709916	-1
?	109.5043295104371	2280.0740959447053	58.40069168810914	512.5025294362316	414.781927685017	-2246.8091622534166	2202.6959969390477	-10708.458592933246	-1
?	113.00370479723688	95.56339902613536	71.42996192096959	222.5787973663638	674.2318950659278	4613.611742401703	1592.0154118991684	-13844.441539827425	10.373472761606466
?	114.28249946174394	-2280.0740959447053	69.52963155642749	-302.09541318281464	645.4625148051055	1227.2823232961816	1510.4739199476667	-841.781566611541	11.91359745991552
?	-1	465.6893493837338	56.32519126182864	-134.05346013694307	735.5960112307378	698.8750122856587	1549.9263335685907	-1801.0261984267543	-1
?	137.56696693093096	2502.7560641689524	62.82695854958024	437.68909734842896	680.4062654193889	-30.691794712108294	1420.4226100263277	-4822.046478678931	6.585155735422673
?	124.1378032084494	-459.98587112106406	78.2096461292504	143.22559234350075	734.0614214951323	-416.6260979191575	1308.8240096346408	-2000.2394068509045	5.785190594869912
?	114.56767337487743	-2502.7560641689524	69.98823816675538	-399.00664203706725	659.5749605234307	612.9622515042732	1320.410639683781	-119.93829306019336	3.557815583586999
?	-1	-2311.353467497516	58.259314027396755	-320.7202588608632	764.7095340703464	1370.117287693066	1302.827094981631	87.47939156685665	-1
?	-1	2408.2829164875175	53.95222522371199	-62.48294633801148	728.080824908085	-1807.700264063191	1324.784609262124	7932.943227121378	-1
?	119.41414582437758	2364.9561167737406	55.13516671049614	201.42565461744252	674.3245208671856	-5145.449887862574	1699.4742563377056	7237.3554440897005	-1
?	117.2478058386887	-55.341245412249755	64.02350795458426	-29.96098705447352	470.8083305149527	-2929.0191877542034	1686.652381466614	-235.23123854604938	-1
?	116.64708355376506	-2364.9561167737406	53.63711735777244	-279.5057165411484	527.8735614794733	1865.3577227488706	1687.712694410403	1145.6702660438323	-1
?	-1	-2352.9416710752675	50.04822212752664	2.7148944538877697	564.0762166523975	-575.9374291657625	1743.9358947688065	3384.5641456535777	-1
?	-1	0	53.77286208046683	274.51381779764057	499.0766900211848	2516.489177128422	1856.9409016930842	11003.407120173631	-1
?	-1	0	63.773913017408866	161.77772931682296	689.9006755088204	19746.25420127056	2294.106250777496	23466.177481522554	-1
?	-1	2638.413519578458	61.86174854630809	104.98370260963107	1486.3894000847267	-6428.257675225179	3030.2497757692286	-6678.962194349411	-1
?	130.92067597892478	2388.68290890611	69.0230981478905	181.7241579543639	368.4877917475569	-22516.397204424647	1960.1581410600206	-20264.94088268534	13.0270008252707
?	118.4341454453072	-457.2414522660748	70.94795644402642	-83.47778787142342	360.5695398634784	1240.2008795515421	2017.0027316349472	2132.706356020805	13.500937367054368
?	108.05860336562071	6242.402754690987	64.84920875431926	-225.2974047999884	430.4978357251349	1836.0157962776486	2066.7934588610624	-8365.583943768646	9.106767415447873
?	430.554283179861	-2181.172067312383	59.683086204026836	-176.48767708012917	452.3703296773621	7222.3153323918905	1598.723534446509	-726.14136051351	-1
?	-1	-8631.085663597098	56.02482490031268	-38.87180791899313	791.6136023447346	-4577.0898084898445	2030.4863908353864	163.06692150184284	-1
?	-1	2310.5220632344913	57.73949580807715	46.825973859977566	223.51583925286664	-9688.359997842379	1606.8768805216012	-6187.894949180684	-1
?	114.52610316172621	2143.8331601573077	58.36612359331159	161.6910318546658	307.1956024526087	5767.272825735092	1721.0916433763477	-947.1024783402393	-1
?	106.1916580078669	-259.03528786904786	65.82404740081056	304.4193192041232	511.8794805396254	7882.2906987721435	1559.5217566045885	-4552.514026118296	1.9151292615247741
?	101.57433876827363	-59.435861902822474	73.58708955351797	148.38828938065336	701.3101373912215	4119.283846673126	1493.4659420704297	-2373.6183250560935	8.451700941437718
?	103.21986491272574	-131.6907930520115	73.24346186984333	-108.03612072461607	717.8436728732846	196.41678954041885	1440.8408403517822	-968.625132630218	13.585765051214029
?	94.98979911567297	-279.6559198299198	68.18528351728709	-289.4535339859651	711.1309768682426	-137.70449151049692	1445.0346854389181	-1193.4992138719565	5.171730214290063
?	89.23706892122955	-1919.795982313432	58.77078517054487	-327.58947160015725	710.9584482977597	374.5711242484018	1381.1658796581835	-312.86974407827995	-1
?	-1	-1804.7413784245653	51.805809937278994	-230.32062800938633	729.8595330806629	1224.6740400185838	1429.391198235004	3036.470432057456	-1
?	-1	0	47.25475377007539	-111.24235209179942	772.1921502986897	953.4808739240795	1532.9894012610584	6091.1937128733825	-1
?	-1	0	46.243692332688944	-34.798495832742375	777.5335767768676	-306.26040565655575	1733.9508838786774	4253.201196254285	-1
?	-1	0	45.514828978438246	-8.967320756631821	756.8791300158617	-1179.6996929570664	1745.6494610737757	341.91615747891746	-1
?	-1	0	45.79532629485735	31.002271090103463	718.5485921290134	-455.95123806963363	1751.0466917526235	762.819572643487	-1
?	-1	0	47.06494253294344	16.301275663220363	734.0815681123797	7150.555140110583	1783.7904397059506	7407.924975543991	-1
?	-1	0	46.610390078018376	12.257640850297772	1076.0763491345476	-1428.0788022307368	2121.4429405298283	973.8920594687577	-1
?	-1	2097.610014054969	47.67782457545834	369.48214024261006	662.6776280008419	-9948.474631236439	1832.4850426793892	-7827.879864469403	-1
?	103.88050070274994	1821.7593405900757	65.08449709014914	199.37359333990202	578.6526175727187	-3094.8757633845894	1730.0489473063526	-2150.0597345019755	5.113426772048011
?	90.08796702950508	497.88286582500155	57.64650424245358	-22.32136939903779	507.9338398316102	-4563.702520634194	1724.9820559542889	8968.192335148124	-1
?	128.77464399400037	595.0401070135292	63.96842862019724	21.76078230567254	350.4674915410057	16364.440468603192	2178.458564063765	16693.655301122904	7.7356483363426705
?	119.83997238018196	-2595.4928798799706	58.73454335773722	-57.31244438853256	1326.1558632617814	17913.49913903265	2559.664821010446	4296.389023650366	-1
?	-1	-2416.7994476036047	61.10280640077057	191.8161350891391	1246.142448492651	-7755.479716859826	2393.2780152462865	-5867.983030986605	4.865783165669299
?	-1	10666.8610693956	68.32535011219432	7.756522626724124	938.3818774187846	-6724.565732641992	2266.2656694611114	-4392.1840460325175	5.011488299171699
?	532.3430534697876	2642.5602812971943	61.49063253210678	54.32095922962397	909.9141618605466	-12242.340059224769	2173.6688129446575	-2687.104269244299	-1
?	131.1280140648616	-8192.712358734127	71.04139807367555	79.04400137110018	326.26487445753736	-11310.136309460908	2131.9104559988946	-3455.086601111585	9.52411164315055
?	122.70743553307548	-2642.5602812971943	65.44283260066185	-243.1631582467528	344.4073463874932	-698.051244969569	2000.9144828890758	-3344.2121370268956	2.124082415551362
?	-1	-2474.1487106614745	58.88324016133774	-179.93151295470128	291.3623122090584	10535.847018275435	1964.6998491475474	3682.527266460195	-1
?	-1	2588.9947561287645	56.44625695292665	304.60410823559977	871.1996973012724	3214.308019327733	2185.040846212088	653.7809054909528	-1
?	128.44973780644006	2374.8595672654997	74.11344557311794	390.3016909394722	452.07771317544734	-8313.69452264226	1997.3888944220955	-3534.708777916735	4.767333552613369
?	117.74297836327666	-289.4939367151365	75.96134149990054	-239.52496668672552	455.51497116915357	-911.8532013988177	2008.3054073162489	838.7477663624776	12.67244618564155
?	113.97504097068303	-2374.8595672654997	62.137197238781496	-393.4635334701164	406.4850531055058	784.1752753258029	2039.32628274022	-2050.4161693080578	5.4043873419058635
?	-1	6574.271540200407	56.28816482639444	175.16853170365215	494.72373493544427	955.3295220833003	1905.7845988508445	1232.2388984297056	-1
?	442.68861798070805	1966.229143492999	70.89562382396423	194.09415525610393	454.2515292096715	-1608.9647409111624	2100.938227661706	7616.931178964429	8.423490807997032
?	97.31145717465134	-6861.234415643644	65.99287258919978	-25.858757587613955	414.275497889885	833.2929864374883	2286.6311577990714	-4325.68232579056	10.625049148077986
?	99.62689719852095	0.14861204241696913	69.60268594458351	-30.57210777848851	495.9161785315465	843.5742178277798	1884.654111372175	-8069.189654258702	7.634138215554826
?	97.31888777677219	272.6076208113831	64.46426720027533	-102.72539021958319	456.4542087812746	-2190.411597669764	1883.1716750861306	-1993.106864991081	7.755917704251038
?	113.2572782390903	346.96998939433246	64.46641643360428	124.67977704341244	386.39559864805676	858.602173491303	1784.9987681226196	-1142.166478517381	7.118679073457044
?	114.66738724648906	-44.18250351549824	70.69825605244604	-94.68113438940144	499.38431745584035	2264.6632238170864	1826.0633511602607	1905.3197183000705	6.526516249168918
?	111.04815306331535	-2313.3477449297484	59.73235971413414	-291.0642228655017	499.6287598389127	5692.2820053441465	1880.2647540376245	4166.570048459234	-1
?	-1	-2240.9630612662754	56.14504490917075	89.94863837491096	783.9984177230517	17046.295453827508	2034.3918535832254	18147.36846140618	-1
?	-1	2656.640327442207	64.22979163287975	236.8442802021827	1351.9435325303002	4854.9064116332775	2787.6331771079463	-723.1967678179251	3.718661223914095
?	131.83201637211224	2455.1783771889886	67.98725891928005	245.26740854193966	1026.743738304719	-12177.490240254363	1998.2320151923286	-26286.301795350704	8.857492145495264
?	121.75891885945119	-362.54528605806024	76.49316205997691	164.46652379827606	743.0690205175735	-5485.4980993553245	1473.3180873403924	-10961.999135647982	8.714196574517164
?	113.70475206920896	-317.80946740389544	76.21058510919397	-41.394834593116606	752.4688333369489	419.4990252967372	1450.1320584099217	-333.62813417532817	10.089437252244775
?	105.86844548925619	-262.573344650427	74.42342033032105	-194.43869683276895	764.0439717824106	232.1239194280373	1456.6366806316257	532.4887423820625	5.633986725715291
?	100.57608483668743	-2137.3689097850934	66.48865026755539	-325.22469039254867	764.075029308351	-217.59324491374772	1476.7564955290252	-1162.2099202606903	-0.6886365097811663
?	-1	-2031.5216967337196	58.16218581069339	-220.21599058798557	753.1643095367231	-313.6983053631094	1398.5261846185904	185.37220905933472	-1
?	-1	0	55.47785073815595	-56.56273638973877	748.3901140401953	2002.6393391181898	1486.025105981992	8711.797619656716	-1
?	-1	0	55.33404899120641	-58.277349843844654	853.296276492634	272.76083747357757	1834.1160656014324	2747.229448612704	-1
?	-1	0	52.563983245963676	38.6731817660821	762.0281559138743	8326.85518530805	1623.3865784126292	7285.341817732761	-1
?	-1	10642.89251422524	57.26770807951054	65.78449180530689	1269.6390357580424	-1170.9796288988143	2198.3831564880757	3386.1719739933524	-1
?	531.1446257112696	0	55.85320783622907	-44.73375777071248	703.4791744689328	-12999.127964983809	1792.6951771122992	-5324.840854551127	-1
?	-1	-10642.89251422524	55.031020190974886	16.986486308399165	619.6826375088427	-5042.628549600954	1932.1411137605155	-508.2240447743762	-1
?	-1	0	56.70253215164904	14.09311150642034	451.3477469888815	4467.406555637388	1767.28397487358	5605.555302694522	-1
?	-1	2349.947529610914	55.73567576629591	148.83525930067793	843.0529652907153	7464.582129466985	2212.4188788952456	9380.350751371274	-1
?	116.49737648054737	2189.8378259319256	64.14429511668304	349.7274938164243	824.576853462236	-8137.9096784422545	2236.3015124421504	-11034.966904310033	4.102027769299834
?	108.49189129659783	-100.37829308766163	73.22205045711738	87.38788562185381	436.1574813685968	-8874.060819127211	1660.670533679736	-7177.197686968641	11.15972420099815
?	111.47846182616422	92.39207336301303	68.51368939777579	-11.142223547197274	380.8738125058692	-9.286216595739784	1877.4416280937132	4454.588363171233	11.443063502995825
?	113.11149496474854	-69.17888164419382	72.6649392797575	5.889656443627503	435.6931705388098	2445.518641543884	1883.399951838301	-1608.6767979151634	11.267460512857408
?	108.01951774395448	-20.340579887347584	68.80817221995717	-32.48950936614374	503.1497445830651	458.51171873914524	1797.007788197954	58.20757493334358	7.0884311978551935
?	112.09446597038115	96.42652558685518	71.0404638114503	89.2179667489218	458.6187564757674	-1582.7311945166925	1886.3103305849681	-279.2194701601426	10.848098762479772
?	112.84084402329731	22.61180667992928	73.26907055740333	-279.3124816358851	424.01318485722936	12277.610956487923	1783.0468146899466	7047.146963580326	10.282566508869966
?	113.22505630437763	-2276.816880465914	57.07483972965584	-341.3930766634645	1072.4993043001723	10514.733557535408	2238.6676787639894	4303.641195533067	-1
?	-1	372.9323711857016	56.199416724229856	141.11474226655002	949.7498627340073	-10763.224938195035	1998.228874466603	-8852.523377332842	-1
?	131.87167486366297	2392.2518610172315	64.13057684298344	348.9727941687144	534.3380573904129	-11125.018529734318	1796.041509897341	-19674.91184816679	9.672489608363561
?	118.61259305086328	-493.427103129904	73.64805643266583	-48.87422128868282	393.49893624728355	-617.4290446340027	1014.4832820582495	3954.9616576882436	12.148437337029952
?	107.20031970716742	-118.22471144403326	61.68686577854927	-22.918369164645426	503.46660515871235	2860.6399107511347	1993.789592781756	-3980.6706441402166	5.296244006823725
?	112.70135747866154	155.8832427685477	72.50213797443354	242.28206729343253	536.5309317848423	-36.537690041670366	815.4497498512359	-23691.01538132792	15.534594207255125
?	114.99448184559492	80.25788710668024	73.80096914322107	-22.761270467283016	501.6397206566288	234.36726017386158	809.2388237153432	19181.167687087393	16.91473759926671
?	116.7142518339956	-151.28669574909748	71.36407445106937	-128.38791539961835	548.2492947935356	-611.5038813719086	1774.5081342056192	24950.828160095	14.613657162235688
?	107.43014705813994	-438.40842429241206	67.38157337324006	-103.12432219767142	471.06452658803295	-1061.4124914973158	2056.780231720111	-639.6031049286557	12.330864310653233
?	94.79383061937469	-275.00929492847837	66.20785834118573	2.8913321968650094	495.178670218669	4452.724360370984	1742.527978959186	-21341.074087288605	9.370081833404596
?	93.67968231171582	115.78042643986527	67.52613998308331	7.690547386416601	693.7007446065853	-2855.438956346914	989.7265273556656	-5003.753605630365	8.545852917192716
?	100.58285194136803	397.17677022685854	66.59238571050656	69.47965305388537	352.4067224013213	-3020.7159021324383	1492.3402986776641	4459.610922339623	7.51619201009467
?	113.53852082305903	281.0031184585097	71.00012263577763	156.44928199362772	542.6649494999613	2666.407507151233	1212.7070734726499	-5696.199149458781	14.873240966640195
?	114.63300786429372	10.433658720451286	74.41484981018806	-283.4197453815163	485.72709775888484	2921.354295424878	1207.530341204721	16793.578102421994	10.06628049977312
?	114.0602037590816	-2312.6601572858413	56.829135366701614	-353.8241041863405	688.7326642712072	4353.663039499251	2052.3859785937616	9245.670367581184	-1
?	-1	334.9111316565274	56.723644600870784	150.77834748194277	703.4102497338505	-3010.1439676660407	1669.8138595837868	-7204.533723337178	-1
?	130.8057603419082	2417.96982163737	64.36805274079886	438.0684388589802	538.225465887903	-4053.282044844599	1692.1592924268975	-156.77955038152282	1.4780768288445125
?	119.8984910818702	-398.1014648403712	78.6270665438201	217.1375497091336	500.74614749161765	-1268.5023774510923	1661.9748820647105	-3168.810280139301	14.776202752016891
?	110.90068709988937	-228.31459260595852	75.2249302262557	-349.0694735107351	474.80034701534754	804.0046323550768	1533.7187784199302	-3362.6862500037782	12.368642075578556
?	108.48276145157212	-2238.0137419977555	61.1735928682831	-379.5456931423743	540.9463791093721	489.58473047892414	1493.8405695645192	-49.974534876854904	-1
?	-1	-2189.655229031411	56.24764556913671	-142.35605386325045	499.2795835392941	-1608.2732840609444	1531.2200516760875	-2117.772430606521	-1
?	-1	7572.36115622817	54.05579017512048	194.56025441019628	460.5327149063237	2921.4241285778685	1387.9519480341917	-8214.45376675055	-1
?	377.6180578114139	2659.874438197597	65.97565828964666	414.784965654246	645.3507899681896	4550.73621138646	1120.4973633385541	-9524.410415411843	2.0363195325552863
?	131.99372190988174	-4799.800867861864	74.79503845783307	130.1556250666887	688.0695254756499	382.5716683180726	911.7314272635928	1570.1622677375194	11.014359320310183
?	137.62801441831726	-2659.874438197597	72.48343954298119	-300.3407020354439	664.4793733840935	3469.8395959548097	1199.0054767254312	19965.66807168446	9.93614656648179
?	-1	-2772.560288366306	59.778003356060665	-265.0578342750469	861.5615052733929	2161.2322845473827	1910.01483084783	20452.781998646155	-1
?	-1	3313.0021849806844	59.230547829228655	350.38759553682905	772.5409876114642	-5766.985192975205	2221.6445766577535	-18934.90101189958	-1
?	164.65010924903657	3124.45985294138	77.29738313290237	359.89389223516554	573.2122456246285	-4323.4200433495835	963.2697802528375	-21088.958298236816	11.867683782171856
?	155.22299264707124	-313.028345032945	77.22524244098719	-220.85841742405023	556.3699854439819	873.281058755639	1167.1966617458977	7422.518248007943	13.597599992871224
?	148.9986919973891	-32.10399872582582	66.2544622616997	-359.3828044090684	616.8762985624111	2667.9262873695584	1334.3956926532398	13518.89464754959	2.2130809121933686
?	153.61779271077992	-2999.9738399477396	59.25610222053351	-260.9945442533991	689.7662998124617	1903.2905502901874	1843.1413941233868	8607.372043946003	-1
?	-1	-3092.3558542155547	53.20473504902956	-156.37088855117346	712.0408260769218	-205.87014385567662	1764.764294850546	2077.1030219955787	-1
?	-1	0	51.43755779297473	-74.23655316662229	679.4727926196778	1024.3211436211654	1946.9965452231672	6594.977132465485	-1
?	-1	2728.787236181149	49.49290739069839	387.87660490473814	763.2568832579808	-4258.293701875416	2094.513151473825	1727.3889483979774	-1
?	135.4393618090594	2810.6413787474735	70.83138803821191	585.7438194289562	466.5581075259039	-1632.400650026977	2033.3659926430673	-5140.149907812279	4.397861803933132
?	139.53206893737567	142.88376537972593	78.78009836214662	105.7160800741635	681.6368507566308	5083.114264682084	1837.5056560832074	-3660.2313939533706	6.6022685599860695
?	142.5835500780458	-2810.6413787474735	76.11719204192016	-107.49451886613873	720.7138207600117	20516.491518815525	1850.3544229453962	18865.246420668573	4.975250867239471
?	-1	1101.219157165872	73.4053724188396	-91.57936481238903	1707.4614266974215	4318.979665776642	2780.7679771166495	6692.608806116114	0.48611350830333927
?	197.64450793634018	3850.99016695994	71.53822380130065	117.12481885040664	936.6628040488469	-26415.26218822885	2184.9848632512067	-15863.271299124543	1.9991066932404504
?	191.54950834799973	-453.144364162096	79.26161336136002	190.27228944497026	386.69831728596034	-10635.906549107014	1987.6044121604111	-4753.506754576243	9.485446742172375
?	174.98728972823506	3359.3069527129173	81.0518382735493	-235.96525220146026	404.8674765934886	5797.808269232953	1947.3095255223911	3476.6976285897003	10.715627951937233
?	359.514855983648	-3519.745794564651	67.46335075128684	-228.01947336640114	676.5887307476121	21915.98574375611	2161.4392935898986	17507.77040544384	2.916223142763438
?	-1	-7210.297119672857	69.65086460522907	1.1207432610183172	1500.6667637813098	6196.479802325123	2822.6980457945956	9653.177544066639	0.30592465738994623
?	-1	9273.239874714847	67.51938791433776	-79.61766824931601	986.4127208638727	-19789.04244312525	2644.0981707932374	-15194.20510191747	1.9902854533799859
?	462.6619937357489	0	65.66998119276322	-247.0893451941298	511.2146416250332	2764.9331603918035	2062.9877906987113	-3153.4801040422103	9.221421685318052
?	-1	-9273.239874714847	55.16492065463109	-47.75324158966174	1124.6593788834648	13006.362597067187	2486.4241655911246	15106.976740631993	-1
?	-1	2638.850178620248	63.282319113280096	331.5325564279207	1161.5327714784019	-6195.418566227691	2818.3366277303217	-9213.841300118376	0.8600289018368749
?	130.94250893101426	2451.78593223932	71.74154847602736	287.2451879572215	814.8884505720758	-11059.358873857313	2025.7321005851993	-22209.652580769045	1.5719745449339062
?	121.58929661196775	-286.3679186199785	77.64457851114138	131.61269757688882	608.5648277855283	-7426.7445008563755	1707.8539986918536	-8991.562069318625	6.836679654964238
?	116.62411300001513	-146.07609146235168	78.3221833548719	-50.32176661340727	443.5512255292518	-4286.907705172884	1576.1539971192617	-1972.2734934021848	9.564906984250841
?	114.28549203885007	485.3409923770922	75.12849018047098	-9.775148568594577	394.2194425268811	-1851.8330347259005	1609.240324021743	-656.1742542430145	8.722169637276107
?	140.89116261887008	756.6397738693718	77.83342592644216	39.64535388712677	350.95957379295544	395.91535616035236	1543.3452844071105	5639.608110349288	12.46149813485139
?	152.1174807323192	203.71751876720162	77.11075787482734	-29.357457157215816	414.015210334899	2747.294099439706	1891.2207295392113	6445.514373089058	12.707962714282761
?	151.0770385572303	-103.97272753377501	76.36555306858135	84.63993190225487	488.3242787649427	5966.495748917833	1865.621003061568	-7237.908883278412	10.516138018264522
?	146.91884435563037	-323.30975955479	81.34275446994015	-63.12858808087351	712.3399977807949	4566.84556965618	1529.3252853752856	-9542.360423593073	12.243908712467977
?	134.91155057949058	-2958.3768871125653	73.20912366453763	-110.44179624556065	716.6665572477549	3960.073677527885	1388.5029818819075	15169.09634995037	0.6827231221854804
?	-1	-2718.231011589773	75.82066465766204	-136.66941138368009	910.343681657192	1611.230462315643	2287.780102872815	6204.320278909361	1.6971022685943542
?	-1	2509.3273200391877	66.37565309535353	-43.882117193574516	797.2280803635382	-7097.514044097601	1698.71899582738	-11685.372385420389	0.8021149330259823
?	124.46636600196116	2459.018894891323	73.62655879798328	175.34894275785894	555.4679794523069	-1157.3461028149127	1703.5114836017872	-8700.123026507208	2.3520977375171084
?	121.95094474456788	-14.083007067294856	75.1431002332466	-30.592547560937497	739.3607752227917	577.4811309647894	1263.7128445020135	-12588.966779329055	12.302789798270242
?	123.76221564859641	14.716111822119235	72.09693141993638	-273.47227234612643	584.3420360005467	3341.2564566912197	1074.0631446353254	13827.978438956492	10.504844943554154
?	122.68675033567385	827.130851495467	61.469486615940085	87.11440537495709	906.4235980573551	834.6828064816141	1955.111766449848	5721.816558737315	-1
?	165.11875822337035	617.5691271848925	76.4526516886843	401.82688576493007	626.076176324628	-7613.3888291777575	1360.1539725721952	-17552.278590477614	7.222074872228257
?	153.5652066949189	-396.74723142353065	81.56083090418687	-205.48732579699552	525.7541565984618	1965.5775807795355	1077.4978369259547	6559.459663432815	16.237392397130627
?	145.28139665219354	-3091.3041338983344	66.17828539883438	-346.0671214312858	724.3550553636062	3758.9850771728825	1688.1269557438407	17517.368198565553	11.404041534297903
?	-1	841.6247360294284	64.25747483262234	138.31620908516672	713.7034104571086	-5839.24627064664	1953.3662468542448	5630.404209745854	-1
?	187.36263345366555	3908.9958250682434	73.09409585309281	225.7719468405181	432.39274183127003	-6599.376200508179	1969.6471662311374	-2149.7581280802447	9.050428787548212
?	194.44979125341496	-64.37324716489479	75.5460721746484	-0.7843650015524761	383.73460043169496	-1503.3556163550852	1845.878340450231	1332.204943510523	15.15690111672399
?	184.14397109542077	-3908.9958250682434	73.05487760301519	-80.55177224310482	357.2249610135147	11006.530591351675	2036.2574134066645	13181.436346008399	9.074311752799414
?	-1	-1142.995382488124	71.5184835624931	49.66682572134332	934.0611299992866	3733.588246967443	2504.9501577506603	-2134.0307988684585	0.4511437591541404
?	126.99420197101375	2450.9684175058383	75.53821888908239	-11.845130918916427	543.9043733618895	-8674.06579725418	1929.55587346324	-14828.738587616148	3.8212163646337856
?	121.54842087529366	-2559.884039420239	70.92622701654727	-316.4714248295694	500.35784013657144	-145.30090713150477	1763.5132283698424	-3421.5503374380946	5.6811454908538686
?	-1	404.9355650036744	59.71464764760369	19.13066449341842	536.6393280053142	219.38022660957614	1758.4783565913328	-9987.757955110208	-1
?	141.79519912547767	2442.3412044709667	71.88276024121821	277.0369933461403	511.3268514670504	1371.7099208275167	1264.1253306143249	-20438.794591265712	4.51327243261411
?	121.11706022355007	-2835.903982509513	73.5664973149109	-1437.6552048243436	605.224824046691	-10226.537029340863	736.5386270280327	-25282.50661228614	8.688742826128951
