rowLabel	avP	dP	avI	dI	f1	dF1	f2	dF2	h
?	578.0463884440175	2905.094115932605	57.56907951213703	1401.837902515216	643.6543737623606	9887.011302470066	1671.5210933657866	25540.75184698727	-1
?	145.25470579663025	-8367.550297588563	70.0918951257608	393.64670648483764	494.3505651235033	-2847.9625835884485	1277.0375923493636	-14934.84216088444	9.48211774600603
?	159.66887356458932	1542.1313845386646	77.25141483637891	138.99438752193328	501.25624458293817	160.3117961082932	924.7789853215645	-7501.73357013462	9.085648180270002
?	222.3612750235635	2211.253992207068	77.04161450185747	34.42370922364774	502.366154928918	873.5144687894401	901.9509138426325	766.0077259023343	8.419526775332516
?	270.2315731749427	1015.5540824733637	78.9726002975613	-36.11095216469608	544.9319680224102	801.8894686984813	963.0793716166812	69.158568817536	12.661936315354398
?	273.1389791472317	-473.1615945420971	75.23606689362266	-185.51343429474176	542.460628363842	434.6935276069099	905.4088422835093	-1011.802514256017	11.492098640031577
?	246.57349344783785	5295.110093227823	69.69692858282421	-202.07205112960486	566.6666444027557	816.2796330619065	912.4892459038804	80.46751615851237	7.704118221761842
?	537.8944838086228	-1936.333086218709	65.13246433714242	-82.04471137004448	583.2746100169373	1992.4608999471802	909.432218091435	2516.0862734526704	4.223950803274102
?	149.7568391369024	-7953.535605037508	65.59469301432199	136.94811347610883	666.2896894001146	1362.1173238429017	1038.2935595765139	27883.585451853247	4.594313287058494
?	140.2177035567475	-559.4577754781819	71.97987001094786	68.83990719114168	651.3804762090824	-1657.749333316904	2303.611490684097	27773.010974852285	8.225564648640301
?	121.78395036299332	-507.45264547174696	69.03668837387907	-256.57612491416035	583.4022227342695	-244.7348198959569	2426.9441083191277	-1661.5883716765697	9.593397128552226
?	114.84507128316012	738.3296163446282	59.15106376523983	68.05976337080489	639.1437352142846	-1295.4395879602055	2220.5320721002686	-25506.64998903286	-1
?	158.70043118022477	1362.5733700193548	72.43967654241932	367.87819596246277	518.6302433362591	-2065.4824092641097	1151.6116088674837	-27452.539881627756	11.240066875392323
?	182.97373978412793	1932.5174638948067	77.54497356336299	119.79021147864718	535.869614751079	1049.3312873057735	847.9050780188795	-2267.976885519145	7.9333414589250655
?	255.3263043749652	1202.4135823239521	78.42918711635168	-93.79854758835526	571.0968077015479	-869.1739003814693	1038.2127645915264	3964.7779702159787	9.25254486741974
?	243.0944189003256	-1438.2354994702198	72.85504618394522	-67.57043293363688	492.4109197320055	-1367.8721191747218	1046.1439765296786	3634.8500110013006	6.227956010954194
?	183.41452940145413	-1556.3183778459925	75.05066546966984	25.381246428308636	502.7032017428117	519.6568830435735	1219.9552651415916	-429.89736581637277	5.760544249847131
?	165.2785000080259	-472.83481606293964	74.12410850536065	-187.84016144756475	518.3937638841842	2232.8812473827647	1024.64910823886	2088.547872922348	8.587542673297989
?	159.77278859830713	37.31430487516828	65.65865739729159	-324.49290248362826	614.34726411195	3231.69996009914	1324.382658787709	12522.15599370753	1.6714930616810741
?	167.14421525178432	344.2553337697108	57.899463381179224	-57.88650590661597	679.9787618891413	2732.5046474670435	1650.756907924237	7616.066267888524	-1
?	176.98555528679265	100.60764604689032	62.7643321019608	343.8672483311832	750.972496485302	223.2651111555081	1705.1859721821347	-4850.8946570605895	7.746485982118771
?	172.17459755412884	-552.135232155248	75.0928257977384	230.38154958100785	691.1420174469167	-5593.09412464542	1408.2121750712074	-10100.190783093427	14.518059017574728
?	149.37879367903022	-707.4729551259951	74.2834095810112	-10.210154015721846	471.31779025303075	-7355.845349830659	1200.176433027463	-7993.301555652129	7.600674736312482
?	136.80094979782905	-350.47744474759526	74.5823180969523	-32.08365034450563	323.34974995538346	2537.3788780490568	1008.5470972886006	6591.966461111901	12.186770614885097
?	131.85492144165045	-186.03350859331823	72.67922706378592	-152.20343745908693	598.1867341554837	4884.90675941508	1529.7747560830583	15708.581877987473	7.576294879560114
?	127.49927436816313	-71.67506495428876	66.97214622399795	-292.3041854290374	567.5950879261377	399.2695908395373	1793.976191187975	4876.908425216698	5.298246597220053
?	128.271168193936	-2569.9854873632603	58.064017792334035	-250.98190226438666	618.1502136974606	1973.3467900941655	1773.6201773438934	830.9409261530338	-1
?	-1	150.56417215251756	54.42305111077861	254.35917019259412	666.2624274308461	-4738.321160064054	1835.5232374956267	4824.724246229589	-1
?	135.7993768015619	2721.569110108713	70.78197630196375	376.8890649340825	381.23415569425765	-3608.1285390658695	2014.856389655373	2302.4517874163557	8.917911492257126
?	135.07845550543578	568.6253264640375	73.26750435748275	88.11401356077985	485.8560004775524	2868.034083633649	1950.6458268664446	-2303.4323296943858	6.211802665550791
?	164.2306431247638	1509.2240113375371	75.18767698000275	0.08058104345735721	524.6358598759402	1069.551848959907	1899.6847731706537	-2209.460955697471	5.318751491614906
?	210.5396560723127	1664.3177096084146	73.27153340965562	-24.01759159505159	539.3335929255478	-147.5180430542285	1840.172779081571	-2508.596609433905	4.513567231994804
?	247.4465286051846	728.5222400208004	73.98679740025017	-82.76250559366069	517.2599577232288	-178.71556664277915	1774.2549426989583	-3527.2428106277553	11.75818723991944
?	246.96576807335276	48.916164770958474	69.13340812997258	-333.4737986071816	530.3978145934088	1034.1021263788107	1663.810638550183	-1339.483602564868	11.418095781144501
?	249.89233684373252	-4959.315361467051	57.31310746989107	-307.26358391047586	568.9650640421694	967.0435081002224	1707.2807625707148	2980.3119498464384	-1
?	-1	-5017.846736874646	53.770228934448774	-154.28241673475384	578.74998999842	1986.1370981471787	1812.8262360425051	3369.0669831065557	-1
?	-1	0	49.59898663315337	-87.82821546035116	668.2719189495284	2876.679408031668	1875.7341117260428	1068.948843316788	-1
?	-1	0	49.37881816143121	-13.256871483123392	722.5839604000036	1601.057166967399	1866.2736782083446	1199.2437829307562	-1
?	-1	0	48.9361430589972	-84.3436108928082	748.3247772978984	4851.518916208859	1935.6963008725807	8773.575844852354	-1
?	-1	0	45.1616376167908	164.08299284202332	965.1599062104467	17356.711003331227	2304.9524704509627	14074.745423455619	-1
?	-1	0	57.14029270109834	351.7728201271349	1616.1603274644567	3553.189043721376	2639.433572045359	1764.9615853600217	-1
?	-1	0	62.75027862314748	190.14165321286637	1142.8193583965149	-3104.4686470549523	2393.2005497189634	-7015.1206635047465	-1
?	-1	3681.7540989200547	66.64737536174162	200.2783033145822	1460.9368951117096	616.9060735938023	2288.677538870123	-799.9821895490851	-1
?	183.08770494600208	3820.736659722373	72.76419378887655	196.35773274339286	1173.6646620762049	-23230.935824520617	2353.2014402415093	-7936.1936330296485	11.84762510179798
?	190.036832986118	703.6537456861825	76.46526199891123	95.23543904790819	299.39010388568295	-16957.514295089684	1891.867857218642	-11601.73957920012	15.798214655693567
?	218.27039223031107	1041.1922379199482	77.52596574127195	5.397049619008973	325.7889473217238	2902.724522440724	1773.1144612815053	-638.1646396432893	11.97171367181949
?	242.0964448821152	29.144658739377395	76.73511447986168	-1.1700473773055406	444.5263300077186	3280.516045664723	1859.9596252364777	-5978.148654138147	14.409480926057137
?	219.72762516727994	121.66471124243216	77.46746337240667	-183.11077707194622	489.8147496049594	1156.673838026331	1474.207028574599	-5684.233155576378	12.877403114023355
?	248.1796804442368	4849.901531708757	67.5795756262644	-255.2678710668909	502.36002190903497	270.2624893078244	1575.7479674576598	282.9788582047114	2.483666585671058
?	462.22270175271694	-1268.7224117667488	64.70406981906217	152.04212172733034	503.32787407035056	-825.575428818765	1488.3559714848345	-5028.2306998286	-1
?	184.74355985589958	-6340.171317979413	75.18168171263089	329.43677962773256	461.08125046809687	-1400.215747509514	1324.3364324662307	-3886.595230315729	5.691949027057817
?	145.21413585374742	-871.4862316840466	81.17590880044874	146.36281039302014	433.3170866948751	-1077.5036586268725	1294.0262099690488	-57.840251004240805	18.40782816429377
?	141.1692482716974	713.9360464963894	82.49982223228187	-160.6665256583878	407.20606753675344	-100.27840393021656	1321.4444199160187	1838.9803308782368	21.322271144801007
?	180.91093817856677	5296.437843725567	73.14258251752938	-419.8756735088616	428.3031664983643	534.1103308693786	1385.9752265129603	-109.31119729494678	11.533080565336734
?	405.99114045797484	275.9122108799259	61.50603855683887	-31.023075658614626	433.91158408022227	-1464.090505346955	1315.9788600512713	5277.855809278127	-1
?	194.706548722563	-4449.391934493014	71.59142873459865	313.83050068655007	355.0986412310168	-1985.0969858078886	1649.8680169768656	11595.91648347221	10.609453819771732
?	183.52154373332496	-274.3264943990367	77.19756359116632	113.21713985720248	334.6567347898282	-174.58024363492717	1895.7746842248798	6653.995152855574	14.764682525443982
?	180.99022400261123	-77.56803360849487	77.25228572745876	48.79167728015818	346.3696290492705	1755.9051558597325	1982.5677746196432	-8543.360416132404	17.173557928945023
?	179.64314205290023	-228.48297370944036	79.63714745517422	-26.964254916010855	422.4519925828145	1972.6746245125607	1468.6066634182612	-12574.158164876866	14.87012150303497
?	169.56607531713925	-322.3529863023589	75.90407298165822	-151.8882046812055	445.00336027489817	23.799169204156755	1353.859866375802	-3471.851751785151	12.674649489459298
?	163.52549273778234	-120.09834299612223	72.04273722111397	-39.305829359200715	423.64195104302235	1284.9097072765198	1295.0140758290042	-4099.582350890838	6.821938413431939
?	163.56115816733316	-234.8046425118812	73.93878151369819	37.301814049857136	509.24884563872394	689.4348814010996	1148.880748831261	4813.228209944895	12.062688017736246
?	151.78526061218832	-467.9593148094312	73.90782792360682	-175.4419541968432	458.1136951130772	50.08024221267096	1535.6754863262481	10750.171680246218	13.574350450373618
?	140.16319242686168	-3055.705212243777	65.16668380385606	-234.2404655077895	511.7528577493575	2571.413079645262	1686.38933284357	10386.580254133232	8.520457447518457
?	-1	-60.56417821564672	62.19580464821738	226.4672493459579	586.6843490953398	930.8155548268859	2055.004499032908	1201.15897565508	4.211231336923277
?	137.13498351607936	2559.0118634134897	76.49004627115392	134.63304772281765	558.2936354907016	-1072.27029770697	1746.4472816263237	-4150.878285238974	6.658585063809307
?	126.95059317067404	-138.43812100875076	68.92745703435824	-287.2588890018699	533.0708342099915	136.0975708622964	1847.46058477096	2653.1847185616066	3.6182425873690494
?	130.21307746564185	-2559.0118634134897	62.12710182106047	-139.94053023696898	565.0985140338164	1642.1801218275132	1879.1065175544036	9470.344560173213	-1
?	-1	473.3141134933379	61.930430522509816	45.02614323617595	615.1798403013669	12416.69565275576	2320.977812779619	8877.81878414244	-1
?	153.87878314030866	2962.9393090953345	64.37840898286926	239.58383305004403	1185.9332966716022	-4501.838620795973	2322.997456761524	-14360.294824380237	5.624402206384146
?	147.1469654547662	285.5188873825027	73.90962217501198	218.0487599814767	390.08790926156905	-12711.205927301336	1602.9630715606097	-21613.420820790452	12.165262017746981
?	168.15472750943374	1360.4099349628304	75.28084698194306	7.697289742440915	550.3730003065376	3885.3332351239737	1242.3264157220053	1813.9459697713683	10.18967189879653
?	215.16746220290747	1373.5300911924774	74.29448666213402	-100.64104224677727	584.3545710177671	2101.104885914804	1693.6603700491778	9410.696257525435	6.456436700595264
?	236.83123206905736	509.8809375270299	70.24879486960421	-228.39396450802863	655.4282446022775	685.4962752328926	1712.8612285982754	-4800.027364448023	8.713174684902414
?	240.66150907925888	-12.70026921985111	62.87478843673263	-255.24653655228	618.6293847794116	-25.186163565517834	1453.6590018267775	-452.69214561446165	-1
?	236.1962186080648	-4833.230181585195	57.48646804199026	-50.17327914723683	654.1689364240016	3925.3257874703654	1690.2266213175524	1898.170131007107	-1
?	-1	-4743.924372161313	60.3661244793708	183.81127895300318	814.8956741529291	9911.749833690985	1548.5675083771325	5994.91576734584	-1
?	-1	0	66.67703198964038	-0.002038109585527089	1149.756428108549	2571.985414044982	1989.9724096848433	2587.745765781515	-1
?	-1	0	60.36602257389152	-264.64296315489787	943.4949448551778	-2386.0072211939128	1677.9547966662078	5312.207318492734	-1
?	-1	2557.3671430383156	53.44488383189554	80.24903675557155	1030.4560670488538	-12867.420188302942	2255.582775609479	9212.543075543808	-1
?	126.86835715191533	2477.8662291434866	64.37847441167008	242.58253662305805	300.12393544003294	-15017.830938114128	2138.5819504433966	-6656.4402354191325	10.199163743450473
?	122.8933114571739	-137.6257070148437	65.5740106630484	34.98021310925038	279.56452014315	-971.6198954192453	1922.7607638385236	-5901.403949098561	-1
?	119.98707180117317	633.6617205359056	66.1274850671326	192.49932814080364	251.54294066907084	8027.953957803452	1843.5117529884697	3841.437248831253	-1
?	154.57639748396906	1216.9167226446218	75.19897707008855	345.071704942202	680.9622180333212	2511.707596828385	2114.8326262800856	3607.558318958153	10.211397955770234
?	180.83290793340404	-850.4765078779482	83.38107031424264	75.30846408942237	377.12832051048963	-4537.543329190617	2023.8896689363767	1622.3808154776873	11.737793685530374
?	112.0525720900718	-1441.7897263048937	78.96440027455965	-176.61829249136252	454.0850515737911	776.944510699813	2195.9516670539697	4319.498400997465	2.5141173831144683
?	108.74342161815962	1395.5919164125594	74.55015568967454	-134.26270389983407	415.97554604548014	5492.364630078085	2239.864588986249	4719.895142360481	3.1332602290017264
?	181.83216791069952	1382.9176877948964	72.25126507956797	34.899977982658875	728.7032830776943	1220.5483103502352	2431.946424171993	-4296.598492382847	1.7131132294543778
?	177.8893060079042	-123.0943586980719	76.29515458880748	154.35041594887846	477.0029615629917	-7117.800719020486	2025.0346643671076	-8266.27662130002	6.404106453676628
?	175.67744997579595	310.61534874768194	79.96878587701187	144.41335805724742	372.8132471266713	-586.3674739431267	2018.6325931069935	1231.3832733605884	8.707853920242036
?	193.42007344528824	413.4973181122982	83.51582249166982	-139.01689614075897	447.68458786583545	2134.4685081777648	2086.6038280351368	-811.8231991696604	7.742830213186052
?	196.3523158814108	544.6544818779088	73.01794106997394	-200.9128249272031	479.53667253555915	1941.4398216140614	1978.0414331485106	-9462.105039957098	9.17212794427869
?	220.65279753918358	565.7003444974791	73.4701812453097	-26.809650941193393	544.7565789465382	-331.3346698317162	1613.4985760372836	-2043.5219464857055	10.58164263350861
?	224.63733310628464	-720.9667635542664	71.67745852291428	56.920233634202674	462.9699390439734	146.7732650225508	1875.8653358242257	3394.652159667465	9.596300396610603
?	184.6044593614704	-1117.7931639343853	76.31619292701983	213.07614784191165	552.0952421976657	1331.2610711851598	1783.2311840206562	-2400.0759266734844	8.703825659083284
?	168.74767490956557	-566.6017588018352	82.33126591500982	54.79231400580593	529.5329926032312	-1259.3464205209682	1755.8615394905519	-2493.9169787579426	12.373734284400404
?	156.27437142137873	2010.4227730910086	79.05580862731011	-79.95940226291964	489.1279211716175	-67.02514026107362	1658.5353350827595	829.1980353287165	5.351518140785274
?	269.26881356411565	2488.4247081794515	78.33329580186386	22.092748296431715	526.1817355901775	2146.5254329647037	1797.3214412569876	2680.8595590183136	4.505221641494766
?	280.69560683035087	178.27561782874403	80.1604460421317	-136.2695520229041	596.4541928198523	1211.50206187448	1792.5783130336747	-1530.4017271171515	13.400507307427526
?	278.1825944555528	-1858.0462229696898	71.51981820071867	-122.51266887565167	586.7568386839013	-1727.9054289762364	1720.8013549011303	1806.3377906300748	6.203283798569857
?	187.7932956818667	-2709.717221663979	74.03481259834913	200.05497061801705	510.0589213710408	-2969.4798231494206	1882.8952025651781	3068.6955149655996	5.120211540393809
?	142.69673337235434	-839.8430369490309	81.52256673161949	109.64741626100998	438.28284752643077	-1733.8927844874233	1874.2361306494097	-2117.921887761198	13.314691270514867
?	145.8011438344153	100.8218843970193	79.51718341139961	1.5050240811541524	423.36428214666995	2399.3437914109636	1776.9991081771186	-3838.3898285290297	4.381711831362692
?	147.7378275922053	282.36073272119927	81.5978179356772	54.83697773100166	558.2500370969785	2225.5962242709074	1682.3166392229589	-5850.659024992404	7.795808638351133
?	159.91918047047523	2430.148320842284	82.25903229794969	-34.986854845433704	534.6440933602149	-315.6943556935687	1484.4661569274995	-26.63903763442259	8.066418348754427
?	269.2452436343191	144.02463211410458	79.84847519340552	-101.23370579976132	542.4653193123002	-1000.1963608751488	1680.9846873412378	8664.785186313227	3.223772551753663
?	167.12041207618043	-2418.75594417854	77.19734700796164	-220.81321613286087	484.63427531645766	-537.3923637375216	1917.7054162431593	2725.9371915762954	4.164061565572856
?	148.3074464253925	-272.36199277237046	68.80781438676252	-90.34690449818503	515.5957011254242	-356.4364706353741	1817.281546920052	-891.2431757044246	7.757184578859106
?	153.50231243756195	-830.0167607452696	72.6800017830524	208.807535185306	466.812451784689	-888.3132911183643	1873.1432574579383	4221.8212813825185	5.1002321459646005
?	106.80660838812916	633.9685228630646	79.24819114602778	121.88610783899023	471.1800365695061	-843.0015220245589	2028.3726109891772	-969.9351584213616	4.450525006182589
?	185.20073858071507	1355.2588173382924	78.7743071750019	13.140731087314396	424.6623756834612	-1162.666632770127	1824.6464995368704	-9440.136014822048	11.116878518792134
?	174.56954925504354	1053.0684905033522	79.9052277003935	82.02226759473605	413.04670493099997	3420.015351159688	1556.3658102480765	-4893.273723130827	6.366930130391873
?	237.8541631058825	2318.331662744109	82.87542055473868	46.41989920229309	595.663143241445	4672.768983366036	1579.9828133803298	842.6479339325608	4.013927587741439
?	290.4861323922486	1594.3359015890758	82.22622266050814	-82.81172049586674	646.6851540993009	-499.75911373261346	1598.4982069447044	3255.9195252074346	3.2697698511388205
?	317.570958185336	-1948.2361206366045	78.73483452994536	-54.58961279045203	570.6751875548144	-4080.861835371389	1742.778789640701	8752.963139296775	2.464191178189631
?	193.0743263604187	-1994.038945601649	79.49674202098555	-121.72286544214572	442.6420623307322	-886.3669269235411	2036.1463639095416	9324.944865186919	8.810910320453665
?	217.8690109052539	1659.0637783841694	72.6486912578381	16.61620781749497	526.3568412086376	-137.00827588884343	2209.0260329000453	175.8555369904031	3.8238067124463533
?	276.02751527962687	-830.4556384319387	80.3275524118603	202.47023554255648	435.79164853629004	-41.275253301166835	2044.9391407590617	-6209.5445595903575	7.7860775715884785
?	176.3462289836571	-1687.1768498753918	82.77220303496588	-71.83089971173584	524.2930785435792	448.78723151944587	1898.5488049205285	-954.5227357101555	4.152176220843925
?	191.66867278585758	975.69923628602	76.73600742627352	3.4054693243237586	458.23101011226225	-579.3427439455113	1997.2130039735541	2212.3266701441785	2.411862361308375
?	225.13119079795794	461.51640394708005	82.94247650118207	138.89434814401332	495.32594134630375	2449.1223416121566	2009.165138427737	-1329.617137590549	5.594126007605117
?	214.7444929832115	-290.88970021046	83.68072483347416	-58.92120432116449	580.6871271928696	1090.6514322127605	1930.732147094027	-1616.771331666888	6.491740949463226
?	210.586705787435	-104.86737093688626	79.99641628512386	-118.92930551340683	549.8585129569416	-2873.0610525194356	1928.326571844393	3267.943125971745	8.839795114937342
?	209.5011244363672	-286.4764988504759	77.73425955780384	-25.55255564511308	437.03407456689837	-2421.5941135615985	2094.1293033926136	2893.09016376879	10.470474459200512
?	196.26288084491125	-52.204107463580456	78.71878850286821	30.929777338254038	428.7788072788621	4660.164375601575	2072.981080032832	1217.1466015431677	7.318616789580164
?	206.8909190631882	263.2620985738996	79.28074842471654	31.589773846684864	670.0422933469763	7209.65473143839	2154.9866334697717	729.2443913730612	9.711459728273423
?	209.4259857736062	-141.95726414770314	80.29827719520245	36.20027804990697	789.2615438507803	91.84432975773039	2109.443299601485	-2693.0051842945118	5.384987471659711
?	199.79305585580306	-676.45808324182	81.09076232721188	-35.99417517569135	674.6345098348628	-2863.7097495939506	2020.3363742550466	-6750.301843774047	3.930827969256486
?	175.6030816115153	-501.3315653298287	78.49856843641788	-33.378910461541814	646.0760563710833	-210.39781424739732	1771.9282074127836	-2085.5598322170617	6.338976252916887
?	174.7264775893117	825.8325960825688	79.42181680413479	12.408445020238092	664.114619122493	-544.6573210714925	1916.058382644194	-8722.595200648593	6.844489460778253
?	216.8947114156436	813.6768127692733	79.11899068742979	-47.10095418272107	618.8431903175087	-2338.328359380145	1335.7984473803556	-4584.955461359544	7.21695966559431
?	215.41031822777524	-776.0970262001654	77.06676909499875	-141.18932945337826	547.1982011534861	-2012.2220330388316	1686.8106095762175	14666.621779051022	8.590384331886172
?	178.08986010563547	-616.18494086697	72.0595242147609	66.24748360859594	518.2320886655675	2441.0921704830475	2069.129536332904	-6967.160483623449	5.397522145139616
?	184.60107118442684	84.38138752394964	80.37914327542853	32.20090100874597	669.2528096776381	3386.3553379274736	1338.4525853950463	-10410.819720959516	12.058983910881368
?	182.30892948183293	382.56226367929423	73.66956926519819	14.62742069532174	687.5498555619406	647.0793407468796	1548.58855028493	3555.013870878105	5.925765478471795
?	203.7291843683915	36.32925083663578	81.11051431019462	189.76024060146938	701.606776714982	-166.2959630497659	1516.203278938951	-2498.97410999527	5.67928832997904
?	184.12539202366472	-4094.583687367844	83.15758129527163	-126.9597838624178	679.2350574094523	439.2390977074926	1423.639844785167	-1169.2101048769923	1.6911875759857478
?	-1	-34.834802575739	74.76252511707375	-158.39355773730404	723.5687316003565	-258.4728583298861	1457.7427736951015	10184.673289384686	1.1040703863777857
?	182.38365189487777	3595.983060362548	75.23790340840645	30.661197916992474	666.3114144929581	-3852.4256939869747	1932.8735092543996	9807.496154915996	5.083595332916246
?	178.79915301812676	-416.6323766912135	76.29558501292337	-34.71110357090692	530.9474469010085	-3190.5936591945624	1948.1175814408996	2414.492029045227	7.18345026277845
?	161.55203306031717	-178.2502803717535	73.50234822986111	-164.06529733722041	506.7817315332305	-856.1440195193014	2053.5981107066605	838.5286438013447	3.8771139365430862
?	169.88663899953912	-41.99161773974496	68.09232014606238	99.8366762396973	488.14024592504353	315.52517168278087	1990.0440136309667	-4908.186385833154	4.428555953333707
?	159.45245217332993	-1810.26758676839	78.49418204184596	339.1081314238881	522.5579901173695	1361.0529468431482	1808.1887914150036	-3734.1466296155018	5.5891864485785785
?	79.37325966111995	-890.1537226596472	85.04772671725672	112.47637371748237	556.1928932672007	2610.129894767731	1803.3366821501922	-6783.885532120699	6.437754926602873
?	114.94476604034773	1647.8647822492687	84.11800072772006	-84.23665341261143	653.0644848557556	1972.5467507095575	1468.9945148089698	-8558.958440695104	5.982508842136438
?	161.7664987735831	-216.7239846550361	80.83589404662617	-200.74920167521512	654.8202308026782	-358.10464617509194	1375.3887601154386	324.52696859105913	5.652803341546319
?	104.10856680759596	-1243.5886553768485	74.08054064395934	-293.0120525579729	635.1592525470011	-1286.611723152762	1485.2208632385227	1027.111746066993	1.3588725616958608
?	99.58706600474089	81.69519153870397	66.18529141872757	-240.23033782093563	590.4896446450404	176.8775142312649	1426.744347418788	557.6479644074854	-1
?	108.19332638453115	170.01791236260007	62.0690237529126	-130.03043080286733	644.0031282585643	881.8473760822085	1513.103261458897	5207.620342337391	-1
?	108.08796162287086	-2183.866527690631	59.68376987858423	-92.0581690614316	634.5820134491506	-167.67956052059222	1687.1253645356567	8263.568014800629	-1
?	-1	-2181.7592324574252	57.466115299841036	-100.03868194653528	635.6191502325347	-2425.932184165253	1926.2816621989268	5385.535176265285	-1
?	-1	0	54.68183578125748	-88.03774893549675	513.2854042408884	2555.9881456872245	1956.40212334892	2398.129353461563	-1
?	-1	0	53.064227853066214	17.319362558215577	763.4185575168955	12787.640140572323	2046.1881298720045	9093.128749132966	-1
?	-1	0	55.54780390916826	-28.64657902803525	1152.6674112695023	6015.503320976114	2411.0585608055667	1444.7114304932218	-1
?	-1	0	51.63189890166446	-179.7041049060987	1064.1937235657	-3627.4762940108794	2118.4237013966654	-4441.247517843437	-1
?	-1	0	46.562598663863355	-91.98007318157669	971.293596568959	-2359.0415305867523	2188.9961849133956	-3696.164292952521	-1
?	-1	3032.9921429682017	47.03289524258564	133.850853583182	946.2416470363629	2882.8605878332214	1933.61548674904	-1600.8057715605048	-1
?	150.64960714840956	3025.1704707295908	53.25514134302243	416.8763707064125	1115.4366259606195	-8643.300024017888	2108.9558963353707	-9365.003716495854	-1
?	150.258523536479	5.211497699959314	67.87671377790619	368.8493631651555	514.07664583547	-11470.69529601634	1465.365300924249	-15551.043937623432	9.62421434559764
?	150.91018203340752	-378.07262165028783	71.69760950128014	32.729437366824186	541.9018611598045	1186.894078681464	1331.4036994542018	-9275.225443893398	7.998752325077001
?	131.35489245396468	-669.2435537651336	69.5131856462474	-229.56325610896315	573.421349769543	784.7774277562783	1001.6040287295807	-4666.637953544343	9.171225490486277
?	117.44800434515037	-2647.097849079256	60.21944669583182	-236.72039750055268	581.140732547619	827.4745369193007	1098.0718017769814	13206.775633384666	-1
?	-1	649.1080561931749	57.67716577121959	139.06846443264328	614.7950766155086	-3368.55672563192	1661.9428103988234	2033.375228297262	-1
?	149.90340715480957	3082.7395514911404	67.17286991746408	204.0536997895992	412.7128962660206	-4002.3442531631486	1199.740563191846	-1193.164793954876	11.21280998158014
?	153.1369775745592	196.5557916067707	67.8798507606997	187.9059992351303	414.67786395734834	1679.4795135639458	1602.2845707010788	3144.3171724322438	4.781993548327654
?	159.73119673514825	132.45250138887894	76.56816987922073	28.36918572765671	496.6868719442191	380.4324259251021	1356.9564218134603	-7874.456146465665	14.926562839629904
?	159.75960264400325	153.32438356543273	69.29831004708255	-161.860203657842	433.6994852536037	-2278.106667286374	1208.56176337779	-3130.1730085548897	11.329730607483857
?	167.39741591342	265.78490615491853	68.47515969632852	152.24539832072435	382.7815385798988	720.0751938485837	1200.4477713857136	-4293.009389672832	6.173007932584489
?	173.04884795174937	-95.61195722229718	76.91057996311888	129.724404616707	469.7032449460334	2559.882522174795	993.9112938941453	-3348.4142401282293	20.468910141004518
?	162.61681805230506	-449.55243490262535	74.96137992716396	-198.90151142361336	510.77566468864035	2850.186156847009	1033.0270593792998	21424.477180183752	15.219908882839544
?	150.57122620661778	-603.6050116087637	66.96550439193807	-144.74177793656304	612.2125527883859	1054.4428926452335	2065.135152903348	16084.800490660022	4.547757025077458
?	132.43656747186645	-596.8049244312883	67.7242910303357	2.851287014687744	563.4978093209028	625.4528916912525	1837.2670839123123	-5155.9658225232115	6.475355708464182
?	120.73097998505294	-312.00720397385635	67.10806874267246	-60.515544503814446	643.485197372949	1730.407472039124	1807.336861777184	10633.54054620483	10.657479540486117
?	116.83620727317341	-162.64469261721868	64.69851380514494	-73.82112401549045	650.0181829228602	-1472.102736686522	2368.9441112225613	-3775.318672912791	-1
?	112.59874535419189	-65.43565451892327	63.41701254189788	18.47437521974401	569.8800605386218	-3090.9169606516016	1618.5709281315417	-14671.75458404764	-1
?	113.5644245472272	-8.114414306771094	65.62223256613216	43.567870782732804	495.4723348902779	-741.7496437976259	1635.356382020169	-1179.630997060141	-1
?	112.19302463885333	42.748601546799385	65.59540608103455	-61.37457794867954	532.79257834874	1053.9995161699571	1559.5893782785338	-5766.000892014904	-1
?	115.7018546245672	234.15439597500475	62.553503668698134	66.08829099659508	548.1723106987765	-325.9028861522665	1347.0563374194196	1513.3614389312982	-1
?	123.90074443760373	140.62064113625667	68.89982063086436	-44.29393236902066	516.4974340411264	-2326.9248151879447	1635.2574502250998	4972.196053090226	10.031549028521297
?	122.73288668138014	7806.092808093497	60.33880705024707	-175.88626545905632	431.82606993937765	-935.1677445792942	1595.6661400739345	2219.727577407871	-1
?	514.2053848422842	435.9997368864095	60.105507357911414	174.36487928336513	469.73904681216106	1191.2547329094004	1746.243829095495	-9958.57470996077	-1
?	144.53287352570092	-7462.455468435256	69.05705101441545	191.83335287314432	491.3888065848485	186.4410172409733	1097.7374045758888	-14841.919414470452	8.297390180058722
?	141.08261142051603	-213.08170179125378	69.69717500156877	-28.560044593786124	479.06109767420986	-2556.4786667556177	1004.1478583719618	3070.011998284487	11.753802574670035
?	133.87878843613808	-397.13366513147014	67.62904878472612	-148.29907956781074	363.5648732470658	2426.980896638448	1251.2380044901154	9480.32191702167	13.955823125657329
?	121.22592816394224	-2697.5757687227233	62.282221023178124	-153.76162145403933	600.410142506134	5305.153783700158	1478.163954223052	4861.978586480722	-1
?	-1	334.85268221707037	59.94096771202405	65.63434609637446	628.8225624320775	-3563.6424594524674	1494.336933814155	7002.100516862166	-1
?	137.968562274796	2528.1050108007944	65.5639383279969	92.23542957729205	422.2280195335081	-2996.887258717614	1828.2689800661653	258.10075724152824	11.080989794849357
?	125.40525054004152	-502.0706701294085	64.55273919088872	-57.89406102651458	478.97819949619463	2728.218537156398	1507.2419716762315	-10009.47756796941	10.015273852255655
?	112.86502876832522	-221.2174889175847	62.669235276671124	71.04366197336829	558.6389463913299	39.87157118685843	1327.7951016676877	-6783.10552277051	-1
?	114.34437609416213	5.048871106571865	68.10492228955718	74.07618569839309	480.9717780555376	-1870.0557798972711	1168.0866955377012	-2676.35970541787	7.182159703334126
?	113.11747232365381	7.813151207152376	66.37304456159083	-41.06838993974917	465.136157396465	-330.71520729437094	1193.9771163967923	2215.488375221899	16.14682540195984
?	114.73503365451975	26.008321609768842	66.05150279256969	4.228750144880788	464.4360176908188	-173.95342483784341	1278.8611142987977	4149.110051234484	-1
?	114.41788840414227	-2314.700673090362	66.58448206883487	-37.18745627957678	456.43848615457273	-708.6882076819917	1401.4326189585195	3085.7594818651314	-1
?	-1	-2308.3577680828125	64.19212997859083	-22.47500042334817	429.0016073067187	-1133.4404045798724	1433.1490883920565	2573.7106456776337	-1
?	-1	0	65.46073204766745	-63.702824856909025	399.7664659255783	507.2882625107225	1530.118151242403	11882.909579904217	-1
?	-1	0	61.00698873574533	-168.73144407984344	454.3660204322552	26803.721150228805	2027.2945673872757	35331.6027587927	-1
?	-1	0	57.02415984367516	-274.89307087287324	1739.9525234370376	5703.679137356412	3296.698289182063	-3903.118290068077	-1
?	-1	2493.6991968715774	47.262335192101474	-16.411569358861918	739.5499773000798	-14726.177436439173	1832.138652883869	-14182.356439102503	-1
?	123.68495984358064	2439.427656775865	56.20358137573205	393.43638968818294	1003.6436516150685	-9127.747887408024	2587.580467226928	4024.233602743954	-1
?	120.971382838795	-105.43317472614682	66.9341546765109	206.88920164395148	283.16258292967217	-13103.38995669681	2033.3503330210697	-12919.557436701947	-1
?	118.41330110727323	60.536096942367685	66.54804145792977	-13.558625206899627	348.4741537802186	293.7259473830174	1941.6025953918213	-2701.311081606821	-1
?	123.99818768591342	1096.844312579819	66.25622341616591	17.601785422116087	297.84888029882325	-291.5475715890197	1898.2847789407267	-244.19350929454248	-1
?	173.25551673626495	1764.867881667701	67.42813072903559	38.022867293829876	333.8967752007674	1085.7739156853704	1929.392919927094	1432.267035025086	11.297258750852123
?	212.24158176929973	1243.7837359914386	68.15736678085743	-31.36594689295448	352.13757608309254	-365.3610384873712	1969.898130691982	327.4804049796875	13.006559615902056
?	235.44470353583776	-4264.831635385934	65.85983338438784	-262.504043942327	315.6287232763986	3888.843882408627	1945.7669401760786	-2028.3910117047647	15.834155473030723
?	-1	-4728.894070716688	55.032164583740894	-244.09594322956573	546.5797702035267	5022.362959440538	1868.4785801067424	-376.8349104513246	-1
?	-1	0	53.65503622290938	-75.0127662925977	566.7468712484291	2135.0030591345026	1926.925194653512	3087.579634758642	-1
?	-1	0	51.281526269110955	-81.98162187321853	653.3299231602533	4356.162153598909	2022.8575618446766	643.7012777788414	-1
?	-1	0	49.555955129248396	-55.74059847993261	784.5549789283776	2714.767238627021	1959.1102585424546	-2438.7121653757476	-1
?	-1	0	48.494496345114285	-51.416337369537054	789.0682850916063	-5008.027693843944	1900.9219535758875	-3330.307696657781	-1
?	-1	0	46.98513826077151	-32.946206512112994	534.1535942361769	1907.5593044294603	1792.5948737095632	4999.103622039031	-1
?	-1	0	46.84718601950861	66.572403695987	884.4462503130807	13301.721371039306	2150.8771346778426	9573.450567598557	-1
?	-1	0	50.313758445570905	76.66998959367622	1199.2396627881517	-7405.752775659393	2271.267402089498	-6871.449246298355	-1
?	-1	0	50.68068549919248	-66.8184152527498	514.1586115301058	-2053.9072084749096	1807.30467236292	-6021.9794546155035	-1
?	-1	0	46.97283768293337	-119.24145490617435	1096.5443023644048	11262.65763856292	1970.1684293587184	5803.173092541146	-1
?	-1	0	44.718612753883676	35.60975501154963	1077.2914934582598	3190.477590291134	2097.4633269899814	10887.23875184571	-1
?	-1	0	48.753325433510874	-12.017843469401413	1256.0681818789637	-1683.8831554202704	2514.5303669510117	-718.2188639566164	-1
?	-1	0	44.1177205804136	127.76875695935917	993.097335687245	-14395.881939173703	2061.55238379215	-11358.949977275723	-1
?	-1	0	55.14176328147892	377.67701382595993	536.2740849202684	7146.526192213958	1946.5828680872175	8990.146128565284	-1
?	-1	2716.255401829774	63.00157127171186	153.73087210342356	1350.423645297948	3872.429486127782	2511.0596902204206	2312.2290223446353	-1
?	134.81277009149065	2563.984932347125	62.82830688665021	147.36077616595767	729.8955592266602	-18415.086628108285	2062.194319204451	-12228.861052129194	10.67748791795159
?	127.19924661735806	-2716.255401829774	70.36961008000985	184.63483156914458	429.6693138925207	4896.575336602062	1899.6166376139522	3739.8546178705797	11.901419907551906
?	-1	76.72947338411977	72.06004846510757	25.57087816335062	974.7243260567668	5497.745144864509	2249.1870500979826	6817.392976433933	5.07456486841124
?	131.0357202865641	2542.135072343485	71.6481539881774	2.4009275712995417	704.55657113575	-12920.282525174021	2240.4862864356537	-4595.176251468172	10.58766972253778
?	126.10675361717605	217.15656589319823	72.18009484367255	-27.29925497801464	328.7101997980566	-8050.599451740399	2019.4282375245707	-4117.567660849823	12.321672592105864
?	141.89354858122417	892.5562202968653	70.28319123927665	15.302335541257502	302.02659854872434	-121.29779863530585	2034.6079033931596	557.1016726829487	9.942617136123356
?	170.73456463201995	917.3504175342521	72.94521162073544	11.896630633790553	322.6453098662912	659.3915998640316	2047.2833211587185	-4597.538416964588	12.648957777046931
?	187.76106945793742	1260.7023828833896	70.87802277096618	145.54028684314167	334.9961785419264	3419.4162952142306	1804.730982544927	-12826.749115387584	7.448661170003846
?	233.76968377619033	1405.719059348451	80.22222596289262	100.64963895687639	493.61612462700515	2893.224495862465	1405.9458653893303	-12031.894657211704	12.288597785975032
?	258.047022425361	467.63817872806175	75.91050471881007	-118.08544315561139	479.6574033350517	-3276.5798807053707	1203.1362496843333	-3137.7879733568816	16.20784368995084
?	257.15159271259375	-199.47229838978387	74.31795380511197	-308.30462333647506	329.7871305917343	-863.8034225414665	1249.056466721484	-1180.7589573462078	17.55360861948616
?	248.07340750587164	-170.2277728889213	60.4952735519861	-101.43230722914238	436.46723220797776	2753.1299000152712	1144.098301817022	5861.6637791340445	-1
?	248.64020406814757	-325.0940425062594	69.24633844365478	359.2819730559353	467.4436255924998	242.1026915514312	1542.1396556781904	6755.958721941437	7.783292682540484
?	231.81870538055844	-686.8147969802816	78.45937220478312	106.1642677069809	448.5723667855495	-2537.635898231171	1481.8962379140987	451.9767045725329	24.003321501572053
?	214.299464219133	-575.9724156088206	74.5545518290039	-2.0827758074659344	340.56183068093947	1359.4397920157758	1564.7384909068173	475.33184742303325	13.027603925634603
?	203.020084600117	-380.2312542775914	78.35523341440982	70.77954104242777	516.5443563863393	4761.833387067903	1505.6628302852507	-3467.160106975153	11.443176979212286
?	195.28790150525316	-215.74759824470993	78.09352888112534	10.899167973023639	578.653500034338	924.2831092509487	1391.3804855580572	-1043.5541610603048	22.568849702941485
?	192.23270468788135	-422.7042145610144	78.90019181306101	-30.416398058463436	562.7585118488873	-4084.2174848297564	1453.4851222322347	1983.5447087790308	21.336018741826653
?	174.15269077720214	-384.7192217793289	76.57270897820214	4.739949457011722	374.44262579284725	-1335.2654187333137	1490.5577209970102	1955.2475110991868	12.405809453063132
?	172.99674359891463	-108.20459300684053	79.1371892859116	-80.42071066701595	495.9952409122207	2712.5074250622847	1551.2474977871955	2154.441094745995	10.158594805185727
?	168.74246112686004	20.9803035018396	72.55167344485129	-343.93387821061947	510.0679970459634	1416.7436582487007	1598.2797757343114	7025.515027533943	10.1147297367868
?	174.04575877400663	580.2220661026333	61.94049537538039	-5.327521961572681	566.8324238246568	-3328.3159542917533	1902.5232491638976	7533.837102691929	-1
?	197.75356443199212	178.4638493695255	72.28529734677265	196.1205793165532	343.65219933137337	-4811.395277416019	1974.9716308689133	4362.803377550828	13.200967538639851
?	182.96895124248303	-279.82111610975494	71.74652434120819	-17.43729416599738	326.2626599538524	446.19793258021605	2120.663418041442	-2085.753754018008	13.591241116126431
?	183.76250862650417	46.944235158476786	71.41343263847277	28.914592246053573	365.9620959603845	5277.94825616911	1870.6839431680114	-19977.954622790323	10.121439631660659
?	185.3161630004069	-35.43085596294083	73.19225395351089	4.5858145569769055	590.1600727623116	2115.5045419415187	1121.7656869019117	-14905.853955072715	14.84124124533811
?	181.9909658283571	-301.415551143389	71.64272336632162	-89.15004873839096	471.73732305746194	-4865.720831955046	1125.3912454143651	6000.635135410467	14.566229457368939
?	170.24538544323724	-203.2326692438965	68.73475151659127	107.38171634135274	346.87403116455584	-1971.186353867502	1421.7974436724394	14105.581993605405	8.61615785451594
?	171.82933236616213	25.601523857462418	77.01180918338933	144.2336342282385	373.17800536408544	721.0044567874979	1830.6703450946454	11011.600203960626	17.83866239865609
?	171.52546163611038	-61.89292180391445	75.9464332280033	-55.73026810215885	382.92425400393125	158.19809383339705	1972.3774538704786	3778.5556573355334	23.731308037486862
?	168.73468627596637	-105.65173890810703	74.22529577828135	-32.07542201581714	381.0879100557554	-0.9144359698984642	2019.5981279614248	824.7232107796682	22.35872477116521
?	166.24287469070495	455.8928930008327	74.34266212721242	-33.056021788427856	382.87853220543633	1108.7225901170555	2013.6136144094626	-2170.736876622378	23.239760442265464
?	191.52933092600833	4294.508326552276	72.57249468885993	-117.41396964147246	436.52403956160896	-330.5170061061413	1911.0612841303043	-2493.5961698878154	9.712755764479716
?	380.9682910183218	-3850.5866185201116	68.47196364513872	-216.95596472315805	366.352681900129	-2698.6577754952386	1888.93380591507	1601.3622075876083	2.2770583061362433
?	-1	-4978.868286855579	61.72469645270188	-84.66436475465194	301.5911507868451	-1197.9477760856378	1991.1293945096859	119.81060707621339	-1
?	132.02487667553933	2642.0346167112525	64.23874540740606	205.5692553365886	306.4552930958463	1524.7221809756206	1894.9243362688808	-1238.5176515821884	4.806665090020088
?	131.1017308355645	3.472493141496735	72.00315921953145	194.59698841026503	377.8272598356272	1691.9974789596652	1929.2035119305756	1163.8818326170638	15.335961752924746
?	132.19850133261417	35.55430077973035	73.96859482791945	49.32022288804192	391.05516704383075	361.91296883453276	1953.1184278997348	807.1203762792696	14.704773737772786
?	132.87944587455104	12.827410315593783	74.46917036393359	12.300351628754068	395.9229082773541	145.9952706527874	1969.5595307445396	33.00969117468365	21.91963004408537
?	132.83987184839387	-6.812921535721347	74.58361240935716	3.0199901555897237	398.3549305764702	53.26868911903072	1954.768912458469	-461.9606285654507	25.73595771285759
?	132.53879979776497	-89.96635473817079	74.62016987171307	-59.103201745796255	398.5863427333057	-29.121305749440168	1946.4614993162668	-1137.532251375994	13.00021084274005
?	128.34155411148527	-154.2096001653679	71.6284523220673	-161.38325397745032	396.8988652889982	-1447.591826358563	1897.8922998896685	-1315.2126371121217	8.609395440275467
?	124.82831978949646	8.832875139595886	66.55100717284044	-128.0939853624024	326.2067514153765	-2068.866279181092	1880.7008674606598	-1346.526659479172	10.274435911879293
?	128.78319786846507	253.67494541420066	65.22375305394709	145.43140896197733	293.4555513299421	1422.92686831937	1830.565966915709	-5406.730466056975	9.705368640870312
?	137.51206706020668	4589.168346581499	73.82257762093941	34.71553304797603	397.353094831346	315.23767712552404	1610.3643441578072	-2081.76546532776	11.2374055082965
?	358.24161519754324	5486.670698423834	66.95952970634592	-243.74164627707154	309.21743518621855	1265.530374446702	1726.4776936493195	7118.85149418188	1.8218956700067277
?	411.8456019814023	-3992.242407255048	61.63549530708566	185.16542531100347	460.629613553682	2763.1799905170105	1966.3069188669062	3774.895731311559	-1
?	158.629494834788	-5086.286515799588	76.21780097189622	317.0207682822252	447.37643471207105	319.1431262426977	1915.2224802149	-3980.323573532435	8.521374470489725
?	157.53127619141927	-132.48213371761022	77.48653372119715	-20.69270973019626	476.58676986581713	104.68723257695238	1767.2907401902817	-3208.931915677358	21.198484022047374
?	152.0053881489074	-298.72181810482317	75.1831654853864	-209.22609191238038	452.61079634091874	-1136.0418527576846	1754.77588443103	4484.438693020884	16.25323785718196
?	142.5951852861779	-3060.1077629781043	67.02522912557798	-187.08713527164366	419.7846772279321	3630.8795822616726	1991.512674841329	6919.88644422058	6.3782998534108275
?	-1	-2871.9037057235173	65.82880872180408	-122.34051389281444	634.154775454005	11296.023191473445	2100.770206642064	3937.5624187394974	-0.18756495256066452
?	-1	0	60.90820343093717	-201.77795878566312	984.5858368016123	626.5933901236988	2188.3907957783067	-2755.2913899087043	-1
?	-1	0	55.73991078252078	-105.53371248023757	665.4844449601903	-11583.190720257644	1963.0056371466267	-13477.863203624314	-1
?	-1	2458.2117607450145	55.63151780692522	45.441196168560715	405.4263007887219	2454.458855833376	1514.4976355970814	-1604.6867002236513	-1
?	121.91058803725248	2556.0749536226876	58.01197059094885	247.90887514572108	788.2073877518609	1958.0620991323538	1882.771302135443	-7019.891293569563	-1
?	126.8037476811362	40.1380069087071	68.02696156421145	193.96452248994856	503.329405745341	-6763.175071904738	1163.5030709185983	-9821.068769874993	9.187123785717704
?	123.91748838268786	-37.03601048855778	67.71019671544642	-41.40735509669722	450.0486341566192	-4011.9858033774344	1391.7178636416863	4633.564490712741	10.66815843913779
?	124.95194715670829	109.32316274848732	65.95659380937656	58.45453455698307	302.7301155764664	653.6591574200324	1395.1812954542386	-5079.010590531676	8.825798279148696
?	129.3836465201123	-89.68852267137933	70.63292344329561	-89.63126027914981	482.7315920276213	7544.324397229055	1137.767334115099	8816.8250151177	7.8992169135441825
?	120.46752102313926	-2607.672930402209	61.475030795419	-374.3546818307619	679.9463354379245	2369.029178437894	1836.0225462101298	4387.577918751177	-1
?	-1	848.2693651038601	51.91518935175725	-85.84146734945028	601.1830509495177	-2061.816085136966	1357.146230052661	-10865.509771793073	-1
?	162.88098927833286	3174.657732413153	57.18295742794643	243.89331825945413	576.8555311810748	-4484.294886140543	1292.7470576204685	6742.09500412238	-1
?	157.7328866206599	-3277.6197855666105	64.10985526473013	-79.84458913029386	376.96830664248733	1239.7221647276667	1694.2509802587847	14566.997064742702	10.787684690354482
?	-1	1824.1606116121018	53.19072797143168	166.95792231078818	638.841639417459	456.33436928636377	2021.096910857614	5221.548824441386	-1
?	248.9409172012663	4728.765013692176	72.45775138026966	333.99425310879076	399.78502510680585	-5694.677702153348	1955.3284214808577	-1640.8780699673337	12.648609726610166
?	235.43825068461214	-4998.818344025255	69.89044062687145	-304.2311204559656	354.10775430978754	-1941.289896664823	1939.053007359246	-397.6032709088793	19.76534936559162
?	-1	-958.457920040658	57.24619535747116	-143.31024015127193	302.7205302735633	3838.123641840009	1935.4482579354135	5062.793773969257	-1
?	187.51535468257856	3269.745167828371	62.724928619307754	121.69617291696508	546.0139364017907	11877.681862385509	2192.1926960577125	16975.00210775421	-1
?	162.48725839142088	-3770.307093651518	63.3310040033195	-275.77506275249584	896.6046233928472	-3213.9878072080714	2784.198363323136	109.83552600455212	-1
?	-1	-3269.745167828371	48.93617548168277	-303.26117543961584	385.31454604138486	2508.8111521927235	2197.68447235794	-10711.210213338147	-1
?	-1	3408.8597701821095	48.16794523133849	181.21187628696572	1022.0451810024852	30600.31804281856	2248.637852656221	3654.353156820346	-1
?	169.4429885091079	3195.088862901569	57.99676929603118	478.7319008059441	1915.3304481823345	-11751.040873305885	2380.40213019896	-12618.917053056774	-1
?	158.75444314508073	-410.0738801549657	72.10454027163604	4.105805808517372	434.4931373371826	-21822.048083866346	1617.6920000033736	-5034.348806332174	9.679511720486897
?	148.9392945013593	-3195.088862901569	58.202059586457054	-277.3355730231038	824.2280439890018	4337.189959958075	2128.684689882348	-2011.6585476430132	-1
?	-1	-2998.7858900271435	58.237761620480654	-114.96767372073542	651.3526353350894	-4440.191105782638	1517.1090726212215	-7726.286286096341	-1
?	-1	0	52.4536759004202	-198.22076846276732	602.2184886998667	-1181.6577353840753	1742.3703755775252	9784.22736477066	-1
?	-1	2891.9928389624897	48.32672319734215	261.8005897878821	592.2697485658848	5178.201195942255	2006.3204408597614	578.9324856793483	-1
?	143.59964194812653	2902.8559636254445	65.54370538981449	472.1366718294932	861.1285484969832	-1935.6841033656756	1771.316999861493	-11353.604166081497	1.8868072970756478
?	144.1427981812743	4755.198250036006	71.93355678881714	-56.5252873571554	495.48554339759966	-4435.995058083293	1438.6402325556785	-2915.0683270315353	6.083800919534494
?	381.3595544499302	3006.16834681667	62.71744102195668	-66.97787102979864	639.3287955928154	14719.362821703458	1625.5635835099142	18477.150295521056	-1
?	294.4512155221099	-4090.0199680425103	68.58466323732716	381.7763079474183	1231.453684482783	-4984.577057593984	2362.4977473317444	1895.4207957997328	5.334993193252946
?	176.85855604780178	-2395.399254340303	81.80625641932787	167.2520656717076	390.0999427131126	-17430.151150797978	1720.3346232999022	-18430.044510943382	13.79139229680592
?	174.68125280509307	553.8454796507814	76.94726652091266	-98.43232979767467	359.94612694287184	724.7419965081575	1440.9955217845622	-12195.494054226141	12.057793935457624
?	204.55083003034125	1005.1741610597905	76.88463992944406	50.381185151408225	426.337042538521	4946.356351161867	1110.5599205885865	-10798.343856321886	10.691018845341553
?	224.9399608580833	221.0945293673566	79.46632577848311	-198.03379290037813	607.2639445009687	7029.327399001016	901.0783289684603	21292.237548541885	17.227556235753706
?	215.60555649870923	-1494.8278775991678	66.98295028442502	-343.9636248720843	777.8034124885768	-589.1593693182069	2175.171798015696	16309.365205595877	6.338967745324627
?	150.19856697812386	-1716.9810714160435	62.26814453487865	-25.534729898789898	577.8059760350579	-2786.5562453601924	1716.5465892482657	-7093.886973981584	4.0355672912215965
?	129.75650292790584	-3023.9713395624344	65.7062137894855	-29.08245231277094	638.4756002205652	13330.314861423314	1820.4774493166117	6725.086121136969	7.106691943785322
?	-1	1057.7265478711527	60.81402191924008	36.80946451107364	1244.321719106233	13308.49428448447	2052.800895305119	13040.749626453719	-1
?	182.64283032146423	3452.259221226848	67.54668701503921	330.36740252154175	1303.9003144447981	-18781.28195720252	2472.514930639307	-872.5954582272256	2.9646402778313097
?	171.61296106134483	-526.2566570773611	77.3323920453174	94.78082463380652	305.2576212460939	-21570.62634923081	2009.171122393757	-2914.4939818438656	13.594150863706421
?	156.3299974675958	-119.14635374123806	72.2857282467296	64.26676532831772	225.36899698324225	1169.1829195243797	2326.7902315471115	-6572.315967383649	8.629951419443904
?	165.65564337428285	151.73689806309835	80.54573031173334	106.46277496289079	363.7167672223137	4499.436337059316	1680.55532402457	-16211.677077704922	11.72525905608275
?	163.91684237075083	406.22419421238067	77.60886699487422	-132.6296071534831	450.3408138362113	927.3931641684196	1516.2063776618538	-88.50505182223843	12.245166018241553
?	185.96685308490217	825.9470754809152	73.91424995405909	-52.097815745940295	410.08642543073535	12.08351632519094	1676.130071433458	7863.786852568225	12.165719105957278
?	205.21419614479717	148.59244648184261	75.00397620757717	-8.194847217504442	450.94498965247084	-626.2584660524274	1909.3957202902707	8293.272273551447	14.58156765976985
?	193.3964754089944	-883.7933747423534	73.50450759318386	-187.7701440142714	378.77350212811353	4405.512303674715	2090.793685111036	7518.6026106392665	12.290566872212718
?	161.02452740767887	-3887.9295081798327	65.61546900686346	-330.83081619206183	671.2206048362098	2713.865714372256	2285.3258508222393	-1332.4022846827795	9.411775432358056
?	-1	-476.58782614236765	56.962966783580534	90.93578605012164	514.4667878467283	-3771.55022980266	2024.1735708768963	-19956.981633548086	-1
?	137.195136100561	2709.2223662951137	70.16225830936945	342.7015295998639	482.6430933460808	-872.2931170403048	1287.4767691448562	-19900.82691863028	8.416858099462909
?	134.4611183147576	-177.7713900430891	74.09804326357397	54.077624271707606	470.8521319947124	-2739.233748353683	1029.1322249453683	-1598.0078632553568	14.247070595469031
?	128.30656659840642	-49.75104408100478	72.86613952295487	-53.681355929199505	345.68140592839467	-2697.706863948727	1207.5763759820873	7501.727738858379	12.937348327531586
?	131.97356611070734	138.9539636113412	71.41397546711396	56.43374954360217	335.96678879727415	1017.66105754988	1404.2186118882926	3204.509744711486	10.970149200604473
?	135.25426477897358	124.44659795812578	75.68782700013502	-58.71747972623384	396.5644588058894	1138.8495054467885	1367.8018632176638	2924.8296543923057	17.029793660888576
?	138.19589600861372	363.1798176814851	68.47810148080222	-26.46477969812272	392.9092640696144	731.7074794245683	1550.46009460791	5330.937670918235	10.3523986492704
?	153.4132556630481	201.03284546551149	74.36458801522886	-127.13645949984316	433.1498327771183	-784.7026626070444	1634.3487467635794	1710.8298061314038	13.516529473733007
?	148.24753828188943	-3088.265113260918	62.121278505809975	-378.8245674672345	353.6741309392616	2223.1466779437246	1636.0015849144813	-2844.6960539206025	-1
?	-1	2.3022371741279484	55.42335964186687	186.95178517108934	544.3071666743061	779.3959996573532	1492.1139440675472	-7478.995076707468	-1
?	148.36265014059583	2972.576271837526	71.46886776436458	452.2728430078008	392.6439309221298	-2215.3724677758196	1262.0518310791026	1145.0435433779257	8.445035991284078
?	147.6288135918784	-8.057946151283659	78.03700179225723	125.54424094163286	433.5385432855136	854.2617326403573	1549.3661212364443	8554.714969533354	18.327528181400076
?	147.95975283303164	13.202019924694735	77.74607981144631	-306.78459508572394	435.3570175541483	-277.3791325380416	1689.7875795557763	4115.989377090656	17.178456470620866
?	148.28891458811316	236.59225940876814	62.697772037970815	-193.68913295324583	419.6695866586113	-700.8725755751109	1755.16559009098	4907.912101477867	-1
?	159.78936580347022	-60.58174151892472	68.06162316378388	176.85972418347595	400.31338877539224	-258.70128691543727	1935.1831846296732	-7893.692071554162	4.822339495630692
?	145.25982751216688	-3215.787316069359	71.54075824714474	-139.48007792874975	406.73452231283926	305.4985873719854	1360.4809865132663	-2952.6180840658562	10.238942157697947
?	-1	-136.95675585899073	61.08761926734629	-166.60327700820338	415.5883181439917	9269.74922775548	1787.5522804263783	18568.28882066344	-1
?	138.41198971921725	2585.068098712251	63.21059439673445	205.73503548583977	870.2219837006198	1890.2866897057759	2288.8954275464516	-15675.4272476228	8.663339892591182
?	128.25340493561438	-386.33011867682757	71.37437104163843	59.65286508105351	510.10265262928186	-8924.205343479274	1003.7809180452272	-20289.912038423725	8.121339662027353
?	119.09548378537559	120.47343219677884	66.19323765078717	-263.8829570263003	424.0117165266498	2264.3205184208737	1274.399825625251	22099.17569720546	8.161553927050411
?	134.2770765454534	107.49991890437845	58.180223190323225	-47.02539518073313	623.3186785503272	1334.8621813475045	2108.739702905516	18922.127337747224	-1
?	124.47047973059459	-2705.54153090903	63.84196789175048	42.78641673495311	490.754825594026	13962.344514830795	2220.5061925126256	9049.312508102728	-1
?	-1	-2509.409594611856	60.31954402707091	-96.05609815856943	1321.4359042918768	14994.144837664153	2561.205328310659	5286.849507344811	-1
?	-1	2575.5513235511294	59.03916298382194	196.25238914697852	1240.4620674772443	-16470.332228156938	2484.84866787987	-28940.565419454793	-1
?	127.7775661775583	2310.9342957007093	70.13216348441998	157.55246278233844	497.9192928840182	-13143.49534993984	1114.1770573378985	-14192.538447201263	6.980008900378662
?	114.5467147850371	-384.154091200514	66.91678612293897	-108.07651346152528	583.287299980243	2035.151253379857	1775.2217455197967	16921.098686350237	11.930932601472314
?	108.56986161753233	-2310.9342957007093	64.72833781134364	-47.50621698766299	599.6768555530125	5130.624390257614	1960.2319916554225	11017.451302704614	-1
?	-1	-2191.3972323506155	64.54147527355579	-32.26191385407116	839.8185194931274	4850.49679742254	2326.0943106550353	8606.556319749949	-1
?	-1	0	63.115242118640055	-66.79592044139118	842.2016954241429	-6900.92785229611	2390.559807642926	-11309.454892246771	-1
?	-1	0	61.20167925148618	-30.086496613118783	494.77212687831695	-8936.995189219371	1760.6215660426888	-16060.25817086741	-1
?	-1	0	61.610917287984094	-52.86888135957308	395.351935963168	-2359.0882241022287	1587.5468990995441	-2708.956642960145	-1
?	-1	0	58.55823518350749	-175.5792078750098	376.81771567320385	1940.0704014287587	1625.1737338946796	3344.204986411594	-1
?	-1	2205.140285836427	52.83195689423348	-15.274687813708066	492.3554560346073	-618.6680324356329	1754.7571484201262	2849.464187160989	-1
?	109.25701429182293	2291.77593591055	57.79450079282208	204.05566175448365	345.88431405142177	-3504.7313269436268	1767.646943252731	-4563.996540509569	-1
?	113.58879679552912	-16.61069237098507	63.034739981957806	112.89976341212476	317.11888968742346	-781.0836526813321	1526.5573213946445	1040.9383108999589	-1
?	108.42647967327366	-242.71310837065838	63.439488963428396	-122.20686416051163	306.8301314173546	27095.464075343643	1819.6938587977297	25738.482140446282	-1
?	101.45314137699603	-2188.5295934654423	56.92439677393214	-115.40082587227467	1671.892093454625	-376.1620717092561	2813.481428416977	2164.691527343326	-1
?	-1	213.23894194022708	57.66944766981458	36.780415502646136	288.02202783189153	-26601.746473955023	1927.9284351648976	-20976.324491423635	-1
?	112.11508847400754	2251.8671138187196	58.76341754906447	43.230674140448386	341.8047697568551	13973.744128436989	1764.6652038457803	6224.748247083528	-1
?	111.59335569093757	-2262.3017694801188	59.83098137683703	11.183784669157701	986.7092342537509	24484.953578063174	2239.1658475190784	21167.028864764146	-1
?	-1	133.43116702674885	59.322606782522364	169.4777667912949	1566.0524486600314	-10275.656139055809	2823.0166470840027	-11895.688775076755	-1
?	118.26491404227511	2329.2301663710055	68.3048697164019	218.6012774714759	472.9264273009531	-22513.71807505905	1644.3814087652322	-22963.789354297784	14.681043966694487
?	115.46150831855194	-107.8159635556766	70.25267065609631	-148.17902697875115	440.3665449070628	233.7555173862348	1674.8271793690972	3932.8574145649086	14.330413657412468
?	112.8741158644912	-2329.2301663710055	60.89591836746423	147.53031153859143	484.614203170265	13991.428596805366	1841.0242794934804	18787.165669282396	9.026902888217421
?	-1	6761.259741765594	77.62918623302599	466.07448862185026	1139.937974747341	4020.792484268506	2614.1854628332303	2930.71338334796	14.507696936132666
?	450.9371029527757	3425.929884260779	84.19964279855708	-84.8728809808906	685.6538273836932	-16016.640587833193	1987.5599486608805	-20199.711007544898	4.967543929296941
?	170.2964942130414	-4766.982547895287	73.3855421839814	-195.7365967268172	339.10594535567	-6202.7372514098315	1604.1999124559711	-3003.2106823431723	5.411043485241904
?	212.58797555800797	1092.3291251491792	74.41281296221608	40.78897509378321	375.5169648131972	4001.762054199123	1837.3994145437198	1221.7312844999751	10.651946572528916
?	224.91295047050113	-319.0845304108541	75.42499093867059	-82.94345644849155	539.194048065629	3965.659966994879	1665.2864766809707	-9744.051628840973	10.346420393013048
?	196.63374903746504	-1343.4249888428153	70.26564013979144	-281.25154897185837	573.799963162944	-834.244668647337	1350.1968331016642	-3794.9281892299637	7.832146945270064
?	157.74170102835942	-3952.6749807492447	61.36241349007747	-297.5649958461694	497.48181463326154	-92.737158461026	1475.5400672194698	4685.71739192381	-1
?	-1	-3174.8340205671434	55.387390347482764	-116.18867911056986	569.1631052398926	-698.679138247093	1584.482702697858	4911.993751453977	-1
?	-1	0	55.552979534548896	53.43150831318662	462.5478577209064	15007.3211283333	1721.1397547921722	17177.746409073276	-1
?	-1	11542.676584411478	58.05896576314213	25.855508421056815	1319.5291616565682	15947.506287340802	2443.370023151534	10268.480000717585	-1
?	576.1338292205821	0	56.845754955601755	-94.15917629375068	1259.923172087958	-7885.560892033206	2234.563754828059	-10783.481340764598	-1
?	-1	-11542.676584411478	53.35100694845453	6.71275071013729	925.2511170549024	8301.33359534354	1904.1959561132965	6830.334500551283	-1
?	-1	0	57.181392491108625	25.8585041218351	1674.9898518551408	7991.927026865874	2576.080479855628	7062.570737056944	-1
?	-1	0	54.643932154546306	-110.34883431228224	1324.8474683982017	-6901.858651467703	2257.3244929661487	-9068.139574202985	-1
?	-1	3046.3045844510457	51.663950775494435	282.1169209653703	1329.8969192817508	-19935.435779825042	2122.673501145472	-13891.534093898546	-1
?	151.31522922255445	3629.259125700166	68.74977820281502	555.8461388045739	328.0756794069354	-15744.386629120092	1562.7477882712114	-19088.106714225076	7.669787278234446
?	180.46295628501088	856.3754967753633	79.45625771572352	174.64720106504737	542.677587825735	5270.7571764772965	1168.2681654342048	-10271.348812195674	10.272455956946933
?	194.13400406132322	-308.5408111214521	77.48213825606752	-127.6186137772986	591.613538230804	-531.67145606794	1049.1803476614205	9683.580492631152	14.410013587460615
?	165.03591572893805	-1140.2675840796312	73.0753270268585	-381.0569857799764	516.0940150223377	1703.7707349154025	1652.4471900657693	24040.703191681463	8.549237437555565
?	137.12062485734086	-3320.718314578714	58.42928896706842	-235.33047590320626	676.8020749765753	9285.938052851614	2251.2155072455107	17384.22136760116	-1
?	-1	-2762.4124971467777	61.30880323169802	9.239626954875188	980.3909176649249	-861.9063511402342	2521.6582584458397	8626.092846739035	2.0755845404751163
?	-1	0	58.89127031481219	-159.13554852590863	633.706757419563	-5846.445249890308	2682.5201495824685	2574.5058799232083	-1
?	-1	0	53.35202580540248	-221.61681493738354	688.0686551704054	-289.1919280734355	2650.383552442002	-7204.793699923327	-1
?	-1	0	47.810429567942855	-150.48249983268803	619.247161015891	5740.652410230432	2322.280464586297	-5359.172286641393	-1
?	-1	0	45.82790081376797	3.922237874691718	975.101275681931	1839.1225012326788	2382.4249381099285	-76.7527181044341	-1
?	-1	5060.437770532619	48.00654146167744	455.5960632379979	711.2032860775263	-12305.894188985141	2318.4428286810753	-12596.864171975662	-1
?	252.02188852663454	5936.981603738839	68.60770397566819	583.4410234586292	359.80656623266526	-3898.655277367069	1752.5817295111365	-20986.739268961384	16.594188614515986
?	295.8490801869462	238.41818415103492	77.17859263460932	185.5811795970151	516.27052220917	5460.669688154942	1269.1058652329912	-15815.608200560655	17.612586528671123
?	263.94279773418646	-2926.3082706110536	77.88676295551908	-19.93215135250523	632.8400506404163	2687.5019819335994	961.8013194830925	8548.053161667145	4.447724782819628
?	149.53366665639143	-2737.1058405755557	76.18198506698404	-100.25761401289202	650.6456213058519	363.02009467072986	1696.5085233163545	4880.618658384807	5.2072416097120655
?	127.08750570540673	-538.9608673135994	72.8738822548744	-223.6841351294114	650.991055373953	1260.7109998196509	1205.8322524023363	7872.292795705404	3.3154062122039516
?	122.58562329071108	-74.09374333030948	64.99777831051331	-151.99832700381063	713.6811712968354	-2426.682321051964	2090.1231631016303	15275.960323565434	11.677634429296845
?	123.3828185388912	-254.53422172279184	65.27396590468376	-62.9367004559803	529.6569393213531	-4443.469433974546	1969.6302685806188	-3069.484486899166	4.996347989327332
?	109.85891220457131	903.9497098001166	61.85094328771425	-92.12023370639724	491.5076995981049	1348.7415177041898	1936.6489387566698	-9630.079824032422	5.218499863813023
?	168.58030402889767	1692.234135962211	60.667954219363835	281.9150405353498	597.0940152065635	3748.1297251346064	1488.1262773789908	-15881.403966145283	2.8679144722021563
?	194.47061900268307	1865.0812809829285	75.94669531448194	258.8578958314824	678.9141858548379	-700.5740561288658	1142.5787404493944	-8565.778976559483	5.29706060008508
?	261.83436807804543	1601.3374383443772	73.61084901093814	-210.3450907775813	562.0653124001198	-1381.4603114260567	1059.8373285510106	-1180.329016023608	5.182052300480164
?	274.53749091990306	482.4630154224803	65.42944077560273	-16.064335383610512	609.8411702835341	-140.78178058075565	1083.5622896482132	4079.002304927791	5.119323113723007
?	285.9575188491698	-21.1749222520106	72.8076322417576	259.64299972193857	555.0262233710819	-815.4675810989418	1263.787443797403	11250.343911370392	14.92738359563521
?	273.4787448073025	-1383.6293006900721	78.41159076169984	-29.751465411089985	569.0677912285864	-113.28279104073611	1646.0794852167407	7283.857205111809	19.727205201340176
?	216.7760538146652	-3030.4166079337883	71.32005897120308	-245.78703716091061	549.362083819045	-516.5162359026334	1627.9803040529987	-924.7044048793446	7.6480788111910005
?	121.95791441061095	-2168.4410138052726	66.12223890365414	-292.11175491968555	543.2419794334544	1047.6296753171152	1599.8442649727729	149.49774729977221	10.679969632351145
?	108.35400312440002	904.8812016705139	56.714471225218595	95.84127170832522	601.7435675849015	3421.6854062017696	1635.4551914179874	-1559.1910827989348	-1
?	167.2019744941373	1282.2607336960666	70.91430248907047	400.99517238209455	714.3262497435453	736.1422254492513	1521.884710832825	-2946.320374714568	2.2483831793231577
?	172.46703980920427	57.94334749472941	76.76422984432361	-172.56777537382246	638.5506788573646	3683.279978514888	1488.139172682257	5838.344214984262	7.940631074608537
?	170.0991418688738	972.4234136105324	62.28591372037922	-224.37969501006614	898.4902486692923	5516.826406327119	1813.8019215820423	11090.374257235855	-1
?	221.08821048973158	657.0252029523963	65.54524509382014	439.8852652693806	914.3919991737245	-9995.792004229936	2042.6578855440575	-98.42864060208146	0.7528924434474564
?	202.95040201649408	-414.4601311961592	84.28017698384856	369.53599509711455	398.7006484577884	-10118.580331194225	1808.8804895519381	-8623.297434837878	13.690314519720621
?	200.36520392992333	403.51818387163627	84.02204484867613	-105.8875476122943	408.462982614006	-423.6492132237114	1611.4930138021575	-4040.4412679660636	17.679358275960162
?	223.12631121007618	1287.6527699916755	78.98579960323377	-75.83145404859499	377.51818779660255	28.748993927617494	1606.858426153632	-8324.411681933907	13.005188722654452
?	264.747842429508	1397.4268907861256	80.23047214624633	-15.71577619206187	409.9004323103869	2732.5055456772634	1195.2724297054563	-8737.094152919406	13.809941344944539
?	292.99765574938345	350.1392687776622	78.20001079363067	-90.12762994606234	514.1434650804677	-1709.576399329057	1170.0037185076555	-3016.9283915523765	15.74191012564791
?	282.2548058683914	-600.728407939045	75.72409064894315	-245.1151175243884	324.42161234393285	-4391.333619605942	1044.4260101278353	-222.6316174653098	19.75403755377005
?	262.9612353524308	9.64024703744244	65.94425491741107	-389.6549688021463	294.57678410016746	431.90101474351377	1158.87213763439	1510.5930741712805	16.40810843308615
?	282.7368182202635	-5279.224707048541	56.241342208835555	-292.60297367403336	346.01666308110885	3117.9639596449138	1119.9556638364004	2563.5485461791495	-1
?	-1	-5674.736364405189	51.3141062337092	-159.17913212499386	450.47498208241535	7406.924432984564	1287.0495649433492	17561.576792790776	-1
?	-1	2863.7984934428	48.28238560258575	131.48202350408664	716.3628847303423	-238.75485801933226	1998.0345034759516	-729.9534005468182	-1
?	142.18992467214204	3395.0699834436346	57.88820740891362	438.92108876052305	438.53723918144857	-6813.9393231337	1250.5518949160078	-9429.351390693439	9.49886068533178
?	168.75349917218415	2021.8861626889575	70.22844004061221	274.9730444846207	375.6659185736525	829.8824477367482	1526.566933941273	759.1159591508477	10.686835185187586
?	243.28423280659135	-73.4423289517964	71.63685963314485	-76.74526734341218	480.03136156828657	1259.3702208307197	1288.5076928735507	-8867.63269667345	5.055088559557886
?	165.08138272459428	-1406.1421838874292	66.39117667344155	-196.81723322871284	438.6344296151894	641.5325730440395	1083.1852991075941	-4904.964886798	-1
?	172.9771236122189	3235.043024223467	61.79599797170907	-149.4796902040352	512.107990220489	93.35184384332005	1043.2594485336472	87.0888236183588	-1
?	326.83353393576994	2292.3552333952452	58.91719216323968	-37.302144509469635	443.30202180735546	-1326.1618058812444	1087.5397402885121	8837.830866595	-1
?	287.5948852819828	-6556.670678715305	59.93089074623556	-6.176078524423386	445.79989992642584	3938.8453971851172	1485.1509918634035	5634.524378331445	-1
?	-1	-3325.640861571555	58.60838823701851	196.06207426121648	640.2442916666141	1852.5024802593484	1369.2659592050884	-1166.3084271389077	-1
?	121.3128422034027	2300.569604715534	69.73399445929653	236.84595653487	538.4250239393946	-1869.01966725003	1426.8355705064573	-754.8370139171068	7.932957863089589
?	114.02848023577832	-309.9802415140572	70.45068606376218	-113.10068843437345	546.7933083041113	2611.15415241483	1331.5241085092325	8912.064837724434	14.133202524388503
?	105.81383012769962	52.88026920094761	64.07896003757777	-60.13050820768996	668.982731560138	1948.5431248151958	1872.4388123926853	12989.89410713298	10.197157931330697
?	116.67249369582574	332.566025232485	67.44416065337764	146.77033693001155	644.2204645448725	-398.7521969493275	1981.0188138658907	1270.5223086452227	10.026773512454854
?	122.4421313893241	78.42149172536412	71.41747688407845	-67.50017558642742	649.0451217126713	3053.4868498128276	1935.9649278249474	580.7258073366583	14.90886912368787
?	120.593568282094	334.59747644343173	64.06915187405622	-62.634710881755744	796.894807035516	4018.0970908575428	2010.055104232724	2714.8973110392058	-1
?	139.17200521149593	129.65506671985722	68.28574133999062	195.26681317902307	849.9499762555513	-9092.201842023942	2071.7097933769096	-3755.403372125776	4.699544360448184
?	127.07632161808695	58.79058244499193	73.83249253300751	96.06051514762902	342.2847149343125	-10169.936896223326	1822.2849356264326	-446.0410784971855	4.947022236807281
?	142.11153433374557	987.8329019007409	73.08876709737214	-38.5619543542609	341.4531314443778	1838.042302731045	2049.40773945205	2976.9641877637137	6.03741552016461
?	176.4679667131247	1087.8534336507437	71.90439481529444	-53.02546636145915	434.18683007086605	1101.91430430422	1971.1331450146204	-10169.383374653582	8.323476747363674
?	196.50420601628352	772.4963349758943	70.43749377929915	-35.278584335213516	396.54884665958957	-399.4853217669049	1540.9385707193637	-20523.7050921929	13.454163412514804
?	215.09278346191996	277.80640361667116	70.14046559853374	48.76890590503636	414.2125639825205	444.57154001494297	944.9478904049608	-10865.495379303598	17.054836771999003
?	210.39452619711727	-410.82085107264373	72.875939074551	-141.57481969585388	418.77742366033704	2740.67641388007	997.6638017541761	15047.886667135794	21.160988195358346
?	194.55174090828748	-4227.890523942286	63.06172461374094	-380.1219976828082	551.246384676526	5970.47143777494	1697.3422237617613	14646.287872456644	10.727723073875925
?	-1	-3911.034818165694	53.86983919041032	-199.48970327232175	717.3009955490883	1905.0848447237015	1729.9781953770187	2947.103430751912	-1
?	-1	0	53.08723945012471	52.87131541185299	646.5006269127124	19511.520713323986	1844.697395299359	16644.015725731366	-1
?	-1	0	56.513404961003005	135.63870683636344	1692.8770312153015	22188.267159462423	2562.1789816635987	15675.915394979325	-1
?	-1	0	59.86917479194298	27.790953939198918	1755.9139848858492	1871.5676316043307	2628.4931650483363	2162.9647488030387	-1
?	-1	0	57.90295265796297	-116.90583432697171	1786.4554127955194	-2578.549788600089	2670.327219103752	-1731.8615902755328	-1
?	-1	3308.7774793790286	54.02388307559431	77.38366490559476	1626.986495455843	-14032.607113991753	2541.9000855345585	-5719.025307421408	-1
?	164.43887396895377	4386.376877856948	61.77213590324276	387.5219199186761	1084.8250570959217	-24452.218133576855	2384.3759537326778	-11969.76374040806	4.848277422552957
?	218.31884389285054	1882.7514997184885	73.39997907152839	316.88916443710855	404.3755887769828	-11322.764637219256	1943.411898514147	-17481.73476501724	8.951504098422682
?	258.57644895487954	-984.9190329423882	77.61659412509842	203.8428563309426	518.6868252349509	2213.2893061073814	1510.2892154818032	-4854.294734795516	5.545413283716398
?	169.07289224573043	-1615.5976441472483	83.59212188807567	90.54312083193322	515.0400540823534	1264.2952662928772	1700.6971617743677	-3183.7651035404547	8.011423405328694
?	177.79656674751598	2529.4104994914064	82.14375016669514	-179.7023091210255	581.9015885495957	369.65534820822927	1351.1009603047783	-9442.259693904169	9.258157712256796
?	295.54341722030256	1553.1018312799422	74.60700643202426	-272.2887080420916	533.5228214927652	-3564.4086903795965	1228.5841770791526	2319.6969762632298	3.745577131628135
?	255.4516583115142	-2245.5417061807157	68.52931476459037	32.265101116952444	403.6811540306133	-2771.6323389503796	1467.0858091179414	13069.373096711597	13.312737692212576
?	183.26633191126518	-1330.0549683626546	76.22026148787191	339.04341141647564	394.9412045452442	1913.5631399424676	1882.0528319147418	3572.2657185833796	10.33022286383067
?	188.94890989338052	153.12565944523791	85.48148533541439	148.04043816473143	499.35931102773804	1418.985640682578	1645.699095047113	-13580.017310491441	11.278450007899977
?	190.9226148835272	-51.14287036597871	83.62228339610859	-239.70810128529536	465.8904865793741	-1854.6863038007903	1203.05196639016	-8665.914750301427	15.59373980637107
?	186.39176637508154	69.63273540059632	73.49608027114945	-312.74615728841536	406.6249958376972	2113.005024433374	1212.4033575320354	12984.201679079713	7.459938581023942
?	194.40425165355705	960.3397274123313	67.9849755316876	142.68337536737275	571.5407378010443	-1329.344474095788	1852.2620503441549	14197.34116558964	6.972336258179726
?	234.4087527456988	648.820595025607	80.63024903951819	246.76084451130853	340.15777213290687	-4618.1864126166665	1922.2704158115275	1114.9511542455525	15.460240567304282
?	226.84528140483786	-318.03327668076633	80.3230177572532	8.568144641146082	340.6314171702077	-338.68834295856317	1908.0096080564333	-3763.471273880269	18.11134711640012
?	218.50708891166025	295.23831448178305	81.0586562715755	-127.97301603957851	323.22335498497847	2051.300936631481	1734.0968521175114	1244.0542334837896	25.658727521932512
?	241.60719712892723	4909.414453749346	73.92436695527418	-307.7469650235894	443.1964640017832	2093.200752017783	1970.2123197306237	1754.417406439718	11.17573664154139
?	463.97781159913103	-4852.143942578476	65.67130802039581	-314.25348550404783	427.8833925858691	-2610.4973486944964	1821.8177224394985	-1998.0884747101015	2.419749928941302
?	-1	-5070.212503449055	58.211692680071565	-9.46963231800212	312.67159656705655	2282.454120692635	1870.3078959951172	4997.007833844311	-1
?	210.46718642667471	3993.060678540345	65.1978264044957	477.8873830669358	542.0060986205025	2402.4684837257437	2071.6681141317176	191.08035948174074	6.258968605841753
?	198.6530339270201	-225.435061384646	82.10606183341869	302.38937201729607	432.79502075334545	-2200.2176286052672	1879.8619139692044	-5926.9400548901485	15.27470360033196
?	199.19543335744225	-148.9744686084261	80.31729500536072	-322.6974508106954	431.99521719023755	2571.6471988554426	1775.321111387206	-48.14389978852364	15.563132184842408
?	191.20431049659868	-25.081820434491178	65.9711892928837	-421.89735971492934	561.3773806961194	2387.537487838888	1877.4547189797781	1544.5195508120794	7.173898236408354
?	197.94134233571768	299.303586620629	59.22242701961395	133.29812647303166	551.3720915821837	-1233.72976739727	1852.547088927811	1997.3190738743995	-1
?	206.16948982763034	-368.9686480091119	72.63609561653537	237.4866622952216	499.69089232625504	-4958.067104981227	1977.3206726734995	2529.074683004092	11.666280190774303
?	179.49290993526182	-555.7658844048644	71.0967601343752	-43.31806221449052	303.4687363331188	-4263.835582246035	1979.0008230780174	-2922.4684543658527	13.788704791488192
?	178.38119560738673	425.1834556865176	70.47019250581082	42.30539560860873	286.49911321395024	1202.6818176473444	1831.1972499552048	-874.9265266476199	17.89164866914252
?	200.752082719588	766.453585496793	73.21202991480567	1.4273958852709054	363.60282721548685	1830.7916265600888	1935.2544967456358	4994.776362865388	12.52234115520217
?	216.70387488222693	-4035.0416543917027	70.54156230007436	-304.1798428312513	378.038694541956	3951.510953119599	2080.936068098478	3641.0583307410325	17.17251866891628
?	-1	-755.298760880138	58.00303777324289	37.3167130942014	561.1783748714696	7365.248861416754	2117.30741328269	3478.372635187648	-1
?	178.9389368382195	2998.48831153352	72.40739795478446	368.07989691491485	746.3011376127989	-587.163178505701	2254.8546998578627	-10387.968982832843	4.512920416381067
?	148.92441557667814	-910.7485752825074	76.4070326189889	-186.6193165764043	531.8202159461841	-4835.976750674237	1597.9089641410405	-10797.592536875796	7.481340900358842
?	133.40150807409347	383.393201263332	63.07643212596411	-228.30566611695974	504.5023000790836	-1535.4762241113608	1714.9750730140652	5458.361713011477	5.288626822343849
?	168.09407563984502	590.2205144084094	64.99174931314074	155.74978635886472	455.046404740615	262.1893939486571	1870.8270497916183	6832.711559745501	11.655752898020959
?	162.91253379451436	-106.52304508188327	70.86392144390746	175.12543939117285	517.6117697765167	1660.4539573181423	2056.610651001345	739.9182920854887	13.615957727242918
?	162.76792338575078	40.28454213631391	73.74802128269951	71.07992428857342	538.0691026065233	-2002.4484181418109	1907.8229643958932	-9318.00170149174	11.895855317189959
?	164.92676090133008	213.86063407052328	74.41791765833618	-4.4232932148113315	417.4893488694247	-2466.915872836554	1590.7105659267515	-4221.935411428489	13.255400286330126
?	173.4609550892771	347.3511902479068	73.52685662195894	14.459347196661348	414.72330896469384	3211.2832409227985	1696.7261938244658	3004.8680536988404	17.138843972066116
?	182.29432041372567	-29.255461373387714	75.14088501816926	28.189649508160695	578.0535109155669	3062.49866232976	1740.9539686116957	-4873.305309548231	12.816430281720452
?	171.9981820206077	-514.5453709107859	74.936339097367	31.209118303357695	567.848242081184	-2137.4013615776075	1453.0609283470508	-2879.7265761772724	11.124109432000648
?	156.567051868186	402.98685994000886	76.70134093333716	-60.52811669346084	471.183442836685	-3707.0688230037044	1596.96763980283	7909.948545948874	11.24226950808239
?	192.14752501760842	1567.8411581993446	71.90993326269391	-251.55457277079034	382.4948009309962	1574.3116454349188	1848.5583556445001	4649.450465955494	6.274818193460228
?	234.95910977815436	-1197.045593450759	64.12361229479747	19.773627452638326	549.899025108432	2295.242355851579	1829.440163100608	-8794.21943643615	3.7611502152351264
?	132.29524534506962	-2152.3890506525463	72.89861463532584	144.91438830292049	497.25691872357675	-4573.789504267479	1408.8473838226864	-8401.713158931147	9.559401163454139
?	127.33965724552552	32.17816143396146	71.3693317099436	-12.095674128467918	321.20954989505486	-2534.686007550147	1409.3545051540448	2445.887718649603	12.352421588186852
?	133.9041534167677	67.54270821766954	72.29383092890244	-57.0179205809993	370.5226183460676	624.4084282823692	1531.1417697551683	4046.1668888079403	12.921524047435136
?	130.71679265640904	227.0796216565505	68.51843568089359	-22.78020463865626	352.42997130917377	844.5666201599754	1611.6628495944447	2995.0763466960807	11.8443727023647
?	145.2581344995954	255.97193241193372	71.15482069696961	102.25095923165068	412.75094935406696	1251.8059131406135	1680.8955870899745	1433.296536132159	13.92156909289595
?	143.5153892770059	-125.35799008680151	73.6309836424762	-237.22160513639597	415.0202669662053	-214.56219768228303	1683.3276764010536	1143.182743298564	14.54782614244277
?	138.99023499525524	-2890.307785540077	59.29374044014964	-383.33852290182944	402.02283946995266	5691.484179382765	1738.0547242549035	1132.4811880221816	-1
?	-1	126.98700104185083	54.46405749738445	193.05841923887152	699.5944759353477	938.2727187825723	1739.9517358021635	-11118.8154551537	-1
?	145.33958504734787	2717.3628836931243	68.94666140209336	338.0894906872256	448.93647540908194	-5360.4392534233075	1182.1139514972106	-8319.845419421636	7.712884581242633
?	134.86814418465815	-181.39525503218945	71.36853203174597	63.07066463740479	431.57251326417844	1338.487647187093	1323.9594648310758	6259.441039317819	12.726106860219577
?	136.26982229573827	-37.47500545233496	72.10019463396364	-186.23702132764512	515.8608577684375	-519.8143614834709	1495.086003463106	2428.3537307883644	17.996624327637324
?	132.99439391204137	-2745.3964459147264	62.05668096536358	-395.51130784819856	405.5817951900045	-574.4197248432383	1445.3771513704958	1761.662132987119	11.18156686303087
?	-1	687.6872401601553	52.32462924155343	132.4028750001794	487.1398715262752	-500.85891302198064	1583.1691101124632	8994.53436344112	-1
?	167.37875592004963	3301.127351408242	68.67682471537265	439.9495177886171	380.53884953890514	-682.1296574523734	1895.1038695425582	-2099.007954353089	8.055105779841663
?	164.05636757041444	-439.6022823485947	74.3221051309846	-14.443130931099482	453.03338865365606	1343.889762534741	1478.2187123948072	-9990.650638337287	14.892155277253616
?	145.39864180261958	-758.0310071370076	67.95466816881766	-88.66682105003336	447.73333766564315	-187.2542459317704	1395.5713376256867	-9704.84071557314	8.700579520021803
?	126.15481721356352	-424.2098440195556	69.88876407848287	-119.50291763025561	443.6706763570674	2842.3895659516625	992.9766766161433	9279.665467603514	10.868079629395293
?	124.1881496016415	-2543.096344271234	61.979522287304796	-239.34787613577598	589.8528159632283	4239.363349532917	1859.554611005869	17970.218346427097	-1
?	-1	629.317380249309	57.921370271693895	104.35937919676442	655.6388438337162	-3825.9539363184367	1891.4875939375108	-15106.594804369968	-1
?	155.6540186141074	2876.639864557989	67.19749124714309	90.23196153818248	398.55511914730374	-5037.368462319736	1104.2248707873598	-3777.6677102898075	15.964261270646528
?	142.83199322790148	-3133.0803722821033	62.43296834860308	-227.03498570811777	403.77042071772587	2838.1993965397164	1702.6042084230178	26803.41399163926	-1
?	-1	23.582477421079155	55.84574196173704	-23.623990253131332	540.4650889742916	7337.665655560268	2444.395570369342	9266.213708858923	-1
?	144.01111709895545	2747.7686222964653	61.2517688359465	322.5141477701065	770.6537034957445	205.11290159647777	2165.9148938659705	-29519.43338520963	4.7375740103408095
?	136.3884311148252	-201.52765608125887	71.9714493502426	206.82110058452884	550.7207340541156	-5375.755186373441	968.4239011088394	-23645.265314393175	10.586091953132769
?	133.93473429489237	-38.02086744828276	71.59282386517309	-89.50815369182308	501.8659441770686	-290.1167303576885	983.6516281462949	414.29768213302714	18.838407059437465
?	134.48738774241104	-41.890089688515076	67.49604166565138	-176.84157220734681	536.214897536231	-945.3110871273193	989.138785215491	4142.374900930206	17.496657092038003
?	131.84022981046658	-269.71079927295636	62.75074525480562	-94.96549352685058	454.600389820702	-4829.764859102184	1190.7703731928082	2089.8207280779457	-1
?	121.00184777876304	-168.0195797140887	62.74776698930878	76.6944493306858	294.72665458111834	-200.9097981347412	1093.6298216193898	7751.884916998628	-1
?	123.43925082476203	-88.02053119903621	66.58546772133997	39.62475637812887	444.5548999139648	7770.2929853169435	1578.364619042745	18633.20364671311	9.22612519717515
?	116.60082121881116	400.2952318948539	64.72900480821525	-119.67116671751242	683.241303846971	10475.71289037219	2025.2900039550586	13517.128086484512	-1
?	143.454012419505	374.2506751162586	60.60190938546426	85.63432003302287	968.3405444325816	-3489.5595222636716	2254.2210233669803	-21063.153316565906	-1
?	135.31335497462436	-431.91169222893774	69.01072080986646	116.40910902653266	508.763327733785	-13724.34430714018	972.1323381267486	-22426.741661268243	10.463749126496618
?	121.85842780805781	-79.95310570325842	66.42236483679098	-129.83013161221734	282.1233290755629	-965.5918138153037	1132.8839403035522	13646.492652075825	14.370126742975131
?	131.31569968946138	-79.40394129906169	62.519214229255496	-53.339608702686924	460.4837370430191	4796.042422296389	1654.4569707305495	6382.960353842036	12.337959846065443
?	117.88823074310467	-346.5765512244916	63.75538440165659	-98.29558045530166	521.9254501903857	10235.24315679553	1452.0319579956586	15318.761378823265	-1
?	113.98687212823656	-2377.7646148620597	57.60443520649034	-121.81362669805421	972.2458948828029	5772.398663980386	2420.3950396717237	15280.85510295302	-1
?	-1	38.20096020008296	57.664703066753795	126.08620796012721	810.5453833894092	-7762.143054068078	2216.0747131433204	-22051.970155957566	-1
?	115.89692013824073	2184.215707485607	63.908745604496794	78.0377227656233	584.1387421793935	213.26350752766453	1317.7965318738297	770.0910970862042	-1
?	108.2107853742819	-2337.9384027647816	61.566589205035015	-94.05325052576424	821.2085587657925	5451.657925368263	2254.579267997631	17911.09639224472	-1
?	-1	-2184.215707485607	59.206083078208515	-46.60437975861944	856.7216384478105	4833.823463836328	2213.3513514860783	1055.8106651805097	-1
?	-1	0	59.23637021710401	-8.351167363984354	1062.8997319576124	12369.2880391381	2307.3698012566574	1882.3106234291122	-1
?	-1	0	58.78852471000929	11.044060958388954	1475.1860404047243	364.6733601013323	2307.4668826575353	-151.5525463849259	-1
?	-1	0	59.788573265023466	0.8041599403490692	1081.1333999626793	1898.091591802836	2299.792173937411	3664.307515432731	-1
?	-1	0	58.828732707026745	-169.7317721072426	1570.0906199948674	11162.445425425576	2490.6822584291745	-5240.375400275569	-1
?	-1	0	51.301984659661215	-152.77292257003393	1639.255671233966	684.5374734018189	2037.7734039236288	-2242.5509708302206	-1
?	-1	0	51.19008657852494	-3.401763968926255	1604.3174936649589	-16333.70656570354	2378.554709887662	777.1173716866614	-1
?	-1	0	51.1318964612149	-21.795741164237487	822.5703429487775	-22249.318273818197	2076.6292725079625	-9770.374715370028	-1
?	-1	0	50.10029952031305	5.756336874080635	491.85157997403326	5345.9135537715965	1890.0359741191535	1691.3042409181921	-1
?	-1	0	51.419713304918936	-23.246173190836952	1089.866020637361	9505.49574467483	2161.1944845538733	5432.377600274931	-1
?	-1	0	48.93799086077119	-75.6696392272321	967.1263672077815	-4232.298147568503	2161.654854132904	1494.3447257966516	-1
?	-1	0	47.63623134355728	29.90118015155133	878.251113258933	5484.593504515648	2235.911720843707	4369.015187882262	-1
?	-1	4323.0498367201535	50.433049868348775	348.84898140094776	1241.3560424335678	-9985.217294347736	2380.10561352702	-288.8227919462456	-1
?	215.15249183601077	5486.7814082061695	65.07868041360491	564.4856317478243	378.990248541539	-15009.331188762155	2221.4705812463944	-14855.60331739395	9.612939942189888
?	273.3390704103124	2334.9352379370916	78.65733145574039	301.65671689248313	490.8894829954494	697.4183876580449	1637.325447657312	-7815.876495307169	7.00100691170131
?	331.899253732867	-2066.5408303778145	80.16151625822928	-68.38405543621451	413.86116792444176	-131.71581537005562	1830.6767564810305	4371.461373369045	4.599645504272543
?	170.0120288914202	-6657.985074657246	75.23812868392962	-250.38687831708856	484.3036922269465	3083.0703653096434	1855.8985163257673	456.9882396172151	2.6211644517671586
?	-1	-730.5331656508706	67.64217234237468	-184.09665739457546	568.0146861899261	-1272.3071083241075	1853.5261684618915	248.3384077666243	4.014898800172897
?	133.48537060887614	3123.4343678726823	66.03329581420071	121.24031013645974	420.6883368107402	-3864.513643978016	1868.3154367140987	2124.3692601315815	12.442869260029806
?	155.17171839363633	890.8065684057742	73.70418784919775	156.25686460618232	374.7890039910226	-930.3747166502869	1959.744631468472	5448.793000917972	7.437657758642653
?	178.02569902916548	244.39760504421196	73.84613904450994	-151.6995808877378	374.1696009782252	11235.093443057642	2140.755086760001	4988.931262812968	6.723062887370574
?	167.3915986458471	1247.0708747044914	66.11920880481075	-54.97430598600381	936.5436761439127	1696.4800829194119	2209.191194609124	-1583.4304879184995	5.467356057456506
?	240.37924276439094	1310.6254505059753	71.09742374520971	213.31383388427506	458.993605124197	-9377.40309428328	2061.583562364075	-3882.450348130696	10.587657290525636
?	232.9228711711468	-315.73269356366956	76.78490049902466	-99.18566890064598	467.67352142974204	2685.9155680710883	2015.0686772025865	2878.180898900523	13.867539254777844
?	224.59260808620724	92.5382583659022	66.13814030017734	-343.6108756745136	593.2893835277533	769.8303115420031	2205.4926073091033	2318.63774343144	4.331518784267569
?	237.54978408944197	176.68786925197173	59.604356715298735	-31.39431046451518	506.16503700684274	-3997.6916512129787	2131.00056437416	-3521.5591540431433	-1
?	233.42700154880595	-507.3403131575647	64.56842477695156	216.41670992412492	393.40480096710155	-2269.5794442386396	2029.4146496069436	-4717.230531972774	11.166612986783631
?	212.18276843156337	-478.72214114018675	70.42519221150513	69.92604188138344	392.68606479490916	-1632.4360287025463	1895.139037775518	-2469.8664474613647	13.4480536287525
?	209.49089449179627	816.6145809815723	68.06472687102078	74.66743219436701	311.7829995319731	-160.65368289435355	1905.9213272338736	1110.3199305994874	9.775212651616258
?	253.01349748064257	884.8990659456802	74.15856382122354	-127.3427645550267	384.65338065019137	1702.617047036051	1950.6550343054932	723.0747940706431	13.640433329778181
?	253.7358477890809	-576.1276840614253	61.697588643269356	-227.4658924992646	396.91385188377683	5020.858623431261	1942.0750669374063	2067.8391534578145	-1
?	224.2071132775709	-1296.630472589949	62.785269196260145	181.47650222703246	635.696311821758	2944.4276281205875	2054.0469919783854	-17331.603253605113	4.572514986537218
?	188.90432415958253	-1243.1374131272974	70.77141375462111	6.869366640228565	544.1352332898083	-1725.7888587660937	1075.4949042571384	-358.8345325989161	10.12994128708073
?	162.05024262120514	-92.72519297800652	63.12873752827158	-155.91036590144049	549.406868883452	5435.051902621581	2036.1052653484394	18671.375559148444	-1
?	184.26806451068214	-24.978137396832025	62.97589545954897	163.03030560239742	815.8878284208912	-4730.952836062269	2009.0636822145739	-1329.5543880162443	3.7831134707282716
?	160.80133575136352	-974.8268488574335	71.28025280839157	90.25586886579106	312.85922708033524	-8961.903859660106	1969.6275459476262	3838.290959656815	9.713303947290202
?	135.52672206780977	-221.92031804328022	67.48868890283859	0.579705120375414	367.79263543787954	728.4713549948411	2200.9782301974174	-2524.4913249653887	6.3943353326425445
?	149.70531984919936	310.60619690753254	71.30923806441034	148.60729642415566	349.2827948300778	801.0378262820825	1843.402979699355	-11527.861168059384	7.666342578787039
?	151.05703191318662	63.72241735961007	74.91905372404648	-110.28549309528202	407.84452675198423	1556.7359565889599	1624.58517179444	-2317.4423922520546	16.200917820011064
?	152.8914407171799	920.661800697481	65.79496340964616	-9.81034952960201	427.1195926595269	389.44910993956813	1727.5308600867506	8440.756359662499	5.87303464334931
?	197.09012194806132	1608.9079933757323	74.42853624756637	153.10272816715363	427.3169822489629	1328.6715465605703	2046.6229897775709	4694.297543030218	6.047383301477348
?	233.33684038596766	382.6540290965422	73.45009981800395	-62.71975945063726	493.5531699875564	1042.769977919911	1962.2457372382648	-6476.770662249404	8.916351998320911
?	216.2228234028887	-1572.1176473095663	71.29254827503446	9.405241755842875	479.4554811449592	1507.8340659509356	1722.784456665096	-15164.991132027566	9.984378538768926
?	154.73095802048823	-1769.8273947373802	73.9203619057961	-44.59192728519775	568.9448732851042	3497.7613645255956	1203.9961806368758	-46.26099447781987	5.627448359424447
?	127.73145366601844	-3114.6191604097203	69.06295191077454	-273.80633040908316	654.3435493712415	1495.4895901708862	1720.471406941205	5978.689594718046	2.4595500652127056
?	-1	847.5970366060595	60.23004538534175	-16.611122235920895	643.7193527936496	-210.23467173227957	1502.9306603727823	-9802.863555721484	-1
?	170.11130549632202	3460.731771451436	68.23239579897849	369.8969618920958	643.8318157846273	923.2582830820348	1230.3282291551238	-1925.952445477783	3.5294218569905573
?	172.03658857257426	51.57148368949135	78.7248934799468	65.26099764904835	689.882266947752	-1232.5273032833281	1406.6330380988918	2254.880980179564	10.466306473400987
?	172.68987968079662	-378.10997643409877	71.49544568143095	-228.2958668883207	582.20545062046	-2875.4056217432367	1343.0722781641036	517.3747498232586	5.849557526340244
?	153.13108975086905	-634.4474442334844	67.3101001355306	-149.73833281425854	546.1119858605881	-715.4017521992217	1432.501775590055	4046.0038716827758	-1
?	140.96750746912195	257.3855227458379	64.00852904071792	121.20123549561752	546.4353630104985	-1490.490578400242	1545.3724717482453	3366.7121235154696	-1
?	166.00036588816113	442.94899038894977	73.37016191031157	272.405566578161	471.58745694057495	2076.207230798084	1600.837381765831	-4232.091812591579	10.972268745231613
?	163.11495698856976	117.69336784556972	77.62880736962616	52.49383763109261	650.2457245504041	3339.0889721348963	1333.7678811186634	-2238.405776730501	4.357664208668399
?	171.8850342804397	827.58997015017	75.99485379186623	-110.27512397535773	638.5419055473221	1080.480043137325	1488.9170929293043	7001.622571800623	3.5194293809836794
?	204.49445549607884	190.9863550779842	72.1150511708582	-162.95722507077554	704.2697267072712	-1700.2792492782291	1683.8490097086994	465.5048303432093	3.477548927597025
?	181.43435203433904	-1307.5527054327479	67.84699253832734	-129.31360951765285	553.5279430834095	-4380.383676304417	1512.192334446465	-2021.302738598573	3.084964165269706
?	139.11682022444052	-637.8711699087216	65.64937069497546	165.030747654801	485.2505428920472	-1373.0016534850402	1582.7838727787694	7443.965041048995	-1
?	149.5407935389025	444.37706121074024	76.09852992106751	171.03361147126532	484.8778604091565	853.3907997603266	1884.3905864989201	4414.86882660408	9.050653845329695
?	161.33567328497784	4731.343598000753	74.20105126853885	-263.46605845551744	527.9200828800641	1550.971057642135	1803.5273141089765	-761.9677441897403	7.5035915348474616
?	386.10797343894353	7449.752421169891	62.92522699829145	-297.60885261993883	562.4264132912643	1001.9919818108195	1846.2921992894326	215.1162212886053	-1
?	533.8232943434776	-4874.130805333186	59.320608637541696	144.86748430252015	578.0196819706058	1022.177250963638	1814.283125173407	-3957.864690765089	-1
?	142.40143317228078	-7971.424867563728	70.16860121341756	97.45161501110208	613.535275839447	375.4153040446105	1648.3989647511753	-2684.46727333306	6.679491891227337
?	135.25205096528552	8203.715311909038	64.19318938809687	-191.90156159255633	596.7904471728366	-218.98423966361779	1680.059761506752	3358.588612555643	6.7700140073841375
?	552.5871987677385	252.12696608223422	60.57352313378961	63.09149793237107	602.5860638562659	521.7180355003569	1816.3283953789598	4794.52307366681	-1
?	147.8583992693974	-8292.233117286285	67.34776428471547	180.3695361704544	622.8763489478548	-1781.3593831283536	1919.785915190096	429.1945971564185	12.954827424356669
?	137.97554290341841	-332.4454442254402	69.59199994231246	-177.84902456441475	513.518094699847	-836.5630066859393	1837.788125236781	-6750.267092419808	13.219856822882917
?	131.23612705812516	610.4685909118318	58.4553130564946	-254.72926071716452	581.0481986135573	945.7187140870908	1582.2725605691007	360.92942829751735	-1
?	168.49897244901044	378.73160069698685	56.85553690645405	-2.4399173690131812	560.8040304042022	-1187.9521811309965	1855.8345966516572	9505.376503742147	-1
?	150.17270709297478	-3389.9794489801607	58.33331718804394	-119.46106682907812	521.6505895570066	5572.7966180024305	2057.541385756215	2117.05750606088	-1
?	-1	-3023.4541418594526	50.88248356500006	-83.41933316031567	839.4438613043277	5399.969716132089	1961.6874719547027	-2933.2760420220566	-1
?	-1	19.999999999999716	54.1623505300281	-1017.6496712999867	791.6490753636149	-16788.877226086315	1910.87758365511	-39233.749439093495	-1
