rowLabel	avP	dP	avI	dI	f1	dF1	f2	dF2	h
?	-1	3296.303582402912	47.1904381793655	1148.0808173357516	658.0654211667685	15783.840458543445	2065.3358832537206	43930.15494035547	-1
?	164.81517912014561	3020.906848014024	57.40404086678758	491.6254119054972	789.1920229271723	-7041.590586721733	2196.5077470177735	2085.446871159629	-1
?	150.0453424007012	-493.82270260055446	71.77170877464036	158.0913000283527	305.9858918306818	3746.815040156633	2169.608226811702	-3299.222992405902	11.253507347029199
?	140.12404399011788	-3020.9068480140245	65.30860586820522	-224.36985864463728	976.532774935004	16965.543131963885	2031.5465973974783	306.0696402264421	-1
?	-1	918.9338619310589	60.5532158424085	-63.904834284812054	1154.263048428876	383.6083230881673	2184.911708823024	-715.8608849445865	-1
?	186.07073708667082	3601.433855462386	62.11336415396462	318.8213273176458	995.7131910894124	-14969.84653606719	1995.753553150249	-21347.076592577065	-1
?	179.07169277311925	-305.7300274118672	76.49428220829078	168.59408621226538	405.77072162551656	-10594.91059335792	1117.5578791941712	-9833.092326052254	16.717118032438787
?	170.78423571607746	-301.66568944998465	70.54306846457789	-91.40077133467686	465.96766142151654	6094.25706280509	1504.0989368476364	14353.394270077868	6.0741104946944615
?	163.98840830062002	234.60804140660917	71.92424364155694	22.13357916592202	710.483574765771	662.4800000087727	1835.2275926980644	6109.558864731781	7.7810007889777415
?	182.51463778640792	835.2515643709338	71.64974742287399	137.48180346035215	499.09166142195517	-5593.677815920435	1809.5768800842254	5255.32507594498	9.10727034452048
?	205.7509865191667	408.6707977567752	78.79833381457455	-60.69338459288042	430.7996839697493	-1251.0888882455129	2097.9938464953134	8142.525818299598	15.177248953070267
?	202.9481776742467	29.45914151243014	68.61507819322996	-414.250390865896	436.53721700967947	684.669531718576	2216.7031709992057	-191.35259329653292	13.08584313914209
?	207.2239435947882	-4078.9635534849303	58.08581427127973	-159.90230160150873	465.03316055567814	9338.870428660564	2088.4262168304867	-4098.705322726492	-1
?	-1	-889.0686803862818	60.61996311315452	216.46082737822164	903.4807384427081	8361.486946899207	2011.7679048628809	-7895.680153651881	-0.5215077711796926
?	162.77050957547408	3062.8378279197627	68.90885564019082	338.3999797183891	883.1075079006389	-9193.507426118815	1693.6422091478923	-12211.200973829895	5.183994449007816
?	152.14189139598827	-264.8865308121882	77.53996209907399	177.52113789697842	443.80536713676696	-8942.27483575414	1401.2078561713856	-6493.257262165579	20.624983986793325
?	149.52618303486466	-34.65965523193856	77.78491253503975	-5.156459404855691	435.9937661129315	87.75339254248586	1368.9793460396131	-1081.8718582687088	24.338663444817254
?	150.40890863439134	1345.4238420068878	77.2821391288312	-212.31939631377807	448.19303676389126	186.33676419594946	1347.1142632579501	558.6232242652109	20.90017219450574
?	216.7973751352091	-3028.178172687824	67.16894271935084	-403.87851377171097	445.310604322729	609.3290364128717	1396.9105072528737	3085.37847669402	9.227943831108036
?	-1	-4355.947502704188	57.08821344024564	-268.4127459024132	478.65948858453487	1159.724513094597	1501.3831870926513	6212.08449939238	-1
?	-1	0	53.748305424230196	-153.75260146124788	503.29682997745874	5843.641513897316	1707.5147322224923	4767.056804103036	-1
?	-1	0	49.40058336718324	-137.46362058333563	770.8415642794009	9717.379806690651	1739.7360272978033	7728.801260966181	-1
?	-1	0	46.87512439506341	-115.6915710009108	989.1658203119918	-938.2074209244562	2093.9547952708017	1202.9588583491193	-1
?	-1	0	43.61600481713769	-15.97573584964961	723.9311932331781	3513.195178341315	1799.8839702152593	3507.987862018887	-1
?	-1	0	46.07633760258093	164.9939666130048	1164.8255792290577	15682.852172546089	2269.354188371746	16839.134136639175	-1
?	-1	0	51.86570314778794	122.55039411239	1508.0738018604832	-3622.51700839562	2641.840677047219	-8427.039666951492	-1
?	-1	0	52.20385730820043	-115.71556512149489	983.6997288092765	-11631.590133323054	1848.0022050241712	-14437.212854451718	-1
?	-1	0	46.07992489171319	-149.96855269196857	926.49429519433	-741.5497848947432	1919.9800343246322	4009.6058520629513	-1
?	-1	0	44.705429673602	-88.40456031973992	946.6222395645393	-1476.7268835503714	2048.482497627319	2418.1886741231233	-1
?	-1	0	41.65969687572619	-73.46573351942801	852.6579510168114	-1217.737720446063	2040.8894680307885	513.6048811751057	-1
?	-1	2718.819153212612	41.032142997630594	424.47852571616414	885.7353535422361	-4660.080729925917	2074.1627416860742	-4407.4589012350325	-1
?	134.94095766063072	2573.495233709144	62.883623161534416	705.9923757922878	619.6539145205153	-7574.1466314454865	1820.5165229690367	-8087.254500404926	6.864478031771128
?	127.67476168545731	-213.02659440606286	76.33176178724501	271.22582371473305	507.02802196996146	-2506.745924827559	1669.8000166658276	-2785.819589142036	17.18523625225716
?	124.28962794032756	-173.44171693601638	76.44491434727108	-15.870791625239335	494.31661827913723	-442.46954035033315	1681.2255435119348	-952.8262583448842	21.36397340421281
?	119.00267583865649	-331.27462715565144	75.53822220598305	-92.20398414491987	484.9045449524448	-164.948360460604	1622.1587037485833	-1392.298361492484	16.587188772636384
?	107.72589658254498	7468.809428032568	71.83471514002508	-233.04254393597057	486.069200256107	154.56780558450745	1611.6106254373105	-120.8280980626613	13.81777805225381
?	492.4431472402852	7605.817887599323	63.88609500918451	-323.2544968532355	492.63293523167016	206.74602951018284	1616.1172988454503	793.0345164971725	-1
?	488.01679096251144	-9868.862944805696	55.671990297363294	-297.55161998790174	496.4065017316162	958.1561232560902	1651.2623512621692	1491.4690160045334	-1
?	-1	-4950.924106182454	49.00851400978941	-109.09202852046879	540.5407413944747	-344.3371024097857	1690.690749645677	3269.4171489794253	-1
?	240.47058565338853	4597.948131094624	50.21738887133985	313.46790428330536	479.1896466111269	-3662.906839727678	1814.7332087111406	9669.611785072537	-1
?	228.89740655473037	-423.2605878955284	64.68190922395462	273.6426215790497	357.39539940809146	-1903.485825926598	2174.171338899302	5377.551311823823	18.325910973298146
?	219.30755625861218	-1700.9127234067425	63.89951995029229	47.66553771090702	384.0153553147973	85.68515797439461	2083.610774302331	-7336.499854695611	17.249500663752606
?	143.85177038439355	-1965.5411991789429	67.06518610949996	81.07785833848226	361.6796573068112	-256.92189776035184	1807.3463461645229	-6221.401039098463	5.813198227296962
?	121.03049629966539	2216.9284388800584	67.95341286721639	-35.78987355169075	371.1692604267798	-176.6235794112044	1772.5407223474087	-620.1384600284949	5.022557816623483
?	254.69819232839606	1182.6116773298804	65.27569243191543	59.429949817037695	352.848478336251	-1189.3020680879736	1776.3394231630982	323.6274637260624	-1
?	180.1610801661592	-2225.5939679394146	70.92491035806826	155.64151892131233	311.7041570223813	-627.7464184938253	1788.7220955337118	89.73290264698366	7.199504098205803
?	143.41849393142573	1054.9788310212111	73.05776837798102	-47.10840933169595	321.46115741155984	1782.0968815133888	1780.8260682954474	-523.1393862820933	7.908469718993992
?	232.91002171721956	1902.14602649913	68.56948989148347	-165.14031316206118	400.80900109805043	983.2284828766889	1762.5651262196072	-1411.4306014555318	7.467464462859766
?	238.52579525638188	-4678.200434344408	64.80075271987799	-165.3792785386074	370.6225815553941	2923.73907824	1710.254538222671	-1052.3798140026329	-1
?	-1	223.02001018626038	60.30052596455313	122.81565272033264	546.9959550100499	1664.187277894288	1709.9461355194758	-4896.696395475027	-1
?	249.67679576569486	4888.278707901014	70.9415353558946	237.42612334192756	453.8319454501082	-2627.7235493254047	1465.4197184489205	-3177.259722611559	7.79608560388175
?	243.41393539504983	-3119.80375030738	72.17183213164947	43.970115954291074	415.6097775437801	-1240.07308377881	1551.0831493888984	5759.318529852373	4.453177454490918
?	93.68660825032639	-1133.9724591581398	73.14004115360915	138.03397685483864	391.8282912611679	-677.2190509910616	1753.3856449415382	665.5777183269335	5.074682699340991
?	186.71531243714304	2177.981794694066	79.07353097439138	185.89475145836255	381.74882499422716	2210.5671374127164	1584.362035305245	-10241.002519784843	10.227006941537713
?	202.5856979850293	-1845.6475277811373	82.43477872652724	-138.92244091581026	502.35664813180335	2638.3786726758162	1241.335518952298	-6007.234372813794	12.599931178378252
?	94.4329360480865	-2445.4029388761896	72.12740892860089	-256.27840015365626	513.6677586280175	-2036.8960281911523	1284.0003166645563	-831.3145248233725	4.299316725591501
?	80.31555104122026	-260.8118212538287	69.62085871884447	-270.92460721780367	400.5118467222461	898.8544060141712	1199.7697927111294	3264.569775609264	8.741042746315559
?	81.39234498539511	3134.5415464635794	58.58117856771075	-9.11283415103728	558.6104789287259	1091.2798142042236	1447.228805445019	15641.507677121419	-1
?	237.04262836439867	2781.207480220968	69.16521701129261	201.55441293078084	455.0758374324571	-615.8944435243187	1981.8451765671975	7966.866935508584	11.888209858990228
?	220.45271899644302	-513.7672368853329	68.65889921424976	-117.07457154448134	527.8157567525101	335.6896421767329	1845.5721522204467	-4521.542273655421	14.022176799354991
?	211.35426652013211	-1354.00637343566	63.311488434068565	-2.1313454684957454	471.8603195412937	-3462.030020861708	1755.7680628844273	-2586.826656424714	-1
?	152.75240032466027	-683.26852574157	68.55233194082497	247.43821378097155	354.7142557094253	-2189.739209288821	1716.2308193992114	-3169.6298087890295	12.783172596336557
?	177.19084023305373	1224.7885128311536	75.6833991231171	309.28157632765783	362.37335907685303	2403.5365993651835	1597.2865724449764	-10403.192487835495	8.199173784271682
?	213.99182596621773	756.8913929514638	84.01641075720781	6.501442264343234	474.89108567768403	3248.8431164429403	1196.0711950074385	-10193.759531294718	16.097591211053732
?	215.0354098806268	118.79942548962376	76.00847123633426	-255.2983110950493	524.8155148989995	636.0469919162699	1087.5985958802423	-2329.2872549701715	8.542754238364221
?	219.9317972406989	-1.057976034712173	71.25149520245539	-158.0547277006923	506.6934352734974	-260.0105567843659	1079.6068322589304	8124.192427769664	1.3542549073799965
?	214.98251107889118	-191.5222748144448	68.10573485129967	159.32884676259988	511.81498705978123	-202.35465183504473	1493.808217268724	16843.09162634345	3.6599724491796346
?	210.3556834999767	-436.0230598004811	79.21793754058535	149.2685076745877	496.5757026817452	-78.0551472210746	1921.7614135760998	7900.033154815575	8.63511589394006
?	193.1813580888672	-314.7596132441379	75.56916023502903	-165.35544064930522	507.9122296987275	-2599.1348943007065	1888.8098750095014	641.022583622223	9.924704698733237
?	194.61770283776985	211.55859995186194	70.95016550812012	18.992913679766513	366.61895796671035	-2047.369385925496	1953.8125427572108	8009.127549710894	6.793258887406072
?	203.75928808646026	-19.35042847775271	76.51880591901735	34.6923520680947	405.5437604024531	419.3490440518341	2289.2662524950447	5456.724364207431	20.645212495228208
?	193.65018141388222	-374.1268064010639	72.68478311152485	-194.24044657272657	387.586410169302	-666.5727994853354	2226.6487609675814	-4947.217436048471	18.103646057869707
?	185.05294776640713	-39.41771506183855	66.80678359038106	52.28608092072581	372.2151204281864	2285.97999683244	2041.905380692622	-7505.623517463449	12.125454509582108
?	191.6792956607903	-191.97419596044438	75.29908715756113	113.1876757770716	501.8854100109236	4672.49713147907	1851.3675850944103	-4381.8108947980745	9.660083323280034
?	175.45423796838494	-336.49991457712935	72.46616737923462	-189.166056195627	605.8399770021391	2707.0724819021148	1822.814835952719	854.5790259274812	9.763074344611676
?	174.8542999319339	-3529.0847593677113	65.84078434777982	-121.85466207882556	637.2390341060288	6206.703567319016	1894.0965363907842	10239.968979959804	-1
?	-1	-3517.0859986386904	66.37343427529336	-42.65772977068253	916.1751553680888	18385.319227977245	2334.8132849507074	13589.134004532396	-2.5105917491065863
?	-1	3782.624787633713	63.7078978592457	82.07186547658354	1556.5049955048878	-8818.01477272686	2573.5532366174016	-23287.570607333768	-1
?	188.13123938168496	3313.034388108343	70.47702754912253	182.72696137010166	475.2744167317474	-20618.653150069178	1170.434754584023	-25368.24440494614	7.75228764173442
?	164.65171940541657	-1036.2420457233939	72.84424592775075	75.77331590465035	525.5723380014327	1255.7198930875586	1305.1410163700991	6548.753537527287	9.288682108409923
?	136.31913709551546	-817.2338910281937	74.26569334435503	-195.14713640395965	538.0604113861251	1764.1042113245153	1497.8724314603862	4443.745218674805	6.348772815433065
?	123.79002485400703	5511.961864935687	63.0868891075528	-341.04252923192627	613.7775485676582	1074.5110532495044	1527.3282773038386	3178.001309567528	5.0563126868287736
?	411.9172303422988	2445.5662199732765	57.213566882758776	25.019156083948477	591.7859640486001	-4838.831473948612	1656.772496938762	2523.513199720501	-1
?	246.06833585267043	-5826.578964338618	64.33784691175022	237.4528443860764	371.8359748702284	-4474.319116826396	1653.5039372898632	-49.33088721428266	-1
?	120.58828212536893	-2465.690181578889	69.08620910206255	196.3786611083104	368.07000820728115	3980.1602061779313	1654.305952578048	-494.5224979676795	7.421427410334032
?	122.78382677372642	-167.1779032281947	74.1567799671657	-4.130142394120086	570.8439851791243	4365.950302895153	1628.7778123914793	-573.6214940279226	9.1129397092701
?	112.22938696395923	50.09613371291312	68.87970198235655	-98.99792832554688	586.367523352038	-3346.9704140305153	1625.624877876652	-229.66814676713594	4.179413633889996
?	125.28863345937206	32.46516908192018	69.20688355088838	-2.191543265701065	403.4954644775991	-282.7752078140644	1617.2944050531225	-780.4450209239012	12.406040137049578
?	113.85264541805523	-251.64768753046732	68.7701248190715	-184.39915987143573	572.2287629613348	3989.0162607464317	1586.602626830457	1495.5121261148413	8.013710440640587
?	112.70624908284874	-2297.0529083611127	59.986925557316624	-382.21058843817224	602.94627751492	2243.609144840647	1692.0700113588643	1161.2051777279107	8.067045681214701
?	-1	2359.051797254348	49.65959539716295	29.640216300318905	684.4092202033668	1953.6828856727655	1644.6628857168523	-7173.005980451369	-1
?	230.65883894556572	4493.483709289586	61.468936372332564	548.2148503995584	700.6304217985579	-4994.250637741786	1333.4197123362972	-15717.183977674451	-1
?	223.67418546447848	-0.5776534949666277	77.07033791714078	287.9562588012836	434.69668831627837	-7896.901507867897	858.8036868331326	-6318.1750079241965	12.291890210955515
?	230.6299562708174	43.635056218697784	75.86674931239669	-132.1052908241193	305.7853464051645	-305.4181131766415	1017.5109619400885	20960.59469223467	20.933899696304252
?	225.85593827541337	-4632.599125416365	70.46507337593484	-49.24700499393129	419.42578265744635	9440.747013158223	1906.8334214448623	26025.718688938494	1.9411857180781582
?	-1	4015.605100959646	73.40439906270014	13.997453530970795	777.822697063074	1208.9677632657251	2318.7968963870085	2168.4011317987356	0.7148428926005919
?	426.63619332339493	8137.639517681093	71.16494605248337	63.614282557835736	479.8741708207324	-7421.471978964158	2015.2534780347987	-7195.986682881174	9.896801625736979
?	405.8819758840532	-328.57249471421943	76.58511319059191	-177.11859470134817	406.7490981148674	-1071.3020523995742	1958.997562242951	-1369.2674943850172	16.896227850725925
?	410.207568587684	-8137.639517681093	62.309016317415995	-181.23012475594416	426.30906820075387	3526.2035241060607	1946.790103315548	6064.036600368048	-1
?	-1	-8224.15137175371	67.52360695279474	129.53249441991107	583.0592743201698	15790.412290160459	2262.1993922613524	16256.26814142372	-1.1739514747600321
?	-1	0	68.78564103841153	-1.3164505509254856	1215.829682708774	28244.92192747301	2759.603510386731	13745.046269182089	-2.032637252111106
?	-1	3832.8392895355178	67.45778442524846	-23.204186717371808	1995.3053706938153	-73.45016830864122	2949.4517057204544	-6156.007181703411	-2.93610546402825
?	190.6419644767752	3592.5570970565864	67.62543170254294	226.49324620585497	1212.157174293342	-30585.724693677297	2451.8031513015617	-33017.678637880774	3.85541760902556
?	178.62785485282868	-472.55596074264474	78.78244673554117	122.47808013717007	466.0191360099559	-12784.210429995832	1298.5677738264214	-12549.118644929486	12.969269824325135
?	167.01416643964305	-706.5900114069441	73.74933570940142	-197.59848480045278	572.9466527935526	3494.3704160693446	1824.3472190550897	15232.84464207772	13.951240451571824
?	143.2983542824816	-779.1449064083621	68.90252249551857	-354.4468571381911	640.7376568134225	712.0900430594932	2060.2100059303048	5109.403796804172	10.152330277861878
?	128.05692111922508	-2885.9670856496423	56.02699285249193	-308.72196832448134	608.5511549465272	744.5077021426781	2079.8174088952974	-5084.240399756159	-1
?	-1	-2581.1384223845107	53.466424079294555	-77.0943463067725	677.9630419205563	104.31368578974607	1805.9979859424977	-5869.572868673707	-1
?	-1	0	52.17227553715332	-32.79914522232741	613.7668392360145	3434.421589677446	1786.338765461613	4008.9295343351664	-1
?	-1	0	51.82646681817819	-41.04362882465936	849.684121404428	17878.928515298074	2006.4444626592554	8381.493768748898	-1
?	-1	0	50.12009409592036	-91.61292829253132	1507.713265000915	9096.303234097228	2205.4134538990565	2852.231432994723	-1
?	-1	0	47.24582040355164	-78.32381941879518	1304.4992831092877	-7711.523589631156	2149.056034308991	-3803.6675940629584	-1
?	-1	0	46.20390312498061	-23.251793732472603	1122.1370855193586	-10538.849302231296	2015.2300741959093	-6109.139698867542	-1
?	-1	0	46.083230716928014	312.23997964494885	777.5568179977248	-2459.369545308675	1843.599049365615	-9376.38352189708	-1
?	-1	5178.9800246653385	61.815902107228	761.1817827281989	999.1686082539253	-6023.91095857713	1546.410898101057	-13681.914249022115	-1
?	257.949001233266	5108.606290305653	84.14231985333782	420.9151251104439	476.3612700688694	-11716.155151223387	1159.5033369145117	-8222.03785134908	13.435835704185877
?	254.43031451528174	-213.8567146382754	82.86165836275012	-43.5761506295522	413.36085069275805	-4088.664972745963	1135.3090055336045	935.3099230097893	18.108712236054444
?	247.25616550135229	-141.63396234184057	81.96351232186022	-12.165208084114497	271.92802143157195	1193.1885891898091	1206.268833065001	3584.346328059609	25.9381996377653
?	247.34861639818973	13.268168910248667	82.2533979585444	-48.91386611307456	473.0202801522483	5564.9934002799255	1314.5263219365843	6422.365685337713	20.71672916223876
?	247.91957394686472	-160.22349958249947	79.5178190162065	-73.38981728132379	550.1776914455672	-1707.234648879941	1527.3871173318855	-8013.917878884723	26.271702041315528
?	239.3374414190648	-871.4321362939361	78.58390709447822	-127.87303116365695	387.65854770825155	3629.295192907488	913.8304279923495	6384.012600280375	23.88103774084059
?	204.34796713216807	-1358.5626773234342	73.12416745802368	-231.7818914038389	731.642451090941	3955.7607518267846	1846.5877473459032	15955.743637325142	8.720973723210381
?	171.40930755289332	-4106.959342643376	66.99481252428632	-266.9004244459542	585.4465852995901	1824.0465771419642	1711.6176098586038	-1519.6905271074875	4.7145361770246135
?	-1	-397.7082940925757	59.77914623572602	-110.42869107802358	822.8447799480389	4556.559030836747	1770.603220990529	14074.01664744268	-1
?	151.5238928482646	3198.0410726357045	61.47337797038516	289.7677096327017	813.2745368414267	-9289.969028229387	2415.3184422307354	4986.787865739351	-1
?	158.90205363178467	197.52464940733162	74.26753171736105	322.2509383537337	358.34632853657115	-8999.962346283488	2019.9426142774957	-6816.1467033095205	14.807839617937038
?	161.40012531863115	-95.58866027342367	77.58592488807179	-10.920537174966721	363.2764195272539	1603.490252287404	2074.5111070652606	620.0437076162392	24.90177310247128
?	154.1226206181135	-236.75712968263298	73.72150485861272	-164.90082675292004	438.52084115094107	34006.641026245736	2050.9447996583076	9276.685962983944	16.31262273755637
?	149.56226883449955	23.083656403533805	69.34088355042582	-14.635279675740145	2063.6084708395347	7136.9525310341205	2538.345405214456	-2288.5445866725277	1.1467011811073897
?	155.2768034382902	-160.81691254761324	72.98974087482571	76.40872028032247	795.3684677026458	-28730.664509308102	1936.5175703246816	-20235.56980870439	6.031858062488171
?	141.52142320711891	-495.50292943426433	73.16131956444193	-37.21745339177644	627.0752453741346	-1930.9766639103896	1526.5669147792403	-9727.566662643123	10.19727612494972
?	130.50165696657706	-323.7450894481472	71.1288682052369	-150.5668355814066	698.8196345071267	2103.0464610398694	1450.1392371925272	-3019.8736187629193	10.984990429496529
?	125.33416873471161	-2630.0331393315505	65.63297778537162	-329.5582973365605	732.2275684261277	1039.5934666135227	1375.5732338410949	2441.101170668921	2.376249341644604
?	-1	-2526.683374694241	54.65095333840893	-247.09367294918553	750.7993078378026	796.7527813863336	1572.1942957259728	3697.411994895528	-1
?	-1	3138.1027318655038	53.27829413791239	258.12919474414025	772.0652074954443	2971.9385124817827	1560.4438335858706	929.5591741395389	-1
?	155.90513659327462	3123.8742708577256	67.5574130756159	431.11336939418345	899.3962334618913	-2815.5598692111457	1618.6722544329496	680.2075328779644	0.6689545967552784
?	155.19371354288572	-446.9804025373161	74.83396260762149	-36.42633530610864	631.2872140348875	-6792.336382520138	1594.4542102297687	954.4127205939037	8.357507219121107
?	133.5561164664089	58.46491357067939	65.73609631031047	-57.61284895259386	559.7794143358856	-958.6331574230928	1666.3928904626446	5068.725524651491	5.1112157205892945
?	158.11695922141968	642.7650529326314	71.9533201599918	299.9645126144227	583.355556163733	-1800.0023337570026	1847.8904864623423	7072.5181942199315	9.321040196749996
?	165.69436911304035	80.88710756884524	80.73432194103155	-129.68766899600627	469.77929764803577	-2660.348423119882	2020.0188001736399	4867.421320072689	18.955683069297805
?	162.16131459986192	-26.84991997628695	65.46893671019151	-406.774701563165	450.33813500773937	557.4814753219786	2091.261552465976	-661.2278058993185	4.0959484279425125
?	164.351873114226	-3263.22629199725	60.39558686287337	-54.43544349326066	497.6533714141346	1907.8228371576722	1986.957409878674	837.9018564673181	4.797771785986346
?	-1	-498.82944041905154	62.74716453552849	232.3963590711031	545.7292768656226	-3537.6163812954474	2133.1566452893417	7162.55403853231	1.6948647874594702
?	139.41040109327352	2653.618055393144	72.01540481642849	197.64294835374074	320.77255234936285	-3658.513266746864	2345.0851118052883	-380.03595222750073	13.57967498469272
?	131.68090276965674	-252.35094544988988	72.62931195321549	42.790056210867114	362.8036135282801	486.5436010494733	2114.1548476779667	-4164.41616613915	13.666227719196224
?	126.79285382077907	-103.79311475483044	74.15490762697183	41.64406933842273	345.09973240183643	-1423.0341541444743	2136.8643034983315	-9861.748775146483	12.912324001571827
?	126.49124703191524	-85.06430908226379	74.71151542013662	32.0902966690424	291.65190582105663	382.22967611691524	1621.0674089206443	-8097.352414047147	14.620636762937064
?	122.5396383666659	696.5413476771519	75.75942246042395	-146.92528338771547	364.2112162076821	166.66946794797414	1731.9966827959756	9007.621283971866	7.850968690583841
?	161.3183144157727	2580.9683210335447	67.36525125075087	-263.03115042050814	299.9853792184553	3584.4110563714994	2071.448473119236	9421.15899326726	8.480673282272651
?	251.5880544183427	-3246.3662883154657	62.60786493939859	-65.07851426932285	543.4317690262565	9680.965315166168	2203.054632459337	-274.0086617606367	3.1087143174297904
?	-1	-5051.761088366872	64.11132553728474	61.33006742303373	784.0336449767619	-1087.016138850567	2057.7480400312043	-5950.660341434776	3.4661965122771616
?	-1	2884.1147375615737	65.67436831055026	155.99108465890478	489.0809620837283	-4209.411575826108	1905.5216153875992	-9553.401283058776	1.6430250812709708
?	143.20573687807817	3016.69858311486	71.91087977022995	149.6141997662397	573.5630661854573	3565.277418768991	1580.0779758782671	-7089.521369644433	10.794269263016009
?	149.83492915574246	675.4666650743566	73.15507829886222	3.202972897732093	667.3448330221772	2147.3271999840026	1551.0455469053788	817.8356552931912	11.7268031841354
?	176.97907013179588	1059.9103421751083	72.07102841511656	-70.4869233558284	680.929426184657	-1191.16696487589	1620.9697586429265	2416.680861223335	8.345374196835968
?	202.83044626449768	524.0668399776946	69.63073213107082	-251.02324840314697	607.7864847783829	-702.7165200472089	1671.8795899665452	1487.8826387094075	10.249304194074833
?	203.18241213068052	-4076.6089252899683	59.519865994959254	-343.05450838636085	645.7936001822967	1621.9428294675402	1695.3638905783966	-318.3354287972645	-1
?	-1	-4083.648242613625	52.47800671175283	-198.00540288871815	688.8836262517597	64.29975250497841	1655.962818526682	-1746.9292975113437	-1
?	-1	0	49.61959585052338	-113.18668500677899	649.0085878075456	-20.646504093661026	1608.0174257028298	661.8651977132209	-1
?	-1	0	46.818672461413904	-41.62503374368655	687.8513010470766	1626.1962511682725	1689.056078412343	2218.9361512975743	-1
?	-1	0	47.53834416333906	21.758214354930036	730.318400365959	5048.790778739832	1718.964233267708	8658.548616215185	-1
?	-1	0	47.90658317916042	228.04294725275457	940.2908399840718	22271.820679086544	2121.9835092231083	14165.986083806654	-1
?	-1	0	58.94049152597695	315.9760349970335	1843.909434320302	17653.831751063608	2427.263537458051	5568.716384199309	-1
?	-1	0	63.70538492901232	177.66549024517903	1822.9824275372648	966.5502425829117	2400.4193284330777	3366.0529759622364	-1
?	-1	0	67.82376603823603	135.63417027108434	1892.2369464494482	1843.3912037947823	2595.566186256165	9201.964155763768	-3.946422732654329
?	-1	3705.7183886129924	70.48709344256663	207.8280675351856	1915.1519877270052	-25908.697958850807	2860.5175362212726	-9647.645814762082	-2.3305303855857207
?	184.28591943065226	3768.939148591686	78.21516941499546	216.71124141071977	596.8020485068894	-30348.771662587475	2113.183895518054	-15867.068096213272	13.285695571580407
?	187.44695742958697	-164.52034050314177	81.32265551310277	-114.41145348504969	397.71340459761	-4549.105775461483	2067.1641314105977	-45.130486923689475	21.70281925458745
?	176.05990240549505	-583.4733259452221	72.49459674074289	-140.33673947245063	369.346759733812	-144.21093322967204	2110.9273711718697	-15.787777808545574	5.873713543076153
?	158.27329113232545	-654.7171248615022	74.30581853948014	-9.952866787967167	390.5028579361263	-40.04674880988489	2066.3747425201705	-159.49950005346864	10.160091475216706
?	143.32404616241948	-438.60706139635397	71.99695340134453	-43.19775722864104	367.34442229331773	-1406.782224839431	2102.952396169196	1339.9644099432853	8.472156861356684
?	136.34293806250744	-312.7556093486272	72.14593067804806	7.291096793498649	320.16374669415376	87.95678404943249	2133.3729630173357	-1598.007795480512	15.714301704208756
?	127.6862656949879	-258.44556728985935	72.36150824101947	-308.79128886890925	371.7422614957894	1202.5546170329926	2023.0520063951694	-1913.3651430413738	13.426268940207985
?	123.42065969801429	-2573.725313899721	56.70636623460238	-302.9250025927406	380.29147754580424	1132.398335942356	2037.7047058652656	18.221552915528914	-1
?	-1	-2488.4131939602503	57.21525811138222	164.84265174508587	428.362178292908	12439.392919635571	2023.963084040946	8262.192496609896	-1
?	-1	2643.7846473945065	64.94849882185679	106.97822423694011	1002.2611235275916	8517.656255380676	2450.8143306957663	1901.1993839894606	1.8602329014362726
?	131.1892323697272	2654.4563109227697	62.5641693232293	104.1758637221647	854.2449910619479	-8922.018531806647	2119.0230532404203	-16540.936027135664	-1
?	131.72281554614037	580.559596863774	70.1572920079651	139.41677416386668	556.160196937253	-5092.298321072101	1623.7675293389714	-10547.895362479721	9.767138515337852
?	160.2172122129163	1641.010291676281	69.53500803142273	-38.68418454645765	599.6300750083392	1614.521248635485	1591.6282851164267	1230.86165335104	6.496681282294239
?	213.77333012995558	1797.7714177335133	68.22308278064219	-166.58702912049014	636.8862593690284	-596.8393886800806	1685.3106120065243	277.3784732759993	7.935531713691542
?	250.10578309959325	-4295.466602599051	61.20565657539811	-321.5119603284732	569.7881055743347	1.867610694107471	1605.4972087802269	-1103.3940872365272	-1
?	-1	-5022.115661991794	52.1474847642183	-215.78908847549008	636.9796399037338	5461.137191534003	1630.140907644697	3327.456055739106	-1
?	-1	0	50.41620215162345	-52.61757462106015	842.8449651510388	4840.984484788281	1771.8700115671845	3042.4371970482002	-1
?	-1	0	49.51660603316525	-48.16658630730106	879.0288641431513	1126.615650931983	1782.2627674971093	-1617.6590885082621	-1
?	-1	0	48.007872836258365	-14.722862135631448	899.1757476976387	621.2132878561831	1690.9870571417703	-3639.68958982204	-1
?	-1	0	48.78046292638367	-50.01605681371615	910.0895285359609	-1605.4748248030728	1600.2782880060047	-3957.0059417632165	-1
?	-1	0	45.50706999557252	-123.16821498967808	818.9020064574839	-2961.6901061105373	1493.1367600536066	904.0744306900259	-1
?	-1	0	42.62205217689968	-77.18259310948913	762.0050232304319	1256.7987269076914	1645.4820095405066	9171.331335269008	-1
?	-1	0	41.64794034009801	143.19136777492042	881.7419428028694	4593.501299743744	1951.7033268170635	6177.924959209179	-1
?	-1	3438.006341019971	49.7816205656458	681.0526147645708	991.6800882176224	-4449.315797556108	1954.37825750097	-17036.379202166645	-1
?	170.900317051001	3613.345160244124	75.70057107832703	557.9234785747141	659.2761529250608	-7788.0480197218785	1099.8843667087192	-2111.135381184028	7.193219953421327
?	179.66725801220878	-70.2096205316856	77.6777944943819	1.9267983528783088	602.2776872315229	-3117.051214033512	1848.821488441767	14212.713789318876	17.565688660718106
?	167.38983602441667	-509.15034605769125	75.79691099597095	-61.121029566563706	503.423592223383	-2767.2037631606445	1810.520056174673	-661.6718114945157	15.11865433393865
?	154.20974070932385	-443.893278135975	74.62174301605367	-186.5697150086415	463.9174990734887	452.83345987465094	1815.7378978670408	-4271.975372851796	15.593542074076296
?	145.1951721176176	-3104.1948141864327	66.46842524553874	-365.86984550239583	526.0652652171159	464.7138758656231	1596.9212875320802	-4751.106573805037	9.356263325919835
?	-1	-427.9844974219147	56.32825074093362	-170.50490528046197	487.1531928667702	3720.481512748067	1578.1825691767856	6694.171070014222	-1
?	123.79594724652156	2453.0950634334963	57.94317998151552	320.9925545863895	712.0893408545219	4706.313825772948	1931.629841032796	9512.372299634759	-1
?	121.65475317167656	-59.1268696000205	72.37787847025332	279.5710629317121	722.4688841554209	-1295.722964889819	2053.8011841585303	-3744.4071936536798	14.391458155276837
?	120.8396037665205	-84.91488861127117	71.92173312810132	-152.0406800340923	647.30319261003	-1636.7402217626995	1744.4094813501094	-553.2297722582383	15.133934833855658
?	117.40900874111294	417.2162341192811	64.7758444685486	-130.27225934730197	640.6318730672848	-4253.376022366667	2026.139695545618	7984.7049829161915	-1
?	141.70041547248485	1159.221663025726	65.40812016073613	129.03947872300748	434.63439149169363	-5830.631336221869	2143.6447304959247	3066.146396617107	7.910429668395252
?	175.37009189240007	757.5677692430526	71.22781840469907	87.10130126786045	349.1003062561872	16096.215213412523	2179.4470153764755	8273.015175194087	9.691272995242205
?	179.57880393463802	-3527.4018378479514	69.76318522412922	-144.1999141581723	1239.4451521623312	32652.97246309851	2557.295489255635	15710.110613373085	1.305458772022944
?	-1	-3611.576078692709	64.01782269679035	-252.92463585239727	1981.748929411136	8834.261512195919	2964.952546045141	-1701.802475763228	-3.7024813967521544
?	-1	3798.679556869968	57.116953431509174	123.8485283344283	1681.1582277721334	-29269.450679657224	2472.2053654674723	-17534.28974524875	0.08212383976831073
?	188.9339778435011	3413.2494258799265	70.21024911351185	255.3712901151673	518.276395428254	-9093.615426473678	2088.238058782691	1292.5974863335884	8.583734413328502
?	169.66247129399875	-3798.679556869968	69.88551793726772	-24.941885358035663	1226.477456448443	29823.16785622126	2536.8352397841527	16199.952973484347	5.210970995119487
?	-1	290.20704584426693	68.96315484561005	-94.85818178032226	2009.434788239338	10520.45161871707	2898.23570745692	1522.1537710041014	-0.883302981748074
?	184.1728235862123	3375.8038217941894	65.14260884825154	58.13179730399358	1752.500037384304	-30634.47349034831	2612.942928334359	-34707.93261654569	-0.16305718893247892
?	167.79019108971187	-634.4828895002332	71.86974471080977	136.42064382903305	477.71111372190074	-26816.470358642167	1162.8390766296109	-17526.17300276265	9.80291367013698
?	152.4486791112002	-682.7811190274122	71.96364103970329	47.78347024460106	411.67651945217654	-1936.1244165599587	1736.634278196214	18617.595702047853	13.671564252427387
?	133.65113513834078	-679.2116255560546	74.25891822303986	-14.18977380134245	380.90489289390143	2856.557337261409	2093.7188617320166	-491.40904062138117	15.33003675175765
?	118.48809783339698	-453.9877506639142	71.25415234963616	-163.96208193596317	554.504386315249	8417.903260811858	1712.0638261651445	-2121.6493586315	7.763379200577454
?	110.95174760514475	-169.09853264762702	66.06081412624158	-246.49555492742655	801.8000559345003	3404.871473422008	1987.6363938004401	5325.061357179636	-1
?	110.0331712010155	-2239.034952102863	58.929374603264655	-333.1052721253922	724.7479599863518	-3920.7670304205394	1978.31689402413	-7406.2444565328215	-1
?	-1	201.30880243537885	49.40555051997173	128.28837228017565	605.7617044134705	1145.53527284733	1617.3241709737938	-9568.794751521846	-1
?	120.09861132278459	0	65.34379321727353	186.6687452824231	782.0247236287191	7778.107504339342	1499.877156448031	12849.459096329532	3.7547174852120055
?	-1	-2421.9722264556576	58.73898778409302	-257.4270431084543	994.6670796304431	2359.538880210287	2259.7971257902796	1848.5053454800945	-1
?	-1	0	52.47244106185063	-248.48100409921886	900.0016676392352	-1793.434135756847	1592.302423722037	-6362.8815415242125	-1
?	-1	2585.637642082743	46.3149375791319	120.87973684803698	904.9953728425995	-7529.971476638252	1941.6530487140644	2320.989506487143	-1
?	128.281882104139	2370.7325224524407	58.516427904252566	477.6319669738813	523.5030938073172	-11839.970544856833	1708.3518990463958	-295.5692878505582	18.54379278379457
?	117.53662612262372	-382.60863666301356	70.1965359278263	184.53014763604068	312.9968455997495	1576.6617638760183	1926.8745843215363	-1508.5822460266868	12.9383310486789
?	109.15145027098804	-234.35922050169845	67.74293528605473	-180.34895734963612	602.3361820011193	5309.861633598055	1632.9227867450604	-7202.924130329222	6.976958239569522
?	105.81866509753863	-74.2273106323598	61.17908806034437	-128.0360853526044	578.4899272796561	-2957.6521890353206	1566.72837780507	9355.458752222943	-1
?	105.44008473937	140.98724148111586	61.34113101842442	76.29509603957791	454.4535725493511	-4321.215174833662	2100.695724356214	10429.575048044124	-1
?	112.86802717159452	510.51982060333313	64.99384286232332	78.04372170658357	362.4291685379699	1996.6914569470305	2088.2071302072836	-5818.728206060904	-1
?	130.966075769537	1284.261384856948	65.24331710375365	-10.280063102608064	554.2881453967041	5864.598420047958	1809.7593140531649	-14198.291314419124	8.238347759079705
?	177.08109641444284	1705.8981311258897	64.47983970719291	-91.33998164146333	655.659089540372	1988.5689908713325	1378.2925644863174	-6757.770365338696	8.075541638658986
?	216.2609823258327	921.7048981075152	60.67631802168042	-257.9999523392671	653.7165949402721	-414.34596222884556	1471.8707957862252	1287.2498311333038	-1
?	223.16634131981925	-4345.219646516593	51.57984209022937	-298.86112142556175	634.9417914289294	1078.7338317882252	1442.6550560429835	2732.0469851430857	-1
?	-1	-4483.326826396321	45.733261950402124	-95.61139443906077	707.6532865296841	5269.314163099439	1608.4731450433815	6486.731854433146	-1
?	-1	0	46.79927236827626	46.037199548496574	898.4074995839051	1784.4648604869026	1766.9916487646453	3454.1487883073714	-1
?	-1	0	48.035121927826985	31.455554635302555	796.8765295540305	-3540.2381977401155	1781.1805844587525	1095.2380345002057	-1
?	-1	0	48.37205010004141	-28.179964906018878	721.3955896968968	5666.761593625846	1821.7535504896564	1966.9075874686353	-1
?	-1	0	46.62612368252602	-86.5082225035835	1080.2146092353269	-38.54414505741433	1879.5259638321857	-586.5195664561369	-1
?	-1	0	44.04663897486218	-66.0264396617446	719.468382444026	-2734.6975419575915	1792.4275721668491	2321.8378599495404	-1
?	-1	0	43.324801699438744	-28.934981580391664	943.4797321374454	5384.412274689269	1995.6178568296643	6949.835490789911	-1
?	-1	0	42.59988989584257	174.31025815710606	988.6889961784933	8658.270101488137	2139.9193467063496	5979.985180013766	-1
?	-1	4738.845035940964	52.04031460729417	599.5299818106587	1376.3932372118584	-7431.6501282753425	2294.617115830357	-16030.954716542528	-1
?	235.9422517970516	4468.25857713375	72.57638898637593	509.71336003832647	617.1064897647209	-18056.33588226586	1338.3716108792119	-32184.031856090765	15.379854919525135
?	222.41292885669068	-342.8981110456149	77.52598260921086	-180.08691933515934	473.5764430985526	-2676.408096671982	685.4155230257957	-300.2901726621033	18.67922364954643
?	218.7973462447706	-4468.25857713375	63.57204301961784	-431.5970177180486	483.2860849311199	2086.8470714207556	1323.3571022461065	26929.694726156235	-1
?	-1	-4395.94692489535	55.94613172330812	-189.95375470811567	577.9187966695919	1272.7816637479111	2031.9002593336265	13503.894603654317	-1
?	-1	3616.4930861025423	54.07435528421192	398.6633871916526	546.9251681185164	1328.8421472267048	1998.5518324288319	-15826.482159068772	-1
?	179.82465430512968	3065.31145241543	75.87930108289103	297.2050490537692	644.360904030928	3149.8332894841074	1240.5761513801767	-14329.12803461227	4.008554818288202
?	152.26557262077367	-641.7543929944065	68.93460773690059	-103.21598187207339	704.416832592724	-1804.0271592139918	1282.0954306982082	2805.39112149636	5.123822817154066
?	147.7369346554089	-194.6331555977458	70.71850198928729	114.98988030664016	554.1595460702272	-387.35893685821696	1380.8457074549967	7793.477322538786	9.586163746814432
?	142.53391484088624	-187.76276192040558	74.68410175223268	-81.4337992090634	685.0488857498128	1742.3655054165763	1671.769296825153	9552.734500140574	9.082772826110448
?	138.3487965593885	-2870.678296817684	66.64681202883406	-123.61567988331211	641.2778213410572	2227.8615620025266	1858.4824324620322	4669.670654003541	7.504377742614874
?	-1	-2786.97593118773	68.50331775806698	40.17963224317782	796.4419638499408	2544.362596699368	1905.2528295253335	4090.637837238297	-0.41225427535588466
?	-1	0	68.65579364099298	-189.5341460578932	768.4959511760275	14263.141838191334	2063.01432432395	8782.748626330947	2.949661259069038
?	-1	5051.616326901896	59.02661045517219	-50.398329088610716	1509.5990557595176	-6948.605142942833	2344.390260841887	-1739.6477113909511	-1
?	251.5808163450984	4354.777541421539	66.13587718656241	247.11705250402122	421.0656940288809	-22629.312233060627	1976.0319387544012	-1487.9101321064416	12.872515004776341
?	216.73887707108005	-1358.9444103606138	71.38246308037343	-138.85428160862918	378.13344410647	-1966.4538912837718	2269.994754236564	5073.19196604824	16.99159245369648
?	183.63359582706676	-4354.777541421539	59.193163106130854	-423.6544899115591	322.7429994646909	2.3377442739103693	2229.6915370568167	-4910.906892896772	-1
?	-1	-3692.671916541283	50.19973858479517	-72.34555707663259	378.2503313201655	9688.035776334247	2024.4494095917219	589.9968042573717	-1
?	-1	0	55.57588525229917	265.8347721041468	807.1447882814101	21768.146548259356	2259.1913772696857	15210.390261230967	-1
?	-1	0	63.4914771900027	7.7284515794726225	1466.6576587331488	-349.78169523742696	2784.968922653281	-6591.298805084063	-1
?	-1	0	55.96230783127281	-341.67938554925513	789.6557035195385	-16029.668886237594	1929.626437015478	-19669.777349556196	-1
?	-1	0	46.4075079125397	9.539706066422731	665.1742144212577	11491.716683845352	1801.4800551754572	5603.250212867767	-1
?	-1	0	56.43929313459395	174.78189496038163	1364.2415377118143	18939.007291704707	2209.7889476588703	8413.298301434656	-1
?	-1	0	55.146602660558905	-208.75611299035629	1612.1245790065066	-11267.166534151327	2222.144970247196	-6874.939264369521	-1
?	-1	0	46.00148748507599	-239.00657343490295	800.8832110042399	-13777.028570449074	1866.0419844403893	-8381.174602330866	-1
?	-1	10103.0659702633	43.19627398881359	107.52914736832582	923.2731504840431	-2184.591971309636	1803.0862401306467	-1988.630372151778	-1
?	504.15329851317216	5370.142365008636	51.37794485349236	488.5287234880865	691.6536124387566	-8737.300004720082	1766.610465832799	-4267.204487676361	-1
?	267.5071182504356	-7712.606013920033	67.62271016321826	474.907622229995	486.40815024803277	-4559.153529741451	1589.7260157468256	-3464.3436256878895	12.609062570486833
?	118.52299781716505	-3103.6025609063945	75.12332596499245	157.07480141598356	463.6959359516808	-747.342520983968	1593.393284548402	-701.4353415676251	16.668108496719714
?	112.32699020511367	-217.05885762372222	75.47645023401755	-32.40148265807459	449.04102419883384	-594.0008735001841	1554.6542486684439	-1288.1679517368455	14.809940882122598
?	107.67005493597878	-187.45410016478206	73.5032518320887	-78.34550391946183	433.99589227667116	-604.3362769999094	1528.984886961559	-549.0951411385335	17.15335409640911
?	102.95428519687444	-116.52642974781661	71.5591750380444	-36.71220254684419	418.82421034883794	-452.7144916843558	1527.1994916115168	418.38043015920306	17.160646768702502
?	101.84373344858787	4462.618771861726	71.66764170474646	-56.60379993579601	411.36016769245305	610.7004546280011	1549.9039084695194	2092.7770654066785	16.21506406199662
?	326.0852237899639	7147.032761099987	68.72898504125456	-334.86939435982316	449.3592330802384	919.5888393452304	1631.8383448818522	2892.4706338715487	7.049426223679238
?	459.19537150359224	-6541.704475799185	54.92417198675506	-174.94727375170393	457.3396096597152	1109.0336721166889	1694.5274401630988	6325.549655891024	-1
?	-1	-6531.433493936847	59.98162135366924	392.3436316052584	504.81091668607365	393.1015294572036	1948.115827676408	5859.941497307289	-1
?	132.62369680674522	2619.3348780034084	74.54135356701826	47.17128035694675	476.9946861325757	-1281.6013830065276	1987.5245150284675	375.74426576518283	8.71116437440592
?	129.96674390017228	-2672.473936134866	62.34018537151661	-387.1822901993173	440.73084753574636	2362.999973087845	1966.9030409646673	-544.3581009249206	10.791523815436568
?	-1	-2619.3348780034084	55.18223905705212	-44.538645412059815	595.1446847869696	18002.288606290876	1960.306609982221	-178.6220530728153	-1
?	-1	0	60.11325310091359	67.12823882800483	1340.8452778503029	12107.51231522368	1957.9719383110264	-4758.306670461057	-1
?	-1	9839.772703223187	58.53865099845241	239.82021081548666	1200.5203005481621	-17094.02106781426	1722.3912764591648	-12692.291986834776	-1
?	490.98863516116637	10665.666907579638	72.10426364168809	213.13014614875365	486.14422445957763	-13316.214831987076	1323.3573389692785	-4345.524189387695	10.956495092764161
?	532.2833453789895	1029.1899194784505	69.19515830589025	-58.26438592277841	534.7095589487989	995.978794610972	1505.115066989777	8811.205514526211	8.870009539434618
?	542.4481311350896	-8315.024809548278	69.19104434554913	-29.677224442677502	535.9431641901269	-1675.7412038855273	1763.9176146955954	7370.6178252364725	5.808268689653901
?	116.5321049015696	-10868.962622701638	67.71129708375635	-261.1640359374628	450.9224987545213	232.34963600582785	1873.6459582516059	1993.7234234256118	6.547068962326278
?	-1	-2350.6420980313587	56.132842548675804	-163.1488880876652	547.5606459904185	13740.316157505367	1863.6037858668774	1054.578238860939	-1
?	-1	2532.6741211014178	59.55385267937297	189.51148868296315	1137.9383066297994	1566.0695866461838	1926.3748701946536	-3712.9847094409633	-1
?	125.63370605507268	2299.756370522955	65.6084169828241	318.1468532962596	625.8641253227288	-13592.085899985033	1677.9545503948266	-14709.579496591341	4.998496462551522
?	113.98781852614938	-330.4172772934508	75.46119534418618	81.70747820742659	458.33401163053804	-3199.146826369655	1190.895895365076	-11256.25681700077	17.733950694333743
?	109.1128421903999	7.0219129560330344	69.69379089319548	-146.2475810267812	465.9067840042438	-106.43971502068175	1115.14170954478	-2572.9023117688257	14.878808986377036
?	114.33891417395104	235.09097651187182	68.14881629284702	29.760557245300138	453.0120258795039	-1152.761507052515	1062.250779776633	-166.21355820651607	11.465927354513168
?	120.86739101599366	98.88422471182311	71.18181875546051	-190.83884990165672	408.2687086516172	449.34397566820667	1106.8310316344541	3505.748774726626	14.67496395346657
?	119.28312540954227	-2437.347820319839	58.606873797764045	-289.26664005630033	475.47922466291453	8921.1385376665	1237.5382185129668	7865.27412302544	-1
?	-1	-2405.662508190811	56.71848675264529	-31.544361987492216	854.3256355349486	18792.127531524937	1500.0947377857317	13039.947464706034	-1
?	-1	2635.459297177949	57.02965569838941	219.03944763745812	1415.0856012391746	-10100.79617526596	1889.5355917482777	15646.762728622352	-1
?	130.77296485889931	2419.189959595033	67.67045913451835	273.44957654372786	349.28582677164337	-21525.64585560638	2282.4328742168605	7233.4384909988985	10.156731206591747
?	119.95949797975337	-346.3815130817942	70.702134525576	-99.69221453602373	338.8033084588404	-644.3147706670378	2251.207516298228	-2035.275511103717	16.19204283297534
?	113.45388920480936	-2419.189959595033	62.685848407717096	-137.01007998566755	317.070088238291	9262.63554396117	2180.669098661673	1171.8437967153584	-1
?	-1	-2289.0777840961546	63.851630526292524	-228.87709569449274	801.9350856569055	1187.5551749628712	2309.7997061339966	2084.5975848250396	-0.5014993857531003
?	-1	2343.4238207687504	51.2419936229923	-203.65420880423764	376.4478469864354	2086.8869736940587	2284.8989779029266	-7567.9675318296195	-1
?	116.17119103843919	2108.901256390618	53.6689200860805	301.0326003376869	906.2794343416099	5454.093268523274	1931.4013295425102	-20950.653535445388	-1
?	104.44506281953241	-371.9393620107037	66.29362363987686	100.10043204836734	649.152510412603	-6602.351733753246	1237.3663011306423	-14779.88293082923	10.144263296402931
?	97.57422293790374	-2108.901256390618	58.673941688498935	-234.5736425489492	576.1618476539429	-1438.4839176183777	1192.4071830010382	-986.4704592585164	-1
?	-1	135.89064824078042	54.56494151242923	-10.585423335491262	577.228314531683	-2947.748763822198	1188.0427781677158	2426.9058009189093	-1
?	104.36875534994286	2045.623025479254	58.144670521724365	93.89678131064068	428.77440946283093	-3425.416782836446	1313.7524730469854	9164.494083610854	-1
?	101.28115127396416	-96.98643114235442	59.25978057796133	-125.68074387808869	405.9574753898583	4374.689175111661	1646.267482348265	14895.20809207086	-1
?	99.51943379282507	-2045.623025479254	51.86063332781984	-295.7869071270283	647.5088682184171	8032.91582567656	2058.512877650539	3128.9674884950327	-1
?	-1	-2010.388675856473	44.470435221609705	-90.46971207172462	807.603266673692	9681.597935645918	1802.715856773019	1708.5336797395696	-1
?	-1	0	47.337147724233546	100.98651583530638	1131.5887650007198	504.70835922665367	2143.9395616375186	6304.383889617967	-1
?	-1	0	49.519761013375096	81.45396315784736	832.8386846350251	-9184.256758909201	2117.9350512539218	-2313.6836449580405	-1
?	-1	0	51.40984588212597	23.59035109838269	672.3759270552532	-1735.3967394423812	2028.255379389615	1704.5706676056063	-1
?	-1	0	50.69927856829425	-24.059424892787234	746.0688476629048	-474.4485844782594	2203.1635846342033	2676.0341595590835	-1
?	-1	0	50.20687463748659	-21.543339165214498	648.6534978313399	-1496.308041525855	2162.057087367571	-2560.9430092460207	-1
?	-1	0	49.62211161003351	-28.530670298477666	671.253445586611	2981.224062359291	2075.1164341719004	384.0545331123976	-1
?	-1	2862.539325052599	48.78034112256269	449.92727277159076	797.7147009493066	-6237.900895738688	2181.259814023191	-935.1145871983503	-1
?	142.12696625263197	3015.3860164812354	72.11847524861337	532.0704082965606	359.35840079967215	-8059.236714018945	2028.3607048119823	-1203.1248701699872	13.960919015592529
?	149.76930082406392	-2862.539325052599	75.3838615373911	216.5952170429572	394.7528652483536	11707.695993323225	2121.103570514691	8512.812899613075	5.660063275667531
?	-1	-3015.3860164812354	82.94823610076138	120.42876278352054	944.7432004658417	3405.377770371808	2454.001349792642	-1096.5972616202932	1.8725031557708416
?	-1	6059.425122859632	81.40529967656721	-229.99532756441013	565.0217537669464	10217.07259280266	2066.2737074336756	-2108.5062477546917	3.2984569847943703
?	301.9712561429859	5293.712307267851	71.44846972254071	-82.40424953954911	1455.596830105982	-3527.937637602339	2348.576037404906	5398.128865274353	-0.9006316794130156
?	263.6856153633963	-1360.032285654986	77.2850871995897	160.22964367987925	388.62487188682695	-21715.126856672105	2336.180150697397	-45.36272642115299	13.180513810455619
?	233.96964186023564	-1581.5190547132472	79.45995190653478	-46.791522877445715	369.84048727236143	-328.60484733673064	2346.3079010838483	-4562.778233498972	18.08080778352268
?	184.60966262773564	-1744.9277226745587	74.94551105571746	-271.667279562309	372.19462951999077	-615.4207771049429	2108.0412390224533	-2372.1961124723866	6.786878347354465
?	146.72325572650647	-440.3921160057257	65.87658792841914	-188.46817292181146	339.06944841711385	7351.465658332596	2227.6980954602273	7453.646440719589	10.654227073854821
?	162.59005682744905	1186.0047994167771	65.52210240962675	73.18679162745876	739.7679124366258	5220.445921925843	2480.723561058438	627.1678233763489	-1
?	206.02349569734616	2207.306130716939	69.53592750979213	220.82723416020485	600.0917445134097	-5349.013449471461	2259.056486629045	-6021.120890079797	12.249320811136158
?	272.9553633632976	1787.2177132845293	76.56346411763715	216.3495254855767	472.31723996304896	-4676.661235089002	2179.667516554444	-32961.28757223154	17.347688563329896
?	295.3843813615739	-304.35496760640626	80.35340378407112	26.60706934360538	366.2586827589563	9.05681896437828	610.992108017445	-12083.639148472645	25.67455799127424
?	257.73761498297705	-2131.2634613895375	77.89381758481744	-197.51005748275023	472.7700809112679	1631.8263471924008	1575.485559130803	29920.873553196117	17.535582257839387
?	188.82120829209552	-1731.350777943234	70.47790090993347	-162.0572815853461	447.8500001185775	-1993.0638122793823	2107.035785677272	9991.858493363914	10.16583094373453
?	171.17007608581412	-399.7991497187985	69.79095350555002	6.042005820723857	373.11689029729735	-870.4175604985109	2075.078483799006	-2362.653027091872	12.92744938955085
?	168.8312508061553	-338.5727889410336	70.78000120096966	-66.36591194075854	404.32912209365134	786.6454335317715	1988.9031343226768	-2878.018216034734	15.305436023599587
?	154.2414366387622	-304.9853410469242	66.47265790851205	-82.6909610148817	412.4491619738865	7.931300206446282	1931.1775729972671	-1246.6969272653619	16.37462441423383
?	153.58198375380888	-30.924711706126814	66.64545315022552	77.20944746191042	404.72568710397366	154.58073151879725	1926.5682879594078	2763.33014674524	18.617828826079336
?	152.69520105345583	-107.59663158952736	70.33313028160762	147.91698132006718	420.17819854982645	-946.7211954385439	2069.344080334531	-12411.48098507949	20.66472246809986
?	148.20215217433244	-245.70008672435043	74.04130221622899	-15.004987115671966	357.3896273320458	-1167.7643536731402	1305.9942387054246	-5222.09984843634	14.097274803652132
?	140.41019671723814	-227.9148640656628	69.58288092582401	70.86726840224556	361.7899808661686	836.7330907448928	1808.2390879127104	15148.440681516611	12.134472624338862
?	136.80640897104914	-318.36301491411916	77.58466563634131	173.71785566666014	399.22628186929103	335.8196957775849	2063.416272781266	5687.656812395377	14.20197609402059
?	124.49204597153195	-468.71009204963246	78.26877370915715	-39.7855415706681	378.5809656550481	-430.5735452937581	2092.6219285324833	2039.9581544493306	16.005233308571732
?	113.37090436856718	-472.31739755087585	75.59538855780788	-167.75179065667675	377.6976046046028	365.3478830528007	2165.414180503734	539.1580207489202	13.304293650715048
?	100.87617609398782	-325.21879208636244	69.88118417632319	-345.94982524595304	396.8483598076884	193.54177343541502	2119.5798295699296	-1620.387816107818	8.139357499334754
?	97.10996476424883	-2037.5235218797275	58.29789729550998	-368.564171758985	387.3746932763737	-93.12836137827712	2084.394789698342	-2348.31303164501	-1
?	-1	-1962.1992952849487	51.452975588373675	-190.05084184298084	392.19194173877446	559.8000378968732	2002.1641779876775	-2559.896455041844	-1
?	-1	0	48.795355203360806	-139.3884648273243	415.36469517121776	5196.9831544482395	1956.3999669462478	1205.7512230530722	-1
?	-1	0	44.48355234700736	-83.23370549577216	652.0410994611901	8788.31180321132	2062.451739140332	1520.5593918859506	-1
?	-1	0	44.63366992857214	-47.14041628624973	854.78028533179	9036.711876144333	2032.4279365405464	2562.9196329251045	-1
?	-1	0	42.12653153269484	-63.85819726584964	1103.8766932684132	4158.935046030286	2190.597720786589	5628.602216077117	-1
?	-1	0	41.44076006527961	89.82605718943475	1062.7270376333072	5372.258620128997	2313.8580473444063	826.1217955570711	-1
?	-1	3675.1096916232377	46.61783439216664	703.8424569158392	1372.4896242748669	-9865.290566262114	2231.903810564443	-25284.83165895096	-1
?	182.7554845811645	3895.7066167654048	76.63288291107207	653.4374086560605	569.4625093201945	-15920.601632021506	1049.6164643968402	-27908.24144933323	5.519547743594661
?	193.785330838273	9.993554288443391	79.28970482497013	-106.3169275166708	576.4595426737802	977.5499986116095	836.4917380977616	10337.494686576736	15.831556926563731
?	183.25516229558667	-470.89946398443044	71.31703653523846	-202.4258382689538	618.3400092507757	-2844.148774337339	1566.4911987256844	4140.236233301619	8.93339348768638
?	170.24035763905115	-132.13872812457038	69.1684129115223	51.452367143487386	434.25210395691124	-1895.7795612790464	1043.5035497628455	10770.170669877785	7.191854655297856
?	176.64822588935806	-48.36464648024093	73.88965489241286	194.09907924966356	523.551031186822	1302.6926360636523	2104.9997322195813	19740.29334812126	4.9702800807220076
?	167.82212531503907	-244.69071050307656	78.87336687400561	-48.92055565242218	499.3867357600948	-1429.2282082235092	2030.5182171689225	-555.0768136708497	13.24612771107986
?	164.41369036420406	71.99004994339089	71.44362710979172	-77.57836733305626	452.0896207756455	-2508.8127785708466	2077.2458915360385	2255.6767899795113	8.093885320409362
?	171.42162781220867	76.68729066523729	74.99444850735274	10.553067117212002	373.9460968315507	-1897.1680535938722	2143.3020566678997	2969.2150984352825	18.86089972874252
?	168.24805489746598	-368.62413398809554	71.97128046565233	-180.56004693035447	357.23121809595057	-659.9160787761807	2225.7066464578047	-1757.0969717619687	20.264371177503875
?	152.99042111280363	-290.76916297115855	65.96644616083489	-149.9385931752049	340.9502928927412	-263.1348070607404	2055.4472080798	-5035.828412254001	12.838382050083771
?	153.70959674890784	46.06522272406485	64.47435080689198	138.75873960428183	344.07447774291336	898.4309278642329	1973.915225845101	-3126.89127297324	-1
?	155.2936822490069	-95.5541163091076	72.90438314104908	237.8887916957112	385.87183928595346	1534.1398930101454	1899.1026444311358	1220.3807037595752	16.161189010668096
?	148.9318909334524	2210.215070753275	76.3687903916777	75.29660905875524	420.7814723934217	356.14841268112576	2034.9342610330807	4134.5508784726735	18.02628081676484
?	265.80443578667223	4939.315146083917	76.6692135939869	-244.57753731064736	403.67925992001	-344.5016797356046	2105.8301883547724	-661.7062715124845	12.382536815502242
?	395.89764823765177	31.98844260204919	64.13991352614517	-338.06398820610315	403.55638840664125	195.84394690411108	2001.848947457456	-3321.888238164186	7.24991821170887
?	267.4038579167747	-5529.815651378263	59.7660141836815	145.76512287637107	413.4714572652157	1916.3572726476355	1939.7357764465607	-8127.769758543903	-1
?	119.40686566873468	-2927.897553561815	71.42816966996382	284.89423455475423	499.3742520390244	5075.244767643983	1595.460459530255	-3534.514047223597	5.393367639427012
?	121.0089802386819	25.016103006189425	74.01072591141941	-81.55033399369896	667.2336956474185	-649.4499547933787	1763.0100740853784	4357.918285222856	9.900716705541287
?	120.65767081904417	330.30617258202665	67.35065297027882	-160.6620397324906	466.901754299355	-3529.5136613156797	1813.356373791401	6553.345057218715	1.7676671758439146
?	137.52428886778347	513.1242251010754	65.97762392479477	181.81872206374035	490.758012581632	2620.2861931948796	2090.6773269463188	216.042240989697	4.364662990033004
?	146.3138820740983	8.47020221017248	76.44158907346596	161.28580954185193	597.9160639591008	4791.868395686465	1824.158485840886	-12547.577883225202	7.945673403783003
?	137.9477989782921	-298.94389331532267	74.04191440188748	-216.2668182968256	730.3514323659587	3127.187313265443	1463.2984327850497	-6896.765690013719	12.575593947787798
?	131.36668740833196	-2778.9559795658024	65.62824815862453	-213.58114302533616	754.2754296223752	379.4968216575208	1479.3202013401951	-1419.032883192033	3.4239902485425073
?	-1	-613.713897779162	63.36285725062052	-73.20759359045279	749.326273448835	-6298.210139193143	1392.346788625447	-1107.5925662371017	0.2021235820441453
?	100.68099251937342	1985.4842010415332	61.96786847910184	-102.45732990274672	439.3649226627136	-5641.023000756179	1423.9405730283393	3907.013963659605	-1
?	98.27421005207808	-2033.6198503874396	58.23999075548311	-228.84973279231548	467.27512341102204	3030.7703925251135	1587.69748680843	773.4356308337445	-1
?	-1	-1985.4842010415332	50.5253818394859	-262.568136183212	590.9034422889714	4136.1824050649375	1462.612354570027	-1578.0576102928173	-1
?	-1	0	45.11158394632233	-45.114068050554366	674.0842436642719	3241.152380304979	1508.794606293788	6032.222452811835	-1
?	-1	4401.612847852322	48.26967843695815	513.7219023571564	752.9610613042227	-4314.393627501345	1764.223477210623	-8921.316018541635	-1
?	219.08064239261924	4220.1157805695475	70.79767906418051	574.2745986088343	458.36456228920156	-6293.64524322223	1062.7288053667	-18030.66360536417	16.584779086085252
?	210.0057890284804	-664.7826316122021	76.98340836740027	20.119550620929658	438.27879914310665	268.5355059860031	862.6902969424018	12278.848938276782	20.146409534371536
?	185.84151081200866	-733.0904360731493	71.80365659522701	-74.72657327196977	471.7913375885019	-23.99266433923765	1676.6712522805478	14096.954654105593	10.01564460477327
?	173.3512672248224	-339.2456515095907	73.24707970380173	35.71139628185086	437.07916592614475	-2336.769782254225	1567.5380296476915	5687.399162407479	11.552792054451796
?	168.8792282365289	-139.77243986506977	73.58922640931958	38.02757805887839	354.952848475789	-1060.6347028332161	1961.0412104009258	-5193.867205085889	19.42406025863078
?	166.36264523156882	-407.79650585800925	75.14845860674568	-35.281058691321114	384.0474307844832	608.7622929010836	1307.8446693933934	-26447.22306866988	17.054638364080187
?	148.48940294362814	-831.1950066886958	71.8251734747535	-133.62717209683248	385.3909631208436	-74.55206483050013	638.6800569674131	5066.420933459845	15.007271198514058
?	124.80289489713344	-725.8787418275925	68.46710000190396	-276.7774001850737	380.31982754295814	2920.177930284189	1561.1657160663892	20701.419257321984	9.596542887487736
?	112.19546585224799	-2516.057897942633	57.98630346549962	-339.4129943071155	531.3998596350551	5784.786824632579	1673.751019833527	5650.569862818663	-1
?	-1	-2263.909317044928	51.49645028654794	-206.38309302086645	669.5591687745912	3413.3356521892406	1843.6942092073264	4023.3836550667384	-1
?	-1	0	47.66714881445615	-115.70300865333556	702.0666422445196	-1791.2695550560006	1874.9202025868667	1889.614316262328	-1
?	-1	0	45.71129985388108	-100.53958594305625	579.9956910217899	5665.037927709842	1938.174925020444	3362.148842995	-1
?	-1	0	42.64016951730326	-31.862863033360302	985.3185386300157	1986.8892881817114	2043.027644736619	487.96879168156227	-1
?	-1	0	44.11815670221304	25.65379091518273	679.3401554308769	-493.171107504488	1962.5733646045226	-2230.9210270438325	-1
?	-1	0	43.92285906306242	-27.78557042162493	960.659983254791	-1470.2825024620888	1931.4815933844259	-3499.325044692037	-1
?	-1	0	42.728878181131776	-21.339973057585677	605.8260303077714	-8223.050925305444	1787.6071123699182	-2679.875285706278	-1
?	-1	0	42.85586041018312	108.17767731888753	549.5074369895129	8608.590619021616	1797.48782909911	10137.132573089126	-1
?	-1	0	48.13776204707623	54.59172183622152	1036.2555612588583	12513.802848365223	2294.4637410243818	5165.554382868821	-1
?	-1	0	45.585446501994234	-74.19146490223577	1175.197579407783	-6103.016196743483	2055.765548242555	-9795.487764474194	-1
?	-1	0	44.42818880196439	13.18978228041426	731.1047514216798	-7966.5213885124585	1804.6893528006651	-4400.749323055657	-1
?	-1	2182.8847750388495	46.244935616014956	266.2801981163172	776.8715099821544	34.34878712880114	1835.7280820897688	-5105.524682303544	-1
?	108.14423875194403	2442.296526956652	57.74219870778044	501.2045872009378	732.8221907781199	-5097.014190427999	1549.4131186854843	-5746.320666261831	3.704654814504344
?	121.11482634783434	402.4770340315288	71.3051649760622	338.4253977497018	522.0208004607508	-5254.633586035102	1548.4120487766731	-3158.5500423831086	4.473308505826654
?	128.26809045352076	14.445039639307787	74.66346859526577	-45.44650695905566	470.09051147636103	1842.4178322378145	1391.4856165663266	-899.0251105047728	10.750981516019698
?	121.83707832979974	-1.0616153403355915	69.03283962810939	-263.46189116077477	614.1416920726429	7452.666188835202	1503.4607932514339	4774.047452673849	10.49150115429721
?	128.21500968650398	-2456.7415665959597	61.49037403722684	63.56378268398908	842.7238209181264	4638.051759435771	1630.1879892000225	11848.827876799533	1.457239466908086
?	-1	306.2637827862433	72.21102876230889	191.43452470703875	846.0442800444347	-8381.78200959826	2095.902187091419	3472.971871212176	-0.20728750138770136
?	143.52819882581636	2748.4713397300516	71.06210027257892	-1.8392824009702928	423.63472043820747	-9118.768161168706	1803.8365827606337	-3516.297217526385	5.119265104666956
?	136.42356698650454	-2890.563976516286	72.11906464226037	-39.06880921152124	390.10587198599296	6675.75573354439	1920.0873262150972	12460.543393697935	7.272276359541593
?	-1	-2748.4713397300516	69.10865981200283	-89.01351524362939	757.4225071154317	33051.67064793647	2426.8637524455394	29772.33818904991	-2.599818882312469
?	-1	4537.110117424692	67.66838888007884	17.56161365429424	2042.6894043828402	9975.924399519827	3408.704235667614	-1595.7303294396797	-2.6647625562233177
?	225.85550587123785	4227.550527285269	69.98674049471755	138.15959415198537	1256.21872709143	-32086.725242197153	2347.0772359735543	-36302.70739280436	9.444334219971228
?	210.37752636426646	-253.05731072096287	74.5763685876782	-223.14954255498088	438.35314227295976	-13288.499807352513	1593.56886602737	-10439.23301432471	14.911320872797688
?	213.20264033518953	-4227.550527285269	58.82926336696835	-194.86181521542002	591.793736723795	10837.19931650261	1825.1155852573113	14605.464343023243	-1
?	-1	-4284.052806703729	64.83327782690706	222.95973308552217	980.213108098098	13211.451686143397	2323.8420831785425	11098.738199067377	0.22117793218572204
?	-1	2283.550915839224	69.97725002124462	164.9502424500664	1252.3663210309742	-8888.711367340395	2380.052495210688	-9588.1967217142	0.42715059820458257
?	113.17754579196284	2273.4024161218535	73.0807899494105	-13.853299734503056	535.777539731072	-17068.789966410626	1844.4322470928257	-9962.40802715195	2.0614611809924503
?	112.67012080609429	61.86753360866928	69.28458503451945	-34.19864028298244	398.92682271043077	-3098.2224248751577	1881.9320938530834	7751.808288027736	9.141696751250287
?	116.27092247239635	46.932223924959445	71.37085793526136	5.416809636604321	380.86641848731193	2676.1103531194117	2232.022661494218	1526.867590538401	15.809158808036724
?	115.0167320023423	-108.56418972013857	69.55542551634967	-4.1070042587363655	532.7323403664033	4798.232041111077	1958.2754733800045	-20973.61119610242	6.708068881905388
?	110.84271298638934	-141.51377246136573	71.16550772232453	-190.24460356302825	620.7780205428692	3659.4301239470205	1183.342101689082	-15206.979803951546	9.476473341010383
?	107.9410433792739	-2236.854259727755	60.043195338198124	-319.20715380653934	715.7038465637569	1947.3049103187095	1197.9264831824164	1349.3689155849179	5.369089290686011
?	-1	-185.48244901181553	55.20515003199734	207.94181821424817	718.143266058806	-2314.9577818008074	1250.8105474683289	87.59955946701541	-1
?	98.666920928683	2267.5192123182355	70.44028624891068	222.84193981495247	599.9559574737149	-5439.914302869762	1202.3064611557672	1219.4413026233779	5.961440984104596
?	112.37596061591339	1335.1860075955829	66.34724702274512	-104.59955991504835	446.14755091531407	-3594.6947635797906	1311.7826125994986	8046.646147976698	1.5491775013792197
?	165.42622130846308	1650.0785297149723	65.21030825315819	-105.1467196527711	420.2212192947228	3468.013878434869	1604.6387685546079	15799.582849263395	-1
?	194.87988710166317	1994.6185072463834	61.08991104010649	-125.31915733445821	619.54824483706	8487.485969198542	2101.7617550626796	13608.87565457853	-1
?	265.1571466707837	842.951872222344	58.94435038643519	203.49140084079815	844.5955177546559	-4074.9020060733633	2285.082551283544	-9887.672516075081	-1
?	237.02748071278097	-2325.5506931440304	71.26448108214655	341.70179843845034	415.80314453338895	-8342.00955067255	1607.3781292589185	-12704.699798114067	8.861824370128057
?	148.8796120135805	-2792.160832196129	76.02944030835795	62.8044709738236	427.49504022102246	1182.5510064736502	1649.8475613778317	9337.763343376	5.071522156303612
?	97.41943910297256	-442.3885008221151	74.40470463083777	-140.83748250351817	474.9306948570723	882.4194591377363	2074.266296427725	7573.784027089279	5.541668962781861
?	126.76018697247443	602.5514362896089	68.98756618318194	-160.19088906316512	471.6160131779099	-621.475322364694	2028.536762732301	516.9154842475126	9.342588406249249
?	127.54701091745343	-365.1215040207486	66.3951601776794	34.530173961974604	443.85692873883715	3569.2459874499655	2100.112070640101	1277.1813831939244	-1
?	108.50411177143674	-2570.940218349032	70.7140748812807	19.9085990284226	650.0783125504107	3997.6081192670176	2092.395831891998	1152.1121191406219	1.8743624592698
?	-1	5672.488854333584	67.39059012910055	-151.66016769523975	643.7373347021909	1157.066176985781	2157.717676597133	2008.4800246977998	1.8797965543697663
?	392.12855448811996	7758.999042772338	63.1310664965186	203.25399585630174	707.9316213997006	-2023.2649878596485	2192.8198331268895	-14375.991219895977	-1
?	386.9499521386224	-277.3042961526773	77.55328992191578	316.7545926627199	542.574085309207	-3874.230218157299	1438.918115602324	-15646.51587758366	9.42384639556872
?	378.2633396804859	-652.2263863603528	78.96879612965482	40.175980363437986	514.2201104918329	-3135.600033683787	1410.4940392476954	1358.785736418066	9.457586237890162
?	354.3386328206043	-1094.7116911408914	79.5620889400877	-132.44114708584686	385.79408362501545	-1696.4395417410626	1506.8574024232282	7492.541797068264	13.631767490171123
?	323.52775512344056	-404.8624493834631	72.34673877536238	-284.64228719392077	429.39813340477855	2471.9160118821037	1785.1211291011139	4072.553380052706	6.15935693954537
?	334.09551035143085	-6490.555102468719	65.32997458039147	-71.12433297132908	509.3898842191224	-199.0791108515458	1710.4850714258664	2904.5523515720965	7.9998376838695275
?	-1	-812.902636545235	68.79052212679588	298.49188687965494	419.4441778622011	-4647.695515334783	1930.3487466797208	5581.839991312398	10.044380750565173
?	293.4503785241685	5313.919455851272	80.25456892437443	142.26253120867395	277.00510845237994	-648.6392597946086	1989.5770709914902	-4999.969518960094	3.946010715943113
?	264.6959727925674	-754.3324777132854	75.90364868722968	-156.9771642885309	387.0122148724702	3474.6909350230503	1680.3502707317125	627.8667060299815	4.318813696226341
?	255.7337546385037	-429.26579113330394	72.40571070994777	-95.85815546960282	450.73965520353494	12281.526360900487	2020.9704062929898	15634.843743958932	10.241587128972181
?	243.23268323590187	-2135.419356340085	71.11074091374947	48.88088362822701	1001.0885329175034	2635.9187734556667	2462.09245792967	-1073.2514635515538	2.8086280771002903
?	148.96278682149796	-1015.8181936132158	74.84975489135915	22.859356221302352	582.5355938763202	-9947.027144980788	1967.3078331154113	-15816.900866122543	8.586544799525452
?	192.44177355524036	2371.4503819992947	72.2537087248146	-49.852621085820346	503.73717566845687	2244.620415270981	1671.2474146235318	11947.508533937724	6.761192689879685
?	267.5353059214644	110.1821538708954	72.3571238370681	4.816824095998629	694.7666146398708	-322.8869129366296	2564.683259812306	10748.532005566633	4.037353115297362
?	197.9508812487852	-3683.1328707598004	72.49454992961454	47.4804862570112	487.59283002162516	-6008.564925294745	2208.674014901871	-17424.79471011303	3.453013942586367
?	83.37866238347174	90.76737820857075	74.7311481499187	97.07843753267899	394.3383683751293	-1245.4664505908004	1693.443524306642	-9127.263514022487	7.67924984548552
?	202.4892501592138	2555.362861161524	77.34847180624855	203.563214996206	425.31950749208426	721.4507967385612	1752.3108392007402	6434.3193116039165	5.32695011936918
?	211.14680544154976	220.9352810700065	84.90930889972914	-7.675350883058802	430.41090821205785	3760.583115944389	2015.1594898868425	1013.1065090808389	11.005417331415623
?	213.5360142127143	254.9251515993391	76.96470426209561	-210.89935182071216	613.3486632893064	3122.5012097599515	1802.966164654783	-8299.287885493404	7.5971529716599
?	223.8930630215169	606.9470416025637	74.36434130869338	46.9863324742001	586.5359687000577	-130.58952923232297	1600.1950956121664	-1872.1875025346487	2.090941442251396
?	243.8833662928429	452.48820875185896	79.31402088580565	16.03254901933275	606.8191868276902	1161.5464447522133	1709.3567895280491	4667.601590906831	7.441459743564313
?	246.51747345911016	-139.42673947060456	75.16596875966003	-73.45028821683495	644.6132909376692	-1252.5548461680823	1833.5751751575112	7306.131582308336	2.8256870387422106
?	236.91202931931258	-1132.9964442134387	75.64150647496385	-99.32261713516625	544.1914445192851	-1942.3141798549952	2074.663368643471	-212.0372541468002	10.52169074886704
?	189.86765124843743	-1980.882150054314	70.19983790290165	-151.71217991063213	547.497581944918	657.2059530687736	1822.973312450171	-17536.97774898735	7.173289419063693
?	137.86792181659547	84.8820984175051	68.05589747943213	8.148564225592905	577.0517421727243	-638.0834698378089	1197.8144811940913	-5940.24870637236	2.9608055450681285
?	194.11175616931274	2261.760008543503	70.6072661141813	143.74288593344255	515.5934084530271	-1937.3005402410238	1525.9608771315488	7121.5202234467315	6.186216379181301
?	250.95592224377222	1145.4706156932334	75.24304177610436	51.69070324712562	480.1867151606717	-1010.6928286850944	1553.890492366433	-1002.5384185147408	10.767283222628985
?	251.38528695397522	-147.79140100824935	73.19180127653762	-149.88207291063205	465.0587670187717	-277.7387376980966	1475.833956205811	-1646.0742849507817	12.979610102405871
?	243.56635219335965	-372.88713185445357	67.74893813057265	63.53470543756453	466.2997782757667	774.0061578113902	1471.5867781188927	-8878.739152841701	5.656970776769818
?	232.74093036125228	-391.7458722282431	76.36853654841589	151.7862681988829	503.75907490934173	581.98606418617	1031.8969985637198	-11156.757851267012	17.48570721033017
?	223.9790585819472	-224.48537055373401	75.33825154051691	-60.01431258306553	495.3990814850756	794.32996428641	913.7488855555341	-5048.553825764207	17.816556375159543
?	221.51666183356542	-178.28704613227532	73.36782091926257	-211.97309714748326	543.4755731236628	1732.3469687085576	779.4693072755058	11270.293072668686	19.197315587803825
?	215.06470627533332	-68.8262370218503	64.7395966831426	-240.26309744971016	582.0164299205047	3481.5428912257476	1477.2635391889764	29986.41590479063	13.581343097145144
?	218.07534998247286	-4321.294125506605	61.35466604677689	-84.26455808141179	717.5527176849527	2145.679662558977	2278.7901025150586	11804.301905238826	-1
?	-1	378.62597909452035	60.526368779071944	-21.78660146488537	689.3004130484551	-1781.4167231078952	2067.478634450926	-5093.561505013013	-1
?	237.00664893719915	4544.544037892004	60.26533597353261	250.9841385747056	628.4818815295566	-5161.2645475959625	2024.1120272644043	-1347.6156502590484	-1
?	226.2272018946034	-510.3367898861502	73.0755757078074	299.14767730374496	431.2371856686533	-4111.634569549576	2000.0978519379728	1406.107007303097	12.172440086210434
?	211.48980944289127	-488.78968192483046	75.22271983872007	29.360166634873945	422.9001530520749	-519.3522774661636	2094.41737762956	555.1214886884294	10.495310460871153
?	201.78771779836154	-313.4710126152238	74.54358403955112	-81.46264743219119	405.26957179534475	-582.2873908223672	2027.8539263723947	-1909.6712406582494	13.772503858837277
?	195.81625881212986	-105.79274848924078	71.14958746711045	-227.86752831070746	393.78578351095615	-412.44074641018057	1998.9338155966464	-2071.4470249163674	17.358616439140217
?	196.49808037389943	143.4803862726485	63.150207624015586	-226.39654947396642	384.6475344748354	591.6004518565792	1924.2815751265748	947.6017038795592	-1
?	202.9902781257624	-159.21784301906087	59.82975999341197	104.77038817146685	423.36580610378553	-146.01291296011388	2046.313900790625	-636.2070715663776	-1
?	188.53718822294627	-264.41500982341745	68.388727032589	152.90525381707636	377.3468888268296	-823.4211980945903	1892.4712215482555	-4277.045223221965	15.109030962929799
?	189.76952763459133	127.50457897379408	67.4750226842659	41.32673996395025	382.19474619905543	4141.116140183576	1832.4616396295237	-1568.9085913227023	15.040107252041713
?	194.91241717163606	55.68989277854292	70.45506403078655	-96.29606066391992	584.4026958360114	3168.2680455746327	1814.0257919821192	-941.3500598274006	10.372208952852043
?	192.5540222735185	-17.99563593348782	62.66021965106983	-222.08300275155335	540.6081484777893	-1340.903267223879	1785.394136638153	720.8508523688022	-1
?	194.01263537496166	-3871.080445470315	59.35091389320872	-64.5477522377606	517.3575324748165	1209.852738544947	1850.0683346005599	4049.9410119837844	-1
?	-1	569.457250593794	59.432832039181754	-4.373708048954876	601.1007854050375	-414.66545255982714	1987.891187237345	13703.748586952384	-1
?	222.48549790465177	4348.492609891991	59.13222849076097	171.27440552077357	496.6242598468248	-3649.356506342629	2535.255763948189	-5149.513351648907	-1
?	216.42463049460267	-437.18411023277446	67.99655231522056	93.01371369707563	418.6329600879035	-359.3214142130415	1730.4155196548961	-25591.03083228198	11.402161756862586
?	200.62629239301273	-388.03882554869705	63.78291417561482	-94.94115031169748	478.6581891361725	3391.866035324958	1255.7042223340716	-9206.211806164989	-1
?	197.02268921716754	-71.21523790702567	63.24949479963561	99.94443717814306	588.2262618541538	743.4548571469221	1270.1049293466401	-2543.9611735466046	11.431307678366549
?	197.0655304976614	-25.90313173440299	68.78013603452204	115.46834544144424	515.8309319935191	-617.2554055239087	1128.5061636567395	-3620.220942671584	13.254224316426649
?	195.72753263044737	-47.4999875754121	69.0229120717079	-124.14650716109131	557.3634915779579	1168.2549988704038	1089.0938822130584	102.75663751628453	16.954527034140863
?	194.69053111889076	-1.9255308079482074	62.57281067646739	-262.3381256448654	574.2436819370402	993.5801234908213	1133.6439955325538	2409.043062677058	15.129880309505639
?	195.63125609004996	1733.7784720265408	55.90600578946445	-138.37688764932312	607.0424977524997	1422.4476377597514	1209.546035346913	7250.065577043653	-1
?	281.37945472021903	1447.456508770345	55.65396629400114	203.401283646839	645.3660638250287	-5489.688063013714	1496.1472743847416	-3935.933389827461	-1
?	268.00408152856824	-2164.0510656002252	66.07606997180655	74.4181720053839	332.55809460181007	1180.9205816487352	1012.7493658555371	21098.305956485692	14.790227292683369
?	173.17690144020622	1404.2376313059644	59.374874894270384	85.60132776965097	704.4120929074663	4005.3487648731343	2551.0625722090413	12723.787064977994	-1
?	338.21596309386746	3844.5518995972575	70.35613636028916	328.51537301257395	532.8255328454696	-4513.926373424011	1648.938719104446	-20310.22806574127	8.131710939038394
?	365.40449642007184	530.3410131676678	75.80064354489932	-95.71458394906563	478.7157742362626	1055.1318871023873	1535.5511689219634	2709.084035506405	16.674380997828532
?	364.7330137522512	-1046.7005140362983	65.5704071628358	-64.91902805698594	585.5821272005898	-2773.921221143674	1784.392920879768	118.94662437330511	-1
?	313.0694707182562	-1695.630953365978	72.55469214204997	129.10631214444024	340.0197131790769	-5424.6388784936235	1541.4985001406287	-1313.6677288336928	12.51868179044208
?	279.9514660839511	-781.9040559435384	72.02572277005791	-6.743752163037204	314.3501832759047	10.143525338175861	1718.7095344380825	-10477.21801633845	13.392897551016684
?	273.9742679210787	-505.3640802010042	72.21750453389811	-222.48438286910383	340.5268894459857	3379.8567042432214	1017.6375993236989	-8430.864855847292	17.942880396332953
?	254.68326207390055	-5499.485358421496	60.90150362660256	-280.6430292351446	483.3430184880682	6522.230495430365	1297.166291645712	18141.33450407049	-1
?	-1	-5113.665241477938	58.18535307214068	2.966753316702253	666.6384142175086	46.509331605788496	1924.7043245272364	8475.22860188122	-1
?	-1	10163.318455601586	61.04984129243768	324.1447948149264	485.66848506835765	-5779.961513417493	1720.927721739779	-10309.642990069513	14.022409269514714
?	507.1659227800865	10444.062240897658	74.39259281288723	125.56179839514917	377.6403385466299	-2602.92595048647	1409.2221750237534	-7909.804380941888	0.920936328877778
?	521.2031120448903	-10163.318455601586	67.32793121219522	-250.7302383174536	355.5221875440323	7277.6934829397205	1325.437502692679	10887.495300945438	-1
?	-1	-5320.000299165925	61.85608089701437	-14.900528729886917	741.5250126936211	475.9151072338421	1953.596940071033	7370.0996089578575	-1
?	255.20309708659028	5070.3366423721445	66.58290477570087	181.24585399683423	379.31794290572475	-2529.814647446174	1693.942483140577	-8328.405928761516	8.142956049778498
?	252.5168321186108	-132.36299575711695	70.91837359685621	74.00109077887842	615.0342803213106	7203.710024057823	1537.1766436329513	-4249.631144619474	11.763882699600012
?	248.58494729873433	-153.13057402979334	70.28295931464484	-33.0386464578019	739.503444108621	1381.7914717126778	1481.4609259096003	-2007.364402375	16.48687990715327
?	244.86030341712103	-229.31090314094902	69.2664412739661	32.24962147667736	684.1238539069454	-3540.1890927821223	1436.8084235141998	-456.6068519424224	16.17165426374056
?	237.11940214168672	-252.76675567382352	71.89544038847873	-101.25059356728313	562.4939894695124	-1409.9843745772482	1458.6305833124788	2581.75217969936	14.483304925479525
?	232.22196563342968	-4762.388042833667	64.20391159560187	-244.38777436840945	613.624635178082	-808.3373422621638	1565.8960324991697	-1505.567084136575	12.39687800337951
?	-1	-4664.439312668527	59.67605167005809	-75.48924240275476	522.0771223564036	-3012.7119421589014	1383.352229105649	1975.2968279490817	-1
?	-1	0	60.429449475464075	-85.15410183153428	462.9890380701348	526.240734424611	1664.6608738966252	7895.517932316249	-1
?	-1	4587.044586795946	55.41834657848131	-6.332746719742398	548.3891590776345	7545.425736947966	1778.128125721467	18712.574559334767	-1
?	228.35222933980057	4403.42849146702	60.11281213947695	211.63388069796835	840.2603249175385	-4385.598766497306	2600.289601863377	6289.524991660907	-1
?	219.17142457335413	-409.4316621544424	66.00004061337988	32.20832570680881	329.1092207527661	-4199.1398686359635	2092.604375304517	-9634.538372301568	13.163041007484509
?	207.88064623207816	-267.8280313267284	61.723228424817414	147.17693070178018	630.3033314857373	1893.1729925985921	2118.5626832482917	-21187.048218847292	-1
?	205.78002300701752	-402.9150808318064	73.358887148469	168.09448982033533	423.767870382697	-4736.206888736857	1033.2519643621372	-2222.774789112464	14.597573848453427
?	187.73489219048756	-282.71457840734337	70.1279529158343	-246.38556578089768	393.4929870488911	-475.51899157206896	2007.423943792667	21316.393186907942	14.933444779267708
?	191.64429408665015	-3774.6978438096976	61.039608859423936	-319.3197587707535	399.99192080409324	1447.4887183778674	2099.0716237075494	-2890.2163923060607	-1
?	-1	-3852.8858817329483	54.1619649772964	-216.04515670629644	465.8674229677855	1103.1509545267672	1862.9131241773619	-5102.556409031927	-1
?	-1	2342.3870357502633	50.23735102410896	79.06811245128297	455.1494685304324	1505.9619965569655	1843.9438032559494	-1870.0709586397222	-1
?	116.11935178751483	2409.031730817614	58.115370599860604	309.8579799523195	541.1655227956348	2940.4451765748004	1769.4095762453744	-7804.917890067157	-1
?	119.45158654088242	260.95628163341274	65.73025002172516	135.95838459711464	602.1717273591745	3489.8012187031786	1453.697908752586	-4934.614043485438	-1
?	129.16716586918565	1667.0673020301824	64.91328982971643	120.05652869646781	715.6555837307963	-1290.4445697232493	1522.678874071099	4.390408884200889	-1
?	202.80495164239272	3435.2466767027004	71.73307645654863	223.68924040450332	537.6494988730111	-7725.712280994056	1453.917429196796	6110.670759656487	5.800011344565126
?	300.9294997043231	1870.7112915939497	76.09775184994176	119.97849082248251	329.369969681088	-4397.187281923629	1828.2124120539277	18739.194091830548	14.90615767878243
?	296.34051622209154	-375.9894363539926	77.73200099767284	-176.10279678595708	317.79013477682656	957.3710890836321	2390.877133788337	1865.8678221430234	20.84248696481994
?	282.1300278866232	8.61133375494875	67.29261201064378	-369.64936766439763	377.23852413527027	3179.616025755469	1921.5058031610802	-4854.480535492634	14.111825918006296
?	296.771082909839	-5662.600557732384	59.2495326144527	-209.30553609319603	476.77093606460227	2176.8906073183502	2148.1531070137016	1627.7180900210255	-1
?	-1	5851.6269608106495	56.82733520598383	-47.695182630929516	486.08305450118934	3873.912810295747	2002.8917076621326	-3503.368572695427	-1
?	589.3524309503756	11643.042176573032	56.86477348290619	99.02646120660394	670.4665765793924	4428.563687352868	1972.9846783789278	-22.230469956247955	-1
?	581.1521088286598	-247.52848909875058	61.778658266314096	143.3114950611323	707.5112388688359	10330.10558201861	2001.7801841643202	5256.8539763535255	-1
?	576.9760064954379	-11643.042176573032	64.0303482359629	-71.51368302686319	1186.9718556803302	16789.06089003986	2235.827377196608	11090.714085953097	-1
?	-1	-11559.520129908593	58.202974114970885	-216.15060124305208	1546.9642833708408	-11174.972280344084	2556.315888461983	-8559.630444495562	-1
?	-1	0	53.22281817381015	-75.16859432646292	628.2232416631181	-12556.297397706097	1807.8458549718237	-16364.39859995311	-1
?	-1	0	54.444544398647686	-100.17579133080432	919.149413485527	9184.528019793537	1738.0959584643158	3268.190736731489	-1
?	-1	0	48.21402860726986	-163.38181951360932	1087.4496426528015	4600.201523512085	1971.2553918084004	2613.8872346119106	-1
?	-1	0	46.275453422967104	275.18187181630003	1149.1594896611346	-7299.855163270611	1868.7903201949132	-9542.419459146704	-1
?	-1	6136.181020739781	61.97312219808506	468.6941529455324	722.4568844892657	-13689.032297441428	1494.1344188510584	-626.5053198632497	0.7738324256512648
?	305.8090510369934	6380.47308691969	69.71016107024406	319.2207894836331	464.7078747890535	-7785.760878722479	1837.4650542017503	15855.334273509363	10.25836446873611
?	318.02365434598903	128.22216651137342	77.93416167226694	109.63037374683793	333.1688405531362	-2165.215849995982	2286.901132526538	2929.181740526855	23.227027187728787
?	312.2201593625622	-807.8334818524444	75.19167975758603	-49.04699570047812	356.4470822892529	3193.775629465383	1983.924141228095	-11471.537444020401	18.047208558570063
?	277.63198025336624	-1437.398798701646	75.481811887243	63.164253004426556	492.8576220264076	2511.2368770021894	1713.3242603255096	-4424.536605366357	16.163382689257418
?	240.35021942747886	-928.3809491992774	78.3498924078074	-12.630622430998917	482.0089261393641	-995.3728439094057	1762.697310959774	1536.4054876278724	12.536817195950666
?	231.2129327934017	-247.47988046577052	74.85028076569304	-100.12140829120966	443.08897983093664	-1065.507701659048	1790.1445347069043	1752.277187776565	13.63990616317407
?	227.97622540419016	49.09867706798353	73.34382199324685	-0.9068836983445165	428.73354105641096	-601.9789885740846	1850.3111703486036	5888.1522123443465	19.76743104960864
?	233.66786664680092	622.0762200172609	74.80493658077582	53.490342394467895	412.990030402232	-1868.9763519215667	2084.552145324126	-1560.6843496864808	17.21129071894892
?	259.08003640505365	950.4030849013738	76.01833911297028	149.9699965059152	335.2847234603313	-2509.648052251068	1772.2769528642784	-19105.977096254115	12.585864336857862
?	281.1880208918703	666.1192702606976	82.30343640607168	72.85758132379594	287.5076277896768	-708.1628096467615	1129.2532905114065	-9846.27396777337	19.729046626879537
?	292.385999918089	60.094125222773584	79.66121817916013	-130.65787956200396	299.8765829779927	198.7942470743275	1279.963254475603	24666.855390306	23.646329019254814
?	284.192727153009	-167.2033735868455	75.77054242797139	-305.80694852703454	297.4473401433933	261.9696451950094	2362.596060026724	19550.809417325545	23.6374886441074
?	284.0258312387466	317.76873382744844	64.37087075280819	-305.69598930428447	312.97506523774337	5822.682115972987	2257.503725341894	2499.4338109766986	-1
?	300.08116384438165	-172.26270777549286	60.48574296275695	160.4161106340257	588.5814459420468	3723.764388400205	2487.5677505755607	-2214.192645904964	-1
?	275.41269584997184	-1302.5621308835591	72.39167628450959	274.21869897692795	499.16328465775626	-109.02121781962096	2146.7940930466443	-10869.117846618046	8.403362247506795
?	234.95305730020277	1295.6462453439892	74.19667791160354	-135.0207605598414	583.1303850510657	1244.2563930978752	1944.1118582446506	-2283.3934411049354	12.27948811512682
?	340.1950081171722	5818.01743067589	65.64063825651742	-251.32934119629664	561.3761043126509	-536.8118672990264	2032.624420991396	3792.109463541247	-1
?	525.8539288340014	822.2502161875408	61.63021085178853	133.13378761603937	556.289791686114	-2760.3199217715196	2133.7173314217157	6145.517131428523	-1
?	381.30751892654985	-3829.164268495633	72.29732763731948	212.7926052980767	423.360108224073	-4275.074608233337	2339.9002775628264	-1293.7893453710965	12.611861100901665
?	334.395715409217	-957.2678195796038	72.26984111669252	-206.49041621220397	342.5360612744441	-1558.7604030777545	2069.02786415316	-5516.089010142445	17.08838503080945
?	333.444127947569	-397.3878594690985	61.97280682670914	-197.2531672947537	345.42208807018415	3416.719956526513	2064.0958270557003	-6083.291481266779	-1
?	314.5263224357618	-1456.2979970708827	62.40718275195469	232.8566102924162	513.3720591007722	31.542218680409185	1764.8632900898167	-13300.879711067566	2.5643892082444593
?	260.6292280940238	-1617.1538145956706	73.61563734133011	110.73069339055179	346.9991990042046	-3179.834193035654	1399.0518415023125	-2425.8425570355776	11.018667346393018
?	233.66863170597713	-151.91630884749554	67.94371742148236	-10.374047230999247	354.3803494489872	778.3406888217102	1643.571162238036	-1919.6834003370668	9.696218997362049
?	253.03341265164892	-24.147458335138136	73.09693497978014	13.007051983845017	385.9162334452907	1.3981188048114548	1303.0676714854578	260.2327019360027	16.184972199799752
?	232.4612587892202	-228.11742741316795	68.59407002067462	13.793706203887073	354.4502553892278	633.8622027749308	1656.5827973348364	4330.2183575327235	13.069719484786503
?	241.62754128099036	117.52135597993689	73.78662028997451	113.26057602769917	417.6093435840377	2835.6178600936623	1519.578589362097	-9237.966840915915	14.627367219356053
?	238.33732658821714	-383.2424103469091	74.25709882205966	-83.84826146827373	496.2311483939129	-12.162401425566541	1194.684455289034	5906.169808806906	15.6614632964623
?	222.46542076364463	-697.0026872452312	69.59420721656076	4.345464476066576	417.00122351275934	-987.1593414744685	1814.8870798024466	16813.218951221763	1.2653128149162196
?	203.48719222595508	232.49912690895383	74.47437204586299	142.3943839049755	446.8731813201888	505.2470137090662	2035.3454028501342	7137.832276851407	4.465084734254129
?	234.0903771090925	543.987184277299	76.71392641180964	-28.61108570022099	442.263574198213	1356.4927903066143	2171.778693645022	-7265.447921540468	14.823081756996467
?	230.68655143982042	-205.36832948968188	73.04381776085192	-140.08152609516145	514.6978208355205	5521.311040984071	1672.0730067731056	-9877.737091134346	5.936478944156265
?	223.82196063460825	301.1855801004995	69.70985010705147	-12.479308110061531	718.3291262474205	-498.73442490946303	1677.8918390882977	3014.7086183085394	5.194805738057622
?	245.7458304448456	416.8675177814263	72.41985235534884	164.93933558480984	489.76109959004697	-2425.287645315245	1822.8084376885347	-2205.954814230891	6.87830482064346
?	244.66533652367985	-454.14139728801763	77.95681688629207	143.16165173350578	597.0647439816565	2838.870607749936	1567.5940983767516	-8798.06951169595	9.215631755185298
?	223.0387605804444	-629.9267148012281	79.57793494202423	62.04681128283764	631.7046299775458	-2948.4566834427815	1382.904962103731	-1935.2088836334722	10.359446457275194
?	213.169000783618	-206.16230993960122	81.059157450434	-174.20466392839026	449.64190980951537	-2415.739751559075	1470.8336541950766	3343.927860173183	12.636247659176927
?	212.7306450834642	112.4020132182626	70.86770174560459	-199.97958946197798	510.9176423995903	937.6982175784978	1550.1013551123924	-3093.191054613186	3.785072049236315
?	218.7891014445312	86.81026476945466	71.06017797733496	56.706461519469876	496.5268206884409	537.490451026977	1316.1741014644151	-9825.045878423009	9.025811849242967
?	217.071158321937	-276.4971758795793	73.70302482157813	70.59480219621703	537.7921649509395	1915.4300694547624	1058.849061191235	-1998.1226995498253	15.376063729646702
?	204.96424265055205	-405.50976355464564	74.58991808714586	-1.511716153490546	592.2983241611804	899.2110161130322	1216.2679664869224	7076.943794322373	5.130595185917287
?	196.79567014420442	-183.11313424945376	73.6274390139036	-99.8367380728277	582.7527157565918	671.021876089937	1412.6962509073587	-917.7948505450792	5.968384012562315
?	195.80858593807923	306.8781592501479	69.5980811835044	-34.1948004689676	625.8494179656777	1965.7515627087143	1170.3782239596678	-1725.385344728873	5.428345172247052
?	212.13957810671204	147.77830887603972	71.9176989904552	-38.15942788919219	681.0402938920289	-1051.9743535687335	1326.4269836709138	2242.7754252197974	1.6459060746400715
?	203.19750138188132	4256.38536576759	67.69010978904477	-101.12304090523763	573.2507002872403	4100.179585454358	1282.5169952206593	5894.653597574405	4.056513029772512
?	424.95884639509455	4487.6436190593595	66.86154694519324	-38.97634166135562	886.0492731647497	3407.377330807353	1621.1596635496383	9857.11071843694	0.8559396772835999
?	427.57968233485246	-398.15305878709864	65.74129270597696	107.8650724658728	743.6195668276104	-9554.072877011553	1775.3725311425133	1200.3196461574191	11.640006639227725
?	405.05119345573934	-8571.593646696927	72.25480056848696	155.340342559301	408.34562931416525	-1774.1811570697994	1681.17564585751	8230.175223205644	7.666258999230262
?	-1	-4085.6602024674958	73.50830983394212	3.4169014583147344	654.9105089741191	5019.265059367199	2186.8812923028013	9623.063114147835	0.7429500873142285
?	200.76818333236164	3575.7768243656406	72.4256456414027	62.18082289149348	659.3088822825288	-4821.827564434439	2162.3288015649086	-5640.133950499896	1.648869719833998
?	177.78884121828457	-472.61483386559814	76.61735097851684	-127.63670879361842	413.81913075239373	-5672.052523186345	1904.8745947778025	-6043.628906091459	12.184528368512717
?	177.1374416390814	912.2702000589596	66.04381020172168	54.545911517874764	375.7062561232075	485.3692130078468	1860.1473562603314	-1653.754251068953	8.444697495246052
?	223.4023512212332	2253.6123652954557	79.34464655441062	175.19146853309087	438.0875914027864	2323.6617426324583	1822.1868822243537	1830.4325333962893	9.55893924909221
?	289.8180599038558	4862.725315826442	74.80338362837635	-190.63573308562226	491.88934325483206	3049.5436638969113	1951.6689829301472	3267.280726757662	10.144644733676765
?	466.53861701255875	-1229.8459400453278	69.81285990012937	-29.685237415132665	590.5647745976341	549.3531054446693	1985.550918562239	2978.4992249392176	4.813266342295814
?	228.32576290158852	-1405.0258301047602	73.3191217576197	-86.67723046889297	519.3569985270659	3445.1390114349088	2100.59394417711	2642.4256893955394	5.256110747978289
?	396.28732550731974	-161.04623401698458	65.47899837668466	-0.3940169490476763	762.821725169382	200.11171140152726	2117.672203032018	-802.9150069780621	-1
?	220.27345120073917	-3824.856278084442	73.29942091016731	-10.699759835809022	529.3625840971424	-6350.229533241097	2060.4481938282065	-3766.6199725862825	11.784071585009233
?	205.04451160309492	-361.9341114309424	64.9440103848942	-131.2194299576306	445.3102485073227	220.7921429846661	1929.3412044027011	-6314.050244501042	10.23088041446974
?	202.1767456291918	-355.54242165959755	66.73844941228569	158.10918104275973	540.4021912463759	2762.4648481736294	1744.74568160315	-4871.255276498436	3.6429960941205546
?	187.2673905201148	-467.68961841949323	72.8494694370323	114.15256142877391	583.4334909160061	2471.4650550460524	1685.7784405777759	2225.5786174748937	8.667760757717534
?	178.7922647082168	-3765.3478104022424	72.44607748372447	39.60624993363866	663.9754439986803	1687.8053135226207	1856.0246124768962	4180.591988498977	0.0067917792565663215
?	-1	-3575.8452941642854	74.82978193371426	-1448.9215496744687	667.8237565921384	-13279.508879973417	1894.8080400027277	-37120.4922495374	1.228142110798915
