rowLabel	avP	dP	avI	dI	f1	dF1	f2	dF2	h
?	209.4440290576488	5850.756135840858	75.78890902649059	1465.7154227603837	611.8740387042222	12753.407716731163	1879.3735324564639	36510.77132330693	0.8797468445161256
?	292.53780679204294	-969.8373567021292	73.28577113801919	-26.93372102377907	637.6703858365581	-1734.0021731032903	1825.5385661653465	2105.2510234274723	1.9235657436902525
?	160.95216122254234	-2411.1859998638843	74.44222297530163	94.74131663357466	525.1739300490577	-1115.1819088138195	1984.6360836278375	-1391.293022916238	7.11309345533482
?	171.97850679884868	397.4051959812591	78.02283696969792	-64.54466570636755	581.9112903958671	-444.34422612351125	1755.9739150195346	-6187.4761599767335	9.662502198284837
?	180.8224210216053	-3.5396262034066703	71.21498968998326	-257.8171062737031	502.9567187428822	-282.47231324721275	1675.262275629001	212.6396525539531	5.225532899418555
?	171.80152548867835	91.39354650280326	65.13198165601277	-43.53484555428282	567.7876747335065	1047.3640043902983	1766.6058976472323	-2153.7345482279993	-1
?	185.39209834674546	633.1629126721522	69.03824741226912	161.81454578663423	555.3249189623971	-371.77146221379877	1567.575548217601	-7982.466532832875	7.615451065642791
?	203.45967112228595	-855.307766150183	73.22270894534448	-19.6204289018084	549.1991016228166	-1997.5046731904677	1367.4825710055886	1312.973356439543	9.88626313320293
?	142.62671003923631	-1492.3635875099253	68.0572259671787	-195.93936423530286	455.4496853028737	-1462.3373389238398	1633.224216039578	2734.8292927750485	5.864469397435608
?	128.8414917467897	619.4711555478484	63.42574073357934	122.77965284884348	476.0822346766246	1108.21623397723	1504.224035644341	-2075.1020698646066	-1
?	173.60026781662873	1016.947159905155	74.19620860962087	316.5182144984748	510.8604970017352	2778.179779916886	1529.4691125463478	-6850.887922364112	7.974495072874054
?	179.6888497420475	-851.5094530986173	79.25165145850309	-58.81658232724869	614.991223672469	2450.2280327153926	1161.6796395261351	-7072.510270868573	7.728206318880756
?	131.02479516169782	-834.0453710372183	71.25537949325843	-302.2270034153095	633.371898637505	1405.7014971467595	1175.8435990029188	4342.210230140191	3.886119251454858
?	137.98658119018654	1089.9764505035378	64.1403012877376	47.9485093314906	685.276298529807	-3225.4199736753612	1378.7901510331449	-3629.991220187118	4.3593916778486
?	185.52361768687476	7054.251711881133	73.65280495983296	297.6717465666178	472.10089995373676	-1989.6489084436148	994.3440379935628	-6754.958661863273	11.244263149725557
?	490.6991667842435	246.3325016335384	79.0238886160685	57.42305899753939	585.7938531076262	3178.889293560307	1041.042217939981	1342.4469472623457	3.3369995736197233
?	197.8402427685517	-5933.146621073628	76.52395790970994	-185.03366878574252	631.0453646317523	810.2240485726309	1061.4663853566801	-422.16869570302566	5.590009227102579
?	194.04183573056181	-1099.6942821239118	69.77220517678137	-108.6322551697477	626.3050555362578	-1062.4046219749416	1019.9337831548296	14519.269294500724	2.069695003608813
?	142.85552866235605	-1182.3280885886545	71.09234515122255	-32.667978201300485	577.9251335330051	-1686.4208272989988	1787.429850081717	17374.704248507205	2.145751945736956
?	134.92543130112904	939.7129080743197	68.13880626671634	-184.72639333323013	541.9840141713078	1321.6541955600173	1888.6689955801905	4479.582622710106	4.319699216801126
?	189.84117406607197	1013.6698150672398	61.85602548456105	43.62981749741348	644.0078433110059	-793.955383380134	2011.408981217222	934.3074852240799	-1
?	185.60892205449107	-3816.8234813214362	70.32029714158702	164.06609309837364	502.28624500230103	-3364.76816577846	1935.3843698413946	2123.034369308878	3.6101781444529424
?	-1	-3732.178441089818	70.05933013947974	-104.42107310585574	475.76943502208275	-231.81884471718584	2117.560699682666	2136.9702840348264	0.3599841355184254
?	-1	1866.2594351366586	65.09924348629423	-158.53832382320135	490.6953027664417	2491.7490802686725	2042.232884043136	-1794.8128983361796	1.862332630453338
?	92.31297175683301	3105.8690724858393	62.132413948319666	5.949651971913278	600.3568890355165	245.89971597453405	2027.8200547658569	-5311.076063426303	-1
?	154.2934536242921	1011.9450504708467	65.39672608488989	-23.06336309258638	502.99028856516844	-2603.6836838528666	1776.6790808718206	-8823.704473468217	8.822836294909754
?	142.9102242803754	-3105.8690724858393	60.979245793690346	-190.92158336890503	470.17270484287303	-256.9145605984827	1586.6348310924457	-1667.4849563875598	10.720222753625059
?	-1	1046.8161824532901	55.85064691644463	43.21633900541055	490.1445605352443	437.4027390935756	1693.3048330524425	7721.798967807615	-1
?	195.25103340303994	3961.7021629236797	63.140062743960875	328.25455852741015	492.04284179755183	140.61211927302554	1972.7247794828268	7950.032961681729	7.920074021704462
?	197.08510814618415	2957.5544505534504	72.26337484281515	74.04935913355935	497.1751664988956	-1252.7577566613127	2090.8064811365293	2699.991943582852	11.006419769842143
?	343.1287559307126	6069.502813777358	66.84253070063885	-99.05675057217442	429.40495396448614	1579.9706896197367	2107.7243766619695	-3331.8600738888395	5.22397593676955
?	500.56024883505233	-3220.985453792448	67.31053731420643	12.68829704635009	576.1737009798825	1819.746383507764	1924.2134774420872	-4465.111803436831	5.035573615419796
?	182.07948324109006	-6565.9274757344965	67.47694555295635	59.47227737220624	520.3922731398744	-3928.525062151018	1884.4687864901277	2433.832042766778	5.464426896214856
?	172.26387504832724	-320.5493303773463	70.28415118281674	-158.53243806535076	379.7474478723314	-563.1936552557506	2045.9050795804262	5045.920981552863	9.513655250769277
?	166.05201672222273	64.96740243959886	59.550323649688806	-299.76342517681417	492.23259037708686	3427.2076408015896	2136.764835567771	-2318.0732434449033	-1
?	175.51224517030718	-348.4939469327688	55.29597992397602	6.934763089555383	551.107829912411	-1553.0317329572003	1930.001417408181	-1715.616566899642	-1
?	148.62731937558428	-336.4524632535634	59.897061804166576	287.14709333665616	414.5810037292268	-471.7430378743048	2050.984007222789	-9426.075834412104	-1
?	158.689622007629	419.1003507824117	69.65333459080884	265.8851369931118	527.5206780186958	4311.144442980446	1458.6976256875753	-24544.725821954387	8.189729566425415
?	169.58233691470488	519.9774978028576	73.19131865382218	58.72190474072023	630.1382258782493	2471.5052635990014	823.7477161250685	-11352.85135207174	15.27535231838181
?	184.6884968977719	190.2733322505004	72.58942982784485	-34.871688657473335	651.095941198646	-565.0018366059746	891.0550580839878	5873.1998680667175	12.118498983651227
?	179.09600352722987	-627.0765598380012	71.44773422094852	-50.430413458871506	601.8881340479506	-3825.6745121388326	1117.4077095284033	17256.436242631917	12.373315249101742
?	153.33466890587195	-612.4679262145434	70.06790915490129	-148.590303841446	459.812215591705	-2360.7620049594416	1753.8768702155805	14901.961820799468	7.158716484668237
?	148.4726072165028	-222.00553627566046	64.01821902887625	-64.22791142861479	483.850033799979	-1060.9548051054599	1862.505800568374	8098.246457969469	-1
?	142.23439209208897	-170.8907120494678	66.85651358347056	192.81263758292124	406.7644753364322	773.3575974546538	2158.7891931140525	-1878.513238448738	8.727886042278476
?	139.92807161402945	-235.03512774997117	73.65885090802227	85.80788524830582	522.5179136727115	3774.09782217774	1768.5801386459375	-12219.179508350815	8.622885394437857
?	130.48263570459045	-599.9537869743823	71.14690784588584	-222.45731469422162	595.4693664453185	72.48983748920207	1547.830217696514	-2538.7200707885313	9.427950636540944
?	109.93038226531044	-2629.6527140918183	62.53598517331123	-159.20887449627912	526.1424055471716	811.142041529759	1641.6441351065114	7321.750255401797	-1
?	-1	1004.43681351465	63.18646412107191	41.75640498774286	636.0264685218064	2061.0133695920813	1913.9177304666025	10568.051354195679	0.4878485330176825
?	160.15222294104277	2897.8094435750486	64.62380542269837	202.74690245064036	629.1930740267753	-2112.4171870850055	2170.0467028162934	-4032.2281865944487	5.491901110575165
?	143.8904721787519	7168.501450126326	73.32380924360389	-50.97816776495083	530.4056091675565	-1460.990442622861	1712.3063211368808	-10223.728115999724	7.702403599167229
?	518.5772954473578	7000.703198050559	62.074897034450835	-369.37516862346064	556.1435518956325	924.2490671692564	1658.860297016309	-1072.790012590962	-0.7997420152580316
?	493.9256320812786	-10391.545908947191	54.855050812430925	-214.7729133005432	576.6180625260191	1197.9258644872991	1658.666820507333	1465.759739323849	-1
?	-1	-6808.299068683067	51.336251369423714	338.8494008615586	616.0398451199973	-1229.5247826473176	1732.1482839825012	1885.7838202898595	-1
?	153.51067864712647	2836.117383282384	71.7975208555088	444.11280625533635	515.1418233936535	-2245.466692754252	1752.9560115218255	-600.9415559236844	8.729591457563712
?	140.8058691641187	-339.07105095203013	73.54189168219045	-77.72146528253471	503.76651048228507	-1690.56853256992	1702.101206186317	-2098.571258090208	11.585206152465137
?	136.55712609952502	-136.56251585032797	67.91144759138207	-149.7000301013753	430.61339676515774	-2503.275667045726	1648.0274486173155	-1115.6069570517495	4.728821599660436
?	133.97774337160232	-73.04139470619671	66.05689017712172	-69.86656263150134	378.6027271299992	-1510.125496950636	1646.3208583337298	5962.7375067241	15.151075251026123
?	132.9050563642152	-108.46037976693462	64.41811945980702	-41.43933491577159	355.1071219176262	158.17406907224324	1946.1643239535194	2588.8394130912275	18.719387395483782
?	128.5547243832556	-205.92198276429644	63.984923431333144	39.62128756408603	386.51143058361134	426.65320933964875	1775.7628289882907	-6961.31837750637	-1
?	122.60895722600041	-82.15278090958039	66.39918383801131	90.7161985326761	376.4397823846086	-251.2960725873822	1598.0984050782022	-3110.4325711889505	17.65652518467182
?	124.4470853377766	44.16468636968959	68.52073335796693	19.10404043140751	373.9466269542423	626.2249769714958	1620.2412004288437	773.5949250102367	19.272663381962644
?	124.81719154448488	15.793765589520547	67.35438585958168	-75.00346002140502	407.75103123318326	892.0404259971529	1636.7781513287139	34.227241480398455	20.192584157140832
?	125.23677361725262	-162.2430364778279	64.7705603568967	-119.0378436620415	418.54864825409976	-1151.9744787148052	1621.9525625028637	370.7711726380889	-1
?	116.70503972059352	484.9219297054117	61.40249367647963	-92.98159778320031	350.1523072974432	-1009.0630167239365	1655.3167099606183	2215.197630423721	-1
?	149.48287010252312	819.2451261289759	60.121480467736696	305.3484974090183	368.0954974179031	4522.926474936722	1732.7124440240493	-3573.3131465781516	6.121555277174928
?	157.66729602704217	120.3527453218338	76.66991854693049	239.57397608310615	576.2986310442785	4971.007219972895	1476.6510526317113	-7782.302339158373	9.588761497181167
?	155.5005073686148	-10.385229429711595	72.10017927189196	-374.5140143531103	616.645858416547	1837.6601813485283	1343.597327066132	-2070.3105069967232	11.106705575396505
?	157.1480345555566	269.7519251424357	57.94421782927504	-190.03433834092246	668.1816401117046	1176.1051037884813	1373.1355272818755	5862.566659588595	-1
?	168.98810362573653	-70.08034051674	62.59846235484587	277.3582243720213	675.4511136059708	-5218.67052099666	1636.7256600455607	13721.30433451322	0.4278339281875251
?	153.6440175297196	-3399.7620725147426	71.81212904787606	-18.90264666366455	407.2481140618725	-5078.505027807281	2059.200744007534	6806.44538324703	8.506911896828953
?	-1	118.19286113954817	61.65333002166265	-238.08182627489842	421.5258622156077	1499.0472301281336	1977.047929207911	5473.8460327335915	-1
?	159.553660586697	3120.7234111766556	59.90803773413118	14.929650174270304	482.20047556827893	-2477.3308008327826	2332.8930456442126	7999.078270417336	-1
?	155.03617055883223	-552.8918733432121	62.39981253037616	16.371071210663985	297.659322173969	-4550.869867164541	2377.0018427287764	3383.2042178845704	-1
?	131.90906691953649	-86.52114979779557	60.726591294664374	75.09161545171152	254.65698221005272	874.1646263358617	2502.0532565384406	-6743.559636887231	-1
?	150.71011306894246	564.5025114985479	66.15439330296172	181.00731998233877	341.3675534907619	5445.6184057251385	2039.823860884416	-29487.299524802478	10.336537238599142
?	160.13419249446378	32.31864933426846	69.77695729378128	12.152791758223358	526.9379024963087	4581.387235232714	1027.6882802983218	-17953.085202995022	16.443335471662543
?	152.32604553565588	-455.32639780345494	66.76203289087289	-169.76110438227283	570.4369152523968	1387.855304846153	1142.1696007346682	17371.80474276493	13.622745287224078
?	137.3678726042911	-3066.5209107131286	61.28890207466767	-248.7976284733077	596.3306677386161	795.5934975936708	1896.2785174365652	15277.967002909903	10.680939988168241
?	-1	-156.5404003167339	54.32215146720755	42.77688458750931	610.2165901320802	-4159.914317055481	1906.0679508801607	-1797.318122833287	-1
?	129.54085258845444	2329.148468986123	63.427746304043126	215.21572347441	388.33495188584277	-5365.362272577142	1806.4126112949011	2774.135657992534	-1
?	115.45742344930574	-322.0675566476652	65.08293764092801	-123.94741781277078	341.9484765032241	-1022.2058952649754	2044.7747337797869	2683.650699077148	13.854837069334474
?	113.43747475607124	-2329.148468986123	57.23037541340461	-350.4835402910488	337.2246571225942	1344.0907716876873	1940.595146248758	-2082.075584287675	-1
?	-1	166.87967789546664	47.55876062637563	100.25204550418671	409.1530150876082	641.2411277785702	1940.6709545654035	1025.4994085524859	-1
?	121.78145865084454	2200.075872882816	62.24297768861393	276.56224050785977	369.2867135115226	-1716.3803538550558	1991.8701166763822	1686.831107996351	-1
?	109.00379364414042	-2455.6291730168996	61.38687265176857	-207.53439841849303	323.3339973948557	-731.2331066131461	2025.0125099652207	-2141.7524145307184	-1
?	-1	988.2370905903674	51.86625776768931	-51.48707018987939	332.7250581808654	574.7606245520499	1884.7824959498466	2758.2852433550906	-1
?	158.4156481736586	3548.6143831703503	58.81251914227461	362.71403179396714	352.0720286224581	352.0896232167321	2162.9267721329747	6933.105830232432	10.333693027172481
?	176.4307191585169	212.2005742321115	70.0019593573876	69.21688308359701	350.32953934170195	-612.0775483500778	2231.437787461467	391.0198260403481	17.01569549310649
?	169.02567688526415	-3548.6143831703503	62.27336329645445	-319.21998847759977	321.4681512049543	6121.837914384899	2182.477763434992	3370.1138178999217	10.480434295666461
?	-1	-457.2653880500621	54.04095993350767	100.8598634084607	656.4214350609458	4357.38543438486	2399.9434783564625	-11010.852557158472	-1
?	146.16240748276113	2648.982603681498	67.31635646687747	192.97520966953013	539.3374229241965	-4978.273923974553	1631.9351355770705	-18887.960265057325	9.539491950784846
?	131.44913018407442	-2943.2481496552327	63.689720416984144	-287.1617738098543	407.507738862219	-210.36792428741438	1455.5454651035996	9045.075122573722	12.051908234906222
?	-1	150.1593086205156	52.9582677763848	-49.97407315633399	528.8190267098258	980.710937761553	2084.188891705755	17939.883939330226	-1
?	138.95709561510017	2528.9818905978714	61.191016759167454	124.42322596389461	456.5432857502965	-2014.4215368646123	2352.5396620701076	633.4674509783258	-1
?	125.44909452989312	-2799.141912302013	59.17942907457951	-178.58129603332023	428.09794986659557	7121.225239273176	2115.862264254671	681.6794857240826	-1
?	-1	-2528.9818905978714	52.26195195750147	-16.577819747303327	812.604547713954	21227.535397643518	2386.6236363563116	12171.278398894226	-1
?	-1	2644.583280828679	58.350538087214346	261.47805127813905	1489.4747197487677	-6706.506321418841	2724.4261841993803	-12902.905014458489	-1
?	131.22916404143348	2320.111585053251	65.33585452140838	-47.172293711504125	477.2792316430132	-21180.532961844652	1741.4783856333895	-20080.101237368952	6.606567409676639
?	115.00557925266214	-2644.583280828679	55.99192340163915	-293.68364012555463	430.44807165653884	-582.3215808393488	1720.4211223309362	-700.012248922583	-1
?	-1	104.57707982516618	50.6516725151307	-58.093906755895894	448.16315260104585	1383.3422096060751	1706.4777731872605	2504.227973564989	-1
?	120.23443324392044	2262.026005446798	53.087228063844364	231.9594259000672	499.61518213684235	4111.680675177783	1845.6325210091852	-5866.718135466729	-1
?	112.1013002723395	-359.36100703584526	62.24964381013402	138.70948045305175	653.7471863599343	3771.204466090905	1413.141866413925	-12768.160934078827	-1
?	102.26638289212823	-213.25689499982693	60.02270208649693	-181.27748295373047	688.1754054413869	1298.389241032205	1207.224474305246	6921.407180362737	-1
?	101.43845552234819	-2065.327657842572	53.18576966244753	-196.6615680297025	718.6666484115443	-1195.6092808274022	1759.2122254320607	8333.051209634952	-1
?	-1	-2048.7691104469714	50.18962368501184	-14.925590490319589	628.394941400017	-5110.325060714	1623.8770347869922	-1292.4888881964762	-1
?	-1	0	52.43949013793155	-55.08120089262795	463.1503953758452	3271.3337450640306	1694.587781022237	6734.174517826719	-1
?	-1	0	47.43556364038045	-63.88308825295107	791.961628653218	4192.7286551083835	1960.585760678327	3763.5203379199033	-1
?	-1	0	49.24533572528401	68.70939901342292	672.7868281312636	-1025.234173961393	1882.7637979182316	23.946450976973296	-1
?	-1	0	50.871033591051585	58.23692663859027	740.6999199551485	1648.3886304102784	1961.7830832271757	1534.502246869366	-1
?	-1	0	52.15718205721351	48.94082426921091	755.2062596517773	-1645.5161002799732	1959.4889102616996	-334.9629411262288	-1
?	-1	0	53.31807480451212	-16.939430372445717	658.4241149411502	1892.3944638322473	1945.0349361708643	1095.0836279934667	-1
?	-1	0	51.31021053859123	-12.819842161741281	849.8259828433893	5004.250817761724	2014.2430916613728	918.4790780452828	-1
?	-1	0	52.67708269642506	-30.48485610800821	908.6366558292355	-5912.8714495465765	1990.9588900731283	-5233.658322430292	-1
?	-1	9145.883632945224	49.78596773319082	199.04761038631506	554.1824103660615	-8389.472500894195	1752.560175539859	-8357.821688558945	-1
?	456.2941816472596	8838.78694906665	62.62946321574078	554.8103857122742	489.1630307845272	-2152.6984170921887	1573.0678056451825	-6982.661184033593	4.067142974699665
?	440.939347453331	-206.70870215237602	77.52648701880443	350.2117180304679	446.54748951145245	-791.7763212010078	1403.4271163381807	-2916.91605288902	22.202117440621343
?	445.95874653964086	244.93586520697792	80.14004911726411	12.64246882016356	449.574214724477	175.58652934344144	1427.222003000732	1304.6421377083743	25.38241953076531
?	453.18614071367983	-762.8569413520852	78.1586104598126	-274.03651439317724	455.3268159786245	-124.90222065630563	1468.6592232235992	2696.6190096075575	21.573073653454625
?	407.81589947203673	-5810.94428797121	66.4382233976053	-182.68631529104889	443.3291036916617	-2156.010055958046	1562.0529534811094	4328.075968162772	12.913343712619168
?	162.6389263151204	-5095.36039449028	69.0242946952602	-20.089378750134088	347.5263131807226	-2089.480212605028	1685.063021631737	4076.610716493584	11.973717460853038
?	153.04787974752364	471.07930438429884	65.4337544600986	137.3039756632766	338.8550930614107	1742.4155668658607	1765.8834893057879	5958.986672501572	11.821696378985905
?	186.19289153433525	1018.867833307834	75.889493478424	249.24715519100008	434.6470915240153	1634.363188644394	1983.0123552568145	8012.730473464663	7.151386377979813
?	203.99127141291515	166.74554226466515	77.89611221964856	-229.16065839616633	420.5732524936301	-90.69111619271585	2166.5200129790196	2461.4611311660924	11.073384508275362
?	194.53016864756847	-4099.8254282583175	64.43146055861573	-225.20042064215966	430.11253571437953	-573.36400086358	2106.0854118151187	244.6258026088444	-1
?	-1	-1441.5834941587527	66.63609118754062	159.45107533291832	391.9050524504512	808.7723780670677	2178.751303109462	-1822.9311467947327	4.113623493552046
?	122.45099393963109	2346.870449599775	72.40401432526161	131.5866004235416	470.5511546177328	824.9463444970668	2014.9388544753824	-1887.1049244837625	4.446751762541522
?	116.34352247998834	-268.1876285447528	73.21542120871767	-32.99503869612619	433.1523696753044	6084.303368921859	2084.396056885274	-856.8560446517798	5.677013159846398
?	109.0416125123935	999.6274905847072	70.75426239045531	63.28833835299912	774.7663230638246	8203.886718644964	1972.0960522427936	-8375.536763029875	2.743929728256203
?	166.32489700922352	1834.9251214490712	76.37983812636762	37.83750764784386	843.3467056075511	-1461.1951816063727	1665.6192187337817	1425.1121382834576	1.5136747939601674
?	200.78786858484673	982.1870263763038	72.6461377728475	82.645736660009	701.7065639835063	-6138.456226289863	2043.3516591569662	-1267.6735316847453	1.1164572879475514
?	215.43424832803854	111.30175386711511	80.51212495936805	80.41282699075225	536.4238942930591	-2406.9172331796854	1602.2355421495447	785.3325330911849	13.003633145849292
?	206.35295627820247	-395.3257450042801	76.6667791223851	-152.9790266782271	581.3607023245224	591.5991878021234	2082.6182858115253	2122.24899338409	2.465982084927001
?	195.6679610778246	-810.1700168995313	72.86317362545672	-81.90906139872539	566.0038536831652	-656.9338870620505	1708.3479918187488	-8823.500445076716	7.951178167524136
?	165.84445543322605	-854.9543317141697	72.57132605244884	-77.97774068043849	548.51400797142	-1148.7994793542198	1641.4432635576911	9688.933302372227	5.912631579604996
?	152.92024449211627	-271.4164691093087	68.96428659143481	79.71819203310218	508.5638797154544	2762.2716919887293	2192.7946569373585	-5213.102279824475	5.852233243431526
?	152.27363197776066	-235.6019075343519	76.55723565410393	98.59577701896434	686.627592570856	3749.075125763731	1380.7881495664683	3967.7228948502357	9.314299606200512
?	141.1401491153987	-3065.472639555224	73.89407544238301	-137.44692151039735	696.0176360036403	954.3827402365457	2391.1808016798695	24178.735147071406	4.966547200357448
?	-1	851.7938677586627	69.68488957858409	-204.40250208636445	734.3467295826831	-33.806080476310974	2589.7249069200343	-1092.9552343944708	4.77061062725672
?	183.7298425033317	3684.04162532001	63.67395033806483	10.17469357401982	694.3273319798248	-3899.8452181668563	2336.533039960146	-21263.63397059835	1.6367311476710524
?	183.20208126599985	-775.5946987177002	70.19362425728508	187.94797929408426	539.354468674341	-3482.20285425465	1526.5432083901208	-11918.073257000944	6.533728017678522
?	144.95010756744682	-1450.9200456260096	73.07134930276901	9.739463784300176	520.2171892670929	968.1327882301673	1740.6293771101011	2953.1014451743217	8.630104526749628
?	110.65607898469963	-495.14223519842864	70.68059744650009	55.21178598265769	587.7611080858492	473.8653158446658	1674.1982806488363	2790.492891002801	4.364057398809246
?	120.19299580752548	822.1871568866216	75.83193860190188	-63.969211050838	543.9104550593261	-2132.3137478415806	1880.1540216602407	6449.2752751534135	5.648091673357857
?	151.76543682903056	1131.4662622267367	67.4821368939582	-126.55818870779729	481.1454206937705	-3292.5201372271413	1996.6620444065059	2631.5000189994503	4.467790383687647
?	176.7663089188621	350.20561160708735	69.50402916651204	58.23883330022361	379.2844481979696	-2860.117928938678	2011.7290226102127	1209.5913980478142	9.433309102103246
?	169.27571740938487	-3555.326178377255	70.39407855896937	-120.00806997121529	338.13952424683714	14350.524893818048	2057.1416143088964	12059.729191404866	5.256468118395498
?	-1	-974.2347590230506	63.5036256679513	-137.85090417781552	1096.8106928888694	4531.725588619738	2614.715482180454	3995.9278187316845	-1
?	120.56397945823251	2689.2988841955635	63.50153335007862	20.219120438084488	564.7258036778233	-15200.923572649903	2256.93800524548	-8429.709277445802	7.821758819134407
?	133.46494420977768	958.4104361308916	64.51458168985552	116.21698499901738	336.764514256377	-281.53166375139665	2193.230018308165	-3634.27053462175	5.800881011092843
?	168.48450126477692	1333.6532116564304	69.31238260002947	334.2710777560419	550.6492204902535	2283.4283952585943	2075.224478514393	-6035.946382410783	5.2306499079337305
?	200.14760479259897	595.7077449243114	81.22813557765755	15.305465416744026	450.93593401930633	-656.0585557916194	1891.4326991876271	-4557.581622010273	7.273046578613476
?	198.2698885109924	-4022.952095851994	70.07765587086666	-294.93571822854693	517.8462927006726	903.8889016887604	1847.3453974138802	2875.527089901535	0.8076173840202844
?	-1	339.3456027811596	66.48134966623026	-21.88511244497797	496.1303791037442	-3679.8507544109184	2035.2090536827034	6580.758638691546	1.666820969986633
?	215.2371686500503	4484.455797023169	68.98340024861777	155.11383804729658	333.85375498012735	1040.5479437746421	2176.3833293484563	-1228.1626968674343	0.01719577619826217
?	223.22278985115767	132.21496387905452	74.23704156859506	45.79842975518164	548.1577762924761	3737.9292314935137	1973.8009188393319	5238.2567156714595	6.693671675845789
?	221.847916844003	-4484.455797023169	71.27332173637684	-60.548937040365374	520.7502165548024	16683.467457935563	2438.2961651320284	14701.1647207416	3.2331206080539943
?	-1	-719.5262520171232	71.2095947165768	49.29772985123396	1382.3311491892514	10282.634868579307	2708.8591548764093	-2196.9728300785287	1.4624713617749974
?	185.87160424314698	4063.9955419005596	73.73820822893853	108.8557113084921	1034.881959983766	-16212.89061464918	2328.4475236281023	-20638.385033711358	5.2703618652493
?	202.19977709502726	344.11882813691716	76.65238028200139	-25.780453297516125	571.6866184567953	-6280.227440955291	1676.9399031908451	-1052.7224013344348	13.80514403325057
?	203.07754564999277	-97.34093260290854	72.44918556406273	-55.97295697207747	720.8705879360025	1532.2149188028866	2275.8114035613808	5992.129329136699	16.649267756760125
?	197.33273046488185	-510.5215175037922	73.85373243339753	-63.20578028314539	648.2973643969393	-1573.256665664274	1976.546369647679	-12371.322403624674	19.61331322400447
?	177.5514697748028	-94.34331259771435	69.28889654990542	-235.31986989912858	642.2077546527877	345.8071287240406	1657.2452833801383	11731.431860781455	8.01178909530312
?	192.61556483499606	-3571.0293954960052	62.08773893844093	-231.2132760353138	665.5877208331416	3001.8872528317575	2563.11796268676	16862.937956980295	-1
?	-1	-3872.311296699866	57.72823274813956	-8.800617885881241	792.3021172943777	-4149.788718185651	2500.392181229165	-6413.43402523552	-1
?	-1	2293.7825681965833	61.64770804414686	259.77886082874903	458.09828492385606	-6263.078619286345	2242.4462614249796	-13901.293634361911	8.129882230201082
?	113.68912840983079	2105.2230120779827	70.7171757895772	123.8160540829231	479.148186330056	3588.5869145117135	1805.3274995110596	-15377.16096806926	4.213594948194624
?	104.26115060390063	-239.19771951574262	67.8385107482931	-102.63784298095682	637.5276306494443	5548.925989592993	1473.5882130215057	8825.272758890844	3.829297205858746
?	101.72924243404348	-161.6753633197396	65.58528364052928	-25.326340820797594	756.5944858097096	6387.587256093969	2246.591137455608	8734.01118442808	3.704475033335222
?	96.17738243791354	-2054.5848486808404	66.5721937072532	34.60164678828826	956.9069934541473	1081.0982574868972	1910.288772242916	-8072.7445286242155	2.2955358051459003
?	-1	2523.032991848789	67.31536597994372	105.67106367252498	810.6493986840552	-4949.325062460889	1842.9539110243916	-2572.869621437626	2.762635457453783
?	222.3290320303548	4647.199043956274	71.85574689087953	141.77029947448116	709.4407403310993	-1221.0605883440471	1781.6452911710328	9132.093921558182	5.863081799223217
?	231.35995219781702	142.2758629615802	74.40388095366788	17.881996571424878	749.596369266852	-904.1660271483269	2299.558607102307	11420.41174457751	15.054495420946427
?	229.4428251784339	-157.61911774809792	72.74984671945079	-224.98905027619978	664.2324389736823	-1350.9257282108856	2352.6658783999164	2695.6299174256837	14.22317074635804
?	223.47899631041201	-65.32466639206596	63.15442843985773	-340.70494933122944	682.0500828563067	2210.3811293063045	2434.3401029735933	-1068.3615657219827	4.359266675773911
?	226.17659185883056	-253.48884157430442	55.71459925288907	35.851523412242074	774.7514954389991	-874.2018400757537	2299.2478001138165	-10364.953896658793	-1
?	210.8045542316966	-534.1140603858137	64.94700461046986	408.8381734132621	638.3399908525184	-6369.945153491008	1916.0924081406463	-19397.412649062477	12.771030703097939
?	199.4708888395395	-881.1799461940007	76.15650792355247	-7.183557462102681	456.25423776444416	-2752.3911410233136	1329.3771676606789	1269.525733755968	14.394828456203296
?	166.74555692199596	-4009.417776790733	64.58782673736472	-204.96962208297043	500.7204338013508	4064.7057007861113	1979.5686948284456	18521.647729077613	5.451053101791851
?	-1	-3354.9111384398716	65.9080268194038	67.947229076204	659.4895228037526	17426.266054881118	2255.4595541145727	19260.679365792173	-0.6525468156742522
?	-1	3577.4231760612797	67.98518819117497	4.934614811950483	1372.033736545419	10196.07643964379	2942.602663118068	2455.6757340561776	-0.9493405049549345
?	177.87115880306652	3315.2940758002906	66.15475756000133	182.3804498775962	1169.2933447859493	-16200.96342892198	2378.2433408173833	-35693.80131948589	6.101253484342184
?	164.76470379001688	-596.6249769230797	77.10421068505491	151.74329420145523	561.9855650993086	-11120.893934534572	1157.9125971437481	-30035.366512291766	10.811994856646503
?	148.0399099569121	-344.2506833110425	73.7419222700742	-96.38952574889947	613.2486480592129	539.5229000250484	876.4750152027735	-7077.2197286600995	12.548199356675115
?	147.5521696244645	219.91186251389848	72.28473439760987	-63.62375112788977	588.9617101005614	-600.522268874293	804.0516107107382	9424.204105904928	14.531204720328764
?	159.0355030826072	705.1532982517258	70.56073471367967	-51.65647023392962	583.2225346154978	1318.9610274357524	1347.6852204980266	23701.555390526573	11.066457654055043
?	182.8098345370513	1043.9146937623734	69.70191088591335	-77.66344826689593	654.9097614723499	1448.2245509888933	1989.1293802370838	6697.191665563473	10.388808921164884
?	211.2312377707266	688.0840693630727	66.67756230033481	-214.608343277776	655.6337621649435	595.7975571252207	1682.544803776205	-2232.864365022315	11.027555361609732
?	217.21403800520542	-4244.624755414472	58.9714937220244	-278.1676252135597	684.6996393286114	302.35340894246315	1877.4861619859664	4448.00778616378	-1
?	-1	-4364.280760104047	52.76918103965663	-91.87945515460623	670.7514326120669	-2719.0545526673327	1904.9451930843973	-1679.4041604586926	-1
?	-1	0	54.37752096429402	-34.00611883044357	548.7469116952428	-224.40194182058258	1793.5159539630306	-926.4059976638287	-1
?	-1	0	51.06887509813443	-112.5685550907762	659.5313355210376	3548.920766211033	1858.6248932012052	3306.1330104197154	-1
?	-1	0	48.74909320975513	-32.88109216061979	726.192950005797	2362.9650874833446	1958.8226044840187	1323.9732135915112	-1
?	-1	0	49.424820490103414	-5.247406224705525	777.6795898952065	1113.9360924036669	1924.8235538807817	-2257.1978633558588	-1
?	-1	0	48.48672289851985	-73.41774021597924	781.8897546259811	-167.38472267628583	1845.9627113162242	-2462.147425838913	-1
?	-1	0	45.7539334793044	-95.82325089104705	769.3103537613921	-923.802412298972	1801.7161825888343	-397.8872545288994	-1
?	-1	3275.1142470746586	43.69556035396743	83.32846998226141	735.6996340110319	-1228.7937799402819	1826.068348589779	3412.9806952291133	-1
?	162.75571235373525	3050.7660767324137	49.92035697841753	503.70510044218105	707.8706647643771	-5690.45149418089	1972.3652173502924	-14386.230238228069	-1
?	151.53830383662284	-636.3215710247994	68.88081537607684	293.50267971248724	451.1770593019833	-3977.1238750914567	1106.7568366783653	8261.06234057016	17.06398796960659
?	130.93963380249482	-3050.7660767324137	64.5954909640421	-255.2532001487288	509.01447100980147	5809.901147600611	2385.4183343788063	17544.17099884423	10.807628829803976
?	-1	-2638.792676049859	56.11815536864022	-172.6047345144617	741.672116682018	4243.298976449659	1983.9653866205892	-5344.90801843143	-1
?	-1	4190.383887734623	55.96525423831889	254.84408735785516	721.1794198322874	-5950.4473230489475	2118.172933457231	-220.86587983154146	-1
?	208.51919438673414	3843.6172832121392	68.86035973653316	284.13888054247957	444.1497505295664	7843.539193525671	1972.922092629012	6578.234792534447	11.780369888393091
?	191.1808641606097	-901.5167415268049	70.17219826544307	36.3205362476595	1113.3563795085765	31659.017455642464	2447.084673083958	20880.54029066734	7.825815116868415
?	163.44335731039325	-365.63211967905994	70.67638654891616	141.39159778277954	2027.1006233117123	-6225.315586697857	3016.949107162394	-4824.323540502232	4.137955591284974
?	172.89925817665645	93.06046177765931	77.24177815458215	160.761959206757	802.0906001736793	-31147.892894766937	2205.868496058843	-23433.932100615184	9.018100019943251
?	168.09638039927628	-272.9207456454038	78.71448450925412	-86.90796529540894	469.7059785733433	-7933.075742049305	1845.252502131618	-11165.547255223133	15.780872012650647
?	159.25322089438606	-111.64916223888963	72.89637988981164	-119.21355888314368	405.4368130712084	-1346.997118001275	1647.5911332976784	-1536.5163519953567	9.751763325875317
?	162.51392228733172	253.50712614540763	72.75380656509685	58.21514137993776	402.3561226732786	943.7505391613015	1768.426684531849	7181.4856593624545	13.024168868069111
?	171.92857720165662	204.95006740997377	75.80713695880857	55.272143356225236	452.62434002927415	918.5334952129534	2006.6654162658062	7538.923964690436	18.730514531412773
?	172.76142565783056	-167.69583952955475	75.51741373290815	-30.323117999225385	448.28279743392693	-1291.8877070133417	2145.3728827663763	3422.7980050720284	22.414916475440076
?	163.54378522517877	-486.9563802067755	74.29098105884728	-187.5454461926633	388.02995467860615	-896.7428066871034	2177.80531651941	343.945561537416	12.346292541737236
?	148.41360664749143	-3290.8757045035286	66.14014142327486	-266.91963985460023	403.4456570995711	3578.8488380628714	2162.5701608432473	735.2143317957311	2.989696774509169
?	-1	39.98283587746016	60.94499906611708	-27.355634236376613	566.9723965817523	-361.87551835719034	2214.566033109197	-1247.60441305004	2.2038889784672895
?	150.41274844136447	2551.6035903986285	64.772359711456	125.43828297465261	385.35188118171135	-2363.073767073981	2100.1899401907444	-7259.382718218046	10.903748492873245
?	126.58017951993324	-753.6645415479547	67.2169132148498	-111.1616819882586	448.81870822805155	965.3817115686478	1851.5968971982898	-4970.789081087848	10.559798858613426
?	112.7295213639662	-2551.6035903986285	59.214275612043	-356.2751778338006	433.6209667601444	716.8932782605725	1851.6504861363485	-173.8119785405909	10.303878568820984
?	-1	-2274.590427279292	49.40315432315951	-7.642442943977448	484.6633721410807	2368.9478954980486	1842.90629827126	-4520.932292176434	-1
?	-1	3258.566377538638	58.83215346484412	606.7090902976212	552.0683615350486	3548.644407278104	1625.6038715275236	-11306.15452998122	4.9702360903427
?	161.9283188769342	3087.4033066271254	79.738608838041	341.5308306259878	662.0955925049884	-509.71140391928844	1277.598571772191	-470.2737588756123	14.18821481325467
?	153.37016533135846	-508.3424757679332	75.90869499614375	-246.14434309561736	526.5827913390838	-3103.6267677425444	1602.0901835837426	6562.66474555756	8.874894366095976
?	136.5111950885372	135.433074508309	67.43139168325996	64.30309379719569	506.914254117859	-1025.5432367059236	1605.7318090500737	3885.568523971551	4.959442907886971
?	160.141819056774	329.86040454830277	79.12384968600358	200.8656801970335	475.30562950378686	-1058.799762462588	1796.368609782323	8029.110861282306	12.06657233239365
?	153.00421531595256	-785.171937509103	77.47467569311178	-265.83448176175517	453.97426599472885	-189.71080255345285	2007.1873521141947	1496.703878000782	11.422710292704174
?	120.8832221813183	-729.2731766515412	65.83212559791564	-295.57078770700406	465.8200893761141	32.97138355848868	1871.203803682363	-248.83545151145074	5.128902899436652
?	116.54055648337498	404.57321104840156	62.696136307761364	71.47692092692223	455.6228351726533	-358.9429099341595	1994.745579538622	-2104.5806787721194	6.802699520609918
?	141.11188273373867	79.58834792650066	69.4059716442618	141.72599016418698	447.87294387940585	4186.442062974864	1765.9747697437556	-13821.685233451703	6.124370680634853
?	120.51997387970007	-732.6844424190132	69.78243581597081	-158.36494739947045	664.9449383213995	4464.548648967696	1303.661317866027	-5757.650047798957	3.3979151296979806
?	104.47766061278749	-307.23479439148593	61.48772427428816	-381.16915445914896	671.1003763277938	562.7021309738677	1478.0922673538037	5140.212523056571	5.247065847451849
?	105.15823416012556	-2109.5532122557197	50.723978093013095	-269.43726781413346	693.0800448700933	269.4825058778709	1560.6719440188592	3430.8108305962073	-1
?	-1	-2123.1646832024812	48.0158608835813	-65.38101188904342	684.5745016216876	2296.8648030598447	1649.6328088836165	8372.906900055608	-1
?	-1	0	47.45492749856088	-53.62728014878849	807.9232850230872	-437.13916286637703	1979.3172890216456	6818.583923952358	-1
?	-1	0	45.334496876141834	-34.74195403187601	662.7175434783684	-3773.5731722000387	1990.5620050812392	-177.9599563661006	-1
?	-1	0	45.71782979696705	-39.609900741280065	619.2446264130825	-57.699329461824256	1970.4192912033404	-4150.514147174608	-1
?	-1	0	43.3540018390778	30.086772360191105	659.8325770052771	2244.3995683351704	1783.0362977225059	-1277.9288902898816	-1
?	-1	0	47.22216841497663	52.905895412720085	731.4646048298426	1932.2304047461123	1906.5228466888454	201.71801614229193	-1
?	-1	0	45.999296609713845	-85.2869993861399	756.4440972425841	-4396.988722435016	1793.1221985296206	-2328.686560015188	-1
?	-1	0	42.957818445669574	51.671891590294884	511.61516870808873	8485.541901193872	1790.0885186880844	10730.504502629412	-1
?	-1	0	48.582891189228626	275.37013234549073	1180.7211923022837	9958.767995550152	2329.647423661099	7678.801566664129	-1
?	-1	3434.3551241912614	56.726325062944305	388.49281176038176	1009.5535684856034	-12354.021075891427	2174.0285970212963	-9161.651233567878	-1
?	170.71775620956552	3375.542178618647	68.00753177724799	282.8723684073618	563.0201385077036	-11035.867150746131	1871.5648619826984	-7232.691168896437	9.68388844741666
?	167.77710893093476	-34.79409563546547	70.8699434833126	-238.04042741600344	457.760210948289	113.8751134203819	1812.3940385764693	-3091.4198563198183	18.002922673928552
?	168.97805142779222	490.88627842027887	56.10551040644765	-284.39827854233477	568.7138941787227	8013.757582161247	1716.9938691667053	393.7089985961246	-1
?	192.32142285194905	268.25568244642585	56.650029556195655	432.70246749920386	858.448090056357	-3170.1185050082963	1832.0794885062758	-9604.166107645106	-1
?	182.3908355501137	-391.0746218138531	77.74063378140815	378.12164126042194	410.20796892830566	-9980.99775556164	1236.7855637844432	-7898.367907269405	14.870685699550416
?	172.76769176125612	-214.00134922513737	75.55611161921702	14.47071835352866	359.39820227826795	864.3816746449888	1437.1610931428	-3532.89708816053	14.774753597450195
?	171.6907680888567	-192.62443038149183	78.4641696990846	32.857604645804585	453.4270526605557	3930.598093513282	1060.1407093764142	-6749.589573401654	14.380732532863865
?	163.1364702421814	-360.03121181788515	77.19899185150727	-130.28146808182626	555.9281069539348	2583.3065591672594	1099.6816144727125	10677.43182631394	14.928809841679165
?	153.68920749796217	-497.8862038634387	71.95009629499319	-222.1703816519047	582.5923806189205	-1067.1621973317208	1594.0123006921187	14677.192488659699	9.80243077056222
?	138.2421600490091	-203.8005524605631	66.09047276891188	-127.79111826749829	502.56999708734804	-870.3727813994796	1833.5412389057078	18798.326087818114	4.94576924464128
?	143.49917987493387	1102.7775426420649	65.56054038161818	170.10791575851258	539.0737415489459	-912.5442318397149	2533.928605083038	1254.5137544649747	10.492495236419566
?	193.38103718111313	1617.000078850638	74.59586855683763	327.90437477585687	456.94278549536165	-1548.6796361348713	1896.2669266289574	-7160.324705449782	10.720687289191769
?	224.34918381746692	530.6180256186035	81.95575912041126	-111.62968804255667	461.63975974220125	-37.16042889609473	2175.9123698105436	7971.9804620736795	14.560180150953883
?	219.91193846204368	-4506.983676349274	69.01438415470972	-328.4974336552692	455.0847640505569	3582.4437250244537	2294.865949732647	1820.8935176928767	5.593149859551668
?	-1	-1002.2210273371479	65.53088743764756	8.299581797710001	640.7619459934265	-2893.915371766959	2266.9570456951888	-3685.7786004450395	3.8517689615141224
?	169.80088709518557	3999.8280922569033	69.42936324459522	119.82932710286292	310.3889954622069	-5131.242049694681	2110.5770197103925	-630.9368226276821	1.3743577488074243
?	198.99140461284802	690.3232323684448	71.5223537927908	58.43235477585042	384.1998435086888	1960.6617084977647	2235.410204563804	5061.867566437878	9.351967378036378
?	204.3170487136083	-238.004730612347	72.35098098338779	-0.3950923263454286	408.4220808870965	-298.2888344411677	2363.67039803229	2737.0401955599727	14.515872525664719
?	187.0911680822305	-732.5517342215776	71.50259917647352	-12.469466501729407	369.2854017866302	-1525.079930926314	2372.262214341805	264.239985849841	12.416420322561482
?	167.6894620025289	-702.410638484209	71.7275076583013	-45.79472605218646	332.1680843407797	-1261.9867478533367	2376.8823973247822	-1521.8525872080465	10.661400023350273
?	151.97063615801954	-702.4611848092993	69.21286287386417	-143.24150256598267	306.18606439396245	3343.3198783121375	2296.1695849814014	-3860.8359478075085	13.49926308040738
?	132.56640276206343	-779.6849224517996	64.56543253000207	-180.0649586920713	499.334078256389	32146.878262793136	2183.840599934404	7599.738626117652	-1
?	112.98639003542901	-2671.3280552412307	60.209614939260476	-35.83604062530901	1913.529977533642	30887.55426844709	2676.1565162872894	15268.83406409039	-1
?	-1	-2279.727800708548	62.773630498736594	70.53835342986757	2043.7117916787654	457.5747606046733	2947.2823031389344	4800.467923118663	-1
?	-1	3120.5973408090945	63.736532610753905	120.10185687475882	1936.408715563876	-25629.28956539529	2916.179912443226	-16967.36018126639	-1.3683525769519693
?	155.02986704045694	2932.9817337152767	68.77872334247462	120.0533696948348	762.2473134089825	-29981.121792310416	2098.914294075603	-17894.073343342727	8.491759461388602
?	145.64908668576592	-3120.5973408090945	69.73920109549573	-284.08764024726077	437.3526259483339	-6376.253769984131	2021.476245276077	-982.3842080091205	11.379327351238299
?	-1	71.84270305992595	54.57434133011138	-275.25178218749085	443.43462490977134	6738.972353852294	2049.795083675146	6826.118022979229	-1
?	149.24122183876227	2794.125184906149	55.97661198612099	158.777093843503	774.3012436409534	-1907.2689294788236	2362.7821464250433	-2149.4516884461214	-1
?	138.70625924530944	-265.7901197810977	62.51319602228664	275.9151341473318	348.0711784358288	-7648.074807292495	1942.3224992528385	-4959.892215179855	-1
?	135.9517158497072	-231.4354840041433	69.77236869348778	89.54369420430908	391.8975032763232	524.9400312938058	2114.787535666047	3875.9042622232478	17.013783968048426
?	127.13448504510211	-476.749331939401	66.99038073250216	-259.5363296326573	374.3181800005195	-1113.481998042397	2136.1177123640036	-605.2968279056408	14.867784265119447
?	112.11424925273681	-2562.689700902006	56.79555221185473	-312.39974854495296	336.2234033742026	219.02939226760765	2084.5226942707645	-1002.3403295715838	-1
?	-1	-2262.284985054704	51.37039330525429	-73.83837806809802	385.2696496139	-1047.6539825621353	2086.0006958854237	-2729.125974750375	-1
?	-1	3636.7057072510706	53.10363330844977	489.3233954371294	283.8407042460951	-73.7496756824556	1948.0663955332438	-9310.544889508068	-1
?	180.8352853625561	4382.578254167313	75.83656307711111	668.1931613584355	381.5821658297772	3198.313729610367	1620.4734514100137	-8175.017304726623	11.22116007973853
?	218.1289127083688	939.074718480612	86.51329137637202	138.40133523787446	443.7563907266157	1812.3231712910483	1539.315530296907	1113.7999295595478	18.30199058648927
?	227.78902128658737	7.531827932302696	82.75662983900493	-316.3075843289048	472.1983243943309	3536.5648223394323	1676.1634478879919	1461.2693094017116	20.010373159218364
?	218.50550410498394	-17.89586940246099	70.69791215992656	-403.2855076508448	620.5846318435898	605.7511051038368	1612.3789957669935	235.8610574763009	16.543166128526686
?	226.8942278164643	-314.27571074608016	62.5923544564624	1.9249400996679082	502.48587964952316	-1202.5477030372383	1687.956500761807	13100.531080927203	-1
?	202.7917185676797	-674.869684538075	70.79415916490996	391.3510547153278	560.457246691727	282.41304723740024	2267.405549813363	4686.546394431691	2.8285058918660693
?	193.15074358956008	-210.64967220992386	82.15990719222907	248.53781968334306	516.6065320113934	264.80464986127197	1922.283820483395	-7571.260349768429	15.046171568659085
?	192.25923495718337	275.8000561199487	83.22105014907729	-11.85455043681185	573.6974791847908	1799.8382808726815	1888.8425323249362	-684.030636876236	18.48869584672005
?	206.9407463955577	441.29776240800027	81.56717967038847	-83.57305702811198	606.5984460550287	788.1584764456103	1888.0822886395827	53.265925707604914	17.39561561028772
?	214.3241230775837	47.725317344868934	79.04239729767163	-114.95153347849062	613.1054030070719	-739.2750126416522	1891.5058286103165	-33.49745666610895	17.199656139771637
?	209.3270122628012	-663.7683980751805	75.81960299646386	-164.1196569996756	569.6346954229456	-2809.8017692944404	1886.4074158062772	-433.3317401163488	17.45200466510404
?	181.1357031738242	-1093.5147159951332	70.83641444768773	-271.7235250516896	472.6153145423479	-1004.7678974925991	1869.8392416044987	-281.55228396913174	7.531223880825417
?	154.65127646304376	-3642.7140634764323	62.233426743879185	-180.3371637155884	519.3963005483149	2802.7474087210635	1872.3298016078204	4940.70238476628	-1
?	-1	-3113.025529260831	61.81955626190818	-61.183993024672944	612.7526849784031	3362.939258023382	2116.8743608428163	8971.12836826584	-1
?	-1	0	59.174227092645495	-87.54154151993478	687.5432634494864	6740.218412064048	2320.886220021119	8094.738074760002	-1
?	-1	3167.3591216382874	57.44247918591138	204.53940285076834	949.7636055816103	-4311.211301000592	2521.611264580822	-12622.93300181119	-1
?	157.36795608191662	2907.2343846046983	69.40119723518406	357.22934424863274	471.98269839945374	-6940.424188412255	1689.7395699305503	-33467.1535190841	8.834678322081471
?	144.361719230237	-71.080829194711	75.30394639834327	88.28103164523458	602.7423961609926	3483.7186392359245	848.2535886265931	-11640.596707298017	10.135899026897086
?	153.81391462218102	257.663640305419	73.81524881744585	-130.59712629152457	646.1686303612524	1207.9316047192049	1107.7097345656412	5816.64273117027	12.714792814329007
?	157.24490124550812	-92.35940026034012	68.77409008376695	-232.66398369409995	663.1389763969537	1092.3223941517044	1139.0857251851107	974.2591081905991	12.022822463910265
?	149.19594460916394	-3164.8980249101173	62.182049632740686	-300.2408821108213	700.7847500688384	1052.0309131748659	1156.4226899751718	2081.7754456504485	6.122505939796014
?	-1	-3003.918892183236	53.76204597822567	-215.61127994887377	715.7405220556977	833.2383648967284	1243.1744974676346	11154.05297113838	-1
?	-1	0	51.401485635296844	-100.62047341556605	742.4466683136755	2413.3002890060084	1714.1253385320988	11952.082641736604	-1
?	-1	0	48.7310223074473	-89.564546507454	836.4055365059999	2234.116665088875	1840.7786295544734	4435.622637402977	-1
?	-1	0	46.92325830992408	-9.568406813357063	854.1525015681208	1207.3664431092982	1935.9064704022508	-7518.595545122533	-1
?	-1	1566.0894899559917	48.25260196677944	89.66729550772683	896.7738586614656	-2132.308614088055	1464.8488522983414	-10940.533863551373	-1
?	77.3044744978007	2528.6568958520547	51.406623085310486	465.37180575451936	747.5370708637165	-3394.998047565866	1388.8797772246744	-6951.365515896942	8.035597734041525
?	125.43284479260454	1218.405701222309	71.52119225450574	382.46817426978106	727.0239562831699	-649.6935103345958	1117.2805765034893	-5494.495941543486	6.85771205834496
?	138.22475955891701	199.9232902371719	70.53003179879981	-55.45393203905525	715.0523953469863	-1521.8749310713577	1114.1549801474962	786.7960127084759	12.263799177654246
?	135.42900930446328	-152.83883570673663	68.74849565255293	-89.46706413434741	650.930209729601	-3164.7390297767815	1156.6203771389137	-172.56315520516847	14.76082576718911
?	130.58281777358008	-180.16626643967584	66.05667859208238	-89.53859958559619	556.8154438581449	-3408.2826002150846	1105.5268223872376	1720.5381061940607	12.038199323631144
?	126.42069598247936	-225.5515272925921	64.27156567327306	-226.6554199959325	480.5160797188443	1732.2612086005988	1242.647282448618	8150.472678260992	-1
?	119.30524140895031	-2548.4139196495507	54.72390759228559	-336.7065626905907	643.4285042881761	1753.3631186658874	1513.050456300293	-670.5184106267366	-1
?	-1	-2406.104828178972	47.436237538743285	-176.54818028610597	568.1842356521399	827.8394864634057	1209.1213619172806	1058.567552501721	-1
?	-1	4111.814269083368	45.89649857798017	72.64983513645755	684.820478611347	8239.634057880263	1565.9788339253798	20326.065556449692	-1
?	204.59071345417135	4205.407178137394	51.068729295566214	686.2490255141889	980.1659385461589	-2501.0631185715088	2225.4246397397796	-3570.760833279559	-1
?	209.2703589068727	220.68064269043276	80.2089498536901	636.6936491735851	559.7673226827698	-10598.532679826216	1387.4407922613993	-27334.352977037044	15.219799637403458
?	215.62474558869314	192.42042906746985	82.90341175424592	-105.86226889831542	450.23930455484054	-1702.836962571075	858.706990887908	4043.676383936501	27.002143277964638
?	218.89138036024633	-591.0923843991158	74.91583640877425	-395.69408246903345	474.6254745542148	1046.6994794485038	1589.6246114582273	11046.209201534046	14.85643767356487
?	186.07012636873694	-162.07652315158268	63.11870763079397	-329.22876332484606	502.5742785272665	1816.3491100433978	1411.017450964618	7025.077526489172	5.988607358372354
?	210.78755420266708	36.03988214221948	58.45439824253172	234.20627068165908	565.442930056386	1325.0512969659603	1940.8784877826909	6759.642326095722	-1
?	187.87212047584794	-883.3844885553242	74.82902116487709	147.8755080428866	568.8268433755654	642.8214967481881	1748.999567269409	-7535.75275808979	5.80926246587327
?	166.61832977490025	-3777.442409516905	65.84817364467615	-341.03482251662297	597.5840048937959	952.2599793463361	1564.090849878196	-2663.395801824298	4.200502881416795
?	-1	306.82380534888654	57.7772800390457	-33.05176424322762	616.4398423428829	-4725.438709814274	1615.8297771781922	7144.0440370440665	-1
?	181.9595200423448	3187.069394254455	64.19558543251475	-23.69889850809267	361.3120694030788	1095.6055296337404	1921.2930517304044	6604.810943405793	9.964367373013326
?	158.353469712725	17.732435460133992	56.59233511364105	11.811550142486706	671.2201188245707	2133.288906475942	1946.0703243484866	-1980.5145830452661	-1
?	182.84614181535147	42.375518119790705	64.78616293963907	332.1995279248494	467.97651472687363	-2581.3524869713588	1822.2673225781432	-2361.229829599286	5.344878531982568
?	160.47224561871457	-481.4607686395675	73.20231150988376	40.767266851142935	542.1524944760009	-400.06386352792674	1828.0088328685206	3018.599361457339	8.290380484440972
?	158.77310338337276	50.018685554078814	66.82452628219625	-103.99149788699071	447.973321550477	-3865.3548687541793	1973.1972906510123	8458.160243205883	8.609271771598031
?	162.97317989641854	-392.0600712499431	68.00273661553415	-130.86562252705278	348.8847510382892	-1617.4159263275724	2250.9168450288207	1155.5857970066718	12.636019298006852
?	139.17009982087532	-315.266684627797	60.281245155843514	-73.93598221445879	367.10252523409724	1298.1312556599935	2030.9765805013467	-6871.886515280756	-1
?	147.20984566502847	368.8819213678038	64.30593750481116	211.59809545305873	413.7913138212898	3901.9016785927365	1907.322519264778	-5536.2181724863585	7.789511773402788
?	157.61419588926577	-334.1916807939825	70.8611499284966	-31.674001732061587	562.1976091637368	1790.3751329413758	1754.1656718770248	-229.50139399466607	9.848568243404884
?	130.5002616253291	-3172.28391778527	62.72223741820805	-244.44944598366996	503.31007046835987	7105.781222552597	1895.8474495650446	15369.93429655014	6.7210206441341755
?	-1	1066.8555510723838	58.63867762931293	43.758983026046906	917.4866702913718	12160.460365891351	2522.6623867045428	3895.58981356004	-1
?	183.84303917894906	3674.9670475327953	64.91018656951043	119.97366970983833	1111.333088762936	-6732.474741403039	2090.6269402430494	-6854.726378005592	6.743989417611608
?	182.74835237664237	-38.137673624345354	64.63736111480493	-76.15132513043724	580.862933221215	-11257.608898751972	2179.9260678042583	3699.329061058472	7.885745491882654
?	181.93615549773176	-3674.9670475327953	61.10262031298851	-243.29855495457133	548.4526438253295	-2130.528963913012	2275.5933932959756	-11846.079543887136	10.72064905064481
?	-1	-3658.7231099545834	52.47243336707619	-261.64075708956443	474.3364850255629	-478.2278568906099	1587.6220906098931	-7758.827857765686	-1
?	-1	4066.9824180660303	48.020582458510106	50.39742009146607	524.5412509807986	72.13653738251321	1887.6520004076858	10476.89966647382	-1
?	202.3491209033044	4114.765721509065	54.99230437164953	365.5842116794107	477.94331189468863	-2815.808000175464	2111.4670739335916	11227.266609137478	-1
?	204.7382860754562	-653.3835943075244	66.2997930424809	218.6119640319784	383.75085097202344	-3028.4880793783955	2449.0153308645677	7155.418178818007	17.611017930070474
?	169.6799411879277	-175.08460691768767	65.9229025732486	243.97613234557576	326.5189079257667	736.8349793765547	2469.237982874497	-16458.026856978744	9.272603569285849
?	195.98405572957168	257.4074863445154	78.49859965975986	187.2068857469843	420.5925999408517	4567.424505925932	1626.1139880156188	-29903.635559399867	11.29046334791425
?	182.55031550515366	-473.44471562901174	75.28324686059796	-125.12842480063306	554.8901332220665	1214.2807475429638	974.0562049044823	-9577.021192650806	10.453569946583299
?	172.31181994812076	-3671.006310103021	72.24217841972812	-318.64671527593333	481.30663731800075	-40.57623203815353	1147.2629283830718	6328.9041740131	7.591141074919466
?	-1	-3466.236398962366	59.35091109680106	-343.80589474796847	552.8613216201588	4675.674721040443	1290.5014136051418	9329.384010500344	-1
?	-1	4088.3033371693105	55.05188368232945	99.55313168645247	715.0903733700262	-2610.87538772062	1613.7321289080955	22304.06742123859	-1
?	203.41516685846844	4031.6852933288283	64.32856768112376	139.0800019826318	422.31755223412597	-6417.957598874928	2405.704784667087	16482.77753547282	13.387313333382984
?	200.58426466644428	-4088.3033371693105	62.005883781461144	-161.62343759291258	394.19249342627523	-2580.912547425454	2437.871005681748	1602.5748157349653	14.958020850385598
?	-1	-4031.6852933288283	56.247395801478014	-209.0694219971543	293.27192486285145	-396.7178427585123	2485.8335254538365	-3817.8822487652365	-1
?	-1	2730.057215598234	51.55241268160328	-4.381794908354459	374.35660128834934	4616.460225983107	2246.9768932434836	-8055.443705792199	-1
?	135.50286077991365	0	56.02830605606029	9.913375094384948	524.0949361620101	5702.588010994389	2083.061340164221	-4218.202938630369	-1
?	-1	193.12813739881855	52.04808143632253	177.69430565290665	659.4860018380729	-421.66768957123026	2036.066746311962	-2237.7879781417005	-1
?	145.1592676498547	2933.085318963115	64.91302133870575	216.18783191829357	503.01155168344826	-3111.3889207551406	1971.1719412571342	1681.3072506418791	19.64796027914201
?	145.6542659481578	-115.1008720124549	62.857473032237365	-198.29424845550167	503.91655580031363	-1201.8373016151509	2120.1321088440573	-2553.9178621080055	17.07812615888959
?	139.40422404923189	-2933.085318963115	54.99830891593052	-272.9678704290741	442.91968660268986	1138.0774857268896	1843.4760481517321	-5659.435966100529	-1
?	-1	437.89636632322816	49.20907951078347	207.3705310198871	560.8204300866589	3026.4623345558007	1837.1603105390268	-17047.906716052476	-1
?	161.2990423653936	3260.8704591318924	65.36683546692503	417.2220514609862	594.242803330482	-1561.9267070046833	991.0807123490963	-8829.584914889512	13.709660663815097
?	162.04352295659695	-64.00084861630626	70.07018208383308	-17.91259620803831	482.72409473642364	-1161.0016839597772	1395.681064794545	20042.73350035098	17.769078850279218
?	158.09899993457825	101.88247851807628	64.4712056565231	128.22010917788378	536.1927191324924	-140.1046500136809	1993.2173873666595	-12943.43245309015	9.949631470940254
?	167.13764688250083	140.15233301129655	76.48118754272736	266.9620247526773	475.7188622357395	2034.2224313232516	748.5094421400282	-20557.45714003914	12.955686327778064
?	165.10661658514317	-90.63317895574114	77.81930689415715	-142.84667726272372	637.9038406986564	3684.803842629042	965.3445303646879	4963.4004788666125	14.994660961195219
?	162.6059879347137	-20.547730166963724	69.33885367959107	-306.7095987763279	659.9590543671942	472.2398646840021	996.6794660833624	984.1895855618119	9.605235471994543
?	164.07923007679497	40.78948312565841	62.48382695534054	-263.7906532496613	661.5158339328568	366.0371926263831	1014.5540096427792	1486.4376856570236	-1
?	164.64546209099666	634.7869083614763	56.149321017107816	-156.92865912939118	678.2609139985136	215.7214855324347	1071.0013503662146	1621.2089193064182	-1
?	195.81857549486924	583.4802360185685	54.63739399887087	293.18371594481954	672.3019082094787	-514.0622799766329	1095.6144556081013	11426.380559063247	-1
?	193.8194738919255	-255.30159919799848	70.808506814349	353.8102524034317	652.5577999996816	830.9933309001958	1642.320378319385	25140.214412544436	15.13907166311734
?	183.05349553496913	-291.71038990428696	72.32790661904271	-124.25885541251768	713.8515747544891	1519.4594936438546	2352.625176235341	17676.697644473243	11.497813884608982
?	179.23395439671094	-3681.06991069933	64.59556404372303	-222.1222986933442	728.5307746818754	3005.4614100890085	2526.1552605430597	-986.2544136409675	6.453731299040443
?	-1	-16.81644360888105	61.22179168437534	160.65153334108686	864.1246452589417	-3851.678500049486	2303.312455553292	-22283.34238540833	-1
?	178.39313221626688	2860.751477077242	72.62814071077749	132.2297526530323	535.9468496793984	-7504.240402136012	1411.9881412726274	-17628.686014771756	10.647141934534782
?	142.03757385386413	-284.49642324505754	67.83327931702705	-303.18421860855517	488.9126251521357	617.9882093117775	1421.8781548146915	6089.226666965692	12.216294418215561
?	164.1683110540138	393.7143009638727	57.46892978034951	-177.26240696088541	566.8462601449877	2775.8855601643954	1716.4494746209164	6560.0302898962555	-1
?	161.72328890205804	83.84871600543414	58.97015896898265	320.4671849471407	627.7069031603575	1248.7640154834348	1749.879669309509	-17794.75408866693	5.6555225061287615
?	168.36074685428557	163.8942456718433	73.49228902770678	305.20183490880106	629.2844609191603	1630.3038766540608	826.7117701875571	-19963.480580263076	17.05660558756785
?	169.91800118565033	77.05466199193613	74.23025071442292	-60.627973293098016	709.2220969930617	-1352.2669741287098	751.7056402963409	7158.580420545864	24.830966898705714
?	172.21347995388243	-19.7080487004817	70.46089036305183	-129.84237472014442	561.6711122127239	-3550.4542040198517	1184.6407912148554	21721.243701183113	20.875452976630186
?	168.93259875062623	-573.6555060166083	67.73813197841561	-211.64838350274619	531.6993867920666	4233.1046841696125	1837.7678253555118	25225.672842530475	16.213785427489313
?	143.5307046530516	-3398.651975012476	59.87847118791437	-333.27901679690297	773.3263464212075	4969.525470481294	2445.924433341397	4123.778783116141	-1
?	-1	-2890.614093060991	51.074181138570225	-190.06120740111456	780.1756603161348	-1691.394636796177	2043.9567645113218	-12748.124571681234	-1
?	-1	0	50.37541081785851	-30.72030524480225	688.7566145813975	-468.5707014119295	1808.5182047573264	-3929.1327011426833	-1
?	-1	0	49.53816587633009	-12.144106456758946	756.747125245538	1476.5731329663818	1847.5001294541848	713.3432077616079	-1
?	-1	0	49.76820549502055	3.1385975651424314	762.5852712297176	3464.070424004395	1844.1853651454073	3035.473597313801	-1
?	-1	0	49.695095754587214	-40.3944291004214	929.9506464457602	9991.480379748444	1999.273809319877	6781.9492686341155	-1
?	-1	2816.645265183207	47.748484039999454	369.1444288154428	1262.159290217147	-7357.637783857484	2183.282828577118	-12560.817999754685	-1
?	139.83226325916235	2823.1132146623095	68.15231719535962	365.5696807512296	562.0687572528808	-16875.433604012876	1371.2329093321339	-18293.44162580877	12.688996007607406
?	140.1556607331175	19.75343143125855	66.0269680775612	-229.6057608846924	418.3876100164911	845.7528234539511	1268.6107472866665	7143.46806959866	13.930242843583912
?	140.8199348307253	726.0387051358468	56.67202915112483	-90.30125328813483	604.356398425579	2403.602127759967	1728.406312812072	12901.230235514517	-1
?	176.45759598991035	768.557912888425	61.51190541315439	412.2081145732464	538.5677164044912	-1425.94598652345	1913.6722590624015	-11315.522463152218	5.0529228410656035
?	179.24783047514708	-121.3198401743392	77.28243487978745	101.68781037378449	533.0590990994054	2797.6970291331704	1162.630189654453	-6945.997116469731	11.64781734861906
?	170.3916039811933	176.44699700137357	66.59629593184368	-277.03604243882626	678.4525678611517	5882.692673643422	1566.37240323891	14462.928178038837	4.733177241799831
?	188.0701803252159	301.274910573878	63.430632757845935	150.63313650520357	827.1937327815807	-5607.180999916045	1885.7765985564051	8720.704744939802	-1
?	185.4553495098874	-376.3325889921746	74.12795275710397	105.58581313884878	398.09351786534546	-9217.663306207933	2002.4076404859063	5273.920590981814	14.015757803585817
?	169.2535508756069	-3729.1069901976953	68.70992341478845	-301.79994465037777	366.31056747117754	39.037607840572846	2149.4726281054996	6407.816271490897	9.362786217371928
?	-1	264.7621778255407	59.037955524584866	-186.30879777684078	400.04539825737413	3655.951082728924	2322.7984540604557	3178.5656534926698	-1
?	182.4916597668841	3665.384956469592	59.39448352594628	101.96908254845636	549.1081216076263	-798.6269923256953	2308.4009107801353	-6117.072554750056	-1
?	182.2692478234822	-293.87253360970686	64.13640965200776	6.331926889777772	360.1140486410888	3702.7182741058273	2016.9448263229485	690.9239298814639	15.658083883004918
?	167.79803308639856	-3665.384956469592	59.71107987043517	-237.36379029155816	734.2440353129204	5881.588324040551	2342.947107274209	3966.9342997281483	-1
?	-1	-578.0933973992055	52.26822013742968	73.72218161865399	654.1934648431205	-7698.587264242426	2215.2915413093588	-11079.634170242827	-1
?	138.89336321643788	2447.5787265163067	63.39718895136792	151.29600345215022	349.3146721007936	-2214.4881517339813	1788.9653987620597	-9728.327370425124	13.153030589422098
?	121.37893632581708	-2797.8672643287177	59.8330203100373	-278.70817133423816	543.4690572564199	12594.903234457024	1728.8751727880956	11550.336006835872	-1
?	-1	-2447.5787265163067	49.46178038465582	-173.94079328210205	979.0598338236538	1040.8876033872764	2366.4821991038616	7152.72699482531	-1
?	-1	4034.038391975791	51.13598064593207	259.25080615940175	595.5134374257845	-11607.058198692817	2086.511522529366	-9646.327388970352	-1
?	200.70191959879241	4301.797755169925	62.42432069262609	464.72080974652505	398.70692388900466	-4300.617714367948	1884.1658296553371	-4500.772369032006	11.331726649292664
?	214.0898877584993	-414.45592197299027	74.37202113325866	207.21651127660724	380.482551707384	-82.92261656302453	1861.4729040777627	2446.756664408046	15.97269739671726
?	179.9791235001426	-1300.0097400170669	72.7851462564566	-117.4364620230313	394.56079306085337	22938.55199712134	2006.5036628757412	15314.00214285453	3.545193607555853
?	149.08940075764502	-356.21009978608475	68.50019803210701	71.2398090460077	1527.4101515634675	7899.376420336827	2627.1730112205	3734.452747653933	3.6836615914453708
?	162.16861851083812	-260.52478647915194	76.34713670875703	178.59590932161072	789.5296140777003	-19918.43222418239	2193.2263002584405	-12780.75150572297	8.213812143425079
?	136.06316143368724	-878.8272061482392	77.42999349818767	-127.51359146414916	531.4885403543337	-5628.08455391713	1988.1354359343425	-5192.411277889277	7.404998807223277
?	118.22725820342554	-2741.2632286737057	69.97145713554949	-337.2972806725382	508.12538638183986	-209.3616369244971	1933.605736363973	54.642425239302746	3.6517344568067807
?	-1	-2384.545164068477	60.56512946456052	-234.72783573497262	521.0204585081087	2064.427846221735	1990.8675571963076	1272.88607681538	-1
?	-1	2803.8768434250023	58.23506534880069	108.07011485809912	611.3467786929281	-1982.8292101801778	1997.2500402047428	-871.8566601141687	-1
?	139.1938421712521	2571.3009453495397	65.96863520746555	190.4021075036404	421.87899799909843	2023.5445505515313	1947.2747241905986	4942.24779843288	9.455312625829768
?	127.56504726747879	-472.8623245207997	67.75517072398284	-11.511378764976264	712.5240062205061	23389.99703858564	2244.3624301263903	17493.88830683777	4.450319785464946
?	115.55072594521178	177.8924240344543	65.39306626921673	137.10341202731857	1591.378849928397	-4988.195491816064	2821.9691395324994	-10279.223199171593	3.223545224510307
?	136.45966846920163	375.20495355334253	74.61034132534887	222.0782231570311	463.11423162969936	-20956.268766762343	1730.4012701678034	-23715.311841412262	5.212257531711405
?	134.31097362287917	-166.43438197104607	76.49697742706844	-116.23173433075357	543.565411590265	703.12364522811	1636.2035474618694	-552.2677197592169	9.567159332300538
?	128.1379493706492	-135.42262798011683	68.79875460881111	-29.996459072645933	498.27041389110536	3197.0152645714393	1702.7878841798422	-3274.3001329781227	3.489254776120741
?	127.53984222387324	-49.81769476720572	74.99715447343613	19.330321022404757	703.4161748188392	2733.06268435771	1472.488540812961	-5927.883489989478	11.157272238544142
?	125.64706463228889	197.45768716199026	69.76527065993136	-111.54119489965223	634.9235481089928	-1302.9403630369254	1406.393709680364	-2513.18429795605	4.853823038852313
?	137.4127265819729	749.641484181431	69.42009472845344	202.4586510974194	638.269156666992	764.117417798207	1346.8293259151567	-3008.9324995110546	8.999840117132255
?	163.12913884136097	1272.6075957672454	79.88820321480247	183.57772783548194	673.1294189989037	2227.1175126319235	1255.9470847048092	-613.7315506085364	8.7044117563788
?	201.04310637033606	-207.16840977284153	78.59898112022766	-45.006780402514934	749.6250322985898	-2611.2023332856293	1316.1427483847294	2891.305923048708	4.626696090868763
?	152.77071835271875	-1060.3265469395799	77.6378641946767	-178.57956502152436	542.5693023346204	-3355.2389791283917	1400.5123808572466	1797.1565683889066	7.8634984565262425
?	148.0267790233563	-66.53531859633479	69.67000286915132	-256.7906924413018	581.8630833421678	3645.7906735370175	1406.000576804176	1961.296326082542	2.690951662998185
?	149.44395242290196	209.18092579500737	64.79832957261142	-13.976512701698965	724.8588360114738	5952.890307166883	1498.5771971613751	9843.302921320694	2.4191221588814975
?	158.48582531310683	-178.52957163639164	68.97117723406636	325.4634858074359	879.5075987005162	-311.9820764465977	1898.1657228702177	-937.2141132974688	1.0119594949836959
?	140.51747384108225	-380.7268006999661	81.07150386298345	192.1973912041032	709.2597321891437	-5565.3253618873405	1451.716491496501	-9584.66308213755	4.857387480116467
?	139.44948527810826	2241.06595911428	78.58104679427166	-65.33924317538286	601.2413306061452	-2115.6396409471445	1418.9325687633334	7622.291959499395	9.545364847822464
?	252.57077179679783	1251.0878914281725	77.80454170421426	26.728055268244095	603.477750141785	709.7640913864997	1832.8310894714762	9777.361846646043	14.019452611355016
?	202.00387984951777	-2117.4229495564446	79.91744955768388	-65.74665551527309	636.7295351754707	952.7059154991708	1907.8006610956425	-3386.3627752586417	3.1121806590755474
?	146.6996243189741	-1167.9888672071013	74.51720892845056	-189.40724966445728	651.1130459167442	-2760.6072060627203	1663.5129507085417	-1526.5939293025315	5.318252580220122
?	143.60443648916188	-36.75970214439137	70.44708707446088	-37.125138089617494	498.6991748723327	-3989.376156010682	1831.4709646305148	5438.486809400065	2.381650408983398
?	144.8616392117545	-2892.0887297831964	72.66095202396966	-102.52521753453148	451.6442381162073	97.4249968944432	1935.4372911785488	3663.978665454868	9.38050995699614
?	-1	-2917.2327842350483	65.32082619773424	-181.05235280694342	503.57042471705495	1383.3456705068281	2014.6698979032608	1724.7109103890425	5.241405660654287
?	-1	3072.6832234723593	63.608334383622356	161.4993935688764	520.8115216415497	3307.9511394161214	2021.6728366980021	-8528.725004582617	-1
?	152.63416117362016	4534.48946865877	73.39579587617817	299.0819609309411	668.9679816878634	-139.60642033398273	1588.2336476741239	-12387.107343896783	5.9495154296232275
?	225.72447343294172	2725.872084698026	78.56243243016962	205.09700649890866	513.8312006248505	-1826.109862471084	1402.3174695031541	23182.511724769	8.063559045534884
?	288.9277654085234	1583.0250373001772	83.65064620112375	115.85149593881943	577.6624885643079	1733.4132451698342	2747.3592339125903	4370.555750262067	15.616654461580016
?	304.8757252979517	168.58413026491792	84.35500722711068	-8.542468203776132	600.5018628833434	202.791115666011	1620.8452570162606	-13482.233463645252	12.66355295457184
?	297.3569719217694	-795.5388133359703	83.22352279093494	-67.81362150204177	587.8020443476086	-1155.7214008427918	2073.247560730318	8011.697792103664	12.464083085938935
?	265.0987846311526	-2913.314301640909	80.96432615200854	-67.16636349834108	542.715792841203	-1734.4788537906759	2021.4301466214495	-11537.481264132412	9.148576505267512
?	151.6912568397219	-1703.4817422432022	79.86520461601783	-33.487712635450556	501.07810165807354	-1815.6868670896795	1496.3734975236894	-23777.98939311219	7.125699602798646
?	179.9246975189913	-828.4857844403097	79.28994052023599	-187.03961905958226	451.9314494867177	221.20327037242558	832.5306769658229	4620.154354225936	6.605226402618783
?	110.26696761770582	-1522.9890715765523	70.51322366303859	-201.08775263433213	512.138265176695	3704.169174242522	1727.3812152349894	13322.809862187787	3.439842035021404
?	103.77524394016261	974.0445650774809	69.23555288851924	-99.11357966840826	637.1399081988465	765.3093071718745	1498.6711700752217	-3238.13049145192	4.7708529504419275
?	158.96919587158055	2234.517763831531	65.5575446796181	-157.87507600960157	550.4037305352892	-2389.9770810754444	1565.4746906623911	4084.5800831453116	3.3045850425653773
?	215.50113213174075	558.4187736838476	61.341799088039046	-125.707280730821	517.6410541450725	2812.6430254074658	1702.9001742324901	7334.625800837193	10.179751847490124
?	186.89013455577333	-625.2509047182704	59.272180643076965	269.5422871497527	691.0358818056645	299.32130754884184	1932.205980704256	4334.516502715689	9.04958514147054
?	184.23858689582678	12.125618974412019	74.81891344552687	341.2000443521316	532.6071195225148	-4518.4999813852055	1919.6259993682777	-3397.1425739259867	15.06761087501133
?	187.49641550449394	232.07934832889987	76.33218286068379	67.62288227442741	465.11088273640104	-2453.5050440775835	1762.3488520079543	-8134.679295583394	13.057952602515552
?	195.84255431227194	-32.64287458574483	78.2000575592483	-38.74473535161032	409.9318673186339	-841.9980795662576	1512.8920345891022	-7892.088804951574	13.954377289405613
?	185.86427177520667	-130.96161665647614	74.39494609310324	-319.2935929133742	423.01097875808756	1372.1346879962468	1367.74441176037	1980.0820413955025	13.109048972854126
?	189.29447347944804	-3737.2854355040804	62.235377913579356	-298.11979965551745	478.53860171844724	3994.0705245820677	1611.8961366588787	10224.343818491652	6.249932230742894
?	-1	-174.5604763331219	59.48895611032716	205.51644073039333	622.7145049871938	2042.3637272158753	1878.9616026849599	646.0296799586284	-1
?	180.56644966279183	3673.7260534252723	72.51119995009917	357.1460214833424	580.6567880792425	-1807.0771751861291	1644.1976206568106	-20068.946447956067	8.518935068411036
?	182.68630267126622	-6.152028532507556	77.34625718449453	-131.60856158537268	532.360646227886	-1775.391334596694	875.5142802871424	-7640.429356335063	10.665160833142764
?	180.25884823616644	71.35567517126118	65.93077187083044	-70.54096675489957	491.8872213494065	-2651.05857079193	1262.176152840052	16108.728769426074	2.962491975259742
?	186.25408642982933	194.2214085957705	73.8192088467495	352.86551574006506	399.80771768828765	1266.6096351676779	1680.9507187584575	11392.687641528833	8.320743653023852
?	189.9699186659551	-197.82702304560874	83.57404765783394	135.68694075291324	555.2177031077913	3171.3497922223887	1831.8105349165019	1910.6812710793795	14.434132610668888
?	176.36273527754875	-510.3875307934193	80.60355588439526	-229.69551176971137	558.3752072994093	-1818.6135513913373	1776.4847823124278	-1397.5261854000048	14.959294574748762
?	164.45054212628378	-561.172315059988	72.08927206934821	-261.7614626799826	464.28702553822313	-3058.115750242707	1761.9342256465006	-934.5307388974701	6.986477313619497
?	148.30411952454895	-561.4038407982906	67.51548275039595	-227.08398104304098	405.4694197872718	814.8261756407326	1729.7582453675536	-2320.190725081114	8.200244619024632
?	136.38035008636885	-2986.0823904909366	60.735073017196	-314.84482992180665	505.02833432026034	2381.7325082784764	1645.9246893924433	274.03689066429314	10.600794201145185
?	-1	719.3209275520547	51.77324125430539	39.397789764393	524.5560452011973	4014.055425152376	1743.4600899007685	-814.1159623957058	-1
?	172.3463964639721	3395.7902048723645	62.70496250541568	548.6330620845167	705.731105577882	-3030.273372885621	1605.2188912726574	-8090.242117512784	9.5690666426773
?	168.78951024362064	-143.24766493173308	79.20489435853162	297.767591355094	373.0423765569141	-7368.463668155169	1338.9479840251236	-3812.32797853254	17.07495470034946
?	165.18401321738534	58.33683533044822	77.59334207317059	6.789081075066195	337.3079221701183	1976.1353551984566	1414.6024923460277	-8401.751147245528	17.85842575345157
?	171.7063520101431	146.26929314411447	79.54434841228493	18.29109260207846	471.84914431683836	3950.791340163473	918.8604266628412	-7305.447946297323	15.346254776845464
?	172.49747787459117	-76.9644249697706	78.50789670327453	-54.911673145956925	534.8474891782947	612.7818483407797	1049.3300950311564	1922.0728677505826	20.13485583011823
?	167.8581307616545	-318.15270654418725	76.79876475498705	-205.20197358009787	502.4882367338778	-1202.1210697218226	1014.9640700503717	119.10349305432932	21.591374951324234
?	156.58984254738158	-797.8156099906446	68.24779802426949	-346.0386400113389	474.74143569220274	554.9965710665573	1055.285269683873	22362.748411285596	14.524592310031196
?	127.96735026212171	336.86975456484083	59.496832754419856	-74.70637954919035	530.238065287206	-1524.177555507149	2133.1014906146675	22491.75166530104	-1
?	173.43333027562386	1470.5648655360317	64.51247904680992	226.32479550738898	398.5325579168442	-3125.644869687924	2179.872852948941	4328.8857225052125	8.428497429284152
?	201.49559353892434	369.14702174296156	70.81307252978947	133.19859506578447	373.95582180280763	-577.3637302168752	2349.545776739931	3770.785677194709	12.489719507108756
?	191.8906813627722	322.33465900268294	71.17240880009923	69.63879182749722	369.66437140600004	237.5658031530202	2368.412136808679	-2640.225209195031	14.07667889659156
?	217.61232648905872	6854.582388240022	74.29501212116438	-8.73563632220753	385.8341119604588	4024.434808201564	2217.5345162801777	-6422.903478595363	15.061208654343679
?	534.6198007747781	-754.0574624377235	70.73562698398885	-146.7950057730524	570.8861118160811	5628.6453246636775	2047.2669628789063	-14905.935437743421	7.922580839794058
?	179.909453367172	-6814.534975075358	66.95526183251165	74.3855314629665	667.2663781936467	716.0171432417735	1472.237744392996	-10098.026744487604	5.868610773276932
?	193.89305202100542	628.7510049005477	74.45490355713723	212.2980963957512	606.6869689781703	-1130.619248205321	1542.365625654519	2746.9213674260227	14.952377850228268
?	211.34700361219984	216.9522646839946	77.57016665229936	-24.487367357126793	610.7354157833798	-924.2924110310701	1609.5838127642992	-244.47284946727103	17.82980326389127
?	204.7406652552053	-103.17595870355741	73.23053518928087	-304.3495880715704	560.4723484266161	-637.9290059167329	1530.1419831811552	-2586.1719765952644	12.79352953025657
?	206.1882056770219	69.5986577109177	62.35268724872063	-308.44919756701574	578.8389654875427	1074.3481199373202	1480.2752139345341	-524.7618179075168	-1
?	208.22059814075124	-4143.764113540379	57.808075310929866	-246.78202900643888	614.1897544234829	1244.6256723052788	1503.903892285779	954.8714662005069	-1
?	-1	-4184.411962814966	50.01358579839851	-240.9882572988323	641.0702491028076	444.56856132686477	1528.0187872445601	427.0907749702731	-1
?	-1	0	45.75866244598808	-82.35082862772057	636.4181824898265	-462.960660625288	1525.258431034293	1886.2140631157586	-1
?	-1	0	45.89604436701242	40.030309289992516	617.9222160715428	-2831.5084586956855	1622.3294904003494	4841.9175605659975	-1
?	-1	0	47.760177910487734	-36.930346066864146	494.8427595550402	1296.940865764129	1767.3543090625963	8843.471476318178	-1
?	-1	3838.228043770064	44.04952706366919	65.11934731974073	682.7692593597502	6327.994892643477	2064.5030642162646	7292.699549738851	-1
?	190.91140218850592	3799.4496548537245	51.016145276474816	461.863048561155	811.2425041872185	-6331.373898925826	2131.989286549544	2104.900465607686	-1
?	188.97248274268892	-498.21601255656645	67.14267949172726	302.01449980503065	366.2005644134544	2218.09856514092	2169.7480874966504	8217.044669859217	13.603091965122712
?	166.00060156067724	-3799.4496548537245	66.11687026672657	-2.3219026784329015	922.1474324442661	29162.714463035176	2542.8415200425106	10790.005963705482	8.351093728541617
?	-1	447.77303741494836	67.02658435780562	-45.05337411807268	1824.336287565234	6763.011573537482	2709.248385681932	1381.1109907842442	-2.124647391555512
?	188.38925343142498	3542.5112129263166	63.8642015608229	-31.055733776370985	1260.298011121145	-29721.92625405489	2611.897069581724	-9908.191281416363	2.1878250857073187
?	176.12556064631835	-299.1355052434321	65.47379766898705	-173.13933838592087	338.2399748624683	-20352.38850612417	2213.838821611107	-7166.799861929829	11.249651170249775
?	173.43247816925316	115.46314653717793	55.20723464152673	-89.77401698047473	242.67858581492192	-9.087180251278694	2253.5570764852273	2770.2965771009044	-1
?	181.89871797317733	340.09126442827977	60.985096819963246	351.8058528629109	337.78561584990433	7588.416695780242	2352.3536504661542	-15473.823398238463	13.110008611060312
?	190.4370413906674	-231.77957352033513	72.79752728467253	232.81622985693883	622.0994206039394	6494.791980422644	1479.8659065732932	-26358.657434154346	11.21864484968166
?	170.3097392971604	-824.5392877142538	72.62590831281035	-60.81246429146431	662.5252148710412	-2029.4123505169757	1034.4207787584182	1601.4163323692264	10.820843419200822
?	149.21007700495412	-432.8563087638913	69.75690407009927	-208.12774011763796	520.6288030780892	-2571.342534266455	1559.9367231917556	20318.938994766653	8.613504509801434
?	148.66692385896553	-188.5268331802759	62.21952130692831	-200.2587367825143	533.9580881577166	-426.83897266936657	2050.3677284967653	11782.774380706878	-1
?	139.7837353459402	-513.1107872689576	59.74396723097341	-15.230484133170915	499.28685444462053	1633.2857676292606	2149.075442227108	4733.19460031848	-1
?	123.01138449551729	-2815.6747069187636	61.45799710026975	103.62880633272164	615.6223765391808	9534.524946650039	2287.0274585126926	6136.926607661602	-1
?	-1	1758.2591720052467	64.92540754760957	33.994619452132554	976.0131017771292	15521.425459165746	2455.9217726101924	6643.75562872318	-1
?	210.92434309578087	4585.737788446909	63.1577280728764	88.85028343492068	1391.693649497479	-12790.51810201918	2619.2152399488564	-2937.692603382233	4.676347048013517
?	228.2868894223487	622.8521163090678	69.36792171935566	115.12975509970993	336.48719667616115	-20303.70860151525	2309.0371424410787	-4283.360460203633	15.450199129225542
?	242.0669489112347	136.8533767289481	68.91421582786198	-25.604601451869577	376.5082194217023	758.9647174835937	2405.0472169386717	3749.2111411556302	17.75138137838344
?	235.1295582587962	-1169.5415368602442	68.08769164676217	-116.04210663468456	374.4354325503414	-323.6551684423295	2496.497699498863	1545.7604210009556	16.039597826648478
?	183.58987206822167	-4722.591165175857	63.11211049612767	-297.2884280999152	360.3254609995856	-289.3519414543771	2482.3352379887206	-2468.561862009448	9.858824271860058
?	-1	-3691.797441364381	53.223270241766194	-268.50696582281216	359.9678354776223	4801.541249922001	2373.0696063983887	-11058.587123156196	-1
?	-1	0	49.68676220498687	-90.53199744166575	600.402523495689	7664.922240814197	1929.405881830903	-8187.2879119827685	-1
?	-1	0	48.69667036968284	-13.2770718073328	743.2139475183376	3985.488182536542	1963.7052107992445	-429.6885386912966	-1
?	-1	0	49.02290861462022	-7.284326993334285	799.676932622519	-1841.8067713270545	1907.9214548963378	-1572.8473987956572	-1
?	-1	0	48.33245402001612	-114.20401808857983	651.1236089519836	4952.785272666936	1885.0628408594605	4199.402439122718	-1
?	-1	0	43.31270771019115	120.132261276555	1047.3161962558693	19452.28886420033	2117.8915768524766	17939.350212273206	-1
?	-1	0	54.33906708384396	448.9501107324536	1623.738052162014	7683.83164286075	2782.0303514731336	8743.615977367002	-1
?	-1	3768.3131571267477	65.76021324681415	350.28415434381697	1431.5077783989123	-17106.000767080513	2555.072375720833	-13748.046394046829	0.2833922701401955
?	187.41565785634006	3713.1137735586753	71.85327480103506	201.25617262411052	768.4380138079761	-18569.949049071092	2094.6280317707824	-11872.861267792872	8.381832963310494
?	184.6556886779364	-86.81483890357289	75.82302187801982	-15.180499455712278	503.0103259453445	-6162.554761640523	1961.4293123311809	-3686.2866552352875	15.997614615270596
?	183.07491591116136	-195.5281067301019	71.09424982824943	-50.17570145926996	460.31027572594553	-2895.8283391024142	1910.3136990090154	-2103.480762172323	12.151172985745127
?	174.87928334143118	-186.9317032537284	73.31423680505628	118.6686976469784	358.21890899022173	-1701.999299092855	1856.2552742225632	4832.141895203803	15.611640148137065
?	173.7283307484748	-77.73694174290543	77.02768471059844	14.067349805036228	375.2103107713016	-289.7100539796422	2151.920793769209	6787.565563293391	14.430535246442124
?	170.99243625428585	-170.70201051359092	74.0176042953081	-217.2246141204781	343.7334062912394	-713.6155006757214	2195.6335523872376	-855.0637806929777	15.711657594361904
?	165.19323022279514	350.19177783162445	66.16645400457438	-101.82411511189397	339.529535737515	4199.477981571091	2109.1676047345595	-1219.9734469252062	4.9714755432119375
?	188.50202514586732	661.0908772768263	68.92639853971333	302.96899037939704	553.7073053697969	2466.0252391925223	2134.6348800409764	-2718.864255255096	1.757087025243595
?	198.24777408663692	-189.85402804156095	81.31490352354444	53.1722761259898	462.8307976971429	-1797.5770141147389	1973.2243919718028	-3976.27344631507	12.508443384390239
?	179.00932374378914	-52.724975515281294	71.58501234601286	-396.33433820884	463.8284546640587	250.83814675813514	1935.8212077252201	-65.24406193895082	8.957503829519341
?	195.61152531087282	380.0948259396304	61.49818661310216	-297.49453920269434	475.3727050350498	1852.3606168696163	1969.9621888748552	-535.2406785050758	4.272616821150917
?	198.01406504077093	227.33091568638844	56.71028538587793	49.08849722334837	556.4464855075408	2081.5417189436685	1909.059173799966	1211.5049408884179	-1
?	206.9780710951924	153.9762993668672	63.95261147426962	420.2194454342792	579.4497909822347	-1123.2183754450193	2030.537435919277	1378.3309469405172	9.927269945560585
?	205.7128800091144	80.4198478442521	77.72125765759219	257.68370152933335	500.2855667352891	-1617.0957614215215	1977.9757211469928	3459.677045179411	21.19032294693459
?	210.99906348740507	-295.6695137207189	76.83679655073647	-244.35304158255371	498.5950029111575	-611.9388916524513	2203.52128817825	1210.956711061759	20.458915686249924
?	190.92940432307824	-1113.3866012881708	65.50360557846433	-296.1968939815009	469.6886221526661	-763.2875937068258	2038.5235567000816	-3637.808619559676	9.450841370248872
?	155.32973342299573	-585.0913133222948	62.02695185166121	141.3154655638027	460.4306232258157	1914.0430022328792	2021.6308572002636	-6203.520069691947	-1
?	161.6748386569631	-256.1072901699274	72.56937885665457	167.73486401124546	565.3907722643114	3151.439878343009	1728.3475532154798	-5342.916657803082	5.644481840486119
?	142.52436891449918	-3253.4967731392157	70.4136950522236	-289.7235977407061	618.0026171429684	1663.4159773848082	1754.4850243101057	1516.3872303083838	7.188018706179814
?	-1	-2870.4873782899426	58.083198969619055	-375.9471265905049	648.561571133553	1660.141226186869	1804.1669147309	326.0282190570023	-1
?	-1	3908.072040175163	51.61633872269809	185.78719866096782	701.009678452313	-2452.302711710778	1770.786435262956	6647.722605993768	-1
?	194.4036020087609	4625.604303392645	67.37255890266758	525.8996034492062	525.9464355480124	-546.0381782780873	2136.5530450305932	-1958.608127220777	7.103649573701779
?	230.28021516963557	1280.6378503024962	77.91131889515877	92.5032342116945	673.7077695384082	2483.628573258037	1672.8560289019158	-12468.18786821929	9.997634668474023
?	258.43549452388663	400.60676752250515	71.99772061325237	-219.20605168056824	650.127864210916	-465.7188535975913	1513.14365161962	-4184.358377453818	7.737378754118964
?	250.3105535457611	491.89561008471725	66.9510163111302	117.27005213170064	650.4218268585283	-1091.754322270222	1463.638110029222	-6370.269657473455	6.163570093392227
?	283.03027502812284	745.5110556822037	77.86122321983748	137.58797183354235	595.5401480974041	1127.9674478963898	1194.6301687459427	9300.126580021974	15.991133828248115
?	287.5861063298718	-340.736244878527	73.83041490280742	-109.2298790471783	706.8201992533486	214.29293628130077	1928.6444390303272	6886.060749099344	16.206780078037003
?	265.99346278419625	-843.6623123567892	72.39972926747849	-234.4912359511981	606.2547949114693	1692.933013593682	1538.9332062009148	-4728.905847580296	12.271653346413299
?	245.40299071203177	-5339.86925568385	62.10585310524735	-331.92881733039	791.4668499330339	-497.6008473276122	1692.199146651309	-4519.963666014172	6.15960626043398
?	-1	-815.0953904686609	55.803288400958756	5.753797896115376	581.3747525450883	-1913.8506977468319	1312.935022900203	13807.89146078457	-1
?	204.64822118859814	4038.702119370719	62.39354300005312	212.2626567965264	695.774315045691	-3826.1664292040737	2382.5937196905475	20640.1735861239	5.8598490023541245
?	200.93510596853883	-532.8986994007923	66.41642124078523	62.08055467504164	390.0664310848819	-7014.187042300281	2344.9437022064126	-1027.9913327348859	9.711339034501417
?	178.00328621855815	-1085.9083268697339	65.49757073380525	-84.50109591058713	345.0649629306719	-1715.460412199297	2331.1941530538024	-665.9825702838222	9.480039905867645
?	146.63968962505137	-1102.910812087107	62.19136644525581	-207.12851272629737	304.29341047491585	-846.3338685578497	2311.644573692221	-390.6978675511199	-1
?	122.85774561420202	-473.8613413361524	55.14114509749023	-96.43320435965157	302.74826950277884	201.94690845383715	2311.659259676246	-4532.2990027162805	-1
?	122.94662255824342	155.40713279286456	57.36970622727316	169.218739103503	314.39075589760785	1381.1843168079267	2085.0296235564037	-6405.035174083018	-1
?	130.62810225384536	137.9751075476469	63.6020820526655	149.57120502448532	371.80748534317615	1485.7606477358472	1991.4075009720907	-424.52320521468516	14.818296254297868
?	129.84537793562586	-160.69793051840435	64.84826647849754	-156.73715691357094	388.67878828440126	-817.7784984492118	2063.803463295669	1651.035744183236	18.309141940777497
?	122.59320572792502	-2616.90755871248	55.765224206986844	-368.7807088233844	330.918560420715	-7.025451880276606	2073.9592881812537	194.84502380730825	-1
?	-1	-2471.864114558465	46.409231037328055	-116.31942555013572	388.32751569038743	4867.84961057941	2073.5457144860347	-521.1889553885538	-1
?	-1	2389.5528088823735	49.949252929479975	398.6335279779712	574.311040949689	4947.733976165936	2047.8998404118256	-14212.194877677204	-1
?	118.47764044412037	2231.202287777163	66.3409074362269	265.7891342593822	635.7142144986877	2770.5509858267546	1362.9359706021644	-15939.60584926499	4.998481693377174
?	110.56011438885972	-163.94049815207603	63.23870964244927	-167.23898055435146	712.8385902410287	1778.6449614751448	1250.9195479485647	-1530.8872324936656	11.021788895057123
?	110.28061553651645	-2231.202287777163	57.97895840850921	-269.07551484069245	724.6464625724462	-580.592315431962	1286.39160897748	1004.5230885243329	-1
?	-1	-2225.6123107302974	49.78493390041446	-194.80501958169478	683.8089744694302	1427.67271945585	1301.145702374782	6233.64391940306	-1
?	-1	0	48.23870742942433	-74.33889731600922	796.0300985452398	2196.8681750373235	1598.0738049476374	13999.820357233268	-1
?	-1	0	46.067989034613944	-64.6806273928869	793.6523832212979	1624.3193269791113	2001.1367202364554	7459.142854244754	-1
?	-1	0	45.00467605977994	-55.14158230063806	877.2460648941965	1253.442613621849	1971.0309476598804	-8441.13013045367	-1
?	-1	3050.0289408839017	43.310909919582	204.60204637970585	856.3245139023912	-3736.0736826345114	1579.080213713766	-12052.738741844774	-1
?	151.50144704419725	3175.2745943063132	55.23477837876538	600.7913922634504	690.4423807624683	-5625.526511369999	1368.3940105676331	-5094.601463682911	7.614952295955632
?	157.7637297153179	890.0013808928178	73.35047953275495	407.64399487903836	575.0481883338873	-3390.4364606717395	1324.3501405296167	-2820.658248473179	5.986467116318805
?	196.00151608883877	1231.6327463072384	75.61697812271758	83.2944728797997	520.9205577288789	387.4230703914454	1227.3610981439722	-8813.536042284071	7.787444928864014
?	219.3453670306807	200.88742333483765	77.51520317674499	-93.68195626389175	594.4193418534599	1854.1465711803662	883.6733384154069	-6977.05413811973	14.3935753615463
?	206.0458872555808	-96.66117053085121	70.93288030952293	-364.4161993309607	613.6278862878985	1817.0393375137896	878.5083912379807	2134.3229010531436	6.50904831698047
?	214.51230850413808	216.83172444060096	59.294393210196695	-290.29035086233944	685.2713087291506	3289.2814330214615	990.3894834680656	1266.0176845929825	-1
?	216.887473477611	-4310.246170082701	56.41836276640575	-146.01228131226924	778.0919579389739	449.59755661946747	941.8092754676308	9401.823279472774	-1
?	-1	-4357.749469552158	51.99377914458313	-153.6034554931191	707.7511865601243	-395.8583403216301	1460.480647441711	16341.984584098875	-1
?	-1	0	48.738189991749685	-67.4111077711358	758.2990409228921	819.21999386524	1758.908504672586	4945.739734905276	-1
?	-1	3699.3797309228207	48.62322375602629	4.745591962817532	748.7121862533869	-2217.973621009399	1707.7676341869783	-455.1934566648541	-1
?	183.96898654614367	3671.930682821147	48.975469589890565	498.90093793534135	647.4003598724206	-4241.46370212453	1736.148831839343	4486.150030275448	-1
?	182.59653414105995	65.39979151021292	73.56827065279371	454.30231532092625	536.6390011471574	-3945.2477700316203	1932.075135700754	5445.022312610063	9.291879917782794
?	187.23897612165436	109.42898567643697	71.6905853559372	-215.82178274797405	450.1379713708368	20068.198493969638	2008.39994746985	16722.065410521755	13.251871375855341
?	188.06798342488187	-34.346458094658566	62.77718151539486	-309.39039843268233	1540.0489258456535	4326.615704803832	2768.1784062268534	-3122.4679990017157	2.5352336028940314
?	185.5216532169214	778.8169753567352	56.221065434302865	153.03393563999302	666.4687566110315	-17900.139984832862	1852.276547519762	-6756.4286946995835	-1
?	227.00883219271918	771.409073416077	70.42887829739462	430.36508410502734	645.0419266039977	-3407.041523087168	2430.3569714918694	601.5523388430853	12.736480915887105
?	224.0921068877258	-381.813347161399	77.73931963955454	109.95038716579401	496.1166804566707	-1809.7501482823116	1882.3541644619168	-848.8965144010188	22.85135323966235
?	207.91816483464896	-293.3071994444411	75.9263976556844	-334.86844672143314	554.5544191898808	1284.8251952188707	2387.912145771818	12393.328035879182	15.082979136351351
?	209.42674691550354	18.216080427104398	60.99589730348264	-390.70234645416406	560.3579402176151	1041.398176332874	2502.0205662558847	2528.9181194327834	-1
?	208.8289688560042	548.568976701231	56.39128033297592	31.22593301947175	606.6243280065253	-923.2575136563224	2514.358051743459	-20353.52705572419	-1
?	236.85519575056549	1222.027868349576	62.55719395445625	333.2912783901275	514.1950645347984	-1165.9975746660796	1484.3442134696606	-27124.225108654875	9.250045520541168
?	269.93036227348387	1023.0871724749059	73.05584425248253	200.964737792018	548.3244492732205	975.7507678718887	1158.146796310696	-5206.18521198809	17.740875495144834
?	288.0095543743115	-84.43466833745555	72.6054308440573	-92.40715766793397	562.9826029283935	1511.4825510160122	1224.0349528702525	14171.336423344072	17.939101422674437
?	265.708628856611	-5780.191087486148	68.43548636908577	-200.42358506496825	623.8985768240221	11302.13299246113	1866.7136174779096	31356.95621522988	10.994121723407256
?	-1	-5334.172577132144	62.58425159080874	-102.22149581328875	1128.089252551458	13346.745835807054	2791.8827636317687	11410.617310839476	-1
?	-1	4787.011078190668	63.324411578421255	88.60408426760587	1291.2358686143843	-6350.838014409999	2437.2444830198915	-14634.725175059295	-1
?	238.3505539095368	4346.311493211527	67.0144558041891	-98.70105319642904	810.5473518309535	-13049.821015391783	2060.1465048787936	-4565.366865209288	12.077073091964055
?	216.31557466057944	-4787.011078190668	58.38935891859973	-212.2686125468722	638.744817844786	3250.609441385717	2208.976139759424	3047.75475633229	6.3725849178783855
?	-1	253.38667021629172	56.40102517684534	33.661693263390994	973.0778239002417	5705.8349659553105	2212.5342426954103	-1216.5470137289967	-1
?	228.9849081713942	4677.407242751479	60.072443581769306	249.55796181281855	924.0365661425556	-11532.407831507902	2148.148789072973	-1036.2518206082802	5.828999345136603
?	232.87036213757727	-92.21973319166108	68.87892326748644	171.2077211134128	396.45743232483835	-10264.498731584617	2160.7216516649955	1541.1105727564573	14.69159489591174
?	224.3739215118111	11.972357359307296	68.63282963744007	55.17030267178178	410.81162956331735	1204.8678793960664	2225.204317710797	-344.21699215807587	18.293827743270874
?	233.46898000554265	126.25155777202158	71.63743840107557	18.953551074405382	456.7008262946425	1003.8789130309152	2143.5108020570915	-1709.6471417136884	17.12875373978429
?	230.68649940041226	-529.6120660032516	69.58050719116035	68.99474077320649	461.0055752148638	-700.0229853458588	2139.7219606251115	-4575.859892603743	16.601595338392602
?	206.9883767053797	-982.7182937191778	75.08717543973594	148.89482738922413	421.6996770273491	3368.4702737227485	1914.7178074269011	-9462.68462190096	13.272591964785931
?	181.55058471445267	-1052.5765626671846	77.02524856062166	-121.15030901123048	629.4290889010036	2654.7561763101385	1666.5877295300568	1000.6609771182724	7.761378720011059
?	154.35954857201972	-492.07512875768526	69.02965998917433	-208.11191975232492	554.4374858428579	-1950.2441666662567	1964.7508562828154	3311.5659699153534	6.008074921460288
?	156.94682827656806	724.136505143773	66.61965257300527	136.97955740316166	531.9168805676894	911.8824380553913	1832.1660280258268	-8237.336222781061	5.256217155095395
?	190.56637382920889	-3138.9365655313163	75.87863785933251	-1332.3930514600863	600.0316077456281	-10638.337611353638	1552.8840451437566	-36643.32056051602	11.450673137632643
