rowLabel	avP	dP	avI	dI	f1	dF1	f2	dF2	h
?	192.10236788109586	3920.6471852594336	70.9889532103183	1436.3084396025347	416.8634567354663	8092.734469009833	1542.964932545822	43363.04105022691	14.20557508145827
?	196.03235926297168	-25.105654680309613	71.81542198012674	-178.87126614447752	404.6367234504917	174.76764326810553	2168.1520525113456	15845.053628549053	10.550804545905024
?	190.84708514708038	-3940.6471852594323	62.045389903094424	-377.49076397912546	425.60183889887156	2344.6979780026086	2335.2176139732746	-8854.062795630876	14.195497042724208
?	-1	435.86720176831545	52.94088378117046	173.9763747537363	521.8716223506222	2770.455884597613	1725.4489127298016	-22219.158617355944	-1
?	212.64044523549614	4042.616355201509	70.74420864078124	421.74970919764627	564.1246331287522	134.84153146496286	1224.2596831054777	-4754.290496066393	7.169192801690573
?	201.13081776007542	-392.3964878853486	74.02836924105277	35.93560330964949	528.6136989238703	-3476.475787208154	1487.734387926482	12035.5610399798	19.00162731607126
?	193.02062084122872	-384.4332510883471	72.54098880626371	-185.96564338941224	390.3008437683445	-3211.075217048546	1826.0377351044676	6454.748556782149	20.105618952917883
?	181.90915520565807	-275.8448875119331	64.73008707158216	-11.896520985056897	368.059938071443	2673.0276572870666	1810.4718157655893	-1189.3431932879914	11.003118568228365
?	179.22837646563207	-260.8983877998947	71.94616275701087	131.3520792645588	523.9522266326978	4864.386284305412	1766.570575440068	-6099.970570219035	7.853294252149601
?	168.86423581566333	-239.12932205087435	71.2976910348101	-28.057229143055913	611.2792522867136	519.2438616221717	1505.4732872546376	-3026.060131285563	17.80750503267955
?	167.27191036308835	34.34212820793388	70.54330129985807	-2.887603742436508	549.9144197138064	-2383.569480670508	1615.26756887579	-726.4736753006939	13.666044693547764
?	170.58134222606003	164.27238869626635	71.15331084768828	-57.62731707018299	492.1007782531881	-784.9900124718481	1469.149603489603	-5087.48737076829	4.38783018674408
?	175.48552979790168	32.75481073750993	67.66193544634892	-44.58908410142352	510.66491909021397	520.210480309283	1360.8932003373752	-2812.262982039422	10.764644571012791
?	172.21908276293553	-135.78058224389383	68.9238566426171	6.529124229334962	518.1113022686523	348.4624260076677	1328.5364543876317	183.4786106366617	12.282851033667452
?	168.69650068570698	-131.45814315699954	67.98839165781567	-39.519037228954765	528.0880403905974	317.03470673669443	1370.0671308692083	-22.948693963389793	14.520527368486148
?	165.64617560508555	-29.973472285763567	66.94790478116936	-25.70406916905538	533.963037605487	204.2329095572971	1327.3890196894622	-432.8396812596016	18.061118259300592
?	167.1978270714188	10.181362760134212	66.7031881993629	-4.302908881068387	538.2996858684622	402.2436361410379	1348.4251468062282	1363.198587390051	17.603103513262653
?	166.15524374309226	783.4717756059938	66.73275933711594	-23.611841112238473	554.0752194125389	869.8884208794303	1395.5489490589648	10081.231642498466	19.04452656461398
?	206.37141585171852	7105.422380054461	65.52259614375097	-7.738030046315593	581.7941069124338	-430.9644710075641	1852.486728931152	13853.525923817202	8.170929054901505
?	521.4263627458156	6267.81490612989	66.34585783480016	-24.67826905320212	532.5269958621607	-892.2821218911702	2088.2252452498255	-8312.096412195804	4.302165772203644
?	519.7621611582126	-379.955970943333	64.28868269109087	-1.5734887566748044	537.1800008178753	-350.54732833331826	1436.8819083213623	-18382.142072146333	4.0166678472619095
?	502.4285641986489	-6515.360634689468	66.26718339696642	143.01756550876905	514.9996294454948	-2206.4206307834165	1169.1181416425081	-8600.88348438762	9.744515614776725
?	193.99412942373894	-6477.437783849964	71.43956096652933	-35.78891561037179	426.8589692787044	-3406.6658346108	1006.8377341019809	11200.370340575682	9.805045074185905
?	178.55667500615044	-85.46168832468815	64.47773761644783	-86.35085603003425	344.6663377149546	3423.362544998048	1729.1366586712927	28069.655567419642	-1
?	189.72104500750453	341.08950802322255	67.12201816502761	72.70686056787376	598.027096528607	-184.3823049193723	2410.3205124729643	15949.781864519027	11.802296391891117
?	195.61115040731158	-72.3316951060189	68.11308064484152	-35.19212117434844	335.44722246898596	-3662.350767145299	2526.6257518972448	-3698.8795850702413	18.35060396303524
?	186.10446025220358	-103.56456050154739	65.36241210631019	132.68520965792692	414.90955817134187	4816.40907995225	2225.376533219452	-7066.796048383542	10.104450269287755
?	190.4329223822342	-88.235846750457	74.74734112773787	-55.21415297957768	576.2676764665987	3839.188176356022	2173.2859494780673	-6157.567424163789	7.539647037208576
?	181.69266791468073	-3828.658447644681	62.6017044573313	-445.740087337734	606.8689669891431	1993.7458600303403	1917.4981620112624	-2836.113141780381	5.934237044245496
?	-1	597.8065310048049	52.46033676085115	-23.473623912550018	675.9549694681158	-870.2449833094958	2031.4802923890481	-6672.139998401083	-1
?	211.582994464921	3969.2195176724917	61.4280232617038	402.987479584309	563.3567178236683	-2577.43370870214	1583.891162091208	-21253.195072189897	14.302574695776155
?	197.46097588362477	-76.22488461963364	72.60971074006662	255.12834962189862	547.0832840330087	2582.263223634575	968.8205387795524	-8528.152162798939	14.296257862731252
?	207.77175023393931	481.73493811837045	74.18444074279874	45.962492445915146	692.4698790053972	2888.1753165815003	1157.4835539512605	5358.010981216271	17.92844609994101
?	221.54772278954331	339.47611092942367	74.90783536236238	7.509204684732531	691.4920498620838	-945.0894218314753	1236.7210878403662	1926.6736557686663	18.208545666228506
?	224.7455557804105	-130.75851565866049	74.55990097703537	-269.3606281936694	645.2154079138234	-725.0449323562082	1253.817236739694	2355.2916342089907	19.911363261210887
?	215.00979700661028	-479.70029953236593	61.43980395267889	-155.999956838849	655.2398032442734	-484.2338827642102	1354.4856695508158	-33.0691556408419	8.678421589529288
?	200.7605408037922	-672.8142744935701	66.75990313509291	109.98475718637341	621.0037137756128	-220.3543269572945	1252.1637789576519	3366.53492440909	9.325527103498395
?	181.36908328193175	-4035.2108160758403	66.93904181199757	-279.38897521402856	644.2220868964087	2190.9664793222923	1522.8124157712705	9343.445936743847	13.263455258419025
?	-1	-3647.3816656386316	52.79045437439147	-269.6130216755288	730.5520377417275	2668.533346665904	1719.3360757948446	10853.606082671013	-1
?	-1	0	53.45839072822112	86.5451526623649	777.648754229704	66.76961588864539	2065.4927199048216	8725.267821931675	-1
?	-1	0	57.1177120075097	18.726986171772847	733.8905185361598	1385.8910378718115	2155.599466891427	2522.842033506977	-1
?	-1	0	54.39474003680976	-123.79397113423182	846.9433061232943	9002.899197701927	2191.63482158017	5939.221231330023	-1
?	-1	0	50.92801345079813	-141.02448686391833	1184.0354784212545	3652.7176455317676	2452.560528457927	4160.814016158707	-1
?	-1	2602.503363113974	47.34351569361387	27.318004431274073	1029.579188399882	-11930.318126820366	2399.6755223881046	-9724.259308979465	-1
?	129.12516815569825	3494.874614399366	52.29391367236183	346.71605282163864	587.5195720802384	-9540.765703821833	1966.3475630089554	-19798.28002017069	12.667939176776047
?	173.74373071996766	1187.231008977635	64.67931833469574	345.5624854799208	552.5409032087921	-1059.4551908796068	1409.7615213795737	-15652.012837644457	6.065867281355857
?	188.48671860457978	101.35778645617599	69.57203794635781	92.61345352095394	534.5468125362582	-224.9032499177914	1183.7469211267353	-1158.0720163957672	14.232529250526337
?	178.81162004277644	-358.18837185597954	69.30999101074342	-1.6393047525647888	541.2957407129026	268.0626512919376	1351.8579205597855	4223.590768496084	14.919360121930973
?	170.57730001178086	-166.50996380574273	69.49007270872957	-14.524767181675083	547.9499451008551	-66.00866214688064	1394.9264595515388	1299.443044040595	18.437126926187716
?	170.48612185248933	-13.450329076909545	68.58375265165967	-58.35567751026864	537.9953076055585	-2509.5168187580157	1416.830072761815	5257.090072980533	18.344307049208254
?	169.9047835579354	-149.4452977654765	66.57228883321615	-188.97403890804722	422.47410416295475	-2243.8293925951075	1657.7809632005644	6160.721146675609	15.371011974340263
?	163.01385696421553	410.01547833235554	59.13505070625734	132.33413204437275	425.80383797580356	-468.77826396957454	1724.8661300955944	12912.913270996038	23.092196216766
?	190.4055574745531	461.5082715648969	73.18899543543476	-42.01001997011304	399.0351909644761	-484.58133854105597	2303.426626750364	7767.694370960194	10.15734995914259
?	186.0892705424603	568.7162459714879	57.034549707751694	-234.9681524064513	401.57477104875085	122.3970789481284	2113.2508486436027	-14237.019104682646	-1
?	218.84136977312738	539.8939808159465	61.44058781511224	312.1283994474595	405.1550449118825	529.0157968957814	1591.5756715162343	-9725.560366644939	7.493135988149216
?	213.08396958325753	-4396.827395462563	72.64096968012461	102.76991177351229	428.0255608935398	1970.4425005457883	1626.9728303113575	13517.653786933453	14.46134721132531
?	-1	429.7855146391383	66.57908340378783	-130.8333997883118	503.67716993917156	2040.4010201639271	2267.4583608629046	15510.45295750093	-2.0689287378052166
?	234.57324531521436	4227.391237109516	66.09929969070905	47.39272963787545	530.0456119017358	-4007.679254481239	2402.495478186401	2587.0420910032044	0.4531728101356598
?	210.36956185547504	-826.4471435438459	68.9487198856816	32.360388167493966	303.29320721511033	-4769.913101178728	2396.8104654130643	1029.5598418669524	15.161889925306427
?	193.25088813802222	70.94430275972027	67.71731909908374	71.02132066693909	291.54995684280027	1015.0910922919027	2453.9734702797487	3469.0539862325872	8.219831424673377
?	213.91677699346104	-151.74294588961854	72.49978591902854	-23.790763654078063	354.0477618297053	9.123104233483478	2570.263164724693	2061.9246091269524	18.738920765007798
?	185.66374084354132	-209.02966784618303	66.52778091637984	-35.7868448441222	292.00611205447444	334.32180277419326	2557.069700736096	-42.68843105497596	10.89874128221073
?	203.46529360115193	216.34557532744813	70.71044367682244	-9.583888495455176	370.7638519684149	851.9675916898071	2568.1287431719443	539.4269203022324	12.52838523815078
?	196.4810196099137	-4089.305872023053	66.04858649160708	-369.0465228245357	334.60449163896465	3395.3605737523194	2584.0410467512074	-4899.963967920147	15.645408843892708
?	-1	685.7714232551735	52.258117535595716	171.02058897931332	540.5318806560302	2213.455374821552	2323.130544775938	-5484.825907870564	-1
?	230.76959077267225	4434.625462108898	74.59961594057272	467.84699060600894	445.27726038004187	-2275.7988406659083	2309.79975135768	-1006.3379476072386	13.911306594910101
?	220.73127310544413	-1102.049487501777	75.65046706589608	-236.22229535897034	426.74193862273523	-899.0939960546994	2272.813647395576	-1314.629468510325	19.824114401769542
?	175.66711639758358	-661.0236186752253	62.788501172624244	-16.581372751874202	400.32256057730706	-718.2335297424347	2244.068277932164	818.3352428728388	8.961527956767707
?	187.680092171683	131.88292884952818	74.82139842830237	172.8620155195974	390.8302621356136	-292.67467672497776	2313.730409539218	4015.2757853545295	15.733829602982615
?	182.26126284005997	-3773.601843433673	71.43160194860408	-64.06807553193198	385.6888267410582	29300.672632819667	2444.83206719989	11303.743574375625	6.934552320786688
?	-1	1077.471142366155	71.61799465170579	-61.60467023803442	1855.8638937765918	26893.01255032614	2878.917588257997	8882.796304555917	0.08434426280577058
?	236.13481995836753	4320.449378617983	68.35136843670237	-34.35544187831409	1730.3394542573603	-22641.988230561274	2888.9718824276842	-13082.701787289272	1.2748231852452072
?	215.02246893089838	-428.54679522591124	69.90022255779009	80.2837859314954	723.7644822485322	-18453.85062697595	2224.782498893536	-6307.8423376108685	9.603464004832315
?	214.70748019707204	320.27125782419944	72.36555773327713	88.38734799146866	807.6469229085661	-565.0736675441497	2573.579765547142	-6619.213239339343	17.790680416640694
?	231.0360318221083	101.04992339290426	74.3195899573635	-31.990962871773093	695.5107988713248	-4851.876155746726	1893.8218369265699	-11833.57025445696	20.826072699181985
?	219.75997636671724	-575.1358146433151	70.76600958968848	-51.02186522849526	565.0531151212307	-3610.524542714874	1981.901252824296	9750.432510976738	9.667071391489001
?	202.27924108994264	-710.0784570522361	71.76849669593875	79.65633423882849	514.9845717355818	1859.0140284203355	2381.343462475405	-8597.184528814694	6.417218932682384
?	184.25605351410556	3329.4666033852445	74.74882630162989	-121.58099642418037	658.0038165422471	5215.922622419571	1552.0420263835629	-16346.83157346435	8.074066606361877
?	368.7525712592043	-3705.1210702821245	65.68944687472975	-366.7900423378605	775.7807028565594	1858.6736003384815	1564.0018838021904	1011.239579707898	5.7156780312864015
?	-1	-3579.7995841162847	56.40932418473693	127.55886379413386	750.9374965591709	281.9102056548228	1602.6040053689576	1270.6749389446259	-0.9643897592605121
?	189.76259205339068	3682.868629165909	72.06739006443642	168.51156272818602	789.8762131393005	-1698.8047428576208	1627.5356307494214	2076.4799594250035	6.03086297333169
?	183.1434314582948	438.42416752788364	64.8349023211462	30.780640981210578	665.9972594162902	-5448.36169716681	1706.4280033402074	9062.502283587155	6.478496678859956
?	211.68380042978478	867.2069308286651	73.60642211349695	163.91608635228494	517.458128280961	-3575.906317519	2080.6607449287776	10700.989306402236	10.284821704649286
?	226.5037779997279	244.26400102019701	73.03070663876042	-363.3136288234647	487.2019435403408	200.59984586142335	2241.4774686603173	1397.5541956734064	12.83154538880624
?	223.8970004807946	2487.7680667759305	55.44074067232378	-100.26590735756635	527.4881205740321	3735.6591613147257	2150.5384547124477	-6647.556900709124	-1
?	350.892181338524	2991.9789114700384	68.01741127088212	105.79665731894346	673.9849016060764	4198.947888907855	1909.0996236248623	-9879.70814366346	5.850424162608179
?	373.495946054296	-3189.6622383419553	60.73057353827093	-42.030073255339325	737.4355150194241	-1294.5278075792112	1656.5530475292765	-7356.582840051418	5.226962676744926
?	191.40906942142678	-3447.4432080873707	65.91590760811516	164.46565658174282	609.2585112271161	-8595.068394636512	1541.2704816222927	3410.962692374936	11.358084575975905
?	201.12378564992807	232.08660582663495	68.95385636735804	101.96108335692124	307.6820952876	-1870.4974101895275	1827.1011821480226	3131.225329723322	17.41109061197725
?	203.01339971275848	385.41155350677536	71.0139617759612	77.92234644787838	515.73364071764	3191.199193962619	1697.8317481084582	5814.411251406116	13.538130334612486
?	220.39436332526677	652.8121196581458	72.84997368975195	-274.54734086261254	467.2420549857304	5655.85840384763	2117.8217447183274	15863.680687428425	15.237571871693751
?	235.65400569566566	1056.7098466689877	57.28659473283063	-178.07990967496684	798.5265609100205	3549.231409961068	2491.0157824798766	-1752.3963903477004	12.890156281449716
?	273.22985565871596	-54.4424417865857	63.94597820600364	411.00979044987656	644.7036254837832	-2228.8469467102877	2030.2019252009427	-12764.874900098957	7.237147533813945
?	232.93188360633638	-1063.1388905179242	77.83708425532439	154.15437026976076	687.0842135745065	-2663.8898668197785	1852.772037474931	-6105.759782725708	11.138271858762982
?	220.07291113281994	-81.84496004964473	71.65369671949165	-185.65324184880305	511.5091321427947	-3506.741544573384	1724.9139360646584	-4177.671887485559	9.917311038675933
?	228.83963560385416	195.69272471495606	68.55442216288427	-246.10129127325752	511.74713634583793	4896.442176748595	1643.8884431006538	-2000.1598418262918	7.893207951754637
?	229.8575473685677	-40.9777849530839	59.34863215582882	5.576451209264539	756.3312409802236	1776.4857283219312	1624.9059439733442	-4960.081441686238	-1
?	226.79074635619997	-198.84361153499825	68.83324472334749	305.87168573921343	600.5714227619342	-7113.23396444245	1395.8843710163428	-5586.057429100449	10.10732751004387
?	219.91536679181783	253.07621999224898	74.64221644278943	133.67515272012375	400.66954275810235	-6307.7732936904085	1345.6030725183227	1780.1109825084013	15.31798201990205
?	239.44455735581238	782.7892181768185	75.51700235935365	29.86055257536929	285.18275807741486	-172.62667264779742	1484.8899201417626	-9412.167341895774	21.986118579814026
?	259.0548277006586	570.0246811956422	76.13524407155789	10.26895269594153	392.0382091257125	5645.037179608257	874.9947054235357	-14184.56614774588	20.004118466120435
?	267.9457914155944	-316.33950452255476	76.03044999415073	-45.14046718995092	567.4346170578267	4014.224700499048	775.6616127544711	23224.0688283625	17.53059083577825
?	243.23785247453094	-606.7263417169504	73.87822071206035	-307.7630792463793	592.7494441506642	692.7197122803298	2036.1981468416566	16929.292804767792	14.95629716293502
?	237.60947432974697	-4884.757049490636	60.64229603183182	-427.6595939196444	602.0706026718431	2527.0725867857755	1622.1262529928576	-4680.270906062581	8.75369113797692
?	-1	-4772.189486594956	52.49524101607821	-156.52127888356176	719.1030734899525	1417.9925733816963	1802.1846015385283	6793.920113082497	-1
?	-1	0	52.81623208765376	35.765022812145006	672.9702313409276	1904.0160035321219	1961.8222586469813	6759.20701841511	-1
?	-1	0	54.283492156685455	74.99486106079827	814.3038736665583	1515.8415994611582	2140.1449524592826	6074.643141016694	-1
?	-1	0	56.56597514069366	-91.78027629005233	748.7623113139853	580.1029889819777	2265.554415697815	2304.5122671411254	-1
?	-1	11210.153290076767	49.694478342182855	299.747042724068	843.309023115657	-3708.01369042236	2255.3705658163385	846.2218469748616	-1
?	559.5076645038364	4220.844604273366	71.55332727689701	427.1004797923214	563.3616267928679	-6808.9459659647155	2307.865508046558	-214.31639782678835	5.614131312421255
?	210.04223021366752	-11210.153290076767	71.04950233179885	-90.51871823045563	502.8617248174225	-359.4148963851525	2244.654745924999	-3680.2283850035333	6.646228633093161
?	-1	-4220.844604273366	67.02739136537424	-155.54146403166297	545.3908819736104	2491.487457720483	2123.854088796382	-7366.114631328036	-0.42489320794521285
?	-1	0	63.27242913021573	-333.03811220407727	627.4360977034462	-449.2961100856012	1876.3490143585987	-3281.9749481811077	0.22026850306536708
?	-1	5212.90245869709	50.37548575517044	107.42585254190355	522.9260764693304	-2994.0519770562255	1959.755341387327	676.8727081147359	4.007174479819816
?	259.6451229348536	4994.525959978514	68.64372175731089	524.4973614265876	477.73349885063544	-2053.9930897702066	1910.1926497643353	-4525.752665224639	8.655235562001428
?	248.72629799892482	-624.5418282883463	76.60035382649973	213.9332356512488	420.2264219808204	-448.69748409808767	1733.4677081260959	-4447.985490029607	20.396006001703874
?	228.4180315204364	3330.6155073061745	79.34038353987329	-11.626726028975197	455.29862464573114	506.4556190980461	1687.7933752628558	-1956.9387618785665	21.429789685637502
?	415.25707336423295	4052.8979283528447	76.01901752505097	-448.82751883337835	445.54920293572263	-291.57993464933713	1635.620770032168	-26.91433473830794	14.48320269582182
?	431.0629279380779	-8325.14146728469	56.89900759820445	-534.4280950452245	440.71962791326433	705.6739220286559	1686.4476585259404	2572.3886147401936	7.457147302158473
?	-1	-8641.258558761589	49.29761277278984	-129.55473335021938	480.8328990371553	502.4371834501273	1764.2402007691771	1478.464576595489	-1
?	-1	5124.779540112711	50.4212709306935	588.2600011331255	465.8414870857706	863.2980429095593	1760.3708873557146	9753.955411035193	-1
?	255.23897700563464	4873.125815276067	78.710612829446	371.7927859016925	523.9978011826331	477.25530372712853	2251.937971320935	8668.272478712022	10.565455067531728
?	242.6562907638025	-5124.779540112711	69.01091022577806	-306.2393736744057	489.70425227212695	853.4223653217836	2193.784511291314	-3902.3206879709005	4.246807133268977
?	-1	699.4139050365274	63.398644145725775	-237.88623569901446	566.6689194487221	293.08634962004805	2056.8219369223907	-5520.298858287217	-1.5367004436958662
?	277.62698601562875	5074.594503391381	57.11659844082738	157.53651817248326	504.3585697531293	-3688.586866675136	1917.7695683769543	-7743.693449673156	4.134178630683083
?	252.72972516956818	-650.4056261417878	71.27547005434991	-18.662005690374667	382.239576114966	-3320.9729571552352	1669.6372644387343	349.38219164918917	13.162884788365767
?	245.10670470853947	-5074.594503391381	56.18349815630865	-325.5220775290407	338.3099218953681	6533.467834316253	1935.2386779594137	11266.15708657608	-1
?	-1	1571.0296940171286	54.99936617789793	324.7597270160104	708.9129678307775	3537.4513496396926	2232.9451187675363	-6797.702712862812	14.24462827685883
?	323.6581894093956	6192.036367709405	72.42148450710911	373.7166544649046	515.1824893773521	-2.212163692395287	1595.3535423162743	-6433.685159747911	20.10603804185913
?	308.60181838546913	-6493.163788187935	73.6851989011431	-74.41482327777605	708.8023596461577	12781.144346096198	1911.260860780142	16084.270247174783	13.728741365500706
?	-1	212.14997784688953	68.70074334322032	-180.78382981203399	1154.2397066821597	-3619.259341320882	2399.5670546750107	1656.8697145788942	-2.2554032821124714
?	319.20931727781357	6041.994351391673	64.64600741054143	104.47837044751262	527.8393925801142	-9769.095470046383	1994.1043465090863	-16060.921026571548	2.9618386233107614
?	301.0997175695826	-810.5638130786173	73.92466186559594	189.28610025457783	665.7849331798424	2644.6906340194487	1596.5210033464361	-4461.1835349613575	16.426905658768078
?	278.68112662388285	-1174.5052840878766	74.11031242327029	36.88579669135875	660.0739242810862	-4002.7999096312265	1771.0451697610192	14599.70604959579	17.134368453740514
?	242.37445336518897	-879.3933535051459	75.76895170016387	-80.05633705084478	465.64493769828175	-5711.648669803396	2326.506305826223	11545.859544631308	10.593211877422492
?	234.7114589486257	-8.732379709730397	70.10749557072806	-434.74656551017773	374.4914907909174	1002.0600429102786	2348.3381469925826	-4605.319781902497	16.38249179110461
?	241.93783437970245	-4714.2291789725305	54.03162342465506	-379.63654341534584	515.7479398437955	5129.196715153105	2096.240316731099	-10505.288629124618	-1
?	-1	269.7377086072559	51.12566839996084	330.18088954991657	630.9513265485717	473.261410160257	1823.0737155363536	-18023.711442732594	-1
?	255.4247198100652	5078.654461730553	70.54066790215083	428.961808542501	539.4110103518083	1480.0630688134568	1195.0547445944726	-2274.261578712425	16.52953249568213
?	252.93272308652672	-5128.494396201322	72.57375882708581	-39.721975681234056	704.9544799892443	12524.882882842292	1709.3606366007327	26059.27184776386	14.10740086138389
?	-1	-5078.654461730553	68.55456911808913	-62.23212003090787	1165.6551544939207	-3386.555969503427	2498.018336982661	9823.289783371023	-1.9728956764752155
?	-1	6038.481981032079	69.46215282554043	42.69225917872647	535.6266815140735	-13759.241558236998	2200.525125769282	-3417.8072418411953	-1.6437246409143065
?	300.92409905160287	5860.083842481644	70.68918207702545	183.7413991627714	477.69307658207316	-4780.892111743548	2327.1279748906018	6466.7536706034525	2.1320468100886885
?	292.00419212408116	-807.9837462368749	78.64922278367897	71.00384848038371	296.58207592689695	-3862.414893905743	2523.8628092994536	-893.6477687549482	27.218431655971397
?	260.52491173975926	-2082.079875530487	74.23937450104462	-272.1843585366606	284.5723318867867	-665.5963182965105	2282.4455864528545	-10828.592026975977	15.250643653371986
?	187.9001983475572	-1663.0649311966422	65.04000485684598	-171.9850777581121	263.30226001207154	1372.6634172904041	1982.4332079506567	-8571.774049306285	13.209842213258462
?	177.37166517992745	-46.755050951555454	65.64012061313905	66.2357139677621	353.20550275130665	2436.742939891205	1853.8568839875418	-9973.726421503214	15.26613822967749
?	185.56244579997943	-3567.4333035985615	68.35179055523408	-133.77650929345967	385.13940700663136	2932.2084999201493	1483.7468868754977	-531.4659723651377	5.741225160589974
?	-1	438.9210254275143	58.95129514846609	-50.58475625811713	499.8159277473136	10199.684173842992	1827.283585369285	12168.807000735495	-1
?	207.50849707135507	4133.094598446909	65.82255274232823	160.37026468913155	895.1236156987792	360.42218367052004	2092.1872369122702	-10041.669639191663	13.18093793607503
?	205.6547299223447	-4170.169941427116	66.96980838292264	-142.82907328624285	517.8370369308395	-624.9423125267731	1325.2001034097036	-4686.867818298704	8.153380368305
?	-1	-4133.094598446909	58.68109907801611	-265.2080001072029	863.8765000724407	8796.382058797104	1857.8438459973358	16616.665223054377	-1
?	-1	4672.39238471469	53.70940837756254	269.21920533146783	957.6561398706932	-4391.672929040069	2156.0333645624196	8968.959602517685	-1
?	232.61961923573367	4647.48017917108	72.14205934458946	374.31179118124805	644.292853620438	-5747.58149551418	2306.2918261232185	-5761.646572277403	6.922923968744068
?	231.37400895855316	84.2287112912331	72.42499793662488	-359.7774645412261	670.2770650949852	1747.7203532835317	1867.9510359485505	-8681.227530871754	11.640653677920673
?	236.8310548002953	-4647.48017917108	54.153186117528215	-188.99077430942836	731.6788712846143	4411.523467847105	1872.2304495796322	355.7447051581097	-1
?	-1	-761.0632343725341	62.97545922115349	184.0098908257324	890.8532384873397	-1024.4712995130672	1885.738271206456	-9704.342207309212	5.098024621643537
?	198.77789308166874	4168.7187237397975	63.3536806588148	145.48283225043102	680.4553063089611	-11404.296551739779	1387.0133392141734	-7565.13464076213	7.85462728989063
?	207.43593618698915	205.4799128263598	70.24960083367502	160.79762862195096	320.6384109003528	-9611.022274353527	1507.4815391683508	-8517.800628682307	11.766111929660486
?	209.0518887229867	155.50172372958738	71.39356208991232	50.84503691631358	199.90419259128643	262.96808353040524	961.1233077800595	10725.578878259863	17.996761369866693
?	215.2110223734685	145.19329649661776	72.79185267949069	50.68191365867121	333.78681507687304	6662.886707344758	2043.760483081342	23838.424241516146	19.11881938207092
?	216.31155354781768	156.05196142431686	73.92765777284592	36.89041095418422	533.0485279585291	5374.479403720551	2153.0445198558837	-20901.147021479028	19.756605522430196
?	223.01362044468445	359.4175560416244	74.63637322719993	-0.5226101119876528	602.5107852629044	3224.551806626632	998.7031320073759	-19503.12696423872	18.880348529576036
?	234.28243134989916	221.25715665910744	73.90152726724654	-24.71866031532578	694.276118289863	1910.894767641512	1177.888171643934	5347.252489753956	22.667930935521536
?	234.07647827763998	-436.1020728183781	73.40044021143362	-167.55108720018728	698.0555236449814	-2520.6074361844394	1266.0657564950775	455.4323182838406	21.0126851485777
?	212.47732770897994	-4701.5295655527325	65.52397290723705	-445.7455067641765	568.2457464806392	55.332974255406164	1200.6597875581263	506.41992707973446	11.745464711114549
?	-1	-4269.546554179538	51.11316487322448	-228.92837527148205	700.8221723577517	9648.536751578506	1291.3867528490646	21283.597574534117	-1
?	-1	11593.289660708828	54.07755414366279	-6.980807739827711	1050.6725840595714	5286.747214336356	2264.839666284847	13982.118902777243	-1
?	578.6644830354496	8226.875045574545	50.76412448623309	200.79210775048935	965.1595330745732	-10231.455748652706	1990.4926979879367	-20383.127642322903	-1
?	410.34375227873306	-7950.440448013483	64.1171595311874	327.91125787682876	539.0997966269288	-9050.893928652353	1245.6832841686876	-17062.14330599633	3.6905338598541637
?	181.14246063476986	-4775.612857202211	67.15968738007476	40.38343692500319	512.6148366419492	-1114.8586881827237	1137.385532688108	-453.514677775327	13.190612288577086
?	171.56310941861915	-322.7167819997771	66.13633137743759	-191.39088741192677	483.3568622177918	9774.423390964184	1223.007550279921	24942.909267923205	18.26461447751526
?	165.00662153478078	-89.6156122633981	57.59014300947828	-161.10536346453114	1001.3360061901653	8973.296802359419	2384.530996084286	25412.799718854123	-1
?	167.08232880544918	91.99866809837243	58.08106320421091	99.427113620593	932.0217023357691	-11199.641196348839	2493.647536222645	1501.6314386316267	-1
?	169.60655493969946	-138.73562662792298	62.561498690508	-100.90836648087303	441.3539463727154	-10380.935691210105	2459.6125680158684	-8686.203987704106	19.74905076385597
?	160.14554747405293	-3412.131098793941	53.03564488016719	-245.7706270038418	412.9749177752565	6987.862474905422	2059.3373368374337	-6748.1458029761825	-1
?	-1	802.770129343503	50.27296734031574	72.05804779710402	790.7470701179915	9196.300226463012	2122.2052778670545	-8671.306699458259	18.668497775176046
?	200.28405394122865	4016.0750225697975	56.63854727002244	386.6936443048002	872.7899290984136	-6616.275579260825	1625.7720018645146	-16133.739193405907	-1
?	199.80375112849273	-122.43786173984913	69.60764955555602	259.1292704149555	459.93329115494555	-10597.62451014037	1315.5183181967477	13581.832168529561	11.250407934338607
?	194.1621608542361	54.106480297731224	69.5950107907704	62.59472539329547	342.9087035913876	-1109.393276844353	2304.8636102910023	18832.333413608936	13.221894264054447
?	202.50907514337933	69.67068726689504	72.73738582522084	-35.747839168128685	404.4636273127271	1464.2951016511763	2257.134988877208	-2821.506205752881	16.131745856057304
?	197.6456952175809	-186.04462570673965	67.80761883236394	-91.56681879967704	416.1234586739475	3412.1968398525237	2163.788300003356	-2390.136020182938	5.530619516382794
?	193.20684385804222	-490.04216688370985	68.15904488523692	-10.850278706975148	575.0734693053557	1589.4563084720473	2137.6281878680593	-5326.443012003162	5.653149451946492
?	173.14358687339507	-3884.136877160789	67.26510489701518	-315.07336184198016	495.596274097551	-1534.4935881531248	1897.4661494031943	-5719.941675122937	7.582765835905522
?	-1	55.64222083875598	52.40537679313769	-70.89526873222296	498.3487898976984	1752.7729740297798	1851.6311041119084	5992.176754301532	-1
?	175.9256979153329	3561.9856493513093	63.72034146040398	218.63577213954417	583.2349227990412	-3082.206635903265	2197.074987118275	6809.870307281393	6.200688742243746
?	177.099282467568	69.43368234159736	63.337165400115055	-38.214318557344484	344.23845810253295	-4722.347432923158	2192.124619475983	-8189.029822920217	10.237143306326422
?	179.39738203241282	508.27521720268084	61.80962553253673	85.01397033557673	347.11755115287997	552.0827257064537	1787.6234959722585	-7708.145588311991	9.574427248370785
?	202.5130433277024	1173.7594401319368	67.58786391689395	242.07873725778452	371.842594387856	4151.720596391622	1806.7173400603779	-13255.27865218988	8.221778637157588
?	238.0853540390105	962.9148813800248	73.91356239542613	145.73009335170488	554.703580972464	5743.2788027566385	1124.8595633627551	-7980.038871854108	9.9088814265815
?	250.65878739670433	-423.2441832320736	74.8743685844793	-8.15772524671007	659.006534525692	1427.1998860650776	1407.7153964676668	2224.796711423378	19.68166831242519
?	216.92314487740651	-1334.3506347417479	73.50567613309062	-324.57266621834356	626.0635752757189	-477.9179167972325	1236.0993989339256	8505.35796999209	6.288484718992756
?	183.941255659616	-331.29481165080887	58.64573527356189	-364.6874618572483	635.11063868583	225.94581980540985	1832.9832949672773	15249.49503001199	-1
?	200.35840429486584	191.20757056458285	55.27130304022794	211.93067077630158	637.3608662659896	-1071.7584612492153	1998.574150434536	-419.1657739717206	-1
?	193.50163418784527	98.33473199116926	69.24226881237712	309.5580011780666	581.5227156233685	3209.5562020132775	1812.025006268691	-9700.844910040582	9.980226043008923
?	205.27514089442437	302.656761772898	70.74920309913149	-27.08338546946483	797.8386763666557	-666.1733931633054	1513.5319049325	-6542.314756919448	15.730828026903652
?	208.63447227649038	118.10432356981781	67.88809953890386	-257.44920249248486	548.2140459652028	-376.06513207968794	1484.909268422714	8518.871817191677	15.503247811402954
?	211.18035707291534	-100.72420485660159	57.87674297450707	6.141126927733948	779.035419762671	2544.7777483407913	1939.47549579209	11193.125077024275	19.04857147516234
?	203.59826203366023	-273.8389281399834	68.19515588529056	74.42450718208713	675.4529333822442	-4112.962784673899	2044.5655222739356	-3657.8081409254382	9.674013079292385
?	197.48841066591598	-4091.9652406731466	61.597968333611476	-245.40705752999307	573.3872805289732	1337.7109717281214	1756.5850887458155	503.83103376757583	8.068275704954573
?	-1	233.77740760133017	55.92480300879073	-108.80174892726488	742.3384819686512	4452.390045526436	2069.7570739623147	-4368.92526062729	-2.1951142234565193
?	209.17728104598265	4080.675790997785	56.157880887248155	245.57198244820106	796.0067828052981	-7530.245841725513	1538.1388257144479	-19670.741973112603	8.588636636205893
?	203.03378954989216	-309.16506993910804	68.20340213120096	238.01776994285777	365.8261898823702	-4784.655582747087	1086.2199753066707	10564.31088301044	11.095290928140113
?	193.71902754902703	-155.78642461686633	68.05876938439121	-7.806681454081459	556.7740036679404	1500.243358414166	2066.3543698649773	8551.29325824819	21.141839667586307
?	195.24446831904874	232.34230585184446	67.81306805849688	57.36366595534523	440.8383578030796	340.5897770335193	1513.7846382190862	-12136.13052906202	15.33612157393498
?	205.33614284161942	-46.64631907569335	70.92695268215852	-46.65837183240958	573.8034925196166	-584.0815216754126	1459.5478434118677	5491.530609271125	16.972097593863577
?	192.91215236526403	-376.1355754413447	65.48014946687637	-51.26595267391691	411.63428171930855	-656.3281871385877	1788.3611686826464	17686.740497145758	9.619828444838
?	186.52936406955192	-368.94964449369513	68.36365504846263	-5.79636909107555	540.9870831626868	8740.543556145685	2343.8848682691682	12024.33712937989	6.464518090486559
?	174.46467014057902	-3750.587281390985	65.19033101232259	-23.304480605533183	848.6614595265991	35667.557038872685	2389.5780251516494	10447.811511828582	11.66660817493785
?	-1	830.7563988784251	67.19843101818596	7.891764474899107	2324.3649351063464	16443.76995533994	2866.275443860605	9084.114648016273	0.3290538868001815
?	216.00249008450086	3915.480780967675	65.58491923606755	4.067634630790109	1670.8499572936078	-31779.2744209447	2843.7837575524695	-14995.146154327973	1.6036809079047647
?	194.77403904838653	-298.7574460044854	67.40181274972547	85.62548623230518	735.4012140590887	-17579.28406952906	2116.5181361441955	-7336.826303075745	5.664114030629487
?	201.06461778427638	57.73815529622173	69.86619354768287	-4.6904294486972065	791.8857538171421	-1620.674226009082	2476.942442398677	4377.889077709689	3.888415439240388
?	197.66094681319765	-265.7983758752939	67.1672912772906	-76.28181702531725	654.3675027586335	3637.7950672056754	2335.412590029683	5505.642177026943	9.272056252240464
?	187.7746989905115	-257.96651651282536	66.05210269641695	14.59704986169364	973.7755071774285	7356.570998400473	2752.224551250028	-362.32175859685805	3.3702370992293162
?	184.7626209875562	-186.4152056203496	67.8971437703753	54.36198216159888	1022.1960526786623	-8299.944520342911	2317.29650209984	-27262.646603044162	7.208323994765148
?	178.45393870949388	-224.44684047101896	68.77020180449694	-315.41035080424143	558.7782811602771	-6860.918202250735	1389.0922210978006	-8905.606329871498	14.318178425522401
?	173.5402789640051	-3589.0787741898266	52.126626230163	-287.75528947865655	679.1501425661207	2554.2360938742604	1872.0161856062587	12483.863644150624	-1
?	-1	-3490.8055792800524	54.3824373305639	52.24164544154459	686.4900858539919	2043.788516496882	2013.2854033053407	3565.3739875693504	-1
?	-1	0	54.738708502240264	29.830528619719704	781.3395683909663	2133.321629854785	2050.2848849847287	1582.145720716817	-1
?	-1	0	55.87396376154991	-70.6597966895299	793.1561673467327	1602.2539318470854	2092.3926893411826	-1530.7425511303618	-1
?	-1	0	51.20571866776372	-151.35024100797492	861.4522649833217	-2539.320895618958	1973.7477574282095	-4062.117948780639	-1
?	-1	9989.48054588738	48.306451711151055	212.29083791837905	666.190122565783	-7009.330720714817	1889.2867919021478	-10574.515737754837	-1
?	498.47402729437607	3545.887561013855	61.82026056368282	378.2554445846469	510.98572894757586	-3681.5427561730758	1445.0219705404602	-16487.875831912213	8.035329919842027
?	176.29437805069526	-6469.032457376644	67.21922394038367	135.86052878805936	482.1129847571266	-1807.79288515068	1064.8930003065254	6040.437991937011	15.490440833821118
?	175.0224044255393	750.1534830203481	68.61328700308589	70.79294640126604	420.5960846900406	-2199.5425167583226	1747.043870137315	14813.458013143289	13.90974176028629
?	213.8020522017132	654.2815572949039	70.75887126044702	36.54944854174294	372.1358589192089	-1908.3076960291273	1805.5659009637004	-8610.80072143845	17.214587450403823
?	207.73648229028495	105.90757461720236	70.44075943017306	39.675642867721315	325.18069988858286	-563.8421073074153	1316.5038340653864	4847.153750815463	15.115020064230203
?	219.0974309325734	605.4245190341992	72.74265340383312	124.64380802751798	343.9437535538377	2400.6458018809894	2047.923588504477	20786.064382671906	11.744315404101439
?	238.00770824199535	332.30537163678474	76.67294983154905	30.83030353334421	445.21298998263404	494.75212837258573	2355.8070531989965	8707.725814427538	16.950395175863882
?	235.71269951441286	4.670495161944861	74.28416858050035	-83.74144734878621	368.68135997246736	-136.75112260663957	2483.30987922586	2063.863688203781	12.95654027564322
?	238.2412330000926	96.58538677000398	72.48587746410968	-279.0489528246201	438.37543385230197	1942.12424620993	2459.000237609187	-2658.176555651897	15.414989339646803
?	240.54196885291313	353.66162615242456	60.33172093926915	-126.59062403627662	465.78757228296524	-828.1574679761282	2350.4010514432634	-2166.8557949532315	-1
?	255.92431430771407	-125.49515962527771	66.15634626229576	227.96291554610906	396.96756045349497	-2157.836855894574	2350.657447861524	854.1826032467694	11.286986257687836
?	234.26721087164916	-863.338438801658	71.72986671657476	-23.424022273340434	357.895729488235	2810.837266442288	2393.1101816056025	-3386.863599812884	11.46236065958154
?	212.75739236763056	-306.36430210306247	64.98514514862872	-138.7425399231512	537.5094237756114	5889.4664105301945	2181.3142678708773	-13760.503389445534	-0.527136612546859
?	218.9489957664958	-441.567592135778	64.7927397204171	73.30848405999073	652.369050014749	2510.405540033588	1705.085012133316	-21751.156106371072	5.675301565568449
?	190.67901276084135	-4398.979915329854	68.6505693516283	-17.2097035228504	663.0297007772925	3449.330812047941	1093.7564625523082	15028.293056219178	10.184941154819196
?	-1	-3833.5802552167725	63.93225454427457	-85.82362041020153	824.8355906171485	2890.3700109119427	2456.4996649442855	22616.974555232144	0.08041812323637022
?	-1	4004.31307913306	64.35938833111817	151.14594548735948	807.5482013228917	-6949.639868389822	2224.6051903139314	-16861.65576912198	-1.4810312394206413
?	199.21565395665584	3657.7010107771134	71.48955181864265	4.406407495779598	477.3535971976524	-1768.0959103423036	1613.4168764881747	-20834.98683363411	7.1093352332423185
?	181.88505053885828	-4004.31307913306	64.57970870590715	-239.43532781366287	719.1434058057753	9111.619908863546	1182.855848632211	-1678.2992312333533	5.447647894299754
?	-1	-667.9222416189779	59.51778542795934	52.23096088652068	932.9345926408362	1204.6221773546233	1529.5019149265058	6661.648793869805	2.83710610185166
?	148.48893845790892	3177.2763424306672	67.19125675023322	-155.64197644431735	779.3745146735073	-3881.2870838182807	1515.938288325706	1608.3031073147956	3.3682994169013583
?	157.86381712153562	-2989.7787691581357	51.73568660574336	-187.44718820352392	738.8702384499194	2481.3478877812768	1609.9170702922468	9516.323793484064	-1
?	-1	2062.5773581247195	57.81889734005689	266.81658807430983	903.4419090625729	241.14601788636375	1991.754477999916	6803.996620506254	-1
?	260.99268502777306	5005.409327036514	65.07651600945904	354.6758010803925	750.9275393442377	-8539.746269987672	1950.1169013175643	-3405.8421391690645	9.001010645065623
?	249.27046635182924	-125.61420780269194	75.55268739407677	96.14177134101942	476.45459556318326	-9321.84167274976	1821.4623710414603	-1919.7052309102537	11.843622898627284
?	254.71197463763838	1681.197983241289	69.88360457651008	-96.44697546325835	284.83545570674306	-775.6521892004995	1854.1316397720502	-8680.276072238012	22.367533032033066
?	333.3303655138949	1393.203282870615	70.73033862091378	65.49811964992351	437.67198610315774	3306.5600561094534	1387.4485674295536	-18119.659956589137	14.077977573858064
?	324.3721387811701	-963.8696895133478	73.1585105590063	52.15237526348017	450.1634585122181	2307.757202460691	948.1486419425805	3575.1145704912497	20.48488877862292
?	285.1368810382268	-1253.8331888109149	73.33795738408783	-235.94318924040797	553.0598462261939	812.3141537679655	1566.2042959541186	8910.132546867835	19.290152007820176
?	261.6804793406235	-5722.737620764455	61.361351096985736	-419.4172495295797	490.77916620061694	1726.048703973377	1393.6552692859786	5288.7670949077	12.115026898329415
?	-1	-5253.609586812395	52.367094907608546	-206.67646673912122	639.362281424864	3839.342048556307	1830.6426506995074	12403.400179563965	-1
?	-1	0	51.02752776002953	-15.819438214012736	682.746268628435	2029.7075016707738	2013.8252782641857	4310.270182826132	-1
?	-1	0	51.5761229969079	-74.50204020901218	740.8476565084042	-401.0230941647694	2046.156159840817	-1791.575538859517	-1
?	-1	0	47.302425749578866	-56.291766325528606	662.6951139201963	-4807.751757880906	1924.2465013212086	-934.2281863367183	-1
?	-1	3781.3428870905427	48.76153468063143	414.1107922350428	500.46006861435546	-6937.250187120583	1999.4447505239805	-5847.894777627588	-1
?	188.06714435452983	3829.836499267898	68.0079653613313	416.5925653789211	315.8326045641622	-4564.407305013748	1631.851762439825	-7931.297555016241	13.72485362882951
?	190.49182496339762	-18.915310743518333	69.59116294957778	37.61982367277714	272.23970336366483	1539.9978345949794	1602.8798727731628	7632.608732992045	22.423700803003378
?	187.1213788173539	-202.86060818854648	69.88895654497019	15.948492111790586	392.83249629391224	4159.448192774881	2013.4821990894327	15577.957519279367	12.309234097092634
?	180.34879455397015	-268.83875360838505	70.38858755516732	-1.2446813818573155	480.21211300241185	1992.005554883475	2381.7777487371422	9266.991846607089	15.545357468125294
?	173.67944113693446	-85.59021555871473	69.82672247587732	-35.71298941611537	492.4327740380874	110.13366326981739	2476.8317914197937	1151.4680146084102	20.005763902397074
?	176.06928377603435	-32.650526913133824	68.60293808436153	-36.09982563665744	485.7187961659028	-182.92033062282226	2439.3511494675636	525.7366755102264	20.007418428779275
?	172.04691479127774	-152.05982465476393	68.02173119404442	-42.514199124765035	483.2867575069462	-120.73116249370342	2503.1186251953054	1142.2197601824084	19.891091487800985
?	168.46629254329605	-135.94493189976254	66.47722812812324	-44.90338004671962	479.68223804121754	-58.47153436476136	2496.462137476685	-2371.341182581021	19.685161529244304
?	165.24966819628952	-109.85488021734582	65.77656219170841	-25.25286548584226	480.36318078870806	-2398.9176763460955	2384.5515660662527	-19333.89869790703	19.783039814503688
?	162.97354853242868	-3324.9933639257433	65.21458485383111	114.59676289109076	359.73635422391106	-693.7522301715629	1529.7672025813197	-13534.408673439106	4.329116703062938
?	-1	-3279.470970648527	71.50640033626303	26.500744888764608	445.6755692801294	1178.0095062281375	1707.8311323942878	6569.000229824198	-0.6248306090149992
?	-1	0	66.53962209826936	-229.7678622942614	418.6368295353188	14213.38390132196	1858.2172140725343	14329.806500676297	28.412895761775516
?	-1	0	60.018007221549794	-227.59797295389976	1156.3447643462375	14495.077903046365	2424.321457428113	13586.205834161263	29.247963499512707
?	-1	0	55.15972345057421	-189.39797652764966	1143.3907246876474	-3840.8066294166315	2537.527505780607	-3959.0165154998413	-1
?	-1	0	50.548108395167176	-125.77733570498557	964.3044328754032	-5138.430688537248	2226.370631653118	-9450.43287062562	-1
?	-1	0	48.870856665324844	-51.50936996418549	886.4691902607814	-593.3792113948796	2065.0058622493193	1710.7705857099274	-1
?	-1	0	47.972639896957865	54.04024888296016	934.6354723056588	-378.85074468450426	2311.9091609386155	3824.120516865405	-1
?	-1	4304.692858695965	51.57286910947289	374.46798387420637	867.5266530265559	-10971.5944126572	2256.2118880925923	-11541.879859591336	-1
?	214.2346429348013	4276.065942209459	66.69603909066845	442.7733478499018	386.05575167279113	-7707.525873032447	1734.8151679590405	-15279.89977285572	11.431244543825073
?	212.80329711047597	-179.96320930184396	73.7115365019683	-34.9913692351209	482.1503593749281	9918.743010124274	1492.2168994497954	5176.07610674845	13.214226849497539
?	205.23648246970896	241.9687512792677	64.94647062891238	48.55155751561045	881.9929021790118	-194.71700856728214	1993.6189732964667	12763.033791195518	5.550710307139162
?	224.90173467443952	74.83740333932822	76.13911437774885	110.76151503543385	472.41450894656384	-9555.087551969036	2130.3685890095803	767.9162015282082	11.45045860704366
?	208.97835263667542	-585.4425182571762	70.48454638068415	-269.4883801282211	404.23852458055325	-2367.8058051986914	2032.0147833728777	-618.5281423932432	11.055105070691429
?	195.6296087615803	-138.54969775658023	62.66469537133761	-51.880484359208026	354.0242186866276	-398.7833444885973	2099.4421818899177	2563.9728827331555	6.0508436141984046
?	202.05086774884631	-264.8978215391028	67.89052216272371	-43.889142575521106	384.2993573561231	5466.14477367491	2160.2134275095373	-2059.9817536798837	10.514284354754151
?	182.38471768462497	-4061.017354976869	60.47023824256152	-235.20237466751317	627.3314573703769	15570.329757695876	1996.443094205922	7334.805843868139	-1
?	-1	-15.263987013092684	56.130403429347886	101.11473325606481	1162.815845240928	3015.640842331498	2526.9537197029495	-798.7634836606981	-1
?	181.62151833397033	3452.826166879032	65.52597490536483	238.58057308257617	778.113499486954	-9279.840549180552	1956.5049200228866	-24170.037407443047	1.1660399953303544
?	171.64130834395405	-467.5840527799308	68.05943208347686	-169.1811925019161	698.8238177818938	-3542.5917702359875	1318.4518493307799	-14157.341251646556	10.64503727417719
?	158.24231569497346	-3452.826166879032	57.06691528026891	-423.89774074170697	600.9839109751521	617.0179673855367	1248.6378574405487	7948.25124786808	8.773510190998401
?	-1	-3184.846313899424	46.864545046391214	-200.5014068210967	729.6747161511711	-644.5366444300588	1715.8644117241895	8699.655823597132	-1
?	-1	0	47.04184493921393	108.21353417428003	568.7570787536487	-5964.004920874547	1683.6206486204114	2525.6841379242637	-1
?	-1	0	52.27522175510529	128.14959878673892	431.4744701074395	11320.609497509191	1842.1486186204045	13285.652532628003	-1
?	-1	2460.930366950052	53.44932487855097	177.59604823815752	1134.7875536291162	216.17341741215262	2347.903275251821	-4453.062390343343	-1
?	122.04651834750435	2570.462260831176	61.155024167013295	207.19587533115163	442.2831409780473	-12126.307752325514	1619.4954991032341	-20190.40760359276	-1
?	127.52311304156062	91.43532358461569	63.8091186451087	-80.00721227981032	528.472166012832	3135.7798789700914	1338.3828950721686	-3911.1093123399487	8.091460500854415
?	126.6182845267352	5565.447321707232	57.15466355302272	-46.894710890430716	599.0721349265541	-1644.036398635855	1423.940033486234	8957.284905555194	-1
?	405.7954791269262	5027.254428112325	61.46438310058713	168.3747651151373	446.27034608103804	-4279.764446866133	1786.2471403499346	6391.732551931118	14.900592436063755
?	377.981005932355	-682.6315595787747	65.5734018087797	-16.126145794390165	385.0839125832444	-380.7065829355125	1743.5266610827944	-6639.288548283704	7.64093134461137
?	371.66390114798696	-250.87719781206246	60.65807581086761	-17.59635711289807	427.23501693426215	1025.586439178949	1454.2827129357447	-4452.732977245787	-1
?	365.4371460417517	-5745.302574340322	64.69358395313479	269.6853789654119	436.3632345421926	6100.162076919719	1520.8900122205018	13457.196265150842	18.020803186120414
?	84.39877243096676	-3098.3160607090354	74.1423447591384	113.68580776596141	732.2431207802524	1243.7624370112126	2127.1425261932964	1079.6640008438392	14.272875291068905
?	210.52134300629774	6522.843703399727	70.37787434143294	-209.09583157828024	498.5513563927541	-4098.029476418343	1574.8732122626946	-17152.89152124927	8.06637614023888
?	410.5409576009577	-4230.426860125895	63.687553180224235	-275.71269545664853	527.3416469593324	3535.641057768696	1269.4979501308208	7104.281697064261	3.7479800277889805
?	-1	-8230.819152019038	56.59223956860032	-234.27718812559527	675.3334092811914	5465.209457308042	1930.0872971159126	17844.922527735318	-1
?	-1	3346.384604089095	51.973693773944305	30.943517445197543	800.6021198247383	-3988.832860463583	2161.7440765175993	-217.39058591773446	-1
?	166.3192302044571	2882.914951739566	58.13941544086022	350.0446890503859	475.8917662580094	-8524.915485256626	1919.2177678200258	-8446.474708708687	14.50881942023136
?	143.14574758698035	-328.0829360253323	69.47592822646385	275.7898761967619	374.356345561901	-2823.2635528839382	1739.420341082159	4421.659276656088	11.37432284169581
?	149.91508340319027	5050.915339732293	71.92890925069851	-48.05371760088025	334.7285886138105	999.156543257854	2140.3007316528333	5829.113045885346	13.570079255183762
?	395.6915145735986	7708.03142318789	67.0732423464198	-73.71126303049445	424.3141727247944	4153.737871796594	2030.8759933764304	-9075.034898828248	3.866115262451235
?	535.3166545625902	-4166.083774920949	68.24334609917374	64.56957610904446	542.4154822036431	38.480657544778886	1686.5489867114145	-8945.894696118681	4.007782786354498
?	187.38732582754824	-7845.631398888162	70.30172115187207	57.48581847765738	426.23820560203336	-1222.1549730415618	1583.58125857049	-8562.987808017266	5.806999546614719
?	143.03508461817654	-1230.2917330137343	71.11763702305665	-94.51455875432409	481.3077335515642	3450.614307150288	1258.3995963105451	-14179.65026076931	8.991584494243167
?	125.87273917686065	-378.9890503935456	65.5759932141558	-195.0911676446524	598.7689209595502	1136.210450394028	874.5987455320145	-1346.763643614553	9.58590935426825
?	124.08563209849899	8490.680268341692	61.363078640823886	-103.19950721228533	538.1182560712664	350.5687839885554	1191.0614141298165	20448.4583767454	-1
?	550.4067525939513	8733.660944182762	60.41601785354146	-178.7731972206824	616.2973601589782	1914.8201525507216	1897.021664369299	12972.515573712952	-1
?	560.7686793076433	-8313.96036977214	52.42441877978964	-90.81946577650284	633.8592636988038	-1010.9386106460663	1839.6871928154733	-7984.162215559177	-1
?	134.70873410533844	-8521.066645715046	55.875044564716255	108.58855572202431	565.7504296266742	-3358.188068481727	1497.8135535913345	-5712.728479539615	-1
?	134.71534702188495	-1075.1346399392003	57.85384656589093	67.50147747247229	465.9498602747151	-4129.509756707024	1554.0507688384885	8743.036993539576	-1
?	80.95200210837766	-1040.2448194923159	59.25011843833992	206.07727235871627	359.27494179132003	-3584.9629833698123	1934.9654032683195	5868.994122212314	-1
?	82.70310604726842	131.97325466396063	68.1577101838269	190.89692877530013	286.7017111062219	-1278.5498816023278	1847.5004749491084	1654.4158366086087	11.880528662635665
?	87.55066484157578	1185.086963079108	68.79496487710506	1.2016832567951752	295.34744771120273	1147.7898158436888	2017.686195098751	-3171.62991436573	11.83622647046859
?	141.95745420122256	543.5452578833548	68.21779434666665	-24.00757258512465	344.09120189840513	10704.35509377982	1688.9189792308252	10329.623066664848	11.228215885988286
?	114.7279277357439	-320.74776844579475	67.59458624784881	51.92169207612193	830.5652024002014	13485.4736806038	2534.167348432001	14688.95023905724	10.932190953207398
?	125.9200657789326	372.3207306535518	70.81387895047278	131.9757787417377	1018.3648859286046	-9522.837428477737	2423.3664911836977	-12044.313718016598	7.715008022703304
?	133.34396426842176	36.22900758397668	74.19337518493579	-176.43498503541926	354.42333097630785	-10507.300432456874	1931.9516625311624	-7810.9162926139225	16.921396305677906
?	127.73151615813146	294.91370992715963	61.992129698701696	-204.83089635818524	492.99986430575353	-225.81053408078807	2032.820676552996	4325.886808526163	8.300775907006482
?	148.08964976477995	123.14168451106578	63.95183036702638	118.59782335551743	343.1328042722683	-4135.558103781225	2148.2460029574736	-21.767654484837895	9.176756924279731
?	133.88860038368483	-439.93590183752957	67.92202086647765	-13.588655605460735	286.22195911668933	14146.39103406428	2031.732293828754	4665.419976426626	13.0710187802045
?	126.09285467290316	94.34051672818876	63.272397586753335	28.920863234471184	1050.4523559754923	14260.741907249083	2381.517001778808	875.6888635896406	7.10345855655981
?	138.60562622009434	513.0539303057899	69.36806402820123	165.93834550461685	999.2590544791535	-11700.550933807337	2075.5167370082368	-21637.411310216794	7.7950193125894245
?	151.74555118819302	80.92327120242145	71.5693148619843	-35.60452340602672	465.4248092851171	-7927.552223560584	1299.646436267953	4631.893195935507	14.91779559606095
?	142.65178978021547	-3054.911023763817	67.58783785789987	-288.29010036119314	602.8814433011187	1821.5409232537334	2307.1113968050154	5174.4794798894955	8.987174869526172
?	-1	-2873.0357956042685	57.15480984392443	-314.94878826530714	556.501855447805	747.5522557722169	1558.3704102624315	-15338.091248954015	-4.868438218465423
?	-1	0	51.84039844463429	-145.67878334054504	640.25905608973	1482.0738836305866	1540.2068343573037	2047.6314178372859	-1
?	-1	0	49.87087067689708	-40.36530891743765	630.6055496293354	96.1900098465012	1660.7519811542973	3936.1103296800943	-1
?	-1	0	49.82213299876238	-32.22290204352558	645.0685565820552	2114.089112842766	1737.0123508413112	1155.794049378862	-1
?	-1	2737.1430610694424	48.259725574720775	220.56686504203554	736.3100052714752	-4123.609947494218	1718.5416836232412	1202.3391060356028	-1
?	135.85715305347406	2517.5492632131572	60.85047625086431	455.1467942869568	438.8880592073413	-4475.922866374847	1797.1293061430922	-6541.806963717575	8.816759475350585
?	124.87746316065966	-222.4540999791321	71.01706528906894	108.7569298277859	512.5138619527297	493.50008603005205	1391.4513354373578	-7073.705409145577	10.207980696366972
?	124.7344480545173	70.25221158271236	66.28832274225368	-22.631802416821035	463.56306350884427	-2706.338124754999	1443.4440356858083	4158.389978220284	10.915969661944118
?	128.39007373979533	-2514.6889610903104	69.88547516822787	40.27138393820848	377.19695571497783	7453.302709127614	1599.370834348375	23021.06392594505	1.4079294097148227
?	-1	-2587.8014747958696	68.30189193916414	23.239583778296787	836.2281989652303	13896.72991937099	2594.497231983077	10447.55474268986	9.36280937794302
?	-1	2304.8611966591543	71.04745435714273	4.429412161378189	1072.0334516835371	-8311.121876928226	2121.7485714828754	-21500.04507476572	6.353495353233368
?	114.24305983295935	2285.0826583780868	68.52336254723305	-48.25802854997038	420.672105118813	-14285.21952805958	1519.494978244776	-7103.317393672914	2.2979582406716945
?	113.25413291890595	-34.792516387341905	68.63455292964417	92.5549934160902	357.77247528054795	-389.1433943157519	1766.5827017992247	9006.119077680487	2.399400881449508
?	112.50343401359223	-63.34492330652717	73.15111221803763	-98.52241008390452	401.21493540302515	454.1161745508592	1969.8009321288066	3423.479521625283	14.423475968902375
?	110.08688675357955	-2270.0686802718124	63.708432425448876	-410.84683867625927	380.47828400809124	1773.5626942694498	1937.7566778804912	406.06972748616374	12.180107829581754
?	-1	210.3122451271686	52.60877028422437	52.892881537819775	489.8930701164989	5056.981497747573	1990.104418503115	-10735.356761195024	-1
?	120.60249900993813	2205.370293576459	66.3530765023399	208.1288875842539	633.3273588954735	418.8047400003788	1400.9888398207324	-11310.928315989508	5.061120610956058
?	109.26851467882452	-203.38751564614392	63.01521466343721	2.7612595233130897	510.83330711651814	-4968.555994768917	1424.5580027036317	8682.828460220775	9.977850323404606
?	110.43312322763079	150.13367110047412	66.49113947850556	159.34476772902698	384.8995591570241	-2650.953380418532	1835.1302628317774	10124.284522897948	9.974411102749695
?	116.77519823384833	9.862558564058903	70.98245304988868	-21.729320919679058	378.28563809558966	-973.8837541688188	1930.7722288485363	883.8337550288054	17.385379537053833
?	110.92625115583374	-327.94565363016505	65.40467343252159	-272.03101714911435	336.20537144858247	-670.1639002538236	1879.3219505832183	1982.385155554406	16.26418607922638
?	100.37791555233984	-97.57833083031076	57.380902192432764	76.94577982352659	344.777443082898	1091.2555870493354	2029.891486626258	-5031.681636016448	-1
?	106.04733461431813	-41.228451668457055	69.25196242369798	129.49469676446228	390.76815080105	709.6254260262914	1627.7378687823923	-8515.163646742245	11.238681453129121
?	98.31649296891696	-132.22938179208012	63.85563703065597	-273.60478747770156	380.2587143842131	-542.8152603509161	1604.1333042891397	641.8976884672384	12.067795730690058
?	99.43586552471403	297.9582556568389	55.571723049812704	-7.564405624987848	363.6273877835038	226.91626948013683	1659.8327532057547	9533.951942903052	-1
?	113.21440575175912	335.77273749609793	63.47741674940657	340.7362452536188	391.6045278582201	546.9222661192398	2080.830901434299	-3793.341544832943	7.946038419498023
?	116.22450239951917	158.15893637389425	72.60853531249389	181.84583354277063	390.9735010894662	-224.01721956272831	1470.1656759641048	-13571.449832066808	18.64749143451832
?	121.12235257045394	140.60318515020072	72.56970842654523	14.305903885089403	380.4036668800835	-431.8998057318852	1402.258409830949	-77.77699396995448	20.670189513356274
?	123.2546616570293	38.979728958202614	73.32383050674837	-201.6521954957403	369.37851080287163	-156.6866147410554	1466.276826265607	2578.9697121908644	19.618410414589686
?	123.0713390183641	35.08978504573953	62.487098651758075	-421.81688749663294	372.5693361430306	1549.684841435862	1531.206895440494	4419.528117896863	8.675027631986035
?	125.0091509093163	-2481.426780367247	52.23298613191642	-268.119849064786	446.86275287466583	1810.9007957598787	1687.2532321604533	7771.613958173615	-1
?	-1	-2520.18301818629	49.08110619851858	-144.82797520305476	463.11437593102585	7170.256508292685	1919.7875933491803	9764.656043493453	-1
?	-1	0	44.99158737176358	-107.05186037193361	805.3755782893052	8385.261792256402	2175.486034335133	4344.092885670522	-1
?	-1	0	43.728513179921826	25.456117129256832	882.3774655438519	9823.79495898987	2136.9922376327095	6119.810246875808	-1
?	-1	2547.4737334216557	46.26439322822644	352.32070041806304	1296.5653262388057	-10959.261788334139	2481.4765466789277	-12797.811357750861	-1
?	126.3736866710846	2355.543469608169	61.34454820082523	452.55713500704485	334.4143761271372	-18787.35120843402	1497.1016697451573	-24823.147753297788	15.87612201419189
?	116.77717348041011	-296.56357885145417	68.892249978579	192.50475063136986	357.19776581709147	1361.9847268645776	1240.3191590140207	-3601.6766682332113	10.243289971765659
?	111.54550772851168	-29.33479646709956	70.96978573239386	-71.32281674170669	402.51361247036704	-1586.2249044650425	1317.0178363334942	2431.6243412821377	10.526795459915459
?	115.31043365705511	145.51687962128872	65.32610914149362	-12.056548721559295	277.8865205938382	-2147.113165825863	1361.9003760781293	15589.551966486508	12.83290353537519
?	118.82135170957622	14.393047234792187	70.36695829631589	66.03667183190615	295.15795417907236	174.98207711495846	2096.4954346578306	15802.882064245654	12.532550023811833
?	116.03008601879473	-26.589468720918227	68.62794273308897	-10.990353190055217	286.63562444958626	-336.4089700862846	2152.044479290423	1480.3054310241503	13.026786369154
?	117.49187827353029	6.24791729216204	69.81744063681312	62.22151769548415	278.3375056747579	270.86517041128513	2170.510706209039	-387.7000949866978	14.237457494633762
?	116.34248188340284	-115.2058511336299	71.73901861786322	-184.6300765150914	300.1788829701507	203.3774649060643	2132.659474541088	-1771.9279668540023	15.805207262297126
?	111.73158571684871	82.46315231750825	60.58593681105842	-98.45556603116026	288.50637892006125	1128.519090450553	2081.914307866338	-2181.030544499077	11.887758330138155
?	120.46563949927831	5.441215020113568	66.81624031630514	213.07423242370115	356.60483749267917	1307.9156999889956	2023.6079473161326	-2151.7114638682337	0.11541583055435052
?	112.0036464678544	-253.49536313946922	71.23964843224363	-82.57667948789428	353.90216391951196	-648.5782891438531	1974.3287346729246	309.48568306945634	13.159965729091663
?	107.79087134230467	-67.49682772359297	62.68740634191037	-53.31741222164718	324.17592303548605	-993.0357834421336	2039.0822314696056	4585.575401890858	13.40046864662957
?	108.6288050816747	7.507403884770731	68.57377782116123	-6.558778126552389	304.2503747474046	18677.122147234088	2203.607504767471	8818.353994831734	13.43861859363086
?	108.16624153654321	-2192.5761016334627	62.359467435582744	-152.46931408293503	1258.0320303972037	31343.1025161435	2479.9999312111986	8602.982287444871	7.147483629055083
?	-1	148.74700378880436	60.95031211701437	114.13598315827366	1871.4055005546018	-15989.849601605683	2633.7566191397204	-15518.62715825577	-1
?	115.60359172598353	1929.176396705083	68.06626659349651	42.30040493605937	458.5395503169082	-27389.424851546577	1704.068573298399	-27121.527146457156	5.925931714390332
?	95.45881983525553	-434.1790537806981	63.06533236381737	-25.99030638517766	501.9342579772535	-394.4739514376352	1277.6802618168433	-14858.938965660353	5.369318143160356
?	93.89463903694832	-142.15215830081203	66.7667512742376	-8.618115503763042	438.8158527450262	321.921511734389	961.1216250153709	5730.031293752113	11.79945968644866
?	88.35121192021482	15.697744057648666	62.63442658862921	-293.7755085424554	518.0303335639732	7156.514329633079	1564.181826504453	22994.484949561098	7.727603232227588
?	94.67952623983076	-1787.024238404271	52.07797584711463	-93.21514514223547	796.6415692266852	1056.8798305086248	2110.845872493442	730.524745281217	-1
?	-1	-1913.5905247965882	57.97366933151737	24.87831931976494	570.8743250894052	-2102.3645956961714	1600.7080637685144	-6946.93430375176	5.7678517906695825
?	-1	2491.9192039224677	53.321891813102894	227.59231139761386	691.5233394418751	-3657.6712960819264	1763.4991573058492	2121.5336437163724	-1
?	123.59596019612515	2586.5796381166087	69.35328490139823	382.03159650101946	387.99076028530624	-6590.528388031832	1706.7847459543345	2336.859414836525	6.76567438091139
?	128.32898190583228	204.1916611238994	72.42347163815414	-55.438721782371154	361.99692004027884	113.74615829209412	1880.342128047677	7355.112619680181	10.756799045830308
?	133.80554325232026	969.2021996623861	66.58134881227963	-224.96578009823503	393.678068199911	2872.1728642219273	2074.540376938349	-2402.927140469685	6.905206671049184
?	176.78909188895227	730.5583726856803	61.17518263324223	204.73003635890387	505.60556325137725	1168.1424155989878	1760.1957710241911	-14699.004962653207	3.9288396706028355
?	170.3334618866048	-295.910368461928	76.81785063022497	185.00551797348797	452.08518897986124	-2622.6430277776335	1339.590128805678	-5884.434574031796	12.318156370445084
?	161.99357346585566	-482.5836118627847	70.42545853191676	-47.41643362601412	374.4734118624937	-517.3259054953934	1465.9740423225971	3063.19694072745	8.786342663748464
?	146.20428129346521	-775.1603347001345	74.44702894892423	-15.233926087655117	426.2188937050912	147.52150155468956	1492.7499758420527	-824.0052603132127	4.934586822818906
?	123.23555673084839	-470.8406329253968	69.663762227534	-169.19101445771034	381.8494869402283	-2527.0985446926834	1424.773779306936	2924.55772380973	6.17453317863914
?	122.66224964719504	97.19313913875628	65.98747822603859	42.71653943348806	299.86396647045524	-1864.7850716134014	1638.9778620325412	12215.18248274674	8.742090415294337
?	128.09521368778627	53.916490921076644	71.79958919920843	54.09674895245368	288.6102333595569	-425.80679089180956	2035.5329034442816	11113.459961530445	13.849649007804228
?	125.35807419324891	-59.325062751716196	68.69231567366131	20.395470458341542	278.57362692586446	1284.694732604504	2194.6508601090713	2336.560634176752	14.92057687376046
?	125.12896055020042	-193.70830225053462	72.81936272212552	74.02071153582747	352.844969989783	3836.3760336079054	2152.360935153121	-8992.044185641462	9.190697918739515
?	115.67265908072204	-110.58572180281443	72.39335125045274	-295.04060093890524	470.39242860626246	1721.4624110783068	1745.048650826992	-5446.506452118019	7.183889468250397
?	119.59967446005962	-2333.4531816144076	58.06733267518005	-331.41141749734004	438.9180905436996	3372.7631663266857	1880.035612547216	5123.585027030767	-0.6323327520106493
?	-1	-175.766509614023	55.8227803755855	224.87764348003319	639.0305869225991	474.7599197757359	2001.227902178534	-14890.974168286331	-1
?	110.81134897935834	2140.827947578965	69.31121484918187	291.7996004975896	462.6560865324867	-1175.4719581550255	1135.4869041328889	-17657.005156240608	4.73153448084115
?	106.04139737894978	152.74664852769843	70.41276040046519	46.1562430987299	580.256989014847	2217.8609139483756	1118.377644366491	2056.086602829185	11.797259927112819
?	118.44868140574337	522.8598487880523	71.6190270041184	-5.501059071152589	573.5491322299071	-271.75982404644697	1238.2912342743496	3367.0293379021155	9.703307663994863
?	132.18438981835277	86.200079582455	70.13770744690756	-187.93159701928718	566.6689978125245	-98.81300556347783	1286.7291112615992	33.01277756351236	13.483198938003033
?	122.75868538486618	-437.8603509185314	62.2224471531539	-208.8510560650103	568.6084819517331	8279.616828081951	1239.9418731525252	22493.335081609188	9.305148467711925
?	110.29137227242589	-2475.1737076972886	59.69515464365689	-163.49653983916008	980.6498392166279	833.9339302005915	2411.3958653420746	6252.336056553178	-1
?	-1	-2225.8274454484863	54.04762016119578	-107.82188557248136	610.3051784617633	-7478.020225472904	1552.5586759801886	-12936.439429951795	-1
?	-1	0	54.30406036503275	-3.5207066949635144	606.7488279429774	-71.0378982452461	1764.5738938444756	2672.1106831898014	-1
?	-1	0	53.8715848264476	-75.21652081342019	606.7532835495009	2219.905785940496	1686.1642101396806	32.97124033808312	-1
?	-1	0	50.543234324361684	-143.72684991523678	717.7441172400038	2788.317337670093	1766.2224558613798	2209.6461267687578	-1
?	-1	0	46.68524233068566	-137.45776868513008	746.1691504330075	190.68936358080649	1796.64651647812	650.3666672475946	-1
?	-1	2540.57048220381	43.67034589010508	290.0630534238193	727.2785854190443	-7146.350970139198	1798.74078922376	1180.069933046922	-1
?	126.02852411019231	2452.380056511178	61.188395001876835	612.2310243069123	388.8516019260426	-5835.608544886175	1855.650013130467	-7153.338854087513	15.111555358479452
?	121.61900282556064	-58.72113215902035	74.28189710545114	132.8020853841559	435.4981581747314	935.3638333303994	1441.0738465193792	-6230.513874414831	14.903526221168653
?	123.09246750224125	13.978536753593374	67.82849927108472	-259.96199669676685	435.6197935925632	521.4560532290994	1544.124319409721	5830.015779064542	9.20921301035534
?	122.31792966324032	201.82688557599587	61.28379727061261	51.11748701036062	461.5709608361867	1140.0950293261938	1732.5746354726105	-2149.0924974321447	4.999850653343855
?	133.1838117810412	180.1471214694783	70.38437362160279	182.93057182694238	492.6245450588737	-3194.8676753827467	1436.6696945381123	-6614.735273181966	7.277410457777812
?	131.32528573671436	-277.04352702198156	70.43032586195986	46.25612213601888	301.8275770670471	-1163.3929176919178	1401.8378718135075	-12420.291545305941	15.975355087217286
?	119.33163542994191	-570.1905479509775	72.69717972840377	-39.162870111272824	434.454899174277	2952.9130633776563	815.6551172728064	-11727.82929408144	10.64766316143115
?	102.81575833916509	-570.9325094037628	68.47218235639619	-174.82352147386004	449.473230235932	-495.1741013789158	815.4464071094271	15946.882937048655	7.244960607349117
?	90.78500995975337	-375.3834018888154	63.95600365471064	-59.01928947915964	409.69619410533085	10421.715263465565	1612.9992641252504	33442.1842485529	8.423185254325572
?	84.04658824472405	-1835.7001991950413	65.52121788243817	153.8485047352476	970.5589934092177	33453.9749507899	2487.555619537096	29655.84934993254	-2.7179082754579924
?	-1	1498.218135361268	71.64842889147313	59.862231871683775	2082.39494164485	-942.9551603168036	3095.7917316218986	64.97437126828935	1.5040156429118625
?	158.9574950127885	2929.320108198093	68.5143294760224	-164.82813954412018	923.4112353933768	-35417.36625645983	2490.8043381005104	-16274.595045149495	7.835910383384477
?	145.46600540990673	-3199.149900255725	63.407021914267006	-233.00023374154543	311.5266288218336	-6194.315344578027	2282.0619793644123	-4012.346070430956	7.683372301932037
?	-1	-588.8631433666199	56.86431778894496	-16.7236692133361	613.6954681644711	-51.05875111963242	2290.18703457896	-746.7045653791669	-3.0556208862757845
?	116.02284824157532	2224.1645017615474	62.57083845360019	103.64599887925132	308.9736912658519	-6853.058319806219	2244.7267510954534	-2666.1737245464597	9.170268960609398
?	110.20822508807896	-45.338880048004945	62.0466177329076	48.790976736663524	271.0425521741553	1366.7381353395058	2156.878348351635	-4435.560272784329	-1
?	113.75590423917504	29.183130612171208	65.0103872904334	194.30280935843592	377.3105980328282	4331.195107552796	2022.9487374562339	-18168.012377745163	10.756897079146812
?	111.66738161868754	-88.00286856252131	71.76175820082953	-2.172595882711872	487.60230755179816	2350.4623192672907	1248.4777294643638	-11992.133749029064	7.05060821039116
?	109.35576081104891	-19.8507892630488	64.9017574962978	-30.392281329135777	494.8337139961944	-2179.5300613845834	1423.342050004772	10200.58587168417	13.615005006986644
?	110.67484215553509	-31.177682610378792	70.24214413437272	71.99422733943334	378.62580448256745	-999.042752071212	1758.5070230485796	3255.054831710544	15.98092062269935
?	107.79687668052995	-140.8343412073208	68.50146886326952	-88.309940804419	444.88157639263306	1409.232212952334	1586.0947915903016	-14124.8719082265	10.769671523744774
?	103.63312509516895	-250.55319080887685	65.82664709415171	-233.50886397873674	449.08741513018515	2413.811915017011	1052.2634276372446	4514.183132636862	7.231154699957632
?	95.26921714008593	204.28124968178616	56.82602566433252	15.36980105658166	565.5721721434853	2587.807370628295	1811.803948222148	13366.333855788676	9.097195990479172
?	113.8471875792584	128.59140652311896	66.5951371469808	185.9259692628364	578.4777836616017	-2887.2103472616354	1720.580120426688	1472.9918744002744	4.413666334615837
?	101.69878746624197	-2296.9437515851355	66.12232412747447	-119.91024232174652	421.2116547804015	-963.9475372418247	1885.4535419421627	16131.159058154964	11.77557738052842
?	-1	-2053.9757493248103	60.59962503089339	-45.5036440496125	530.2804067995098	23940.97464018221	2527.1380733344477	18519.746139764484	-1
?	-1	2331.924547315535	63.847141924993814	119.45498987177446	1618.2603867895289	4059.5418282731307	2811.4408489304	-8285.454296654389	-2.6181193412339896
?	115.5962273657784	1988.3872661809087	66.5723745244822	18.74531139033211	733.2574982131692	-19572.1484036187	2112.8653585017223	-17986.338108067896	6.9874703898501735
?	98.41936330904684	-495.0892811418638	64.78440749451043	-125.04750056268826	639.65296660858	478.6448265705576	1912.1239435269924	5604.501270494977	10.626323971066396
?	90.84176330868486	-1988.3872661809087	60.3199994963477	-82.99051989231099	757.1897395416975	6346.72116549222	2393.090422026475	9587.722036570682	-1
?	-1	480.08831096013324	60.634881499894824	108.96233395691299	956.9890248831955	-5964.039429731895	2391.5100453555333	-10472.389187227302	-1
?	114.84617885669186	2066.491498920052	65.76811619419343	173.97555548503783	458.98776805509846	-11195.546806223798	1869.4709626651027	-11773.72112809225	8.794102836741988
?	102.32457494600408	-125.46057307116648	69.33365927414684	71.7862976297958	397.21168457199775	-118.1908638708484	1802.8239889509125	-2551.577525195339	9.601213151289926
?	108.57315020313345	301.1253980867707	69.35743107568327	93.92114543750901	453.07822486155595	4027.80587430066	1741.8920864053339	-9335.5320794226	8.04484944341677
?	117.38084485034283	34.282802099412855	74.02971654602236	33.6235024920172	598.6019782870336	866.7545172993712	1336.0473849797759	-1783.595508667497	14.157321913039032
?	110.28729030810412	-361.0674465679142	71.03860620028415	-256.5574487742234	496.4159507265251	3119.440188004113	1652.7123109719578	13616.008113941982	10.24334415901522
?	99.32747252194686	33.80784510524316	61.201844107311004	-115.61290940326933	754.5739876872415	11753.216774727394	2016.8477906768846	7098.737872947608	3.4957770525965866
?	111.9776825633663	52.75045599511695	65.2579607301206	99.67469197911754	1084.0767894629032	-6823.473205992762	2007.6492046193432	-7225.55060548864	9.519002858581764
?	101.96499532170274	-494.02220598674097	66.18557870626695	-243.84541753038982	413.4003273875985	-11110.317078200365	1655.5702604024475	-1844.8654992773766	11.072702299131544
?	87.2765722640289	-2059.2999064340256	53.06568985360094	-150.1858872589024	528.560935552877	2398.8578763645887	1915.405929655473	6592.582140320071	-1
?	-1	435.8434218447082	58.676284343321726	358.92115280878687	533.3432212058297	95.32332470755229	1985.1993674184557	-16884.446839690605	-1
?	109.06874335626462	2161.024489897486	71.01174749404053	193.1245339277542	533.3271017882547	-98.81289672492217	1071.1835876709308	-15307.916828116391	5.132851095908072
?	107.05122449487584	-70.67239153729175	68.33251103970957	-330.619725794333	528.4025763695835	1169.646721209221	1219.8035260126253	3424.136301062787	10.73435142957708
?	105.53512377939998	-2161.024489897486	54.48076120432365	-195.63344058749442	591.8094378487166	6097.928259459463	1242.3904027240726	10140.237967339204	-1
?	-1	6.864758111108431	58.55083901033471	239.44496185284478	833.298989342561	553.2627223430212	1726.8154243795927	16413.985491660314	-1
?	105.87836168495541	1975.611862246709	66.45300929696606	129.27405261952245	619.472573965868	-5978.789264096685	2063.0896773071	-3444.0182685146747	7.2755567281972064
?	97.78059311233686	-116.12320409428924	65.01454164131093	-24.09574219663847	534.3595261377225	-5002.1782831735645	1554.6145109538566	-7388.313026978303	9.134884025456834
?	100.07220148024086	104.39411366757776	65.24822218713412	155.73098534201995	369.36365980718625	-1281.3552117672532	1693.6740259581795	-2624.656049094955	5.272709184838848
?	103.00029879571582	23.76286499719834	72.80109090841204	110.80265020613025	470.2917655493589	4039.1464040163605	1423.381708499107	-6802.664996633975	6.806968458434073
?	101.2603447301008	-150.22478410359398	70.78835469744071	-112.87421691481607	571.3209800080072	5391.580317404138	1353.540776126476	8479.227224390399	7.813218637193588
?	95.48905959053602	1018.9796034515977	67.15738006267115	-155.58842282670858	739.8707814195697	57.08448758552923	1847.343069718633	11317.856446470609	7.324104489639074
?	152.2093249026814	3291.6994837305997	63.00893355610517	-58.63960311573182	574.1752043872837	-6436.675751859037	1919.4335984500144	-3135.0317609736667	-1
?	260.07403377706834	2761.005171175819	64.22539990688452	-121.13231524892156	418.03699382661324	-834.3039134448527	1690.5914816699474	-1634.7405764367336	10.743832859997585
?	290.25958346147434	-5221.480675541293	56.952317793659006	-278.1262405247554	532.4600087150404	8096.073098831157	1837.6965696281766	2489.2313514681073	-1
?	-1	-5825.1916692294035	50.31908788064655	-195.04074287075005	822.8406487681768	4513.448101772136	1815.0530492433545	-3040.975223856192	-1
?	-1	0	47.200280650121364	-127.63164763179009	758.1324138036505	4634.029026585584	1685.6478084353648	4386.20777207279	-1
?	-1	2372.3278079144256	43.937505499056954	269.51131853461334	1054.5421000974593	643.9978600123868	2034.3634378469972	3299.0547376047684	-1
?	117.61639039572296	2192.0964836653798	60.67584657685222	530.7788357773295	790.3323068042703	-11593.211104272117	1850.6005453156056	-11781.205120227523	8.892930265761736
?	108.60482418327055	-360.3983426272626	70.4764472879238	155.35680087515692	474.8815448838452	-6207.086602991914	1445.3031818356126	-8197.413358167843	10.166310264282398
?	99.59647326435957	-189.0058456089112	68.44368662061018	-47.538211865638296	479.97797665467016	-99.98656611547375	1440.7298774072076	-93.99549428118783	16.21058195389995
?	99.15453190282486	-140.94617754933267	68.09953669464186	-73.15628366999287	469.88221657807145	-719.7009839918212	1440.6034071215531	1307.5670704704994	16.693547661795996
?	92.54916438689284	-2003.0906380564686	64.78587243711048	-215.29278503188613	443.9929274550786	943.0723692386291	1506.1082309307335	11939.2114887171	10.458297004758851
?	-1	-1870.9832877378303	57.334897443047396	-128.46067381605127	517.0358350400036	21733.906315992568	2037.5639815574166	21519.202020409215	-1
?	-1	2714.3361191498198	58.36283874630783	272.9863148530039	1530.6882432547225	-1261.2696617714632	2582.0683319512095	-2906.650954237279	-1
?	134.7168059574929	2316.8103444514704	70.98421318569778	245.09922385514037	453.9723519514295	-21376.479170760485	1892.2314338455506	-17541.967540893456	6.6352421009482505
?	114.84051722257516	-415.26481818760124	70.61779993906502	-188.4815433656961	461.86428471668296	1088.7071248053796	1704.9699549065242	-6257.244641871591	7.483978728190481
?	113.95356504811255	-119.36884677242121	61.560136017412844	-58.83263943293743	508.40770819169927	1020.9183761977934	1579.3692017519666	-6205.270339814277	8.490150515835255
?	108.87207488395401	201.86666305113133	67.67616796741811	236.8451122696141	512.9102035265734	-364.5953005801919	1394.706437915806	-8838.91718843379	9.387478382825261
?	124.04689820066926	344.1215144208169	73.40239163089372	-192.83112439586543	490.1779431626894	1072.2865423793003	1137.4233423302708	2359.624848338547	8.626056565515656
?	126.0781506049951	220.50822629222324	58.0346117476247	-198.47423892958278	566.5245306455391	3340.5993885794696	1512.687680332735	13864.451679160624	-1
?	135.07230951528058	-154.19481315177117	63.47867968441444	196.2773326681698	657.2079125916653	-3426.016266084031	1830.6459262883118	1656.6573281636456	7.297513715358795
?	118.36840994740643	-429.0769600288401	67.84847838103333	172.18983417665268	395.22371734133515	-4917.067262699604	1595.5205467409185	-3052.439236926241	11.984576803101083
?	113.61846151383827	-188.5691491644862	72.0881713932472	42.904169537875376	411.3545494566816	4646.622390918203	1678.0239644419976	-6427.3294559314945	9.073258720521787
?	108.93995248918199	-76.17988675630761	69.99368685792713	-319.59935554252894	627.5548368872486	5415.291251717953	1274.1540739443392	-6134.373050871453	8.33517093026623
?	109.80946717602284	341.1892206814906	56.10820361612052	-225.84969848677352	682.1191120425831	1033.9582450662704	1371.3053118984205	16496.69325966073	-1
?	125.99941352325676	175.51246104175482	58.701201933588294	215.60524239880044	679.2527491405629	-4826.203897775002	2098.9887369273874	-6116.67699165543	-1
?	118.5850902281107	-295.5355553049967	66.8884657360607	155.08136142209202	440.80891715382955	-3507.8794290967153	1065.4714623156447	-12027.058639407152	14.521222585313069
?	111.22263575800672	-2391.70180456218	66.455270004693	-145.7571033196921	503.8587776857246	13614.430140835264	1497.6358049570213	28209.088146095055	12.580221732562833
?	-1	269.7796492697539	59.600610570075986	-17.34129394043212	1121.5304241956023	8647.712637010185	2475.9258696204174	18091.487821869312	-1.4454229779234873
?	124.7116182214946	2271.4489877806627	65.58820530767139	127.89447914468826	936.24440953624	-9296.232883940154	2402.2101960504997	-2298.525736896985	8.970945765046748
?	112.57244938903476	-2514.2323644298563	65.99533452731049	25.001311764213696	656.718779998588	9549.27910753981	2360.9995827755665	3741.334949661397	10.111764450534412
?	-1	-19.435472372475438	66.83827089588209	-4.992918855770583	1413.7083649132373	-1521.3443460037422	2589.276943533572	-13054.334711364147	-0.8428447314540606
?	111.60067577041097	2114.0591926791203	65.74568858452196	61.42947988950622	580.6515626983999	-17684.73059940691	1708.28284720735	-22211.775819537623	2.175586551767822
?	104.70295963395752	-311.62255054766104	69.90974489035745	-43.019148840250196	529.4718349428792	7201.323445353875	1478.6881525566753	8830.91660971221	9.730529383617997
?	96.0195482430277	204.2249774459841	63.59473114250942	-104.87591524387788	940.7177349660988	4751.457056144396	2149.8286776929667	16759.726169409852	3.0184494570352087
?	114.91420850625687	231.64332003866303	64.66594912816348	100.99096729677227	767.0446877501024	-9929.376816659613	2316.67446102718	-6829.626320427167	4.97322185329364
?	107.60171424496102	-364.46348567180814	68.6442795073481	-26.638885106557428	444.24889413311104	-7770.40099476864	1808.3473616716035	-9976.37426517805	12.481640272291168
?	96.6910342226662	-356.0865902964827	63.334004872835585	-257.6790862063729	378.5246380116649	1476.868046934381	1817.8557477682702	5464.873682922107	8.433435539594104
?	89.79738473013663	337.39653312722487	55.760325197029275	17.973290127965697	518.0922964798311	4360.8098596859945	2081.5910458177127	-1036.2312215280951	-1
?	113.56086087902769	408.17991119092017	64.23266937923388	206.00404891837903	596.5651309959677	3369.5092241333077	1766.0441866918648	6163.562342832451	10.66233621781542
?	110.20638028968293	-268.4594690839744	66.06052764294837	70.46434021999758	686.5677576864989	631.1578692829063	2389.7691629593396	9645.328677229085	12.397845896559351
?	100.13788742482878	-2224.127605793627	67.75588639023381	3.8432446619904135	628.1230244601135	20026.805973653023	2248.310620553326	6502.028469223385	4.37719116347048
?	-1	537.8807890782866	66.2526898760479	-101.13985144108823	1687.9080563691643	13091.561302907892	2714.8705864205135	5519.277030853013	1.5441202666425664
?	127.03192687874349	2064.5031874405436	62.69889381817933	-134.1571329534552	1282.7010896055174	-21784.242294941403	2524.2744720959804	-9873.771634457195	4.262590793093006
?	102.22515937202866	-629.3429228076088	59.54483322837504	-148.5201028166752	598.6959416220788	-82.8954697379947	2221.182004697647	-766.7289902372868	10.358338019176594
?	95.5647807383626	65.67896688383902	55.27288867734546	-41.69256139870226	1278.5563161186176	-6450.1186117494435	2485.9380225841155	-4036.6783563391364	-1
?	105.50910771622065	282.61321577114524	57.4602051584399	283.06304986230595	276.190011034602	-18652.48736231404	2019.348086880687	-10941.383174008288	-1
?	109.69544152692006	-101.40822969910316	69.42604117046096	204.70786983174983	345.9319480029024	2217.019588146242	1938.8688638836934	-1696.889872937671	10.08468021390243
?	100.43869623126542	-131.41055038035927	67.69559865002753	-94.6053591988278	387.04099044191565	842.8715113083905	1934.5035932338023	-3713.305571712269	13.664077936355255
?	103.124914007902	38.29926794584511	64.6957732105195	-33.87088847563214	388.0755235683225	1847.8144924799199	1753.2035852980773	-17040.04587362493	7.775448840108906
?	102.35365962855771	-9.02147599121507	66.0020542262459	1.8959958357023952	479.43171506591295	-418.26736967877395	1082.5012995525437	-16723.66615446874	7.3901639864774555
?	102.67384020834125	-188.8768792961689	64.79057300230463	-77.23434298479764	367.1621550843835	-2379.3369387455837	917.0202775746284	4986.018990263726	15.158900582957381
?	92.90981566374913	-228.21869763930368	62.14033707700597	-105.82492233303788	360.4648681286321	650.4674710014966	1331.8022490657336	23786.637367965177	16.08021319690032
?	91.2629053263759	-45.80714437138701	59.49932688565266	-215.29030812181082	399.6855286344588	5281.638811288784	2106.352145972904	13693.5077300456	7.704376525591577
?	90.61945844517975	-1845.2581065274917	51.37582167091527	-124.8997124585663	624.546808693075	5097.259043755989	2016.4776355680233	-4096.201342608057	-1
?	-1	-1832.3891689035688	53.25434126272425	27.882586310783807	654.5484808222619	6534.934645424994	1901.5420788424983	3388.6848828236334	-1
?	-1	0	52.76995098645448	-53.48841209308427	951.2935409643294	6358.377169061506	2185.9118797092074	7598.680749535821	-1
?	-1	0	50.57992065807	-119.41508207201794	972.4673392753417	-2106.2674727278063	2281.4761163192948	-1708.2752932948854	-1
?	-1	0	46.7991968828535	-110.45865213526554	845.9801673279376	-4677.164702347838	2100.498115044462	-3601.674989997485	-1
?	-1	0	45.05698805130665	-70.8381618263786	738.6091041579465	4074.2294527301297	2101.392366819418	-2902.3815256325083	-1
?	-1	2407.7715884747054	43.25728879153452	146.01670828798197	1049.691639964447	4733.210519232531	1955.3790387628344	3105.8984765870914	-1
?	119.38857942373697	2432.430145488432	52.35782346570585	498.58695387376514	975.2696301195764	-13617.088143982171	2256.6872906487747	-13418.780406801989	-1
?	120.62150727442334	-219.0607624808095	68.18663648522313	192.50156151793288	368.8372327653288	-4562.8449584676	1284.4400184227254	5502.8477919776415	8.731973030463989
?	108.43554129969634	-2432.430145488432	61.98290154160263	-119.22339574006587	747.1273821961931	29144.170945085156	2531.8296802476607	29599.466989683446	11.213612144835409
?	-1	1382.6628985615423	62.225466698219755	127.53084226619524	1826.0457800196073	1146.503657050136	2764.4133679069187	-2980.66395168143	-1.2834212671123917
?	177.56868622777444	2990.003048811479	68.35944365491248	0.16627178028599351	804.4525650487008	-29783.737450282497	2382.796482663587	-9747.962554623508	6.405886570461711
?	148.50015244057607	-872.447268323332	62.233780287234055	-138.56707269955595	336.85890750546133	-9979.378589257989	2277.0152401757364	-5478.562294676725	9.198857973103362
?	133.94632281160722	-175.06227593904873	61.43109001993459	139.8940951922208	305.4836355857942	557.9560704301696	2108.868367929747	-10500.58963747682	-1
?	139.7470386436235	-140.1246322863139	69.2284850468452	171.4478846418096	364.7567110269702	3792.4444170121096	1751.985758301888	-16305.40172338428	9.089292715457004
?	126.94009119729142	-291.059891920198	70.00348425202519	-62.27073651379751	495.1058564364024	1291.0924207122125	1293.5982817605213	-6176.240171364018	6.548636600022443
?	125.1940440476134	19.883790442022473	66.11494822115527	-2.225598395545458	429.31133206258176	-3160.804535939066	1443.1737497336826	12968.333446156932	10.291695537064905
?	127.93428071939256	-3.084443761239824	69.89220433224791	72.92864980919585	337.06562963944685	-514.7500289931061	1942.0149540683772	2757.6428705787994	14.966839040124574
?	125.03982185955141	-164.73268232293856	69.76138071161512	-26.000708589998197	403.5738306129261	1963.9096041595399	1581.0558932626245	-15281.945691395014	11.835149648035053
?	119.69764660324552	-205.28529827006074	68.59216890274799	-245.6438710166018	435.26110984742525	617.6969133482684	1177.9176694986156	-2970.395039061594	15.806761960026186
?	114.77555694604823	54.863085007564294	57.47918716078485	-96.72375302325155	434.45867628033994	1148.136563019703	1432.5361413095427	10851.927604457947	6.953717230040933
?	122.44080085362377	-98.78396326227376	63.75598125158534	240.65478426462235	492.6679379984112	716.8711869317929	1720.5140497215207	2232.6731660132464	5.284072391748774
?	109.83635878293447	-545.1700355865196	69.51192637401614	16.225202954211166	470.3022356269301	402.6120193060046	1544.1697996102066	11681.52695812805	9.80891373216689
?	95.1822990742974	-2216.727175658658	64.56724139929591	24.84679983712333	512.7985389637117	10298.82759175569	2304.5903976279315	21289.232549068543	1.32941984942925
?	-1	-1923.6459814859209	70.75426636587233	-41.400783912566915	985.2436152147218	31239.97551748627	2608.631427063649	7229.7950705867215	0.7523850934734286
?	-1	2594.5161003506837	62.497202203667534	-75.3216487935638	2074.7973148380474	-8999.839702778763	2666.0801511572727	-9291.380548049132	-3.4031544570700207
?	128.72580501753603	2527.7092738319366	66.98818392619408	167.6723022176728	535.2516300757773	-32406.223817130885	2144.0623996611857	-26783.66471332256	9.800470012155538
?	125.38546369159863	238.68910368345556	70.8808173145513	38.691034918202	454.4861239814802	-1792.7479901474153	1326.8969154911256	-19309.602083942453	15.109058161612342
?	140.66026020170898	417.33193004045154	68.92273567210421	-93.66575216669455	445.6142305684052	3536.786711989798	1178.5822954640494	10151.319338186097	8.761763195410676
?	146.2520601936215	-72.92620347963701	66.1975297062165	-317.288362708801	631.3254595809726	1692.3680359680757	1834.4628824004376	8831.44018062618	11.347170986284732
?	137.01395002772708	-2945.041203872388	53.058317536663935	-280.49526794502253	530.2326323668102	3374.9588705669953	1620.1543044953646	1387.1428136113611	-1
?	-1	-2760.279000554502	52.17276630896517	-23.456527448760575	800.0734031093248	9213.452600991588	1903.8200230810066	10096.297626460038	-1
?	-1	0	51.88549116422589	-92.90936968744215	990.9052624163961	1443.1010556366027	2124.9691858183737	54.38988595381411	-1
?	-1	0	47.527297824593	-122.99164227383055	872.2284558911559	-4174.869972420331	1906.5395173786974	-5391.8226882075405	-1
?	-1	0	45.735909050534275	-95.18171907174512	782.1617637953766	-757.4823261133707	1855.3780514079929	2278.3293855755296	-1
?	-1	10619.470437515476	42.768211871005676	219.25623810936798	834.3543395854869	19996.281509605516	2020.4559866574755	7411.5725730813565	-1
?	529.9735218757813	2447.0133911188236	56.69872095600283	423.89390121832133	1781.9758392756667	4872.331097934562	2225.956680062066	2990.339780852531	-1
?	121.35066955594291	-8417.104612629002	63.96290693192204	176.41890237211987	1077.9708944822185	-26959.812504978738	2169.972975700104	-12807.695278708692	4.207995133232265
?	109.11829124432525	-2447.0133911188236	65.51966607460895	-243.4084087213828	433.9852140267106	-10106.572093208986	1585.5719161266222	-4335.2322984242865	8.7494757172257
?	-1	-2202.3658248864735	51.79248649585273	-211.94271955836112	572.642289821762	5086.557053181572	1953.2113607788867	3085.4502132998205	-1
?	-1	2750.90862414865	54.92253009669074	210.02424603062963	688.3130666857928	218.33803503766748	1739.8444267916154	-17174.249155187565	-1
?	136.54543120743443	2788.6285016485317	62.29369879738436	389.9513216804928	583.5591915736455	-2373.1462925624787	1094.4989030194963	-13399.57950779795	6.428345439776591
?	138.43142508242858	169.8493240124155	74.42009618071566	210.6046932465398	569.6557520576672	39.455831377992475	1069.8654514017085	4105.839446618812	14.622434590160228
?	145.03789740805533	37.480023766822264	72.8239334597115	-269.0715043156168	585.5319831425452	-251.3882455309668	1299.7908753504398	6807.421394175543	14.421689040469099
?	140.30542627076971	10.63277172525189	60.96652096493463	-408.37710900855654	557.0863397811187	69.1582107964554	1410.2365211104905	1524.1802206078376	8.288457846443713
?	145.56953599431793	-2826.108525415354	52.40507800928338	-195.77271978773445	588.989893682368	3710.7849282800607	1375.9998863808328	4604.709993944196	-1
?	-1	-290.1320486200647	51.17788497554777	120.3614358223767	742.6255861951244	134.65335089926648	1640.4720208077035	10600.674179611764	-1
?	131.0629335633145	2416.7095046083173	58.4231498004023	377.42382983191936	595.7225612273314	-6756.34493346946	1906.0335953614285	80.10085677448728	5.298343047940487
?	119.83547523041759	2019.2356698517394	70.049076467144	203.3757347133689	404.8083395216466	-3113.89517804766	1644.477063646428	-7267.115858712196	13.59989056432243
?	232.0247170559029	6010.891802624518	68.59193653607089	-273.30355946236875	440.0278023249462	780.5932780462526	1542.6778024258135	472.2961683188647	12.61499752945695
?	420.3800653616477	3246.4958797005324	56.383898494025374	-265.96814569272686	443.8380034239598	2784.853726344695	1668.0918720623715	5119.397126284084	-1
?	394.3495110409318	342.3436951618768	55.29352925143436	257.11993602107503	579.270488642183	-23.95650642382259	1798.6476587400214	-2438.581141501233	-1
?	437.4972501197418	1993.4971726543733	69.23989529507931	220.00272816717384	442.64017810276863	-1611.6068885599188	1546.1628149873081	-6540.502996690441	6.288653540749165
?	494.0243696736519	190.31518065330445	66.2936656597932	-88.8863296803048	498.69014421418586	239.1038300604862	1471.6225089054947	-679.6914253148401	8.86785354646299
?	447.01300915240716	-6527.13576853594	64.795578811064	54.337746242299055	454.5953696057931	-3719.4736650467876	1512.1782437215657	2026.3708562137147	5.517224431163204
?	167.66758124685026	-6607.547889081176	69.0105529719082	52.56862153534751	312.71646096184384	-2938.1265098955364	1572.9410517161818	840.505433368923	11.40558776526352
?	116.63561469834367	-264.8013236296341	67.42400988783142	-27.958772862113676	307.6890441110142	1032.6190909405852	1554.2035153900124	1362.8414803476505	12.5266718970345
?	154.42751506536837	4828.004036645055	67.6126143288025	-125.72774040475514	364.34741550887384	1612.9700126494797	1641.0831257335653	1856.2159338479987	6.9889976028321215
?	358.03581653059985	327.4993862846479	61.13762286759357	-128.19235162802858	388.33754474348933	4716.435575728525	1647.0143120824137	7557.318485368089	-1
?	170.802484379601	-7180.716330611895	61.202996747400974	209.18631893041322	600.1691942953034	30310.749192899886	2018.9490500019751	24299.602071426107	2.413320706229928
?	-1	-197.801177190255	71.59693881411438	118.24585103914106	1903.8750043885052	13728.197803205776	2861.9944156537363	11272.02556094326	4.463945524438751
?	160.9124255200881	2949.6355090469638	67.11528929935811	23.457208287290094	1286.579084455602	-31502.088683442333	2582.550328049146	-17905.33463606611	2.025134446654577
?	146.4817754523503	-354.86373035715536	72.7697992284789	146.7752061790326	328.7705702163663	-19625.601617719192	1966.727683850418	-11190.476322901395	12.88100936441926
?	143.16923900223009	-217.3686076620422	74.45404960830985	-42.94188931871925	305.2990035696284	-672.2018872217309	2023.0265119040685	-85.81219097027648	21.31120262753122
?	135.61334506924803	-519.7069305394181	70.62270476254291	-198.80111952014263	295.1604758552793	1853.0472644742074	1962.4370743019042	-2698.672241154407	14.2177645505909
?	117.18389247525882	116.44976809085	64.51399363230257	-197.98631970435866	397.95136679334007	6625.708338965693	1888.0928998463462	5894.642003775155	10.597462920008782
?	141.4358334737906	645.4222384736291	60.723388777324836	214.91128699343457	626.4458928035687	-528.1266660552221	2257.169174490666	1716.4820869483794	1.4347779690506948
?	149.45500439894073	-377.5074689018837	75.25955798197445	109.81067690234568	371.5450334905786	-855.7758388416543	1973.9170041937664	2810.8917171620087	8.708901461830212
?	122.56046002869616	-3009.1000879787716	66.2139226224422	-299.14898620066424	583.6571008614853	19324.883644137717	2397.7137603487686	16733.933293422677	5.964925988811626
?	-1	631.7667429858666	60.30210867194103	51.4222123245524	1337.789215697478	8882.538062211148	2810.613668864912	-10400.914949821037	-1
?	154.14879717798993	2674.6904144326295	68.78503323866985	207.2555419987815	1027.784003972049	-18069.678523257597	1877.6680128577093	-42307.84253712617	2.9536334577684276
?	132.73452072163337	-808.0732197789298	70.66488577188025	-1.7806099314466652	434.3052895345854	-14246.905930775049	695.2215420085736	-11910.215880997015	8.537748074819543
?	113.74513618904287	-457.7207961640085	68.69600274209752	38.04074306372942	315.4387074332865	-637.7685668721301	1282.15721880785	15382.703013826667	9.725862799185917
?	109.84848091343262	-305.38358473842686	72.56692292506675	-97.24684936630514	402.41686119097847	2001.6021730000534	1464.3566926999179	859.9924164000064	11.01600114414864
?	98.47595695212131	-107.36284116099161	63.83366027378219	-246.43494210988044	415.5188160832906	9113.119950598164	1325.156839627851	12430.516224223444	6.667550818871658
?	104.48033885538297	693.3065050444857	60.24517581957255	150.25055821919494	858.0728587208931	946.0323799786036	2085.882503911099	8363.18975217554	-1
?	133.14128220434608	1084.1845650287387	71.34618818474205	408.1325632829568	462.8204350822214	-7602.256989546806	1743.316327236634	-19306.352047379685	10.991819703892268
?	158.68956710682068	614.3571704747044	80.65180398372068	92.22929487144097	477.9600092435474	-1017.0676851067814	1120.5649015421009	-4705.530952968598	15.124688680202388
?	163.85914072808174	196.47426655265355	75.95765292831416	-117.62043469115272	411.96705082688163	-2207.896889890606	1508.0397795882006	8588.974380980095	12.482248759329996
?	168.5132804344535	-33.245991688421654	74.77078224916296	32.19346013047965	367.56516474901554	1286.5730258629799	1550.0136205911117	-6654.336962383146	13.851776933414552
?	162.19684114366063	-3370.265608689022	77.56732593483817	-1495.415644983238	476.29570212003154	-7351.303294980206	1175.3229314690386	-31000.272411821792	10.73770587388733
