rowLabel	avP	dP	avI	dI	f1	dF1	f2	dF2	h
?	228.10866600548636	4648.482637965009	75.88294494786355	1429.5833986107232	644.3170216164831	12990.016150819712	1724.2732578309592	33866.60877087808	10.787986206615264
?	232.42413189825047	-21.303057171547835	71.47916993053616	-97.00031364178756	649.5008075409857	224.75449189741084	1693.3304385439044	60.52824709077868	10.44195510210714
?	227.04351314690896	-42.23107800850072	71.03292926577417	-168.38405785051373	655.5547462113536	821.9671626045872	1727.2996701854981	2414.041011353901	13.068109970191161
?	230.31257799782543	-4560.8702629381805	63.05996703801047	-186.04481731930665	690.599165671215	-1147.2751647619455	1814.0324891115995	3884.29149887777	-1
?	-1	-2814.412253858923	61.73068839980884	57.78135397989247	598.1909879732564	-5039.6512616710415	1921.5142451293866	1233.0103863097295	-1
?	89.59196530487931	1798.2886735854372	65.94903473700509	236.1578128244762	438.616602587663	-1377.7333508936774	1875.683008427086	-2728.6813553311235	3.666402574325062
?	88.91443367927184	-0.43401692475185893	73.53857904103265	127.61245189880643	529.3043204285725	1105.5204938134173	1785.0801773628305	-4285.091076979053	3.9831648129286643
?	89.57026445864172	-1798.2886735854372	72.32965733194541	-72.0629795506838	493.89262727833386	3436.222370503975	1661.4284545781334	-4918.5830602089945	3.095359528098644
?	-1	-1811.4052891728347	69.93543006349846	-136.9579599435065	701.1154389537712	3750.662937545668	1539.1510243523808	-123.00344404613045	3.1103629262306964
?	-1	2799.2085230285775	65.48175933477009	-156.56301033396136	681.4257741556172	-3299.6787034194276	1655.2782823758268	6210.130254313628	2.9842260842361026
?	138.96042615142883	2895.6362454771674	62.10727954680039	60.12736993977421	536.1315037827999	-5085.051547392989	1849.657537068062	2710.437111396743	-1
?	143.7818122738585	1994.3338818070492	68.4881278317588	213.26520628125786	427.17319678596755	778.4234309526885	1790.8001379456641	-993.6617305943073	3.1478429375837376
?	238.67712024178138	1862.1065492374282	72.7705398608633	18.05482758917149	575.0526753304343	2420.877842840698	1799.9744505383467	172.3792945056583	3.277361501002962
?	236.88713973573	-108.10130484622267	69.39086921121738	-153.97296878955345	548.2170889280026	-169.56794877398565	1799.419102670947	6603.524908640992	3.6635614615197625
?	233.27205499947024	-1399.4979737735457	65.07189142138562	-13.06201318261627	566.574277891735	1022.933129261959	2130.1506959703966	10459.2209825919	-1
?	166.91224104705265	-941.3767359363002	68.73776855208656	268.7841838507081	599.3637453911006	949.4984114789432	2322.3801518005425	2556.894175389814	0.4849574064372467
?	186.2032182026552	640.1793103820586	78.51110061392103	207.5843591919512	614.0491984656823	-1070.1553351119392	2257.9954047398874	-10166.235207684691	9.273347574961273
?	198.9212065661556	340.7660404155078	79.11698651168413	-29.89431354860412	545.8559786355036	-2161.300790083663	1814.0683914163076	-8463.280159893422	8.383846811039351
?	203.2415202234306	3224.90501622993	77.01638493649082	16.990841516919474	505.984158961499	-1973.8807986215356	1834.831396745216	5814.191621682993	13.114949744342644
?	360.16645737765225	4703.00684258031	79.9665285875301	110.30983462750427	447.1619387044267	-675.3402853039981	2104.7779725004575	4081.589282566966	7.152773026579889
?	438.3918623524458	1002.1917918852128	82.53187666786603	-116.06139699369085	472.21714469629916	483.35616134712564	2038.910860873564	-3216.031858008111	6.997838229295539
?	410.27604697191293	-193.3864775288735	74.16345873784556	-306.7401426118701	471.329746771783	91.21927407643958	1943.9763796000518	-944.694437295797	2.900931522844
?	428.7225384760021	295.3519296897318	67.19486953727251	-261.5904533705951	476.77810840012114	455.8365345596242	1991.676139008774	-304.8730893973695	6.150331275867277
?	425.04364345639954	-8594.450769520036	61.08393606931579	-214.05128975099183	494.1215734997642	3333.0450483599807	1928.7327251301833	242.3103863482445	-1
?	-1	-5616.328519865386	56.49230504972291	225.62203328170705	643.4303608181203	2272.995224925054	2003.7916583261863	-17535.657567578353	-1
?	144.22721746313	3214.3663342965033	72.36503773340115	300.3936041525212	607.771334746017	-3883.1927817199094	1051.9498467512649	-14941.222086605754	5.264833624960376
?	159.7183167148253	1111.3948138023582	71.51198525734898	114.6530122217023	449.2707217321247	870.202113134441	1256.730553995898	6387.101085234416	5.2885331271258265
?	199.79695815324794	989.4168969303731	78.09768834448627	-17.702311656265962	651.2814404027391	2799.830511860289	1371.304901012986	2697.1294945257364	8.692106074233669
?	209.189161561344	678.7191917979806	70.62686967453568	-88.691172011953	589.2622473251392	-2218.573849199061	1391.5870287221849	9285.375857928484	3.7270807861117823
?	233.732917743147	791.5858313809644	73.66312974388862	251.16334248679613	540.352747942786	-1161.7495689536588	1835.5736939094106	9242.322572735944	5.310782178340927
?	248.76845313039226	-112.9787288274331	83.1850367988755	133.23722911872682	531.1747688774562	-1150.5655298970626	1853.7031573589825	-497.18600110469606	12.690146149716195
?	228.08398130177534	-299.9215227186076	80.32499119982496	-188.3930403354547	482.8244714479328	473.25023221886755	1810.7143938541758	-2601.809024328288	10.400613580327308
?	233.77237699446187	236.9482667859726	73.76538478210276	2.58459593411686	554.8372804883996	260.44469508332986	1723.612706142568	-3194.549275227748	5.045293843942565
?	239.93139464107398	70.63476770264452	80.45422099653081	-99.46718805993007	495.8467062020993	-665.5159584194888	1650.9869300927883	2184.762967386635	15.800866053871655
?	237.3041153795941	-349.9692458555907	68.79202537910625	-170.05240811278256	521.5614825674252	1646.480128193899	1832.8508545118998	-1145.8169648336016	10.288157253204707
?	222.43293234829443	-1432.9385553147765	71.95160059089167	233.027081377467	578.1707126117943	3169.701030613564	1593.6960818511081	-6488.541310365421	9.237624966603253
?	165.6571876138552	358.5386191122168	80.44337944797961	85.69998648166028	680.0465340981035	-376.06818357158966	1508.4237889936285	8599.345087450562	9.15509757285848
?	240.35986330390529	1831.9859351481944	76.23659991497469	-144.13681303312742	559.3673034332148	-2542.285479571235	2023.6633362236366	11671.90669883739	7.427189823969305
?	257.256484371265	-176.89919896390546	73.23653879632323	-51.56642873677323	552.9322601195416	-892.9275479541767	2092.0191239354986	-59.73654971547143	8.95066026482053
?	231.51490335571	-941.1563680008355	73.65827847813603	52.27762906911683	514.720926035506	-1908.6570379883915	2020.676508737863	-10150.259289007112	6.277266472233818
?	210.1986659712234	-814.8133244857939	75.85042024977906	-21.1770675799054	457.4994082201224	2948.692154276097	1584.5061594851447	-9698.191013571615	14.863025888685126
?	190.77423713142045	-420.3595379848591	72.59942509914076	-3.0057219034819234	662.1555337493103	3932.887523254283	1535.766958059284	-883.6799064207694	4.588752014198345
?	189.1806890719805	292.282125689532	75.70013415460497	-73.16390033824686	654.1437843828359	-1508.2894487973326	1540.3221641641064	15531.112162675769	10.068295358665091
?	205.388343415897	779.965008332466	68.94123008222843	86.67321134298308	586.7410613094439	496.71035907235085	2312.3225661930696	-6933.524604468368	6.340582430615984
?	228.17893948860367	489.3615652763777	80.0337947217541	234.82267894852154	678.9793023364533	1449.970498925116	1193.6459339406892	-16723.677991277415	8.755751924552978
?	229.8564216797158	-212.5208932657758	80.68236402965447	-164.8901169031308	659.2395862556995	-239.06384593580782	1476.138666629202	8403.556677622857	10.42301899373272
?	217.55289482531492	-246.15635019071394	71.7892888765976	-179.13715092585852	667.026110039663	1225.8925515695043	1613.8237678218306	5480.786382802977	3.4499937372754332
?	217.54860417018014	-371.58788236632876	71.72550648336157	50.59403608011866	720.5342138341745	-1197.7815756993798	1750.1779857693498	-1775.9034067594366	1.585257479200357
?	198.97350070699855	-467.47056487757555	74.31899068060352	-47.7843002912785	607.1370312546942	-95.58212514861941	1525.0285974838591	984.7857025201246	3.015664675641855
?	194.17507592630145	-9.974140736956692	69.33629146879765	-12.855015830452079	715.7551075767435	-1193.2817662469572	1799.4172708953558	-427.62039908046216	3.3621178133699074
?	198.47479367015072	29.98083696140224	73.67623988908092	66.21307137689196	547.4729429423466	-3969.6766343122094	1503.647577529836	1083.5449094006974	11.138734025960318
?	195.67411777437155	19.888203026964746	72.64694503764224	-41.06506094451178	517.2712758611337	-2085.786493996124	1853.5945163653905	11705.418921858445	5.169834321806524
?	199.46920382149895	-129.81048807699597	71.62298684185534	-3.793141922289762	443.1836182425407	864.3291464148919	2088.9185236227563	-5829.2105372064525	4.721355687432516
?	189.18359337052178	-100.80316596712329	72.45728794152775	87.1511010845771	560.4877331818782	2555.5207959472327	1562.133989505069	-15193.164770090561	6.681596335201972
?	194.4290455231428	299.09484800751324	75.98054189608418	180.97695245110268	570.9596580399019	1826.966899173967	1329.260285118231	-4733.355092995533	12.02026146686239
?	204.13833577089738	-104.15724601173432	81.50613556408285	16.27441196925821	651.8360781405762	-343.5398917773421	1325.4662348552931	3165.7246073533656	6.282528500184232
?	189.2211832225561	-273.9746340499208	76.79426249454708	-275.3753977447094	553.7826634510349	-745.0649336982978	1487.5465154858987	1506.9191936152274	4.36605064109114
?	190.4396040684014	-180.29342390671624	67.73736567684743	-117.8986417717992	614.5828314556615	1430.5863754972465	1400.8121945360542	8161.031330018665	5.494838958134253
?	180.20651202722033	-105.17373722972062	70.89933040595714	245.50908883500145	625.3119822258969	-1838.2235235299229	1895.5980819868305	9435.189250760315	5.421700530309412
?	185.18091720691538	-144.93350728479123	80.01282011859746	88.27858197155226	522.6716552791656	-3055.8079453185524	1872.5716570740683	-4113.9763173943	10.883321265731736
?	172.9598366629808	-616.696953461307	75.31325950453474	-117.43168088931681	472.52158495996986	-651.8626834559018	1689.8992661171162	-5322.737534589365	3.6547118128145426
?	154.34606953385014	-873.4433282361638	74.14123607413164	-13.194068383511752	490.07852110637066	6682.711236022462	1606.434780344601	-8276.1031264508	6.22627183450649
?	129.28767025117276	-72.40581396158771	74.65355608535916	-14.971358898119771	806.6571467610918	2630.029547730872	1276.0941097945777	-9543.871195623708	4.6377569005378545
?	150.72577883577077	694.4016421647464	73.39266812922566	-176.5142284690305	621.5799984929138	-5613.457190090191	1129.2412205634173	-971.3421259858558	2.7554800095604137
?	164.00775235940995	614.1882987476059	65.82784466190766	-77.45158486822673	525.9842872565832	-1160.0836411943324	1227.527003495285	5041.142924584951	5.626306990292164
?	181.43519377315096	679.9293106368266	69.52008888581433	231.08899544236263	563.5758164331974	1487.1852951477406	1381.298366792664	-263.05593425675943	9.591072357720245
?	198.00421789125116	65.66600638205637	77.38229443402575	62.67427570887798	600.34355201397	9.012320391050285	1214.3742067824471	5977.044393879885	13.043165568190954
?	184.71849409225376	-113.7172187569102	72.65380267125822	-245.0817203823718	564.0264324527499	5.052943893285846	1680.1505864866572	12981.432321686712	8.01112805725198
?	192.31835695340567	80.48062187800525	65.1282084149072	-130.4486291545105	600.5961992086343	-2762.7355305142096	1863.4458228667804	8321.120395582986	-1
?	188.742525186154	-60.03809986565578	66.13137121353272	73.97154272195618	425.8896559270399	-4396.43993395585	2096.206606265805	5658.222529976658	11.35460111516515
?	189.3164519601229	-285.4181849582652	68.826785551005	-58.65022026250478	380.77420251084254	-1962.0228946702118	2146.3569493656123	-4728.3577663949545	12.469526519770055
?	174.4716159382408	-3806.3290392024714	63.19886020040749	-284.845983774663	327.78851119352964	8486.190098479245	1859.7887179460581	-2141.4212643540654	-1
?	-1	890.6011854723406	54.5844863622719	38.114154527723365	805.0837074348033	8055.848430853206	2039.2858861479094	2068.698527719037	-1
?	219.00167521185767	4377.773403381115	65.10456792679365	437.7581725247917	730.5809327361885	-3363.261437656791	1963.2236443320096	-8204.1392745105	6.935058656328404
?	217.88867016905496	-749.9833854184627	76.47239498851141	332.69946063444854	636.9206355519643	-3842.8456457052835	1629.0789224223859	353.6919347534889	7.762036134298006
?	181.50250594093467	-1879.0888935294429	81.73954095851602	28.04410749008251	538.438650450925	-2967.301842602266	1980.908241069684	1183.1034359252449	7.225819086431845
?	123.93422549258315	548.1794910873443	77.87460036301553	-156.06348515685113	488.55554342185155	-174.7775054805499	1688.234094218648	-5091.986936408225	3.2219429893614424
?	208.9114804953018	1573.3683268560515	73.93636670067349	-30.344733279261327	529.6997751768976	138.61598855001992	1726.3088942492736	3809.8733540294916	1.572520490227869
?	202.60264183538544	-307.6867374816771	76.35736369905247	143.32270840875162	495.4863428493525	1809.4356543544468	1878.7277619201218	3314.959928411761	4.574598783053629
?	193.527143621218	147.70962442005094	81.10250212111104	56.04339813994946	620.1715578946196	722.0599497983168	1892.056890669861	1150.13784601419	2.938210016755254
?	209.98812305638796	163.8665854957668	79.15953360604993	-123.81766903643141	531.5893403392682	-352.61888035970867	1936.234654220831	1176.2223749562186	5.054917905102424
?	201.7204728960063	-4219.762461127774	74.9116186692895	-113.60209124534674	602.5406138766342	1616.4280618976989	1950.8680094176718	-1371.475217205166	1.9727778811514252
?	-1	-4054.4094579201405	73.47942904378262	25.93091288052259	612.4107434341529	3447.1484908878356	1867.660893360573	-11202.367510958005	1.2517223096875916
?	-1	3573.8132522742053	76.20816431331562	84.74022834559891	774.8980384210254	-1528.2046976003344	1390.7496338697736	-8484.265638505443	0.8577664918082968
?	177.69066261370963	3812.148005036729	77.71644046106255	108.81021762740868	536.0005085541365	-2781.678391198344	1443.4476114353024	-6582.921623150524	0.6685358827028487
?	189.60740025183577	-759.594626874105	81.64867519468604	44.513349355061834	635.8141188611087	2233.5073672502185	1061.6035527122485	-1254.6530982564127	9.453203653196184
?	139.71093127000452	-1224.6417748406063	79.94210792881563	0.8723985396270026	647.675876916647	-2126.4668721301755	1380.714956522482	13568.777645628246	3.83110631150805
?	128.37531150980567	872.1351051015372	81.69229512166739	-55.75343942797494	529.4907752546003	-196.54401956678683	1740.0424349936584	12139.052974062413	6.142321703866427
?	183.31768652508123	1088.988834820782	77.1544359574169	-63.2570691156547	637.8486759383077	1602.3927452043802	1987.6676052256005	-7801.767339868738	2.1575455846506473
?	182.82475325084457	100.23004266071645	78.52944166588466	18.039113731063942	609.610412514819	-1494.850480442172	1349.9540680002228	-5659.247708933087	2.97682258867885
?	188.32918865811703	147.14557211275968	78.05639164397009	38.95775943936328	563.1061519161993	-1134.5649702345913	1704.7052197789471	10283.321299729541	-1.2028962913593912
?	190.18203185648252	6.614782872362662	80.47732963785282	24.893426757990742	552.8821640030897	76.7378632004491	1864.120132986698	1883.7761655332426	7.815675988410227
?	188.65992780173517	6594.714061894597	79.30106298186962	-179.69535930106565	566.9430450762218	-243.75679718492023	1798.894028055609	1074.2981425457485	12.459507143443753
?	519.9177349512112	1502.0127057229902	71.49256167279957	-121.58545463540904	540.6943241438437	-2479.065101822847	1917.8350401139853	443.0341221416272	2.6885071423845712
?	263.7605630878844	-5190.990694964052	73.22179025009919	35.70694696676112	442.9897899850799	-1586.8148654938148	1821.0457341626902	-6744.1087620814515	6.067927553758317
?	260.3682002030095	-5295.211261757707	73.27790902113762	-159.9010786861362	461.35358086915323	7012.1160957902875	1580.629602009914	320.16938161969506	3.0500991851890125
?	-1	-561.0869145110801	65.22673631579241	-221.01647092384505	793.595594774593	8201.28969981306	1837.054203243675	11023.579427643494	-1
?	232.3138544774556	4383.442140100147	62.227085474945405	152.05232135952397	871.4180658598048	-6298.248390223541	2131.8085733920866	-1835.8978860782256	-1
?	218.17210700500658	-1196.441032943376	72.82935238376858	307.58525876002534	478.68317526341707	-6646.190194217791	1745.259308939764	-7099.726283918338	4.457547659384307
?	172.491802830287	-1942.1735515632606	77.60634841294662	6.220802343907246	539.1085561489164	-249.03319260509167	1776.822259196171	138.28693220587004	4.90042611354017
?	121.0634294268439	-1293.5935002234437	73.14039250096394	-132.59833557420725	466.23151563316253	-2645.9586493943884	1752.1736555500574	2139.4190969014503	1.5998149680488822
?	107.81212781911506	415.2954712676993	70.97643163423628	-35.84843482019478	406.8106236791974	1693.9481337472002	1883.7932140412431	4565.359905042958	3.863852815576215
?	141.8282029902288	4828.298553847999	71.34797075995421	-42.372686768881785	550.9289223205223	3299.8778339251844	1980.4416508022045	3376.584307206843	6.584137361299788
?	349.22705551151415	8323.427200189606	68.8577972957922	-102.34260193142924	571.804515375456	867.8187826713892	2052.6224294015847	899.421683348281	4.407849694892207
?	557.9995629997076	-3347.0659013813765	66.23084066338276	-75.3598542080516	594.3198614540916	-413.8926531292342	2025.4127349696184	-3586.032100573915	3.2236624288140217
?	181.87376044244593	-7594.441168331487	65.08980458538963	-31.300843092248382	551.1098827189944	2298.7997661373734	1873.3208243728895	3939.140199231397	-1
?	178.27750458313457	-35.666819252719066	64.66579850877035	-0.2121421186691926	709.2598497609598	2816.2538067982277	2222.3697449311876	10991.979998910549	-1
?	180.09041947980998	-29.863510212541193	65.07919747945617	-125.4949116933142	691.9225730589053	-1678.8837228427442	2422.919824318415	-5418.813527538342	14.559195096862197
?	176.78432907250752	-114.06944665506144	58.39105292410466	43.847827530097604	625.3156636188229	-1659.6659093081385	1951.4290685542715	-18227.27010198877	-1
?	174.38694714705693	-208.1306287218145	67.27158885596104	110.76857754408789	608.9392775934987	-2070.7429708240493	1511.5563192189798	-12900.678067880172	6.063654123279465
?	166.37779763641683	-87.76109425426373	63.92948180130904	-47.79773840060261	521.7785150776208	4403.270969735108	1306.3951651602652	716.557961334445	6.436376630039355
?	169.99889243434376	200.25806270859064	64.88170193593092	165.65166352614486	829.1028260802533	2433.5946196193363	1547.3842172857019	-6874.428185667468	8.311704463159348
?	176.39070077184633	222.3909437689016	72.21206497761625	134.60997957214565	643.4582460585872	-5601.152969050217	962.673755876893	-14152.466880062799	14.173000942315308
?	181.1184396227888	445.5206064955313	71.61220091453818	-9.619114067597854	549.0451776277434	-725.1703348581831	839.7608732825645	7985.444858421275	15.322422676228834
?	198.6667310966228	659.3000847775774	71.73110927423636	-28.775264403943584	607.1997293156782	1167.2534211823217	1361.9459987979553	17460.690129806957	11.416589328473737
?	214.08344386166755	217.20017128717834	70.173437694341	-192.65768147851713	607.4078486868593	2810.375001660212	1712.7953797729092	16626.611376337347	8.728541739674583
?	209.5267396609817	-708.7113569140265	62.09822520031054	-111.72118766350263	747.7184793986883	-2550.7124303595288	2193.2765676148197	9942.495617946323	-1
?	178.64787601596635	-977.9699691101599	64.58737831116589	137.04504026750007	479.87222716888334	-6199.457024191367	2209.9201606702236	-6325.641657168808	-1
?	160.62824120547387	-551.8510345436655	68.95047721368552	129.30237895814247	437.745628189121	-722.1254907321637	1876.9944847563804	-18287.464933162755	14.095968243031336
?	151.05532428878317	-154.7231157731363	71.052497259073	42.77665926743723	443.7659526322753	85.3179181788724	1295.546914012089	-5405.095049886946	11.88242168168787
?	152.89208541681708	137.18612774072304	71.08931017705737	-155.21662761457162	442.0115240980646	874.9855547208093	1606.739732262034	12357.066824215548	9.620545457956245
?	157.9146306758193	623.1505235651911	63.29166587834444	-107.89958633433353	487.5152303683156	-1029.9773590731186	1913.4002552228642	8634.7221419483	-1
?	184.04961159507653	291.3321972407174	65.69433086034071	-91.76574936390357	390.5126561444089	1209.5273843456844	2038.4758393594475	4108.357262579785	6.723227346447655
?	172.48124053785511	159.24854023436694	58.70337841014928	-115.72971721243006	547.9915995855996	15676.37998682348	2118.8181183518527	2993.141874620061	-1
?	192.01203860679485	181.59890252131967	59.90784499971923	-5.241147673210823	1174.33165548558	-3096.1421040970376	2188.13293309045	254.162117417628	-1
?	181.56118566392107	8123.458879618062	58.44132102648874	45.84070414287057	393.1844943807483	-855.8980763910844	2131.526224222734	2366.3980032354802	-1
?	598.1849825876965	-114.07747433794994	62.19988020686275	271.63353228838173	1131.536751666026	4689.195140586335	2306.4528332522236	-1502.594260244037	-1
?	175.8573119470236	-8588.559611224817	72.02299764090778	207.9089458059602	627.6442514100642	-11824.317467327071	2056.3965112105325	-9610.95483629014	5.998211284372501
?	168.7570020264572	-15.213206055242434	72.59532749716072	-175.19525275182437	540.3208782996745	-701.622556389482	1825.9050914377183	-1845.550321641251	10.709088094785443
?	175.09665164426147	150.1911034730267	63.26323500331659	-200.2495531446371	592.5631235905902	118.92512590733574	1964.1189951284703	3719.051604691044	-1
?	176.2665572001085	167.91575754731358	62.582849839928905	131.97043398308895	546.2671345950413	-193.6220247955073	2011.8576716722698	-1495.5432290922824	-1
?	183.49243952162712	-210.4843545256462	69.86175670247101	96.25073977407018	582.8820223508149	-368.91026244667404	1889.3418336738564	3360.600908417835	7.8050241596474255
?	165.74233947382623	-813.7816872954545	67.3953868286324	-120.70603068947534	527.8216214727077	-2566.8026530656334	2179.887717093161	2266.078241519307	7.767133515175517
?	142.80335515685454	-3334.8467894765367	63.82645516799727	-177.24317236726426	454.54188969753363	6121.8866496162545	2002.6457457498213	-4565.389143794744	-1
?	-1	85.57930412850597	58.533228210269215	-16.49147877545252	833.9159539535193	5999.373953862388	1951.6182599034246	-2336.55800311254	-1
?	147.08232036327982	8376.21410547765	63.001881229224644	501.3888949240803	754.510587390652	-8009.3379058528	1885.8178455941948	-5074.391667204463	5.081511378561299
?	417.81070527388096	8671.980816868156	83.60267295647314	433.3235085356688	433.4490586608807	12462.431584915917	1697.8986765432023	8354.48921116975	6.747422142141846
?	580.681361206686	1411.3112939722457	84.668056656008	-84.92547027580913	1377.6321666364456	12010.748834110986	2303.542306152681	7667.484623282671	19.65016370580983
?	488.376269972493	-8100.973606793848	79.3563994426827	-126.1928893229761	1033.986500366428	-6882.155262023745	2081.2729077073345	-4358.137224280978	17.539798516518704
?	175.63268086699503	-6501.185244432843	78.35841218985922	-130.56026138280987	1033.5244035352596	-10798.278296781316	2085.6354449386326	-3184.4839528956322	4.824699406475606
?	163.31700775085196	-465.05706687275216	72.82838637354223	-163.13325230121194	494.07258552736397	-12720.08415214108	1922.0487100625535	-4424.093272463958	9.18838033529998
?	152.3798275233575	-187.33839249330637	70.20174957479865	-38.826146225155604	397.52019592820784	-908.4809661119491	1864.4307813154355	-1437.0475294651992	6.80760143810663
?	153.95008812618667	-76.26038153573317	70.88707906228446	43.87896869990088	448.6485372217667	4411.742523184876	1850.1963335892938	-3503.5755012547074	8.99892499623809
?	148.56680844657086	-114.23019160139957	72.39569800979369	59.85479004550221	618.1073220874508	4108.307946204155	1689.2520062527008	-4659.171157785188	12.594050501447104
?	148.2385785461167	-17.94800364850125	73.87981856455956	3.7545440687458287	654.0639345319737	751.1771143231889	1617.2377757000352	-275.7139010627462	17.830964086233127
?	147.6694082641458	20.877840781836387	72.58342521323098	-57.74602424411021	655.6661778036101	-894.2269796669289	1675.4663111995635	2200.5236770877705	17.51577074364237
?	149.28247058520853	-67.80219228624982	70.99251735235406	-58.89580433813129	609.3525855486274	-4754.800741200661	1727.2639595544233	635.9563333453139	10.842811915428861
?	144.27929864983332	-279.3258042534903	69.63863499632443	-24.72358424744849	417.92614074357795	-3911.8175876904356	1707.264127866829	-555.6638450161628	12.203176082014995
?	135.31618037253406	-350.9734684320092	69.75633813998164	2.194237894933061	413.76170616410633	-340.8562550045338	1699.4807673036153	-4084.4372201810947	8.625663702874101
?	126.73062522823292	-159.0946750260494	69.74834689107108	-0.8257956795716865	400.8833279933513	-529.1069515156547	1503.042266857775	-6307.677428542502	12.654438793975995
?	127.36144662123162	-159.6143897818621	69.71504835600305	-109.83801733899962	387.3063585883237	-1358.6857159401839	1384.0968958764913	5912.993532653916	15.869937588789218
?	118.74990573913985	-151.09799489538798	64.25644602412112	-93.74290900469451	332.94904219634236	2794.9146158780304	1798.6919434904698	9438.122471539902	-1
?	119.80654687646225	63.168076566691354	65.02790290576834	173.16599437529112	527.0520893822247	1387.6071400906305	1856.0030194534847	-3597.267368842621	9.722110041200876
?	121.9083095674744	-16.913521430137227	72.91474574288564	97.40193939929276	402.32939920087364	-3497.796293380029	1618.8285750483394	-1921.9361675545292	14.42972689243211
?	118.96087080495539	-62.93121799926262	69.89799987573296	-246.54340038193527	352.1622747132239	22060.35027166149	1759.9062110757586	24945.1158905487	14.044190963074259
?	118.76174866751128	-2399.2174160991162	60.58757572378892	-255.08986193657967	1505.3469127839442	15472.272771598406	2866.08436957577	13527.799670201304	-1
?	-1	566.7723348683055	57.143506778904026	15.440597417450787	1125.7759132931415	-17195.342789501206	2436.2961945858215	-9948.794402199335	-1
?	147.10036541092646	2496.5284233826746	61.35960559466146	107.87213612446872	645.579773308887	-8242.900382424696	2368.644649465805	-6925.466294766672	-1
?	123.8264211691333	-599.2494691797224	62.53711358512744	124.83661220402313	713.6308941719082	988.002513378566	2090.022879847489	-11845.009729399118	-1
?	117.13789195194045	8674.795437047029	67.6014362048626	390.48780550444997	694.9798989778151	7253.230716338927	1776.394162995851	131.6742461529434	-6.198614876602058
?	557.5661930214832	8711.011786974845	82.06150386034987	179.9517127286427	1076.2924299888532	5433.508504280558	2096.6065921551362	-2796.283454721926	2.111515892058683
?	552.6884813006889	-84.98758612018825	76.59902184129486	-200.37887545031253	966.6553241918468	389.8003477659167	1636.5799902597528	-6408.93425238592	2.2965583322980385
?	553.3168137154737	-1016.8119799416437	72.0425600878341	-170.373439746986	1095.7824473771493	964.305689462726	1776.1598795358357	1830.7560366039584	4.217303720412553
?	501.84788230360596	-7807.88456443856	68.08034985394544	108.9778939974518	1014.8706086649838	-11685.208450374077	1728.117792089952	-704.7138475464944	-3.054121480144627
?	162.92258549354014	-6907.094600037511	77.49145478770677	134.72239563002384	511.5220248584372	-8962.301396648967	1740.9241871585104	50.150401824666204	10.589251680637817
?	156.4931523017255	-163.08765932842954	74.81646963544672	-120.35672428887125	566.755538832529	2534.1538668474473	1730.6253121811853	-4276.138367312617	10.449047385416588
?	154.76820252711855	-74.51204125397233	71.47361857326312	-50.82431659575049	638.2297182008114	-1543.0526416026098	1527.1172687928765	1056.235055646333	7.3536933889174225
?	152.76755023902683	-290.5855735221739	72.27525380565916	53.78776233721291	489.6029067523975	-4964.279173220475	1783.4370649635027	9559.412290827264	10.41456007477424
?	140.23892385100964	-514.5765275647638	74.16300669012381	-25.332984279361238	390.0157595397841	-2034.4661061618337	2005.0878833342465	1539.787016145502	13.009333977311888
?	127.03872386078828	-346.17705377944833	71.00860459169108	-86.99942041580773	387.87960144430434	335.00993310889476	1860.426415770779	-4006.3415635932165	12.352606355923436
?	122.93007116203698	-154.17236623462068	69.81303566933336	52.174544057907156	406.76625619522906	2915.443334856589	1804.7708051545828	-2775.2598430716275	6.300560718720881
?	119.33010554905714	-200.2968283848503	73.61733179458648	48.609191118775236	533.6517681871359	3487.979407258513	1721.6634236171956	-1667.8506346646727	5.439746537300307
?	112.91522974279432	-197.4431339560792	72.24349522527216	-32.94817592682459	581.1652265581572	28.89797205574	1721.378273421348	353.9813716305839	7.638385803775046
?	109.45794885125304	-47.40912378414453	71.96992299824522	-95.97360197283314	535.0966667899229	-1518.9060667976275	1739.362492198725	1461.1510674161875	9.77542043978976
?	110.54477355358706	150.05404993209524	67.44481512663043	-163.96260864876461	505.21992321827474	617.2071131522879	1794.4358267921584	7539.674906278166	7.242225406685031
?	116.9606513478579	675.4367066886133	63.77179256580688	5.548001704960291	565.9570224475377	-3352.6697400306193	2116.3462375126387	3612.2442279745824	-1
?	144.3166088880182	563.7535029593018	67.72221521187845	-23.44391779076654	337.5864362167414	8130.773021208288	1975.04803819089	4507.138510896957	11.949125415212553
?	145.1483264958234	-2906.332177760323	62.59959667626853	-147.76184798923867	972.4956735079579	25624.90829581542	2341.7031630574897	15159.897023200469	8.366328069293896
?	-1	-2922.966529916426	60.33412281241641	-86.02750343155057	1618.8318510075305	16946.244294031698	2733.0428893509243	11615.694075013014	-1
?	-1	0	58.29822150469094	-94.20243736682204	1819.807888209555	1523.4600451897825	2922.4878668081487	2906.968033485077	-1
?	-1	2925.248587072874	55.62400094407524	183.61742656936053	1695.0048532670207	-29881.0648916937	2878.39129102518	-15264.331789517775	-1
?	145.26242935364579	2937.8457956528264	67.4790928331591	329.412769027453	325.7546436248487	-27841.351765851858	2159.271277332249	-15750.05882402474	15.682999328808725
?	145.89228978264342	14.84715836362547	72.09463939544813	-13.553686966676345	302.93726497440804	-37.77893345371754	2090.888349823932	-812.1906734073739	15.3971090177137
?	146.00478727182707	-93.05368932588901	66.80140848482527	-213.7993139735442	323.8656969521628	32095.862407310968	2118.66174366188	14813.332448349982	14.896636078790346
?	141.2396053163489	-2940.0957454365	61.404673696770764	-86.73261603313596	1907.7303853399792	36468.26902050847	2831.5549722414416	14143.03437296362	-1
?	-1	-2844.7921063269378	62.464777683168414	-9.163377222226087	2147.2791479776124	-1247.4109669270142	2825.813462310071	-1136.418580813399	-1
?	-1	0	60.946504835659454	-191.8200082291845	1845.3598369936276	-11224.659209533229	2774.734043200771	-4742.184157142434	-1
?	-1	0	52.87377727170905	-216.57916598593224	1586.046187500943	-10859.07603306402	2588.704254452946	-10176.955569320608	-1
?	-1	0	50.11754653636269	-24.548079890264994	1302.4060353404188	-7243.775450236105	2265.8862647347332	-8896.548402456892	-1
?	-1	0	51.646373277195785	27.66506725933485	1223.8574149891326	-4888.904846970539	2143.876834330095	-656.7394093816527	-1
?	-1	0	51.50079989932945	-85.3867001041727	1057.9607929918884	-11368.406349427818	2233.04929426565	-4998.986304777724	-1
?	-1	2816.92392413003	47.37703827198709	63.93671149440644	655.4370975177336	-1437.1677196908104	1893.927519091205	-2374.675263422744	-1
?	139.84619620650352	2949.0641445562433	54.69763547404982	490.86406888747047	986.1024070073469	-3898.7085907475866	2114.3155310945112	-1033.6482431530192	-1
?	146.45320722781426	72.40678348900826	71.92024171636096	229.6015797143771	460.5016679803515	-10869.150744491064	1842.2451069335534	-723.5837500159312	9.651672074422788
?	143.46653538095399	-2949.0641445562433	66.17771445976884	-277.1273722312549	442.6448697827859	1145.0921854512599	2078.136343593714	6230.9004729911	10.277126696972076
?	-1	1338.7712619230663	58.06387310479802	-257.3550373174172	517.7562772529153	17359.226420427596	2153.790130583113	1723.8363910699745	-1
?	210.40509847710825	3826.775465069911	53.309962593897794	355.8123497611522	1310.6061908041781	-2180.244227582278	2164.328163147214	-11844.360398172152	-1
?	190.3387732534983	-612.3605297576601	75.85449059285588	501.8423148383539	408.74406587379985	-17905.74921336219	1561.5721106744968	-15968.448011085553	14.083260151128954
?	179.7870719892248	-372.3750972410043	78.40207833581584	-72.77801210781557	415.3187301360561	1645.739127616909	1365.9057625929252	-2323.9107846092734	20.587665952185567
?	171.7200183914478	-506.0478479927942	72.21558998746505	-228.33305764781858	491.0310222546465	3899.968129180234	1445.3765714440315	13202.795509368429	12.95166167898672
?	154.48467958958474	-209.99927262999492	66.98542545342475	-39.90149939895957	610.3171365950706	2244.2044286943815	2026.045538061356	13956.804702071151	6.036055354071063
?	161.2200547599479	-122.21262186637998	70.22051501751704	60.52186278934442	603.2412436893671	-3487.1190375209603	2143.216806547599	-8835.887470092095	15.438352574361115
?	148.37404849626566	-385.73107524686145	70.01151859289202	3.1535842233057116	435.9611847190201	-2030.2668560548723	1584.251164556745	3034.8710674363906	11.416400174827888
?	141.93350099760457	-156.17998399766697	70.37819422868233	46.8922367676159	501.7279008866221	-1057.7921959277567	2294.9603599194206	-13670.384476416759	6.162035943729928
?	140.5650492963822	-165.1298208667162	72.35613043127285	1.1715635581421513	383.0715749226315	-1512.2290200911357	900.7319407358973	-25812.26204155113	14.641277822229142
?	133.67700995426864	632.5200972080985	70.43677240658944	52.09031589930146	426.1164498820642	1960.4846856493014	1004.3472578418457	18101.578985253644	12.1636667649699
?	172.19105415678757	1084.2698819538032	74.96064622623796	29.565268170758976	481.09580920509796	641.4672580832371	1805.8108899985923	21936.05633938036	6.716272349611233
?	187.89050405195957	220.29657365783038	71.91503581512741	-268.3020386016584	458.1898127862265	4237.310406007664	2101.1500748108792	4918.212570905028	8.117483946784217
?	183.20588283967925	129.25643014563988	61.545544296154844	-210.75440246223138	692.9613295054842	15497.651216711798	2051.721518543847	2263.511030148615	-1
?	194.35332555924165	115.40802296702516	61.37731569201569	165.90731489843384	1233.0723736218274	-6831.457108861646	2214.3256263183116	-885.7602497773006	4.968413728990669
?	188.9762839880306	-496.17628257584477	69.84091004107665	201.29447260216904	351.38847406239705	-18016.565939391105	2007.4335060549815	-1931.988064399429	9.5185648808957
?	169.54451143044906	-944.1474151393239	71.44203932212429	-84.48271936289751	332.2440766522594	-756.9267124325012	2117.726223098339	1949.4637192893874	6.377115256635724
?	141.76891323106372	-422.65519480929663	65.61677407293172	-44.60159853986959	313.54213844077145	615.823924506864	2104.9066920194523	-2875.8243761003177	6.259197484509128
?	148.41175168998393	448.17711097884785	69.21195939513078	135.7639843218056	363.03527287760306	2442.3424852776184	1973.9350042933208	-2322.984113281926	11.694350557551445
?	164.17776878000643	682.8561920734381	72.4049732890221	133.7440682919823	435.6592627046541	909.3662709953044	1988.7574863553543	376.7275314923555	11.778439088466502
?	182.55456129365632	484.5700740369227	75.89916280972999	-116.24686554477825	408.50358642736893	560.4565616255104	1992.771380867939	-1414.8253589944152	13.420248624558685
?	188.4062724818529	-3671.091225873074	66.5926300117831	-354.45211051135993	463.68209078593003	1721.8463406982191	1918.0162184056326	-877.4279817985473	12.400920867864219
?	-1	3893.1973159215377	58.17655728416174	89.94824699147259	494.5959034622811	2091.8499219080545	1948.899981778011	-7036.764636840235	-1
?	383.06613827793257	2860.5822842812145	71.0900423613568	135.30473983982736	568.2745868813342	1292.186688320181	1566.1779865636158	-6075.732078531232	2.9328217253860847
?	142.02911421406276	-7681.322765558542	64.9417942761532	-268.9116330524655	559.2052378782911	1176.0250391101627	1645.113377851445	5491.289362803203	5.319190474808931
?	-1	49.57374155214652	57.64446070873333	63.036955165654504	627.0758388368432	-2644.3465660786737	1840.74245470378	5454.1310518816545	-1
?	144.50780129167012	2584.9998974377795	68.09364203443597	136.82908832477457	426.9879095743555	-4570.9183715787185	1917.8199304455316	2419.669826067877	8.965116301133715
?	128.2499948718908	-2910.156025833361	64.48591512497215	-224.88504360922911	398.52992025790405	7368.806021757338	1961.7259460071755	7867.267502935517	7.433130122576271
?	-1	411.77461324673897	56.84938985397436	-31.89248872458461	795.4282106622277	6098.362496141695	2311.183305592313	3012.3031698163168	-1
?	148.83872553422805	2605.8319217585363	62.8912906887429	219.94327198381427	703.4480450649932	-8641.137522437346	2112.3411044979935	-8021.759993896344	-1
?	129.29159608792867	-583.0852163093499	67.84655345316523	134.81417950629415	363.37133454035427	-5181.287118754787	1910.09530589749	-11.892279884868744	12.91137204548549
?	119.68446471876014	38.75878521111646	69.6319996640577	89.91737698609981	444.38368912725014	307.478277008935	2111.74649050375	-5871.1522959393715	15.452569625028596
?	131.22953534848452	410.391162212082	72.34242230247028	83.96205384233178	378.74524839080124	-2520.783615199098	1616.5376911005173	1812.0675392127866	15.695470178943946
?	140.20402282936453	52.353709384205835	73.83010235617435	-173.397228598785	318.34450836729343	-638.770662660695	2202.3498674643906	12206.617833631235	17.329140550770305
?	133.84722081769485	-110.29077281581593	63.67256087253091	-70.17644069886998	346.80671525776603	-554.2414588827684	2226.8685827820877	-1064.1432804534209	8.329372603184712
?	134.68948418857366	252.84671421654122	70.3212803212308	230.32136280436802	290.6324354231546	1241.1232052171003	2149.142703441719	-11363.668474909507	15.467309634872823
?	146.4895565285221	532.9843835029872	75.18862901274947	205.32706759951813	408.86287551862193	4148.981297585675	1658.6851590366043	-19404.96698967455	11.378121423849294
?	161.3387033637234	90.01200384824742	80.58763370120686	-6.63925783082893	498.0815003024413	1759.3402892110475	1178.8943539579775	-10098.40586563181	16.686435704844147
?	150.99015672093452	-204.09220202038222	74.85666612120802	-200.7547718464869	496.82988997917556	152.56719315290536	1153.7648657550067	5856.445881642642	11.279963955218674
?	151.13409326270414	300.3407437608243	70.54989510888237	87.47870599187839	505.7098599600867	266.95126673425835	1471.7166480401138	12290.764178408746	7.788609182584828
?	166.00719390897595	342.62459748623166	79.230601420802	117.27010268606482	510.17745331588867	999.4666893774257	1768.3030746754528	4681.033703470882	17.16125378135906
?	168.26532313701597	220.60903740482757	76.41340024318569	-82.19311961221987	555.6831944289587	2165.776214550941	1705.7683332136612	-5304.851347521	15.682705768777208
?	177.03764577921748	138.98556478400084	75.12094544019095	-164.76321576405832	618.4662640434373	2557.5713685067194	1503.060507299399	-7261.985445204629	11.463794627341695
?	175.2146013762161	-908.2009807065675	68.17523945498266	-175.10682291589467	683.5617628542965	406.36133819647614	1342.6690609534246	-4501.897479980107	3.3956014297116526
?	131.62759674388846	-1043.2449443733149	66.36560429439609	50.69209999808847	638.7843309532614	-4336.088809942591	1277.9656333003904	1867.567448573596	4.511548405842425
?	123.05235415754963	-2652.5519348777316	70.70984445488712	62.54865723291683	466.75732235716384	-3815.272851618661	1436.0474333821057	2984.8368163262817	2.9175833092286103
?	-1	482.2129485020221	69.49303715604198	29.782985148061844	448.0206883723256	917.2873198130884	1427.2074741167066	4700.705330713869	-4.784828550193335
?	147.16300158265108	3057.82697609694	72.19899371229023	39.308982648365436	512.6216883478189	-1017.3632218756362	1671.0826999178025	9760.934503622928	9.490666828066965
?	151.89134880484917	-61.52734545514276	71.45848628846028	-222.63674625677564	397.15252727854306	-2315.2208870326126	1915.25419929786	9445.615769313738	11.457982637585193
?	144.0866343098939	-3057.82697609694	61.06715639945129	-214.84142000856744	396.86064399618664	14033.554259069895	2143.363488383496	14842.537628432763	-1
?	-1	760.5319261363911	60.716415288031754	240.27156816706935	1098.8302402320478	120.37667505868797	2657.3810807195086	79.98230205728646	-1
?	182.113230616714	3429.848590196914	73.08073480780493	96.29122972662009	402.8794777491211	-15213.722888068605	2147.3626034863605	-9740.047787008523	10.19253197989089
?	170.49242950984814	-129.20634648256097	65.53097677436283	-361.16551385002055	338.14409582860674	-1352.8093982202608	2170.3786913690756	-157.76486552715826	10.222678860987639
?	175.65291329258585	-292.51379681908	55.02245911530365	-112.80672169837526	335.2390078381071	-162.82919260684704	2139.4743602100025	891.6180602125006	-1
?	155.86673966889393	-849.2024605125822	59.890640689443984	240.8328561995333	330.00263619826427	195.35988200025434	2214.9595943797012	-2177.8612086412077	11.089356354340447
?	133.19279026695614	-592.9787680233259	67.06410192528048	77.58357240069702	345.00700193811997	2827.3601112794595	2030.5812997779406	-5979.172209293381	10.822259802753218
?	126.21780126772721	-44.389665732571125	63.76981930947889	46.50358322132964	471.37064176223925	1974.3334595495985	1916.000983915028	-15509.764064596176	-1
?	130.97330698032755	-45.68708309037553	69.389281086347	106.11812820038514	443.7236749156013	-714.824897548997	1255.0930965481207	-20172.397632351163	20.896265274355024
?	123.9334471132084	-120.1941223310186	69.07572571949822	11.642601375433918	435.6293968847889	-1085.7597142159027	907.3811022974555	-8879.76809851116	16.51649311096943
?	124.96360086377653	12.175613257843564	69.9714111551187	-23.71860996270465	389.4356892048054	-1257.1331989004832	811.1046916225564	-2247.718792795406	19.12740935928992
?	124.54222777610059	3.009401596298133	67.88979522136297	-289.28865224019717	372.77273693976383	7380.124891924922	794.9951626576836	26529.698633720567	17.615880692079795
?	125.11407094359144	-2510.844555521976	55.50697854310864	-296.88948047614537	758.4419338010567	8281.349557605567	2137.5896233086037	19341.100665044632	-1
?	-1	-2522.281418871793	53.045321197555495	-48.86006625463013	786.840214820048	-3249.8514280897475	1762.050195909929	-5398.483729894448	-1
?	-1	0	53.063975230377096	-70.71615572666643	595.949362396567	6328.652993827064	1867.6654368138775	6206.310885326728	-1
?	-1	0	49.50951341122212	-180.80943730585204	1103.2728645114057	11439.91759516348	2072.36574017627	4923.9844071546695	-1
?	-1	3140.023241422754	44.023503365084366	270.8491881303747	1167.9452421547492	-11991.823365656175	2113.8646571716145	3518.209547782667	-1
?	156.00116207113993	2904.5784362819245	63.05197281774105	551.2365691805381	503.68169622858846	-15698.965563118727	2248.2762175654057	-2743.3098984069757	10.175520283407831
?	144.2289218140983	-62.74668325179018	71.58533182411166	154.8606405229932	382.99696399880173	-2513.601256594927	1976.6991622512637	-13492.802637591722	15.838863794168574
?	152.86382790855038	-52.13094358597897	70.79500484389082	-222.01860886485431	378.00163339884034	947.679182470355	1573.63608568581	67.53954138461626	15.882975354582381
?	141.6223746347993	163.54209727262622	60.48440138086879	-183.36133718476867	430.38092312232016	8247.447876616614	1980.0761393204946	4103.181791106382	10.902352542893315
?	161.0409327721818	99.03010290335517	61.62693798465226	247.84557959644917	790.3740272296769	1133.8088202753975	1778.795175241132	-8604.56578459687	4.067886992312554
?	146.57387977996714	-392.5294692996961	72.87668036069142	229.043467148892	487.07136413609084	-6613.86564377258	1549.847850090645	-676.041497552996	7.7780028932729905
?	141.41445930719672	-175.38405920137427	73.07911134209702	-185.82021607958444	459.6807450410432	2991.738696896243	1744.9931003634817	9449.166513196213	14.323757048876114
?	137.8046768198983	-2848.289186143894	63.58566955671207	-321.83979136727527	636.6582989809051	2818.8849704806407	2022.3061757504622	8928.59880024284	11.939524723832255
?	-1	-137.19476092593627	56.98712177373303	85.62435695112902	600.6249935650773	-3739.514424476189	2191.42304037563	-4713.782855125897	-1
?	130.9449387736014	2335.881640269444	67.86688740426858	296.0085127205595	449.682577757093	-1861.731224176252	1786.617032994164	-8344.29118891354	3.5484397701147024
?	115.79408201347385	-405.4127247143935	71.78754740976122	-6.968456179907222	507.53843235626334	1692.6023920235716	1774.2084809299472	-3528.491666870159	10.90139057416073
?	110.67430253788143	-194.76115654306832	67.51846459527322	-168.2614792668183	534.3126973582728	-1014.4770465274738	1610.1924496506535	-4581.3100167912835	8.300601661514671
?	106.0560241863203	-247.8944805598515	63.37447344642018	-193.82109629523023	456.81458002988893	-2034.0997978853131	1545.1429800903798	952.2599264554311	-1
?	98.27957850988868	-2141.1204837263754	57.827409780511566	-210.13085066650703	432.60770746400567	774.0600301588055	1657.8054459734258	4060.5243475622106	-1
?	-1	-1985.5915701977453	52.86793091309468	-101.66377364582698	495.51758153782976	3040.98779971403	1748.1691974684932	5503.591287310632	-1
?	-1	2907.345752642412	52.744221098220144	108.94778559885994	584.6570974497093	5659.166568455143	1932.9850103389613	6132.819407235378	-1
?	144.36728763212267	3356.541796931985	58.315320193037756	250.0122356142711	778.4759099605909	-1267.9568560637497	2054.8101678302664	-1436.4237509012423	-1
?	166.82708984660164	437.39717972512216	65.24483287893388	62.51865008733812	521.259254646521	-412.96799027114145	1861.1638227938981	1779.289571353131	-1
?	166.2371466183791	30.28096733752889	61.44125269740471	109.16643268136413	757.8275104470336	7080.659508527177	2143.7746463979242	8702.413017947347	-1
?	168.3411382134781	195.8281510061534	70.70315451300216	304.99028516950796	875.2922300728849	-5591.140334123089	2296.2844736912716	-2137.850011680154	6.417890336213206
?	176.0285541686869	-308.99782552487255	76.69076695588032	101.49789317704914	478.2704937408751	-8183.236035161878	2036.882145813915	-9781.870006584197	8.329062610988888
?	152.89124693723426	-246.53819407510403	75.77804917185469	-41.05785418343258	466.13042831478515	426.3872730346198	1807.1909733620548	-9752.483739609741	5.649874846435936
?	163.70164446493152	357.1651037322761	74.63787424670866	125.45706852413723	499.5898573926064	5546.964523579589	1549.257958833421	-5226.589787612746	3.2604194131841964
?	170.74950212384832	78.11466547006037	82.05090259806164	90.15517394379586	743.4786544937685	4148.85934021276	1545.8614839814138	2513.467118102358	8.065237969853836
?	167.6073777384346	-114.42469686961951	79.14563294389852	-76.6368269621589	707.0328244032473	-4954.516612397861	1674.9313147385408	2243.8409919668447	8.814286812968375
?	165.02826728036726	-53.43589675671448	78.21906124995364	-41.381776807033624	495.752823873872	-6394.013184196831	1658.0535335797576	-111.97665336093746	9.300710207467827
?	164.93558290059883	131.5845418807349	77.07654410354681	15.178344258888002	387.33216519340124	-1911.4454048318012	1669.3324820704938	432.666619222103	15.762280562946705
?	171.6074943744041	465.11372791636654	78.97797846289805	89.90433151870562	400.1805536322806	3153.749231669647	1679.686864540863	-9538.147418503537	15.139584182901782
?	188.1912692964175	638.356247685835	81.57176067948215	31.941554174256453	545.0196267768858	2485.22506947937	1192.4251111453102	-10928.58017380035	12.825515740774872
?	203.5253067586963	649.2421443837906	80.5750561716109	-35.15675847358729	524.4418071062509	1630.9738659040245	1133.2578558508378	4508.358606741372	13.329195507457992
?	220.65337651560748	595.3236697426526	79.81392275580276	-84.75114939002388	626.5683200720882	3332.852948289008	1417.843041482382	21439.026678920054	12.012888627056123
?	233.29149024582935	-531.0488191068275	76.33749870210964	-188.10061426911705	691.0844545207036	457.73028690691297	2205.2091897968558	10449.21302767923	10.611289342860639
?	194.10093556026573	-1608.0930728527492	70.40889204234678	-135.55385760952197	649.4548344174342	-4038.420106494106	1940.303692866351	-6628.270466460072	6.038701930786707
?	152.88683660319074	-723.445105519051	69.55980582163345	-42.30098898808816	489.16344919599544	-3474.953617806513	1873.7956664738474	1314.377768255899	6.025873547945
?	157.92868028431266	406.60799563537796	68.29384259294234	132.9841627832276	475.7071535271061	-1631.9669343422556	2006.0225812791468	-1613.840774171808	3.6347486545386607
?	173.21723638495993	-84.26387487909489	76.20901396079492	134.86739163288271	407.5651024788815	-2124.0466509990524	1793.1036277652559	-5026.216740978722	13.185610253863349
?	153.71548654035786	-682.7779840103023	75.03721217458657	2.004582744392252	369.50482097715195	-1144.2181520806032	1754.7117442302072	1394.6263723857903	5.454824067655726
?	139.07833718444434	-414.3035062679903	76.30924309801453	-45.684564954392705	350.3541948748505	576.9481545585504	1862.8349463845464	5761.429709206941	12.218422464551706
?	133.00031122695805	-2801.566743688847	72.7529839268669	-329.90114132591276	398.3522287050799	1828.5671296452224	2042.7832296905583	2907.073657570854	9.939517888190865
?	-1	1246.8066811149429	59.81418603171866	-318.5484205083745	441.78255135711294	1804.8331244447074	2008.1886292630911	-4096.0969431655585	-1
?	195.34064528270608	4120.145220329381	56.82556290144795	394.05546377104577	488.59388492731654	3333.6728950023567	1837.9783825322775	-16158.739304800736	-1
?	205.007261016472	420.68914765782466	79.51695922027123	540.7685173512596	608.4661961072332	3325.7259493532747	1200.2516640230428	-5991.9838306231995	12.773100386003934
?	216.3751026655976	56.80848688648301	83.86398876901131	-59.24692169507098	654.8801823949826	-731.2478964785565	1538.3791910011132	5525.089750717933	18.449318348137474
?	207.8476853607962	-468.4308119895771	76.55461313551764	-266.85273020271	571.9038012833048	-3761.4237796366956	1476.5061515589434	-2062.924095613119	8.879707336436677
?	192.95356206611842	-680.8562828026032	70.52135225887562	-145.4076831669146	466.8089934131452	-4470.45288906196	1435.2329862204558	3535.793671263841	6.876796676435324
?	173.80487122066555	-497.4533076326012	69.28422897717181	16.971123528565826	348.3811568302036	-2580.267174326304	1653.295835122138	6715.3895222838855	9.45173019393682
?	168.080896684488	-76.52697284759317	71.36990843530393	89.3510458796324	337.79563469682813	-85.7230733510959	1771.0024623346549	1675.9880593693003	15.528559339324886
?	169.97852257828583	261.13918619103544	73.75178127115349	65.7549691971902	344.09500316264877	631.2006291786578	1737.0952380906042	-1649.3595235713285	19.30360210774736
?	181.13785599403997	658.005337241128	74.65765689516348	-36.11579366443897	369.35566615576147	1211.4113890682515	1688.5344861560873	-2643.6027223724464	16.32333086087153
?	202.8787894403427	-585.250577872039	71.94599158793152	-180.52771135509033	404.6655726160622	2956.591353954781	1604.91510197198	-4602.708303099401	12.886379767389613
?	151.8753271004376	-1272.303932438241	65.63127132740884	-71.84277967168367	517.1852338535026	3089.4812768689035	1458.399071001114	-398.87917888900915	-1
?	139.26359281842974	1024.1763040216388	68.35385260434728	-60.61058088641658	559.1396364595096	1367.4357153132894	1584.9711430275293	5154.920929126014	11.310000839378633
?	203.08414230152027	8488.396038344981	62.60074228308797	-243.76101375782605	585.557019619168	202.53692436923242	1716.1451174574183	2622.7805748106666	-1
?	563.6833947356848	-4081.6828460303473	56.165801916455806	-218.90223787809208	569.2664826779713	4865.744367655815	1716.1101717680644	4372.254732046478	-1
?	-1	-11293.667894713537	51.65563038918321	-105.41883922343565	828.8442380019623	-144.15417408232338	1934.7578540597453	140.85525729322654	-1
?	-1	0	50.89485995528395	7.523392248908358	562.0587739738551	603.9515985166969	1723.1529346327259	-3645.324985063565	-1
?	-1	3795.9324176319583	52.03180000162863	509.21364336990297	859.0418179277975	-758.1886652159352	1752.4916048065645	-245.33809798324106	-1
?	188.7966208816006	3355.3272572468222	76.35554212377946	466.538797727406	524.1493407130578	-8949.731705743068	1710.8860297335636	-33.26809801151237	10.312691304390643
?	166.7663628623435	-3795.932417632093	75.35873988799926	-220.5583143835399	411.5552326406377	10939.535382824786	1750.8281999059889	16998.931742655812	7.541648251736504
?	-1	550.9561535080929	65.3276264046027	-84.04753500950443	1071.1261098542855	8564.582074248669	2560.832616866336	7943.8953013419	5.958957826350982
?	194.31417053774854	3659.424163971029	71.15636313752398	253.87049484712443	839.7843363530773	-13075.847554667671	2148.0229649730895	-15201.433045624552	9.370641708730094
?	181.97120819855405	-525.3454931545274	78.0211511469591	-89.49346981154251	417.33373212089265	3928.793782299964	1800.7609645850978	6720.088740433453	12.56316866761183
?	168.0468958800218	-3659.424163971029	66.6816896469468	-310.11760893331285	1036.2240254680783	21007.148133718252	2484.027401994767	18296.972514344114	3.498837687084175
?	-1	417.0655322143606	62.515270700293236	-74.10192109177154	1467.6911388068202	6530.509939245847	2715.6095903023165	-2175.265388545182	-1
?	188.90017249074012	3521.0844975392056	62.976593592358164	303.4943260297548	1362.7495224303752	-19112.016145292626	2375.2641325675063	-31804.094504352255	5.271536234615477
?	175.0542248769628	-629.5206553268049	77.68998700178119	326.973265217942	512.0903315421754	-15240.680182674736	1125.4048650846812	-21533.17387734318	12.447009727572151
?	157.42413972439942	-727.66662494763	79.3252568532555	11.29580958401375	600.7155132966276	936.9433420604972	1298.6054387003321	8346.98486255584	13.303718215601055
?	138.67089362958077	-654.4368448256377	78.25477748098189	-167.01680254062825	558.9374986452009	-2049.1824049264064	1542.7541082124792	4196.625579545843	8.118501656969388
?	124.70229748311708	-471.49326607408494	70.97441672622396	-239.34910474859322	498.2563930503058	-1125.8841256678932	1508.4367176776273	-1187.3931613736627	5.5753981257003735
?	115.09623032587619	171.02873224150767	66.28732224355206	28.131885048758132	502.64329236180544	-661.1232496345346	1483.3844501437952	470.6950311096376	-1
?	133.25373409519258	804.155137036511	72.38101097866189	188.63993498060228	465.2002305685786	943.5441236946249	1531.9714692331095	-3427.7313420037276	3.8772292579920293
?	155.3039871777023	965.0884746665485	75.7193189925823	84.84088451990736	549.8204985465374	3225.221044904319	1311.9978830436064	10290.502343423832	9.964087474710391
?	181.5081578285207	628.6122426552755	76.62305520465732	38.24113579683629	626.4612828137969	-167.1216886453043	2046.4965864043083	-3229.1795345231544	10.996161631686695
?	186.73459931046654	-321.2131548916909	77.63137578242414	-21.266244474542457	541.464414114272	-1212.3573588021586	1150.5389063174464	-22851.578461349232	15.050925390265714
?	165.44750008393592	-678.079025359749	75.55974298093018	-55.55483331696514	565.8434148736881	-2816.5031846607753	903.9176633368304	7114.868053328118	12.054994839217647
?	152.8306480424786	-667.8535158099393	74.85363411657585	-58.74572677701027	400.63925488123124	-3739.8791089156775	1506.2823089838573	10791.801221110201	11.392161903746029
?	132.0548242934385	-631.224549829763	72.62245664207963	-168.22429213428978	378.84945942790154	194.49483248028352	1443.507724392348	-2370.16093242268	11.385610368939082
?	121.26942055099	436.90324240654496	66.44241950986124	93.21447348282713	410.36399650524555	1355.9291761262773	1387.7742623627216	35.427877901415236	-1
?	153.89998641376604	1561.0349838254538	77.28318031622105	167.563064221729	446.64591823421637	4069.6965444824627	1445.279118287419	-2463.2686636943495	7.002249689840049
?	199.3211697422638	1263.2218477415213	74.82057272094781	-72.00233644769082	613.8488237293716	1896.8404850465881	1264.6108291780024	3398.8649068111426	6.58462262568178
?	217.061078800843	229.4115309456437	73.68306349383646	24.273189475045395	541.4879424865471	-3529.7824141099113	1615.2223636279784	15581.368840896577	10.123593615186184
?	210.79174628954615	-439.97323168164826	76.0342321947001	5.112732024949976	437.3597030238735	-2872.970185295052	2043.6792712228423	6975.671664801335	13.63418568661626
?	195.06241721676028	-659.8609655838195	73.93870009508396	-148.51877961701877	397.8394332217925	-788.2011255466626	1964.0059468680502	-2418.0538644493863	11.435662132907364
?	177.7986980103547	36.30483615994995	68.60829321384905	63.90810140169515	397.9496467465398	788.3752564629118	1922.7765780003713	-6059.435003928875	8.320358738045195
?	196.8776590247578	-46.137073525659304	77.13410516516876	-61.18770154078787	437.25819604493864	385.4797676975036	1661.034196671602	-5658.422159801114	18.126991733262702
?	175.49184433407171	-3957.5531804950997	65.54890813680962	-368.85950745344957	417.2236351314153	4493.071681349487	1639.8554700103116	8027.24606783584	10.377396943514597
?	-1	52.1799938031516	58.69112979249602	55.07922888107551	661.9117801124162	2156.3253425115204	2062.3965000634	7604.789629145158	-1
?	178.10084402422933	3275.8076921220636	68.30286958086343	251.36388172716605	525.0399022569928	-4063.3351293569663	2020.094951467575	300.32764478538894	6.9935544425614795
?	162.7903846061055	-3582.0168804845357	71.2593238788545	-193.56101826791397	458.745023644565	-886.1549668378813	2077.4128823026695	139.0704080887852	5.371722669862364
?	-1	366.1201570735959	58.62481866746759	-223.48259662636048	480.73215391509814	938.7326211904375	2027.0484718720143	-1428.3061162424408	-1
?	181.09639245978556	3385.1388000357792	60.08519404753632	309.37922011549705	505.6816547040875	-229.7794388886338	2005.9975764905464	-7083.120526500092	3.1314855457132715
?	168.25694000179138	-162.18733307665954	74.09377967324267	331.5292489655242	469.2431819706663	616.4723392956936	1672.8924455470046	-9582.419717413477	11.786159994838105
?	172.98702580595247	-20.514843273342926	76.66165649581276	-72.52597569964887	536.5052716688726	-186.7424408541054	1526.8765906198657	-4961.039620026701	15.703878726853329
?	167.23119783812422	-409.0859550252502	70.46748088826017	-103.9496136067333	459.9060599279609	-166.7247393369711	1424.840464545666	-1704.9739501741108	11.621300807355004
?	152.53272805468967	83.52279210469982	71.46417581547603	76.90645504035363	528.169034702024	5000.504970909007	1441.627893111159	14142.705285842525	4.723080203427381
?	171.40733744335927	846.8712584871917	74.3128036402779	51.12104404145397	709.9313084734148	260.34445621907565	2131.9757288378023	9263.298596814802	8.158817846968741
?	194.87629097904986	264.1029367878516	74.02022801754876	-220.38493912994895	541.1862575129779	-1023.2533707786947	1904.7928229519057	-13231.498529865534	10.863119515376626
?	184.61248428275204	-3917.5258195809415	63.2935566837803	-329.92576883928933	658.7686399344793	3122.0725342911246	1470.4008023445163	-6750.671094993359	-1
?	-1	-3712.249685654988	57.52393957558406	-115.54905912723305	697.2898842275364	9434.36583195855	1567.259268202233	10986.133246689064	-1
?	-1	3764.7973052847483	57.51610372741857	22.507266843701892	1130.4869315324136	7762.980881886816	2019.7074646789772	11821.656380304103	-1
?	187.23986526424008	3665.010264545201	58.64930291776917	215.96026338265153	1085.4389283218827	-15929.37055934268	2158.3420872174465	3198.684011468863	-1
?	182.25051322726267	-409.5970785546193	68.3141168965513	184.06924516299037	334.0184035652682	-15013.957484241093	2179.6416652524226	-491.42402557246197	13.498782544637645
?	166.76001133650882	-593.9630544127614	67.85276517591882	-41.74022770026679	334.74105410981736	984.9660889588002	2133.770885938823	-3648.1392700123233	8.779229698234254
?	152.55236050662418	-161.38702358459963	66.22710551153793	125.68254493617351	383.2667080132089	1092.838313543305	1997.2347017518039	-5229.810451931306	7.403987237126297
?	158.69066015727873	323.42553960585116	74.13689242272758	175.581846851043	389.3829697869834	910.6572079717087	1872.280363342254	-374.06830369024567	15.03057856332332
?	168.72363748691697	525.334643242803	75.0061978540902	29.52416033639353	428.799568411795	355.83124848153324	1978.5312865672913	2915.6055431993213	8.48998631774957
?	184.95739231941926	305.23795469809863	75.61310043954728	-310.4247000272731	407.1745322110603	1318.8713820977655	2018.0606405022222	207.35637386579742	12.22522705204209
?	183.98553522182212	-3719.1478463883323	59.484962852726326	-381.4762121546799	494.7431375166842	8790.054282059879	1988.8991052605813	189.64652861972993	-1
?	-1	-3699.7107044363897	56.539289831813015	-102.45719395474336	846.6772463140604	22335.919864423606	2027.5429669332088	8130.548141763746	-1
?	-1	0	54.362103154989086	-133.41691075473486	1611.5391307378802	-374.7392701709865	2395.4265123487744	617.4878151985835	-1
?	-1	0	49.86844429407618	-179.42872071969418	827.9402828055108	-11400.819422786522	2058.4173576931385	-7027.7655471387425	-1
?	-1	3637.8657120216735	45.39066711900425	247.0735572563871	1041.498159598546	953.6649226732108	2044.0382349918323	-3043.2344427306202	-1
?	180.89328560108626	3342.002562349115	62.22212215689571	587.3498787549515	875.623528939172	-13499.42503130757	1906.2556355566053	-2264.130938969242	3.9239239120082736
?	166.10012811745813	-207.46955849321625	74.75816105675224	52.38959079852162	366.52690803315784	-1429.626652606876	1930.8316880433686	6416.704560976868	8.661071585788273
?	170.5198076764253	214.8172910488578	64.84160169682183	-16.074814669774526	804.1421963088272	635.0312640859353	2227.0908636054533	-594.4072929059355	5.7885025121979075
?	176.84099266990117	-132.13135428785773	73.9544203232635	10.479140062982843	398.27847123745505	5420.8265398961275	1901.1113233980714	3903.3501508858435	12.236471303739886
?	163.91323996203232	219.72317172598906	65.36555869997098	-258.19478564241524	1075.1835233036375	30890.092635287852	2422.258371149748	17272.538660407718	6.097397063581607
?	187.82715125620078	389.43808801416156	61.04468104114256	198.36259909890916	1942.7831030018697	-9441.128784053384	2764.7382564184695	-16724.124988740426	-1
?	183.38514436274068	-151.51601837233852	75.28368865491657	364.54882419484824	603.1270841009615	-27582.7540032949	1586.052121712715	-22217.801405211274	13.044494346985761
?	180.25135033758374	-14.36391701014295	79.27212225088523	-102.92661684862362	563.6454028371052	-817.6468611932271	1653.84818615789	2899.979470469561	17.48241229991247
?	182.66694851223352	39.23674156353344	70.13735781248532	-289.4394552130213	562.2447410412996	3032.6514021659295	1731.0510952361951	9615.50678864873	6.2172321953664165
?	182.21318741576044	-307.88773636705986	64.80014949023396	5.6693649559073025	715.2779729454038	-1251.6294466373874	2134.6235255903334	-431.09846451258204	-1
?	167.2725616938803	-1151.3274483491703	70.42082606028069	101.9372545476605	499.6632687094293	-2472.697670237343	1709.4961720105657	-18614.14091799981	7.324954401171632
?	124.64681499830111	-991.3676518604028	69.89701221761706	30.104252210035014	591.6430894335349	2645.09662439401	1203.9164796903297	-1543.66126984121	5.065529217150858
?	117.70417910085946	55.49125936029305	71.92603867078246	140.26878761560198	631.9180999291317	-2203.8038603998025	1632.3131085185041	16311.462338848887	5.589586895895887
?	127.4213779663158	290.2593022992444	76.91045159839726	78.1997297345828	481.4528964135432	-4597.686518092727	2019.4895966327856	7136.26573254988	6.671039000940075
?	132.2171442158219	193.91476371213778	75.83602515751166	-133.54920735590562	402.03377402449206	-2182.303073652858	1989.1263951460032	-3083.5271161487	12.330836099902902
?	137.11711615192283	689.0866129756437	70.23299123060188	-7.858216610560932	372.33774273089875	-442.59156395656356	1865.3132408253484	-10025.536964831685	8.76408860522831
?	166.67147486460456	1081.166776441454	75.4431143269836	212.7724528268136	379.90419582666357	2296.1019835631037	1487.849546904412	-19471.617658224797	9.423422913181213
?	191.1754549739963	546.9244133665742	80.87161387194271	76.25335177935489	487.14284190905556	5794.219600819535	891.7323579140947	-4669.177729247933	17.303727447017074
?	194.01769553293366	-38.505505146625886	79.2557819159514	-49.54649255793968	669.6151758676444	2330.135227114565	1254.390660442012	10727.36458467747	14.131553258553788
?	189.25017971666497	-58.7462922021925	78.3942892440457	-265.4814220269636	603.6496032647855	-303.8548170564584	1428.1005871479758	1430.5592493171232	13.398063342118059
?	191.080380922824	-61.18900334074765	65.98171081460303	-272.24313879108576	654.4224350148213	-117.8140667392137	1325.9186229078691	-3340.174996966155	5.350089607565622
?	186.19072954962755	-721.3488262120444	64.78213230449121	35.05471524605703	597.7588999278247	-2880.7153956789725	1261.0918372996657	-896.8484904044099	2.4976142791093827
?	155.01293961222126	-843.5055163727719	67.73444657690591	-124.61629334904607	510.3866652308706	1276.072294539897	1281.076198387648	15979.297979486282	11.00148839794742
?	144.01545373098836	204.9043604422581	58.55131763703882	-142.9766251088564	661.5625146548205	1398.8433157272102	2060.056736273991	13210.45842181034	-1
?	165.2581576343343	83.4769152975286	60.58561532146299	199.89495787357924	580.3288310172321	-4504.271968402523	1941.5991194781743	-10463.902867542934	3.5842433849048723
?	148.18929949586484	-363.4143606199228	68.54606553071793	227.42907135585685	436.3489162346911	1399.1586675041738	1536.861592896837	4667.217203658931	10.015899717089471
?	147.0874396033379	2689.9185521376203	71.95706888925599	125.42319041843648	650.2867643924418	1448.7310090401693	2174.959979661124	4660.890172966685	12.733178599088216
?	282.6852271027478	1539.5670922132344	74.81722505163984	69.13548518820805	508.7854666867006	-5573.89067080984	1769.9061015451746	-2368.4730635858004	4.605198707626387
?	224.06579421400073	-2795.180015425583	75.41384314866644	8.333623300761014	371.5922308519458	-3550.849004131905	2056.5363264818325	-1745.665510051597	6.220169227218944
?	142.92622633146664	-1656.6286236812894	75.2339062166779	-10.091086828515897	331.2430164801028	41.417558717017165	1682.6228260425935	-18853.58121423111	16.028744880861304
?	141.23436302993508	-66.19214118892407	74.90928880724064	11.259393365047128	373.6631087877967	5351.538911210036	1113.8572657702634	-12692.81665661461	13.477356494551762
?	139.6166192720204	35.48181372506355	75.79687588493026	0.24473502394215182	598.8199620406084	5319.519726420474	1047.981993211854	-4386.490988037682	8.112327585572682
?	143.00845371618828	147.22671383980258	74.92152555843775	-108.72802352784463	639.6390951088242	1591.4331719608074	894.5327163683762	11383.164352675692	4.754064503798718
?	146.97795496401062	332.93977682526287	70.36047470853795	35.25255958955206	678.3916206386499	916.6750144680151	1617.1402108456466	7830.846138324121	-0.6990007823672687
?	159.65544255745166	566.3208065102656	76.68415353791538	187.6774203344782	685.4728458322256	1524.4132290454183	1286.0750232845878	-8712.38476658258	4.435306026042392
?	175.2939952895243	529.7138884865841	79.744345725262	54.42650266469095	754.6122820909219	2783.270532735484	1181.5209725165114	2380.5833825830614	3.317295458205449
?	186.14113698178124	217.83974478417267	79.40547867114996	-24.31661770981486	824.6363724690018	2383.038468680625	1405.1041924137426	20480.987684593863	5.021056068691017
?	186.1859825287331	-232.37018153637916	78.52851483977123	-77.85062835177288	873.7642055249548	-1177.9414010792007	2205.570356746219	16719.740136504868	4.1383877539446265
?	174.52262790496212	-273.2767715516321	75.51294725356127	-16.817307826030447	765.7393024150409	-4961.432440697601	2241.091199238998	-4723.0820795195505	3.934576093527854
?	172.5221439511513	-406.32875022597705	77.6876494484697	-80.0883304519732	625.6925834900712	-780.4298292367937	1969.4162527702383	-1448.3455250847303	6.035065035018927
?	154.20619039366298	-797.8715685064344	71.50853073096255	53.45009249579798	726.7178109532007	1025.3391986681859	2168.6739229847603	-11713.023274941845	1.151758506516066
?	132.628565525829	-1263.0908572338867	80.36015407325964	206.3113912519602	676.9595434234813	-324.65716382068416	1383.7650890231378	-8338.077921024982	6.429525031276574
?	91.05164753196775	5.406869807969124	81.8241002935607	-68.99547693934538	710.4849527621662	-1988.4777091283822	1751.7700269335053	17443.67581158431	4.536230145228105
?	132.89890901622746	1057.3231351036472	76.91038022629232	-157.9001623145314	577.5356579670607	-4477.1458529007405	2255.9488796023657	7252.651871055434	9.705033499076567
?	143.91780428715086	833.5832615564108	73.92909217783402	6.325170629510434	486.627660117126	-1128.7551128407788	2114.402620486282	-8101.893192400365	11.721724766924886
?	174.5780720940486	752.2623136309489	77.22663875776784	73.5641843775762	521.097902325021	3858.3997935460147	1850.8542199823416	-1688.2319133420956	7.554455072102431
?	181.53091996869884	-175.00391893416497	77.60730139671288	-17.52270972227226	679.5476497944295	3978.238400536091	2029.9910248191761	-4593.837613266494	5.972384401966525
?	165.82787614734022	-343.0192314091445	76.35050327165422	40.66983987493102	720.0098223518284	-3181.9898154115804	1621.1623393190137	-11215.811888612901	2.6021306398175854
?	164.37995839824137	511.03654033297073	79.64079339045946	21.95860069440525	520.4481590238482	-4201.577973197829	1469.200430388523	2491.3229262652894	7.662830407998925
?	191.37970316398912	621.3004985375479	77.4484333063745	-6.779293160845345	509.9309236919339	-809.9224497673946	1745.72848563228	11497.0425346919	6.261721586681675
?	195.4449833251192	69.73516149942512	79.30182873241719	17.2222020141874	479.95203653547793	-720.0328084191733	2044.0525571231262	6132.714037502177	12.459215568181701
?	194.86646123896043	-354.08497983116155	78.30954340708388	-29.092848690423395	473.92928327097474	690.4117536861195	2052.364187507393	-3143.0918195796457	11.480004722593929
?	177.74073433356088	-3917.329224779153	77.847186297896	-178.59236001973446	514.4726242197844	827.4498746284083	1886.8979661441417	-2842.8058066854696	4.917989026315131
?	-1	-3574.814686671167	69.37992540609703	-164.91067918723724	515.3017770023957	1522.8875006959731	1910.2238971731176	1662.196075827982	0.8993045222622564
?	-1	3549.561856893624	69.60165233853402	161.31459636865114	590.6169992545841	201.6008224511023	1970.007769935542	-2355.2971615812685	1.4877519446310985
?	176.47809284468372	3401.1022176297147	77.4456552245297	7.519935837601857	525.381818124951	-1473.5424303854707	1792.4590390940525	-5595.243282738436	11.651066045880407
?	169.05511088148816	-3549.561856893624	69.97764913041412	-289.82315738494094	516.9398777353096	-597.5335283090254	1690.2456057986162	-2001.8984378408493	7.59281978357839
?	-1	-62.58381875349382	62.95449735528245	-12.361925355309433	495.5051417094993	1617.6016325838393	1692.3641172020086	-7654.766174258307	-1
?	165.92591994381343	6372.028053729443	69.35955286264864	285.26157784127696	597.8199593645027	3354.683419328728	1307.5072970856954	-11771.093920368208	0.5851459678007115
?	317.60140268647666	4542.695754055025	77.2175762473465	50.64152233696134	663.2393126759381	1520.210200722962	1103.8094211835898	-5115.295860776805	4.681583880633407
?	393.0607076465679	-3229.5991163786734	71.89162897949674	-19.546930095405067	673.8304694006519	1500.5340575155483	1051.7425040468515	-5244.625649153784	1.2247454779605145
?	156.1214468675407	-4589.782150528068	76.24022974257623	22.23724389927153	738.2660155517166	756.2577728912157	841.5781387258969	5529.3605506544045	5.821099379704455
?	163.5716001201612	144.54412510790996	73.00349117446034	-226.17258537746315	711.6433580452132	-2885.266508505358	1328.2105315795757	3470.514534319069	7.462360223765568
?	163.3486531229363	-54.49045443133095	64.93160047370292	20.2145546253368	594.0026901264466	-3041.77130495392	1015.1038654418528	8798.962927400527	-1
?	160.84707739859462	-165.98936739215267	74.01421890572719	260.4683223391302	559.554792797515	-1210.085406956774	1768.1586779496083	13655.448976965323	6.391626896044805
?	155.04918475332855	-391.89254105581665	77.95501659065961	79.41526748174739	533.4984197786071	-2170.5232838821926	1697.8763142901287	-77.97408144799081	11.72338499921967
?	141.2524503458035	-199.67151300856528	77.98498227981462	-74.76039240587745	451.02862860340383	-943.9465850139802	1764.2599738772087	2749.472736430468	3.902654722495991
?	145.06560910290014	254.73853758733904	74.21699697036569	-74.9868393362312	486.3010905279074	-308.76712688647007	1835.349951111654	2141.448384931888	5.220983602246254
?	153.98937722517064	391.24298788269255	74.235640313003	73.3467998416621	435.5902722590801	1933.5415674326553	1871.3323931238046	-5653.5711399493875	7.014137792147585
?	164.62775849703505	399.0718964355551	77.88433696244884	122.61483480717341	582.9781688995415	5172.670871191972	1552.6713941141807	-12099.49158556116	7.087505073494748
?	173.94297204694868	-391.6219397653306	80.36638205336176	-67.81678176143987	694.2238158186824	-1336.6930448021062	1266.357813845738	-4579.24232752421	10.853947455754144
?	145.04666150876824	-1034.5752570818113	74.4934978743768	-143.79703542937415	516.1435166594353	-451.5369648625032	1323.7092777379669	-236.46837387574243	2.412301150632665
?	122.21420919285738	-260.7237357916071	73.17653028189295	98.56772434890418	671.6469675755569	921.3677063255074	1254.5343951519508	2342.732749639284	0.17104381830928891
?	132.0104747191877	-1.806071151760281	79.42188409182208	-10.008643933711738	562.2119019757113	-2519.363063864842	1440.8459152199327	10381.069215655269	6.1699676315280865
?	122.12390563526937	-155.25021480143272	72.67609808520736	-294.7122954969607	545.678814382313	666.9704623416438	1773.5878559347216	6184.851677204354	4.874887380132646
?	124.24796397911595	397.06098688170334	64.68626931697384	-32.203465354675245	595.5604250927939	821.4995780154023	1750.0884990801549	2873.0254983599343	4.609772876601072
?	141.97695497935482	190.5148177568988	71.06592481747357	244.82128381613614	586.7537932830837	-768.218794244422	1917.2391308527203	3048.7617590736113	3.4891548090694
?	133.77370486696103	-409.42376947110563	76.92733350778082	-21.522302105387304	557.1494853805723	-1956.397106664718	1902.5265870338376	-3080.1439616435546	8.628532587855753
?	121.50576650579924	-234.17744886152812	69.98980971220419	-92.20478359501993	488.93393794984644	-1455.5989686424468	1763.2319327705404	-1952.561846725443	1.9787594837079232
?	122.06483242388445	-0.2073275539089507	72.31709432802975	63.45270115384432	484.3695369484489	-467.951427685223	1804.898494697564	2750.2615410654626	12.316421353885698
?	121.4954001281038	-31.546375243816392	73.16244476989645	14.19969375478652	465.53636656558496	-356.73755629269584	1900.7450098238155	265.4400575976623	14.194009965359982
?	120.48751366169361	-19.636973807364203	73.02707901576909	-224.3918189544288	466.53265913381387	-43.943070156897704	1818.1704975774473	-2832.22737831165	14.542457854398998
?	120.51355143773557	135.63027051351617	61.942853822174854	-97.15779010180403	463.33921305774004	2648.329644551718	1759.133640908231	-13124.10140927062	-1
?	127.26902718736952	45.51569153898661	68.16918951067882	152.39728679171702	598.9491413614016	4014.725383029445	1161.965427113907	-7304.901513101305	2.8269910124370368
?	122.78933601468493	-93.54385721405473	69.56271816176081	-142.00451001110505	664.0754822092151	154.830252091897	1393.8885652531606	19296.948184155925	12.497167648829594
?	122.59183432666671	183.0623441127903	61.068964010123466	-201.743750809985	606.6906539659966	233.2896935806401	2126.812836321717	13066.53493840071	-1
?	131.94245322032458	147.7780023109928	59.47553062126142	226.7463579997058	675.7399668882473	1583.8442612893507	2047.2153121732053	-13892.197147547651	-1
?	129.98073444221646	-245.93665518596785	72.40628191010892	178.88396078020537	685.8828670304653	-3455.1479893637757	1432.2029789443245	-9646.756261615432	12.930747754823747
?	119.64562046102601	-356.67518649800576	68.41972866027182	-54.70286083949568	502.98256742005606	-2008.619608391608	1564.877499092427	13403.153878530256	5.349926194316183
?	112.14697511731592	-81.02785795934038	69.6711388681341	83.10782298856277	585.4518866108834	-845.466122284593	2102.360672870847	2473.3634304223656	4.701384280603015
?	115.59422756305894	1008.0810957168784	72.57511980970001	110.48600269634491	460.7092613058258	-1602.5619148837393	1688.545670613547	-5097.126565634517	8.534951326779442
?	162.55102990316055	2160.5514498931625	75.19543900295142	87.18287776443607	505.32379086669533	2968.774457191398	1847.5043445891174	25.75791852713755	4.5831941800458065
?	223.6218000577186	-1149.2881342983223	76.93426369792188	-79.53917003936084	609.1479841653978	832.0200289070915	1689.8335665399038	-3383.855949154201	4.519325632069412
?	105.08662318824362	-2380.000956401278	71.21848050098332	-201.3469972313396	546.9247923120505	-1647.0182463752228	1678.311547131405	818.3699911764754	3.324345095683699
?	104.62175223765298	972.4640047786279	66.86691383635476	6.73605333636478	526.7970718466355	-1111.4146063320131	1730.7520660987282	986.0190975442534	7.023306224883567
?	153.7098234271757	614.5901544657148	71.55528316780156	152.15539508414065	491.35406199544906	-551.3684474259243	1727.6125020086183	1408.8992881420136	4.565786389429766
?	135.35125996093916	-579.6915787626494	74.4746835905619	106.36518021901131	499.2286494753389	3409.5658489868747	1801.1970305058298	-8661.184919824727	6.9278446069975415
?	124.72524448904282	-349.73862591747593	76.8735421787522	-8.63380997898661	661.8323544447952	3372.7459739309597	1294.5532560173758	-8650.943395676199	7.538727964485278
?	117.86432866506512	92.7640575201077	74.04299309161256	-128.41164726568212	667.8659481718893	-2029.262508150692	1368.6498607220137	14700.832272567228	0.9814229370402193
?	129.36344736504827	93.87191158279487	70.452959815468	-186.55896705490696	560.3692290372592	-1215.0804425307238	2029.5948696457476	12576.74081760915	3.704808694908192
?	122.55792424420493	168.32579010237043	64.71504473886708	-125.7452029956618	607.1119260453522	2.4018661258469023	1997.4869016024802	-754.0165551065395	-1
?	137.77973687016691	626.0108181469853	64.16569966568483	132.06212712790386	560.4893223435515	-3281.48501519898	1991.89404189042	-1537.0343862612854	5.541566937318322
?	153.85846515155464	140.24807934765732	71.31815109526237	187.97586914895464	443.0376752854009	-3299.7625879667803	1920.6351822894148	-531.2637449813717	4.748692566383993
?	144.79214083754988	-831.6522477555897	73.56449312313269	132.67418882628232	395.50119294521016	367.36665123946113	1965.3308546413512	-1462.9245489113075	6.104912903994658
?	112.27585276377457	-760.2252592092913	77.95186053657658	54.31746495395523	461.4060078473742	1879.7008059115144	1847.4889548438484	-1761.8057605542913	4.734820587535644
?	106.78087787708478	411.38184875729377	76.28036637083049	-161.70725972977831	489.4862332407872	4607.221433526968	1877.2405666136353	4234.0917263881865	2.197612066096942
?	132.84494520163955	812.5038102157268	69.86649755008754	-15.826740556540019	691.7670795237259	2524.99628623787	2059.1935411632608	-1302.5312118427835	6.070409261814653
?	147.4060683878717	552.6914641450652	75.48902934300348	90.53329309720637	615.7360475526825	-829.3694581836207	1812.1140060214952	-373.5708419645736	3.2805857961903464
?	160.4795184088932	-581.0722211409262	74.39316220494793	-59.40263529035321	650.2986066145443	1471.5849863803824	2040.5149990650318	2480.5974166887936	3.1714765775858305
?	118.35245733082498	-799.9683154345676	72.51889757848578	-22.197219175359603	689.3152968717027	-1847.624932563616	1936.1438768559367	-4518.61507968002	1.9417176853082165
?	120.48110263716426	650.5102308692024	73.28330124617993	91.78902744230851	557.9173599863622	-3029.2255952054825	1814.5842450810276	-1220.1126943937934	9.759576078806
?	150.87796887428556	1072.7683509699777	77.10834895060127	108.78920830495404	537.8540171114264	948.7260982741874	1875.1382421362462	-1753.246489204937	6.059542189907054
?	174.1195201856639	-293.6347474523772	78.72276166142771	64.46123154981842	605.3536649000722	395.5076730122972	1726.9219206207795	-447.6322150276728	9.553198614802053
?	136.1962315016665	-1633.6900084397969	80.33141052809224	-17.505986152840798	557.6294007620415	-1963.6299748294714	1852.7566313848622	3301.973954337053	6.868583520049289
?	92.4350197636729	264.864300463644	77.84746235378566	-70.03315114010647	507.17216615859724	-3095.6430535688723	1892.0206183376345	1447.4005736820004	3.0912176270804883
?	149.43944652484888	1249.0156646760345	76.82975297108686	-50.96830796879898	402.84724808359573	-877.92612628813	1925.1266600689632	-2270.621695991553	2.887166240846226
?	154.8858029974755	-67.62269132119587	75.29904695534567	-93.45911796596123	463.2758598441901	3673.4593474889007	1778.4895335380552	-2200.155980161299	6.2985190008939735
?	146.05831195878903	-227.42870149904564	72.15679707278873	-24.039968472794385	586.5202154580434	244.72065930959496	1815.1188610608967	4474.622213093439	8.607374869479424
?	143.51436792252306	-147.33891469854274	74.09704853170594	5.164501889368791	475.51189280967003	-1596.726822234341	2002.2206441927303	-3284.636099185667	3.700018082647073
?	138.6913662238618	-152.32084729616884	72.41502216725718	20.44366015768275	506.6838743463252	491.28551127463066	1650.887056101611	-14926.841916284426	9.553446535043033
?	135.89832555771451	818.6609272435354	75.11923153959009	113.24390066110861	500.0761683734019	209.18141124350925	1255.8785483784984	-9257.076820710454	7.580153735584491
?	179.62441258603914	40.79949783588687	78.07721720031269	-21.694344065541575	517.1429449085008	3300.273632326068	1188.0332150660818	15435.020108500024	3.2332011162364127
?	137.9383004495089	-1071.087482678294	74.034514336313	-104.0165654466062	665.0898499897077	-214.18658593674573	2027.6295538035106	16373.18804141336	1.918685751632345
?	126.07003845212368	293.1726627052687	72.8763889279823	21.300018984091462	506.43361561166336	-2652.681443611203	2006.6926171367613	-1786.5320813420494	4.710930886173477
?	152.59693358477253	283.5176766128435	75.09951528551758	-7.545035529372973	532.4557778091456	-1032.5639400694342	1938.3029497364068	-3973.0810708256677	1.4946226708091035
?	140.24592228276606	-28.50402589421622	72.49913715151365	-56.719249814321465	454.8054186081909	-2785.404247387229	1808.0385635954751	1619.115214132016	3.0975266381667597
?	151.1717322900617	427.23263938732333	72.26355279480147	-82.36952766494423	393.1855654397822	-1922.0882118120642	2019.2587104430088	4731.06785921873	3.60206469221274
?	161.60755425213253	58.49758340287652	68.38066076826638	-179.7911108994532	358.70100801758633	-1026.0046394372673	2044.591956556415	-137.75994710036943	7.829528323489719
?	154.09661146020557	51.07075786716889	63.27399724982868	-28.33627257629973	341.8853334679181	-426.91653423450776	2012.3707130879902	670.1853026794465	-1
?	164.161092145491	90.65548054015649	66.96384713945137	41.162033910701425	337.35518130586064	-634.470113691864	2078.101221690388	2198.110738256351	5.942194578506022
?	158.62938548721345	230.64691193618913	65.33209894536378	97.91019859016646	310.16182778332444	4494.959831343823	2122.2762500008093	-5179.636935470975	7.82294228627194
?	175.69343774230063	234.94168225035716	71.85935706895977	125.77173443923263	562.103172873055	7141.493667588322	1819.1193749168353	-11643.825119656825	6.534935313045992
?	170.37646959973148	89.51408748426886	71.6206856673255	-162.81701598910016	667.2365111627456	1713.3636089196177	1540.0849940179598	-5324.016133476359	5.118691712239144
?	180.16914211651414	1132.7680108566044	63.718506269504644	12.890629729881583	647.7713533190371	2033.491958156356	1552.9185682430136	97.65140549981285	-1
?	227.0148701425625	-1605.055858577314	72.26521715381959	339.9780787195692	768.9111090705649	1088.9224090259	1544.9675642929506	-1780.3794677074277	5.849501658459685
?	99.9163491876473	-2184.7298308849226	80.71741020548335	131.7293395318428	702.2174737703328	-657.2632062604882	1463.899594857641	-871.2032678711706	4.598502769970474
?	117.77837859831482	871.2579968242345	78.85168413041183	-56.00105893669371	736.04794875754	-106.06031727104059	1501.4074008993914	-2274.70083564026	1.8417995164083905
?	143.47924902885964	790.2505826731824	77.91735725864862	-45.48212091240365	696.9144579067807	-4367.156951412996	1350.1645530756264	-1346.0535927703577	5.947582972316764
?	157.2909077319745	1204.7165218138518	76.57757808479161	-73.60623799319407	517.6901011868871	-2073.4755667939794	1434.1047212608726	4557.589935401706	0.8178808553641173
?	203.7150751195531	1595.0615453152534	74.23704535898887	-72.59124948205492	593.2406795670803	-245.26122440280452	1578.0440498457149	6566.948154050026	2.8219401794139096
?	237.0439849977383	858.5639715016854	72.94801561068881	148.1859307957261	505.4270399667467	-1417.714995267809	1762.4521289633785	4290.878582900221	1.0838693457233723
?	246.64327369463797	-89.13565062939698	81.64634189877528	278.57345578776005	522.3549298036888	73.94049438199667	1792.587978990729	-2734.7628006634773	9.891391860548044
?	232.5872024662684	-695.248631822187	86.87668840007702	59.98835984068904	509.1240646858466	3128.3508763756695	1625.7139889302027	-1624.456409442923	12.024481727530011
?	211.88084210352812	-568.9723672373468	84.64575989080977	-149.0162642449421	678.7724736224745	3075.217674850374	1711.3651585185817	-2578.465673171517	7.511785971990531
?	204.13858410440065	-214.04125415161653	79.4258751878298	-250.52775439911457	662.8849484283675	-384.061650674827	1496.790705271625	-867.5844380708454	4.480429098205895
?	201.17877939594715	-123.76178523888535	72.11937217085387	-101.63258912610272	659.5693910887329	-878.0241141031559	1667.9859366150388	9834.252899911413	0.9936364186364068
?	197.9504948424563	-1266.30106901989	74.3442457315246	40.143136447298104	618.983742723209	-3557.729981931204	1988.5033502672027	4542.911612685756	0.7254373553679667
?	137.86372594495174	-1296.3692801595469	74.1265289932188	-61.08399797281264	481.6828919921702	-3509.2962661925117	1895.1315172493298	-287.69681692926997	2.89133388593987
?	133.13203083447803	1517.248252022218	71.29004583288392	115.57130522898666	443.51892941358096	1149.8385479154645	1974.118509420739	-7714.954951643994	8.09677734899319
?	213.7261385460637	1786.6102700646095	79.90509425466821	249.12576883167205	539.1748193879442	2638.0197825270025	1509.3837696671246	8432.020587299228	10.18550827516308
?	222.46254433770977	662.7859905315509	83.7463342744677	19.674980199787914	575.419918539933	263.0134705866234	2395.7195387857064	4972.537578949884	15.757194430267884
?	246.86543807264172	-40.79946019852285	80.88884326465762	-191.71257342318978	552.3254929172756	14.88219824343311	1758.0106486146224	-11589.026612835694	9.300192458985555
?	220.4225713277836	-1315.2920907750429	74.16070560330807	-154.3824642002546	576.1640284521046	791.9225199688073	1816.2682081439134	5996.833690144918	4.462110653891597
?	181.10083353388865	-1014.7416482671483	73.16972005464479	-28.042730560098505	591.9216189157165	-449.2622743863062	2057.8523331218726	5016.013363748472	5.550023616289677
?	169.68548891442546	-3642.0166706777213	72.75856907530313	-76.9851159676944	553.700914732789	-625.3994462007452	2067.0688763313406	-241.49415897952278	3.2406188951504533
?	-1	1351.58243116166	69.32046425626001	139.0766680059852	560.6516466056788	-1422.804220941463	2045.7776251728963	-2747.801866462307	2.016190309907068
?	237.26461047250942	6283.526687317948	79.71240247560249	219.6108981661044	482.5607036857148	669.3706699412492	1929.6787830082233	-827.876639266885	5.513362285497274
?	313.1763343659019	2118.412452577883	80.30100916456539	-18.90238331881166	594.1201801027418	1714.098611820536	2004.3837932095514	2744.208971470209	5.213299241250608
?	343.18523310140506	-313.1077779748092	78.76728330966189	-137.07317210562027	568.2656342767428	-2000.834824970608	2066.8892315817357	313.617933263654	10.609428838563492
?	297.5209454671612	-1497.8471235488487	73.44735055928427	-192.84356228385218	494.07843885420994	-132.01312815373552	2020.0646898727343	-4949.310360472621	5.175197260846625
?	268.29287692396156	58.589260749413675	69.12510519546915	59.081395655247505	561.664977869056	4376.894173531757	1819.423713558101	-4906.364656484214	2.9427397085008002
?	300.4504085046319	881.1950356585328	76.40142034204669	193.96185954289174	712.9231475308009	55.98491602330034	1774.7464570485201	-14646.963658907436	12.718592798909606
?	312.3526287068888	159.06142617215664	78.82319817261387	-162.52967926567575	564.464223670221	-1869.0204189254662	1087.075530612719	-4183.068193707995	20.17656470746153
?	308.40347981323987	-24.966035899769494	68.27493637876279	-301.44213547001823	619.4721265845262	1607.7925423204965	1565.5930473631174	2085.2787467644907	5.362407218058731
?	311.10432691190033	-359.2923769722262	63.751091399112745	-55.48351265049809	644.853850786247	-1132.9203171067659	1191.339467950945	9248.112026146206	-1
?	290.4388609646283	-1259.6613264865457	65.50076074623785	231.44744479256812	562.8261107291871	-3661.0879801824494	2027.9986486704342	13320.332160357113	3.8450853470723962
?	248.12126058757215	-500.11880249301583	75.32346363874132	372.6758891415757	461.79945177712193	-552.1877659719884	1857.35607596881	-2939.5650537614565	11.270502912353946
?	265.43292083997716	4669.348932842461	84.13455520331689	55.94759896499204	535.2167224305873	1225.7332024181762	1881.0203959823593	2539.6161029306	18.545174251328497
?	481.5887072296985	4784.635998685168	78.12084358699096	-407.75054262806185	523.0861118980316	227.897296563432	1984.3368811153418	156.45861650307558	9.579935933995085
?	504.66472077423896	-5587.3107599159885	63.74702807191351	-299.761611933763	546.6115872587591	1178.6943823911784	1888.8433268075132	-1505.3838375074442	-1
?	202.22316923389516	-5969.024223165297	63.132762990302595	196.88090856364758	582.0208310175914	1326.2371194794916	1909.0676892399686	2814.6189947480125	-1
?	206.21350961596983	48.683229296786855	73.59107350009603	55.78601991778106	612.9234432327346	168.89850158559955	2029.5742765449158	1721.3526078095929	14.700252644838091
?	204.65733069873454	14.130603529792806	65.92206398619169	-210.72471748943997	590.4657560968715	-1345.9428958652702	1995.1353196304494	-6965.32743383572	1.9798684032823584
?	206.92003979245948	-120.8121996712009	63.05483762562388	227.21792542025742	545.6262984394701	1145.7448040185586	1681.307904853125	-11639.871043530491	-1.7619841705199646
?	198.6167207151744	-460.64559729212675	77.28296025720472	279.0321388060581	647.7529962978002	789.3657218909858	1413.1417674539166	-84.71728549384686	8.835423604091343
?	183.8877599278528	-455.5889286732677	77.00644456592698	-29.62190342342027	585.09458453402	486.5573623457111	1677.0720405784325	406.5665829077067	5.832491479658357
?	175.8372742815107	-99.80277555016897	75.80186508603369	-65.49306613302115	672.0808644150861	518.8477981448449	1433.4700965993022	-3192.866321450474	8.657826323432632
?	178.8976211503443	-109.71244122217072	73.73179125927588	-27.13636970238458	611.0369744412626	-2707.162758661557	1517.4287245059065	1805.7281776108646	7.416376199030066
?	170.3516522204021	865.284856852422	74.44504660091444	-3.5205160460619775	536.7227264820064	634.7023192530515	1523.7565054798467	-1816.3599769988846	10.2933294554771
?	222.161863992966	631.047453298565	73.55576545697278	92.93355122791648	642.7720904039156	2149.3843572193637	1426.610725655961	1229.2778104646738	8.085262054370999
?	201.90402488533078	-973.131278537019	79.09172416231033	-46.50850952313069	644.1919443429761	-1167.6038860227407	1585.2203960030813	3401.8483572200394	4.012125342548698
?	173.50530006611436	-104.22667988083867	71.23033998081621	-142.2293940782279	584.3918961027778	-1614.7073375506714	1596.7031435169654	521.34803280531	3.2637260877617664
?	196.69269089128878	190.85214497923133	71.98025445839883	131.40885961068574	563.4565774654413	-1676.2623837739	1611.2877976433472	7637.981126586852	3.501882818444663
?	183.04790731507606	-257.87411321520415	77.80078296135059	56.184762855622864	500.5787769140816	-2242.6282549520793	1978.6021998463134	8208.164999865663	6.3917380147807545
?	183.7989852305284	4827.326307162867	74.78949260118002	-256.26565643342707	451.3251647178358	-40.52619976574817	2021.6960476366362	-3035.388925991481	5.162077131382771
?	424.41422267322287	614.5514525664684	64.98750013967906	-99.23774442330769	498.55246692579414	161.71089810930195	1826.8327535467372	-3071.259972101545	2.007667445435379
?	214.52655785885224	-4814.120080908871	69.82760538001456	117.72553033058873	459.410709623301	123.87472060174042	1868.1330490315568	3396.415172820145	10.122014567655798
?	183.7082186277759	-875.2809618027062	70.87377665620858	-88.70885384020583	504.74620295588124	6500.905516889497	1996.6535121877469	2634.2673718195274	10.389157244524394
?	170.7625097687163	-145.717769723362	65.3921626880042	33.52341191344019	784.4559854677805	780.2445811136411	1999.846417622535	-1088.221765094152	-1
?	176.4223301416077	-119.82623692558832	72.54994725188061	20.59251220322067	543.7584320115639	-5811.330111220098	1942.2424239330385	-1368.027756595346	7.903159009728306
?	164.7711979224368	-3548.4466028321035	66.42178829816525	-292.8651697774792	493.88947990677144	-473.36550082768565	1931.4450297927667	-1837.422248630038	8.361672301580738
?	-1	-3315.423958448689	57.90668876300644	-132.10795369844175	520.0901569701792	1601.906650106497	1850.3713115015353	-2231.9314269029474	-1
?	-1	3563.603966335898	59.81639061324307	173.91108424568537	573.9848124120974	-609.6874866325645	1819.8484584476178	9589.214965574702	-1
?	177.18019831679743	2926.522674851609	66.60224297529084	336.0759090268511	489.6057826385506	1916.571074873757	2329.832059780277	10357.255313646427	5.484952550122834
?	145.32613374258253	-419.040912863895	76.62018606458587	129.21400498199276	669.8133661557866	2180.195400920274	2337.7112241299465	-4559.84708761618	3.9072978393571907
?	156.22815267360238	1118.0645071229515	73.06294322439057	68.37396246034803	598.6155526845658	-932.8847162972946	2101.839705399465	-10010.964898377304	3.4194059541656094
?	201.2293590987309	1741.2590023069938	80.03888418760332	167.04833319728255	623.1691303409212	3380.5900332070673	1837.1629792110741	-14227.668225208425	5.424373833476553
?	243.2911027889533	895.8409699025746	81.41535988425481	-30.73267112454501	767.6450543449216	32.64545930873691	1390.4562941390336	-8242.879932326183	7.5782133169925885
?	246.02140759386026	-597.0269386959461	78.50225063137604	-264.30940629097614	624.8014033063581	961.0985168655998	1425.018982594759	-1488.7886834164208	7.129145193556397
?	213.43975585415558	-4940.428151877135	68.19988956970582	-271.9911387598726	815.6999801882023	2095.507693160964	1316.0168599682115	-306.13312024138867	2.4034748852276935
?	-1	-1098.6092739466042	64.90269369338222	-80.33848239765149	729.5767879644078	-2649.3917780223646	1409.7123265826895	670.8069874113285	-1
?	158.50929215682459	3281.9307161530974	64.18296544982319	108.43868202188037	683.2303912870822	-3043.3240897919427	1349.5572093387784	-1338.5958776361158	-1
?	163.0965358076572	273.2184504461794	70.32462779447631	150.74573231978192	577.4105834748085	-2134.066998769805	1342.7825327008827	-5888.78194971622	13.00315790209526
?	172.17021467913375	377.04186632441383	71.72025206581239	107.38785415932132	576.5270413485904	1535.5904350390992	1055.1181118529632	-8143.698694512727	10.810417262692996
?	181.94862912387816	268.15147042681036	75.69402050244246	-170.47976536590696	654.1901052267646	2422.353848830723	935.5975979752406	71.6977140183543	14.16456755149176
?	185.57778820047446	615.9863726289806	63.19626379751692	7.712039125830363	697.6447337901283	-124.79526002182233	1058.702997553881	8402.715047862132	-1
?	212.74794775532763	366.4919275266742	76.07962245873398	189.702820172471	647.9503422256734	-1322.2980844293413	1355.733350368353	9973.447114820796	9.094079411126433
?	203.90238457680843	-4274.958955106492	72.6814048061406	-207.72386462292747	631.5298295686603	1825.6818228240504	1557.375353294928	4869.105040178082	6.110935092343057
?	-1	653.275769701368	65.69342922758746	-13.01073069593609	739.2344333668772	-1183.2082801079414	1599.1886023772606	5834.128708832499	0.24351610649286234
?	236.5661730618773	4422.547534146752	72.03086827134379	194.18543698205676	572.3694155632624	-4145.820445525428	1849.081788736557	2846.21401592779	3.8566019913285423
?	220.12737670734072	-4751.323461237478	75.40270107669043	-75.74033483807148	531.9434110906028	-855.7216388693852	1741.4993031736522	-2903.494661674458	6.134712734891389
?	-1	-4422.547534146752	68.24385152944016	-232.23961914343374	529.5833336197925	1481.863320752124	1703.907055652832	1266.1642474538169	3.7388494019290484
?	-1	0	63.79072011951858	-243.50620643019377	606.0365771282101	2380.329311263768	1804.807515546344	2605.097904002227	-0.7274944912630175
?	-1	3554.869469355053	56.0685412079303	-115.88136367201236	648.5997991829826	-238.71103330891745	1834.1619508529452	4101.669466369272	-1
?	176.74347346775517	3374.8723752048686	57.99665193591788	196.84056658234474	594.101025462764	-5835.2123882884	2009.8909888648104	5134.803789129974	-1
?	167.74361876024582	-499.66586856330906	65.91056953704768	159.51922688281087	356.83917976855844	-4696.256172337538	2090.9021403094475	-677.3666620422313	7.011925523768848
?	151.76018003958936	-3374.8723752048686	65.97261328005854	-50.02953379063271	359.28821684588377	7163.04578261254	1976.0226557626984	4061.1291062367004	5.657439243396264
?	-1	-3055.2036007917436	63.40909284751601	-185.23262072367308	714.9914688991905	24823.979037662095	2293.9585956212854	13811.681825957916	-1
?	-1	3103.1334132811894	56.71098224387475	226.60846576654924	1600.4871687290063	-2012.3127910903381	2666.606747060604	-17122.751102891976	-1
?	154.15667066406166	2766.062418989607	74.73951613584363	297.91032451802073	614.3758293446722	-20051.717870379358	1437.8210404766744	-22720.228202647708	8.396741558485083
?	137.30312094948232	-3103.1334132811894	71.606498469776	-231.67429456702277	597.9012752100241	2156.743432643167	1530.5953369282024	8113.478065396278	6.306754277435471
?	-1	-60.943713395995744	63.155801407492326	-118.05964295306441	722.2130009768321	-912.8615339177334	1843.494943746494	8565.464975729297	-1
?	134.2559352796825	2629.529062345542	65.7035163221227	30.873971465332477	552.2581985141368	-6042.405999517759	1958.8685857146734	2345.8749950927754	8.93769891453802
?	130.47645311727896	12.93671914211511	64.69949998075897	147.30171873877015	420.0927010009398	-1910.3229108479322	1960.7886935011345	-1316.4741501253543	4.1905782649340315
?	134.90277123678825	-105.31217564327271	73.06860225906131	13.431719750564449	456.7420529717388	764.9485339033406	1893.0448782084047	-6832.87010982431	10.193292077215371
?	125.21084433511525	170.9820429250736	65.3710859682872	-116.19792981695133	458.3401276961074	1280.407334810958	1619.1451880099141	-7748.285125842957	5.517916067987708
?	143.45187338304206	-2504.2168867022697	67.25870576821366	-1307.4217193657255	520.7624197122876	-9166.802553922018	1505.6306219162514	-32382.903760197823	9.187776052873398
