rowLabel	avP	dP	avI	dI	f1	dF1	f2	dF2	h
?	-1	-20	54.84248121249081	1157.2380387185178	655.2135624851914	11336.71730440723	1705.9292401341409	32030.232711635163	-1
?	-1	2165.371910984634	57.8619019359259	349.65859364970385	566.8358652203615	-1164.9801487200148	1601.5116355817581	-8166.902610308248	-1
?	107.26859554923169	2352.7177035608083	72.325410894976	360.40363476234023	596.9645550491906	2772.5908638015053	1297.5841096187285	-8966.988501858628	6.449808235108435
?	116.63588517804045	409.2652248523025	75.88208367404292	124.16897509056102	705.4654084104368	3201.821422006245	1153.1622104888265	-1597.9197156223568	9.51758409768666
?	127.73185679184681	233.15013711408858	78.53385964950405	39.56320469254934	757.0556261495028	582.1729999262676	1217.6881238376106	938.5507483524	12.316957524661152
?	128.29339203374488	-78.69499475769602	77.86024390867038	11.531523542902848	734.5740584067502	-497.9417088340575	1200.0897479064465	-534.7853344958095	15.746318101739238
?	123.79710705396201	-354.19653561157907	79.1104358266492	-58.345269344359295	732.1585407078	-547.1984810650589	1190.9488571128202	-1542.7878044133927	13.90577057735084
?	110.58356525316593	-435.53209240600336	74.94298044145242	-208.8203009721068	707.2141343534972	-1463.3975331116587	1122.950357685777	110.18866336052727	5.6292254155689525
?	102.02050243366185	-242.06316061634175	68.66942077804386	-225.6538788055618	658.988664052217	-1245.9660448661637	1196.4582902808465	1658.9419079109807	5.350434387459371
?	98.48040722234885	-201.20848104548804	63.66028650117433	-182.4648874004372	644.9158321101891	-1347.2052231444516	1205.897453081326	4809.701041234826	-1
?	91.96007838138745	-1989.608144446975	59.546176408022	-241.0406717221047	591.6284028949945	1033.4585676870452	1436.9433423425878	14674.165353750686	-1
?	-1	-1859.2015676277472	51.60825291506909	-190.309067721691	696.5887604945414	4204.562387326403	1939.605720768861	12172.990626362065	-1
?	-1	9737.823318756493	50.03072302193744	208.87850653659606	801.8565222613148	-2353.9828922646916	2045.5928736606916	-8490.46072596258	-1
?	485.89116593782506	9186.437463915516	62.0521782418989	214.89727821250278	578.8896158813067	-5984.340592827184	1515.0826844707315	-10830.318474841055	6.196768694913973
?	458.3218731957762	-7604.537832058744	60.77558693256259	-24.27566180638619	502.6394926199553	1511.2677625736555	1504.0769499186383	10799.074828035913	6.04572521853663
?	105.66427433488751	-6912.825364668087	60.83839515157959	201.51479586532542	654.4530040099895	-2587.1791807969544	2055.0364258725276	14905.991149339661	7.388691176200849
?	112.68060496237156	351.21674794203614	70.85132672582887	279.5351048224774	373.2805335801075	-5771.907940168922	2249.376507385622	3110.6133861054577	5.759437291352797
?	123.22511173198933	339.92866122389046	74.81515039270347	-41.89249387291962	365.85760700154316	-1378.57289116277	2210.5670951778006	-5105.771411013179	7.555416347974443
?	129.6770380235661	170.69818052391028	68.75670203218289	-244.75093738375938	304.35188902196893	415.0752887574364	1994.0879368349629	-1717.150599321047	7.800081404459512
?	131.76002075818485	-2613.5407604713255	62.57760352351549	-187.70032191841378	386.611371439415	-480.98855493034824	2124.709565211748	810.0815352571509	-1
?	-1	-2655.2004151636947	59.37168593626221	-125.35817954984427	280.30246127545155	12700.493103643304	2034.5920135978204	3069.7824821646436	-1
?	-1	0	56.30969454602327	59.648279074771956	1021.6360266215809	28420.576119140176	2278.1986893199805	14143.353196697359	-1
?	-1	0	62.35409989000081	121.20856589342213	1701.3312672324616	9147.495101466167	2741.759673432689	5809.998730390038	-1
?	-1	0	62.370122840694386	-141.93707361461068	1479.0107816948896	-2378.6404501081165	2568.6986258394827	-9711.860725234283	-1
?	-1	0	55.25724620927027	-265.8523057578198	1582.3992447270557	-12083.557182093624	2256.1666371709744	-12687.628959614856	-1
?	-1	1857.9735538236994	49.07750755280338	189.695170975296	874.8329225902079	-20481.808916642483	1934.3171778587393	-10873.959443048343	-1
?	91.89867769118506	1702.3818829907073	64.74200475803508	278.0643159339492	558.3087988949305	-8190.300504027423	1712.4686650185567	-5907.8404317329105	7.8969727421434435
?	84.11909414953544	-50.901032819490936	62.980723349500856	-16.569045366675667	465.3178973888364	-4549.092648478508	1638.9251562720935	-3824.963829555833	-1
?	89.35362605021051	222.7055273633787	63.913552489701296	65.69328674958862	330.85416647100493	-18.722089468257064	1521.220473540765	4103.2427842332945	12.685557181681348
?	95.25437051770439	204.14183181454928	66.26538768698029	62.82573655249914	464.38179291542355	797.6296917494874	1844.0872954837585	933.0449903641912	9.608406140449635
?	99.56071764093798	262.26332005687317	67.05483931732626	50.45524888028747	370.73565105847933	-1984.6725964231875	1567.8727230589745	-5828.201469911791	-1
?	108.36753652054806	430.90755289528704	68.78815013099467	182.57806041503625	365.1481630942641	5397.02081868832	1552.6772219881686	16557.95283915341	12.19276409278141
?	121.10609528570235	406.15816660558147	76.18374233807808	146.70700438206538	640.5866919928956	6117.381978408186	2395.770365016646	-8857.401194116585	13.641394390602235
?	128.67544485082715	245.68059239245434	76.12350035009794	49.55177628527305	671.0172620146736	885.9147804855994	1109.807162282339	-26472.426911482995	1.5118990423054781
?	133.39012490532508	26.27602550035417	78.66133115234173	97.60642102107389	684.8824310171756	2422.5283432930723	1072.149019442495	-356.23191064993955	4.664170499125074
?	129.98924612584486	-121.51180868597083	81.00382140115164	33.63953360980159	792.1436791793274	-1834.7864715021394	1091.995566749842	1999.5359435351502	13.60699778918325
?	127.31453447102653	-21.749231566326426	80.34330783283181	-53.81913354621583	593.1431074420685	-5185.0804002195855	1172.1258166192526	663.7658521849056	6.484863220301693
?	128.90178454752854	-90.75677998538899	78.31286472384085	-29.617633153673896	532.8896591683479	1254.3526539476568	1125.1838593590874	9522.659810056503	7.8177814931343494
?	122.77669547175708	-372.15147733042494	78.86242617514812	-26.760792707953247	655.8607401394514	2358.7778853811687	1648.2588071220782	-671.561093573759	7.844194876154582
?	110.29421068100727	-222.8386100791385	76.97482508844318	-77.74700904270814	650.8285534374064	-911.9245172881538	1091.6058046803994	-9406.111873713391	6.584352408691771
?	111.6347649678002	7875.705847631408	74.97507572301272	-177.44157629335723	610.2645142750439	-534.4170410689568	1177.9532134364104	2907.8298752614924	10.192593323559466
?	504.07950306257624	7401.4948943874515	68.10274627377535	-226.31923312185629	624.1077013839587	-1443.5948506417942	1236.9972984434735	1013.7914281223348	5.991791949008469
?	481.7095096871715	-10101.59006125156	63.65911406691995	-162.9514127470496	538.0847717429544	1257.6631405099329	1228.642784842527	13071.34434663236	-1
?	-1	-9654.190193743463	59.9551756364229	-83.45483657722754	686.9908584094551	3912.7131203766367	1890.5645157750891	16796.529005783726	-1
?	-1	0	59.486372238058586	-114.08223079525284	733.7204277617856	-2463.1255697874594	2068.4692351317103	408.5995549580199	-1
?	-1	0	54.25106409666028	-56.63421030088392	563.8345799200826	-7902.115413214886	1910.99449352299	-4172.952177393764	-1
?	-1	0	56.6546617230144	111.18840872002747	338.61465710104267	-2215.5892262260363	1859.8216262620228	-2124.674465829065	-1
?	-1	0	59.81048453266163	247.565086867117	453.05511860878113	4113.052713887754	1804.7607702315372	-8182.158945188969	-1
?	-1	3195.026109065128	69.0329160663702	246.23441469231753	544.2672927954296	5318.280401745221	1450.7136790025759	-13064.444093002005	4.213504877088136
?	158.75130545325584	2423.3267731743663	72.12220526727747	104.05529314428443	718.9691386960412	347.56720599593007	1151.5385655814393	-5224.800700000178	1.812657226217863
?	120.16633865871789	-631.6753703342152	74.23568072358441	11.035543735349375	561.6456530952261	-3829.294968580782	1189.4736440025679	27338.10608702649	6.015812018450813
?	127.16753693654519	278.6593830425222	72.67398245404493	19.67619778025501	527.5043902670028	163.85366737297375	2518.443869932759	25746.44341564672	10.742703621264237
?	134.09930781084395	131.02249825946433	75.21949061259716	128.04004621798998	569.8383364638747	5780.429284241748	2476.7958147848994	-17822.889306449833	10.635969095938036
?	133.71866184951838	-108.90331689707789	79.07598476494441	90.29743170443685	816.5258544790892	4146.8826675768205	1627.2994046102704	-21149.814573853742	11.967938098588194
?	128.65414196599008	-216.19164909800637	79.73436219781898	6.6345816622882365	777.182469842715	-2130.080093202597	1419.305086092216	-6774.596165848157	13.63802169076599
?	122.9090793946181	-424.81785852195753	79.40771384805882	-208.56617137306858	710.0218498189597	-778.9854417327824	1288.5695963178637	9432.28878323725	9.693997134175485
?	107.41324903989228	-31.426036232257214	69.30605362916559	-86.85929216213654	738.233197756076	-3160.681148175545	1890.919525254077	5636.373748191947	6.259555283830454
?	121.33777758300525	431.92116387373756	75.06474923995201	145.0363101820235	551.987792410183	-5382.246954074446	1570.38828372746	-843.4290350843032	11.331743338934336
?	129.00930723357908	183.77764973916393	76.55786913826674	-10.46235065342618	469.1208500523547	-4605.717647663851	1848.748073499862	3699.9063013417567	11.709115588125352
?	130.5266600699634	254.22662187928472	74.5416317072807	-22.424194255748453	321.7019100269913	-3238.934900868196	1755.3835987945472	-274.2308509170571	8.371221298468619
?	141.72063832754327	165.29643258292256	75.43665942547932	74.75682255940028	307.17410500894545	21.475094976060593	1835.036530954009	3393.6702065144104	12.01019834971899
?	138.7914816991095	-259.8527486099571	78.2794728352507	36.36720414325352	322.7756647757943	137.29879131439864	1925.067109120267	2383.6190343096764	13.387159839416976
?	128.72800089704546	-192.6658932361637	77.25501963264199	-173.01534591121316	314.03904457466535	10036.889227887172	1954.2174826694925	1401.066634712693	9.022413652490833
?	129.15818703730136	-47.41559873708627	69.62870553969007	-313.9057216979009	824.6201261701511	19348.59958633535	1995.1204408559015	3982.527413810049	4.513830943604677
?	126.35722096019116	8742.730142925087	61.559733547747	-195.56396640438305	1281.4690238914293	8020.355492756138	2153.3438533599942	-617.1432262913162	-1
?	566.2946941835542	-2547.144419203832	59.850507219470956	-25.647814084943498	1225.6379008079566	3094.3153465328187	1964.2632795413358	-546.5276382634621	-1
?	-1	-11345.893883671124	60.27734284349983	-38.016251529282094	1436.1847912180697	-1382.7576986351828	2126.017471446821	1205.3733915831388	-1
?	-1	0	57.94969464300686	-89.73012575522833	1156.5000158761977	-11261.059703199873	2024.5319491204925	-1934.1910222038746	-1
?	-1	0	55.79083655573843	-84.61204578825532	873.131806058078	6492.504165422283	2029.3079203366278	4358.385621557229	-1
?	-1	2179.9192689418387	53.71909235359411	95.34182398688478	1481.1252241473107	2921.956051096901	2242.451230198353	8195.940853585364	-1
?	107.99596344709155	2083.2538115587427	60.55792775508265	318.0554000848153	1019.2296086129226	-16398.479105066148	2439.1049630158946	3570.388932735208	1.6334883692723803
?	103.16269057793676	-249.81376785824412	69.62186235783481	108.29048280751262	661.2012688940063	-8683.363473276206	2420.970676835113	-151.10509254655025	8.320848230300587
?	95.50527505417939	-62.74950996179137	65.97245189545826	99.45532922424668	585.0614349491139	1110.6188510142322	2431.549708388567	-27153.586765869815	4.491709991056236
?	100.0252150798472	12.678871328689398	74.59462881904713	190.82621013646997	716.7322114447177	4256.614874397339	1063.291338541627	-15288.752579278884	3.963651915066719
?	96.13921862061386	-122.48187099145115	75.51376240228173	25.120060518442617	797.89217866898	2610.2918918038836	1667.1120794246256	6044.1223025576655	11.993939884689095
?	93.90112153027467	-61.44167653059662	75.85063184496926	-54.97521470825708	847.2468060349114	-1596.6397513617824	1365.4974536695092	-1899.0433840589571	11.213806062652399
?	93.06713479408404	-1898.0224306055	72.76500166686888	-305.5170266383952	718.0601911008912	-1444.722570805846	1572.159910221678	1206.1525897695717	3.310705256036915
?	-1	355.6208218329651	60.574780513049554	-154.63471415845615	775.0106774946194	-4324.131121540152	1425.8050831579876	4006.35664135873	-1
?	110.84817588573223	2443.4609565100873	65.0332659589461	228.81091065804424	501.85363502388435	-8341.321823161867	1772.4777422896138	14438.530043141278	9.909627481643494
?	121.17304782550393	251.99607478858726	72.01532604595172	168.58721579202668	357.94458633652755	-2308.712021738835	2147.731585315049	4970.98398240233	11.426548535376927
?	123.44797962516155	-7.729999734478127	73.46262674854741	-204.2622064596745	386.418033936943	28.307218814764028	2021.0269414097295	-2725.492010673593	6.816349867734306
?	120.78654783878002	-158.9638998880875	61.802215722968036	-32.83774312039793	359.35994727726575	50.54295392575245	2011.4569847813698	2337.6275618391483	-1
?	115.4997846307572	-28.45813883035514	71.82073959252752	337.99318206659586	388.9451816332306	2813.3499643644845	2137.9083195016865	-307.9879332580787	10.11635424856005
?	119.36364089726227	111.602881995487	78.70187482629777	97.41022271821811	500.0274454954895	2782.1930865427576	1996.057588118466	-5996.588068499803	10.293915825477239
?	121.07992873053153	30.36619214166148	76.6912507284384	-334.6264917321017	528.054835960368	1248.7832859045147	1838.0789160766974	-3141.661446428368	7.507104640147841
?	120.88195050434534	14.100541594542669	61.97055023969274	-406.9918126774714	562.466609790715	564.3758623984193	1838.974515797048	1521.8624100557518	-1
?	121.78495581025867	212.4559058516393	56.34166009456491	186.74515872586065	556.2736290802889	557.1379041782049	1914.1720365794847	-2808.1368638394233	-1
?	131.50474579692727	-174.46517848203092	71.30780817598574	362.9172027358163	590.3235049996251	2262.776006308601	1698.5676726050774	-8102.556692930613	2.307740141084114
?	113.06169688615715	-546.0913429344072	74.48752023135566	50.22903138842981	669.4124293957185	2793.49030494326	1509.0442019329555	-5325.86102998404	5.1272035473613276
?	104.20017865020701	-245.13523453480107	73.81925974540722	-59.85037240323912	729.9980202467876	1439.8333944337496	1432.2746211058763	-3466.633743122173	10.406842613882796
?	100.80493515941714	-113.79078690818955	71.49500161119372	-136.6886298072088	741.4040991174057	-211.23221285326355	1335.7125147768475	-131.25732609567467	10.807156843726089
?	98.51063930479755	-64.77508502985722	66.9848282550468	-135.39770009876057	719.4364096041245	-667.273283346574	1425.7117548010926	368.026575072155	6.236420846708311
?	97.56618090792429	15.112312430112578	64.72511660625571	-13.702678292424698	708.0404349500772	-808.9892390223605	1354.1138435304551	-223.5746793801908	9.545896692096068
?	99.26625492630318	-122.17854656827727	66.29969434042558	-4.0495517298299575	678.9869476530066	-491.32762857573147	1414.5330208320831	6862.05511863515	10.020780849580209
?	91.45725357951045	-2005.3250985260706	64.52263901976421	22.043945404818224	683.4740535212907	4302.9403099882975	1697.2165994622114	22698.193166941786	3.5070784681625926
?	-1	537.2071807058187	67.40189161066648	61.845540699791506	894.1339631524207	-1197.0682193494506	2549.4426791791684	7263.055581436691	0.2389095011759215
?	118.31761261480129	2331.451040115628	67.61491605475378	42.207608838877356	623.6206425538184	-8221.225209016817	2060.3693785340447	-13912.27916789644	7.63534462645018
?	115.57255200578099	-14.280884638557774	69.51227205261034	-248.9823870691548	483.07270270158136	-1526.7078085619264	1853.828720784349	-5691.795500914479	14.28669700016846
?	117.6035683828734	399.22079959618486	55.16579670129608	-261.85500998891746	547.2852521257223	520.3303852316954	1775.7796034883218	6964.8519377620705	-1
?	135.53359198559016	159.09136755334714	56.419521553164515	273.883883986328	509.08922196316604	-4324.781877826065	2202.071317672451	7108.109772110918	-1
?	125.55813676054073	-224.05476542383093	68.85999090061243	130.88137787087948	331.0461582344198	-4563.942196855091	2131.1850920938664	-3530.718257527041	11.236336853669652
?	124.33085371439866	-76.0455631457077	62.963590446708466	103.21487527888914	280.89211212041226	3480.549905093479	2025.5354047960998	-8332.605704154437	-1
?	121.75585860325536	-193.79544412298526	74.02073466455687	139.3299602472259	505.07365348909315	5869.8809131018825	1714.554806886146	-7997.666635710367	6.7272527470553
?	114.64108150824943	-82.76945799866753	69.93008845906974	-328.6601472286326	574.3861577755054	1896.9151922710091	1625.6520730105829	-2189.0777886447754	5.776102008140423
?	117.617385703322	-2312.821630164997	57.5877273031253	-247.13462808148878	599.9194131026433	-456.82893047670797	1605.1009174539076	1721.365372283041	-1
?	-1	19.528808540309015	57.57335705499534	301.9165744335928	551.54471125167	-2831.929133817632	1711.7203416247346	4189.008771836312	-1
?	118.59382613033745	2050.434616208596	72.68355602480489	193.17672446026404	458.32295641176216	-2323.8549745841615	1814.5513560457225	1609.3182421586982	6.723012805376608
?	101.52173081042943	-276.01831769475393	67.23219327800851	-171.3495437580261	435.3519625224624	-12.573081701846194	1792.1862537326692	-1084.417994762602	11.749585287838217
?	104.7929102455998	4.968589480550083	64.11607883690361	-3.469399891496904	457.69430232666986	2070.9996732370387	1760.3304563075926	3668.4340077781503	7.208136843053499
?	101.77016028445694	19.328498204345475	67.05872328343367	30.771242144183585	538.9019461843139	1252.1246158052907	1975.607954121576	2418.2345776166444	9.012109290065236
?	105.75933515581707	90.93533229364032	65.65464094411279	-176.06742844355927	520.3005331169342	187.25287108382483	1881.2421851884244	-9537.261680921067	9.146695877773173
?	106.31692689913893	-2135.186703116349	58.25535186125573	-173.03785404440993	548.2645897385052	956.7542890265543	1498.7448700755244	-1920.1182064986983	-1
?	-1	-2146.3385379827864	57.00274824189232	-181.2341123370299	568.1382475682617	-423.53540749462957	1785.2362748634898	-1415.5735740868436	-1
?	-1	2478.251965139801	49.19364624440427	39.965868908849984	527.0878193637738	1903.9119315618268	1427.9661913711825	-7621.7554059426175	-1
?	122.91259825698963	2479.236466493913	59.00104168733481	442.1303624730069	663.3338441463527	2759.505481931536	1404.1485045663603	12968.145318988363	-1
?	122.96182332469523	44.29791662252045	71.30016436805454	187.4998354076967	665.06309346035	-3067.3992974039725	2076.3734573205984	1687.675164993781	11.36832297137553
?	125.12749408811564	17.860321544437518	68.37603345771962	-259.01153803911035	509.9638792761546	1462.4787984749657	1488.532262816049	2144.417157063807	13.509491921179462
?	123.8548394019171	107.35742076080253	58.34958746609907	-30.757321068076177	738.1870333840981	3184.7138429002653	2183.5943151737883	804.556913015661	-1
?	130.49536512615575	-6.815749755881224	66.83816740431581	389.50786786718135	669.1995714211673	-1517.7236963337814	1528.760108466832	-11463.720778203797	1.6978663014574185
?	123.51405191412304	-201.1186282687997	77.82498085945807	-4.996873937057007	662.3008485674093	-812.8860037288706	1610.4082762636006	256.2774662891352	9.49926770710802
?	120.4394337127158	-86.70840783515874	66.58832370746296	-398.7640482960496	628.5552712347239	491.9650735674026	1541.5739817812887	-524.4125589678897	3.0491701389051946
?	119.17863152236512	-2428.7886742543246	57.886778444655654	-160.9554545206295	686.8991022457793	708.344300448555	1584.1876483152062	3535.6300335734786	-1
?	-1	156.96063292029407	58.540550981431515	329.4075812905486	663.9724862571516	-4821.549479173084	1718.355483459962	9903.911556838379	-1
?	127.0266631683798	2279.535177070584	74.35715750918303	366.79389820639443	445.821628287126	-4425.717245410776	2079.3832261571233	6841.327769002111	4.970281647589006
?	112.97675885352878	-647.5236831223231	76.88024589175117	-228.17601515284164	442.68662398661354	162.2472563790035	2060.4218719100663	-1173.966452085701	8.611343441143399
?	94.65047901226376	-2279.535177070584	62.948356751540985	-415.2310194453083	453.9339911060761	85.31262245021397	2020.6849035528385	374.58484793180236	3.4532520639331166
?	-1	-1913.009580245282	56.11869491948583	-163.9980678943651	446.9522551091242	4628.885326869644	2079.1511143066564	3287.4718703928766	-1
?	-1	0	54.74845335682276	-134.41103466967198	685.3782574495575	7682.780485576132	2185.0584970724817	1806.080661852363	-1
?	-1	0	49.39814318600226	-186.67427451777934	831.0912793879295	-3613.547579281033	2169.455147399274	-3421.641513843641	-1
?	-1	0	45.41473963093382	12.054060011870334	504.7008784855065	6535.008825823898	2013.9764213803003	-673.8698861244053	-1
?	-1	2319.138098549634	50.00084618659577	494.3036508394679	1157.8417206791232	-985.567251143698	2135.761653093054	-9986.944849236324	-1
?	114.95690492748128	2150.232215441367	70.12992217290713	429.75010873139007	455.4225159283218	-12933.023494099722	1514.6291789184859	-15454.908074518653	8.61365212780234
?	106.51161077206795	-273.7300860435333	71.4883516231652	-78.24014839010346	511.19054597413947	986.7570954236818	1363.0162493671241	1522.6095195292974	10.368561490648931
?	101.27040062530466	342.2682493357232	66.21791475340197	90.5164099514332	504.7603706995057	-668.8900728048749	1590.7596548949505	7229.066692631675	7.289624299995596
?	123.62502323885406	433.0318542691613	76.01417212073685	171.47585864221955	477.74604233389584	-984.7166324134197	1724.4695839987066	788.7746518729483	12.654469706934252
?	122.92199333876265	-66.46241923265616	74.79170768551292	-59.04952347997941	455.5245390788349	-645.1554519294848	1630.1983874885977	-1008.0566664390235	12.230494198627166
?	120.30190227722126	-137.02248991526025	73.06169594673789	5.920384046528419	445.4882697374217	156.17909498341817	1674.0667506767556	-1209.6501750054583	13.629417209281499
?	116.07086884299966	-16.145818696993558	75.08772688783934	-265.77987239447987	463.33349382800577	2374.3616098724174	1569.715878738325	-1898.362202208507	12.819471573565318
?	119.49461134237158	6589.625060761871	59.77270232701394	-13.126429390442002	564.2063502310422	2349.6408668415975	1579.1486405663306	4846.083891953271	-1
?	445.5521218810921	6585.9858413610245	74.43140541831724	-34.19849015863276	580.8155371700852	130.0957073044633	1812.0200733359877	1605.0640659190879	8.7311348750916
?	448.79390341042165	-5512.642018706046	58.06277781908231	-222.57037655510567	570.7111355962653	1528.4068977409638	1659.4018438622847	2566.40966687899	-1
?	169.92002094579075	-5693.4673723351325	63.302886590562	411.6574793992989	657.2358820571332	-1207.217786549048	1940.3405566799368	2995.300106004385	3.7201216457753903
?	164.12053479366602	-114.46395525269095	78.64565178904718	170.6919753469211	510.3502462688131	-3031.0107501040948	1809.1668491625035	-3946.51304028233	16.38094278904569
?	164.19682318315623	26.704727344654867	71.83748535790802	-384.01869498082243	505.68534455192895	691.4609014785688	1743.014904665821	1668.376303962224	13.286323285668269
?	165.45577116089876	-3303.9364636631362	59.444717040006125	-288.1484567642501	544.9232913427414	3516.596169377583	1892.5856643606144	-1253.4846881899603	-1
?	-1	-807.009071074098	57.43006251969557	308.2387374685677	681.5151530208075	-1380.3173271058636	1680.3406702563232	-1820.2898283394843	-1
?	125.10531760719401	2507.468807758119	74.85665391343446	413.9805677979178	475.9074249874485	-3699.653701731982	1801.5711729436405	2345.350871834252	9.644531154166236
?	124.3734403879055	213.0059773507991	78.12909090959138	45.57116229499103	496.532467934209	973.2907339068822	1797.6082138480353	-9479.663950269558	11.746281000644188
?	135.75561647473393	7.3227401762347	77.135212028184	-164.97023297607174	524.5719616827925	1577.283727386864	1327.5879754301643	-470.3704846485214	13.477581405632236
?	124.73957739671724	-2735.1123294946883	69.88057926078783	-140.52687828591496	575.3966543035519	507.773539809727	1774.0896896156094	16791.03052454555	4.303399898982842
?	-1	982.2813660710683	70.10886811388828	-67.38244654170809	549.9606386732787	-2816.0625502861726	2167.139501657439	6139.96422795204	3.3586188159868287
?	173.85364570027048	3196.0272960785924	66.51145693370243	53.9410007441281	434.5935267892438	-3660.473075007433	2081.0879010132103	-271.4589727734538	4.656018349373434
?	158.80136480392906	-618.5631682366135	72.80591815109467	38.38407054143729	366.9369849229077	10514.090952915534	2153.566553018766	6342.64769297894	10.111487711955917
?	142.9254872884399	-635.5449345907118	68.43066046077429	-135.5959820124817	960.2980744350186	24658.07138145519	2398.220285662156	10203.261075290193	5.833168131036443
?	127.02411807439358	-532.1899233175477	66.02611905047061	42.64164278361151	1599.8405539956627	-8519.237731942765	2663.729606783274	-4748.815745218016	3.9403978575716354
?	116.31599112256262	-2560.482361487881	70.56274259995486	-51.8681096808577	534.3361878378819	-49.609944661338155	2160.779498401256	6299.6285808068615	7.485287100020557
?	-1	-2346.3198224512607	63.432713566427736	-331.2490322552829	1597.3600567625958	8445.579318345755	2978.711035823616	4212.4456665522175	-1
?	-1	2725.376551820308	54.00029098719077	62.91305663221885	956.6151537551682	-18777.057462094162	2371.4017817288664	-18700.81186305324	-1
?	135.2688275910149	2626.301696835048	66.57836639803867	340.722874419755	658.507183657891	-6334.76816235212	2043.6704426709573	-11847.127329565094	7.306492435532786
?	130.31508484175194	-103.52691469839479	71.03643470817846	55.59930038264005	639.8767456375633	-5554.196856880848	1779.0454152506138	-12500.247974066237	12.983053573743778
?	130.0924818560952	189.29720197764382	69.35833141717066	-31.588557549084847	380.7973408138496	-2115.1815715588027	1418.6580439676477	-8517.063650237584	13.258094102828078
?	139.77994494063427	108.43144536123378	69.4570068307242	69.15841593501385	534.1176670596217	4226.432670616058	1353.1922327387285	-303.3916811353404	11.107868062429324
?	135.51405412415696	-514.5317366001178	72.8162522139214	-58.92517306858623	592.1189743446555	-20.721136783213	1403.4884599108805	15559.607883398377	10.88584140121179
?	114.05335811062801	-449.4939519173845	66.51074817729484	-20.007803760834122	533.081610220461	-2628.123676877965	2131.1726269086585	11386.54994197722	3.655406755793452
?	113.03935652828741	-353.9152731401064	71.81586202587968	104.0124114911776	460.7127905007554	-596.2910452285638	1972.8159570097496	-5715.956496160785	7.419676858850277
?	96.35759445362244	-451.29971153257526	71.7113687518538	-234.96844144979542	503.2670579590324	1119.0085107738162	1845.3748021006152	-4312.632233543225	7.260771452945019
?	90.47437095165833	376.13533677489903	60.067439953389744	-194.1804716089633	516.663216039447	-1298.594329410515	1757.1843453325853	2098.9477940098523	3.5940613822947003
?	115.16436129236766	685.5111327459393	62.002345171405494	244.9245033793819	438.33734148850573	-1213.0229657665027	1950.3221918011093	5946.431707936901	7.758554531851329
?	124.74992758895579	270.3520432858535	72.31366512235901	222.89343076334202	456.012067751121	4198.824401560699	2054.5059307294346	-8494.42573659231	8.751410604281897
?	128.68196345666053	90.11410017563534	73.14701670957275	29.181283462344123	648.2785615665437	2962.106733480817	1525.6009049714878	-19564.49356831469	9.434520646847673
?	129.25563259773762	36.25077135986265	73.77272929547624	-24.059924258015656	604.117404425164	1360.2326528772721	1076.281252313686	5963.7526380920845	0.6444478435923643
?	130.49450202465368	-51.61768310980148	71.94402049667195	-187.71982634798906	716.2901942104082	4224.261393141156	1823.7885368760963	22835.007402347237	7.540610966148229
?	126.6747484422475	-2629.8900404930364	64.38673797807665	-134.45793157727374	815.3304740822248	1346.6095741875156	2218.031622431064	8011.6944979655045	5.179397945644265
?	-1	454.58018411375326	65.22112391780817	208.61301514781206	783.620672919785	-3932.581388477657	2224.373261774377	-17589.04198525884	-1
?	149.4037576479355	2838.264368435187	74.8173887354674	129.60787668125036	618.7014046583391	-4712.2872481097975	1338.5795231681097	-19856.85060071099	5.236668633890732
?	140.91321842176137	496.8348606851712	71.70151775187078	-123.68916813829935	548.0063105142917	-6319.261304896755	1231.5307317388135	-3835.5721141007325	7.195822484404964
?	174.2455006821944	1003.9713298338296	68.63293032855235	-79.552504660318	302.7383394134969	-2284.6400594310894	1146.8009174630704	10877.529578750882	8.490104081111388
?	191.11178491345356	-830.2603478382316	67.72389251885483	64.77394315886066	433.77430754273564	997.5658801296362	1775.4072106763654	18913.959479149333	4.990404940851008
?	132.73248329028223	-1253.2864282394255	71.87162748649543	-34.76079387773076	352.6166334199794	-1833.4994452593412	2092.4988914205505	5166.291446116906	12.239777752556993
?	128.4474635014814	-694.1787999626647	65.98585282496826	-72.93760603118254	342.0993352797673	2146.3582700507027	2033.7217829822143	-9410.661539913688	5.593518670818709
?	98.0235432921485	-651.0927660166119	68.22474718493625	89.5194658232343	459.93454692251606	5150.290920509092	1621.9658144248594	-13902.962611380783	1.8863063301152234
?	95.89282520065034	-40.89566506269249	70.46182611613004	-19.829227832110806	599.6138813052255	2335.745564119038	1338.5736524131653	-7022.65574870155	10.50080958251858
?	95.97876003901385	-1937.8565040129793	67.2332857933307	-260.79619385313094	576.7218251284696	1272.0361542971727	1270.833026989777	907.9863012315226	9.218120956653545
?	-1	499.7431118778067	57.42201642347331	-13.296613908925774	663.215689020085	1438.0463874549764	1383.972967474742	-2085.125614029505	-1
?	120.96591563290454	2273.630796624561	66.5684550978844	289.35776250682255	648.6241445012195	-105.62054643159931	1166.5767462883002	-3702.121435538681	4.928633424453607
?	112.68153983122966	-130.41852429964862	71.88990454881464	64.70986092157766	657.934661698505	-1271.67717071726	1198.8668956978054	2072.0795286778707	13.989024291447032
?	114.44498941792202	89.87353583140262	69.80394814396333	-111.64924777582098	585.0402859653556	-2250.9961031362695	1270.1807227221952	6580.862237041121	10.300815924145162
?	117.17521662279985	-7.932803732725689	66.30744216002351	106.71285763053864	545.3848565416899	-2510.6225936432243	1527.9100075498661	9381.986233561509	5.141837608958326
?	114.04834923128573	-94.82776747365598	75.13959102549033	65.17759481578871	459.50915628319257	-2628.1861319018585	1739.2800344002774	4410.683797042444	10.538266756242747
?	112.43382824911698	69.15554646182885	69.566321900813	-10.364200765021247	413.97554994659515	706.7929112820812	1748.4441974019915	2615.180517915004	8.024127587471392
?	117.50612655437722	24.641321391417183	74.62138098723926	-110.4732403381361	494.8488018472971	734.3981271510743	1870.0390602960294	1318.207244208856	10.813877508907504
?	113.66589431868786	1.4992951306785827	64.04265988390611	-331.27204473014245	450.6954563041494	-390.5893717362836	1814.3545596124352	617.6022453428826	5.343312915211296
?	117.58109131091115	-2293.317886373725	58.057778750731906	21.7904671886856	475.31933326048267	1143.1760390839381	1900.919172563174	4287.263652262116	-1
?	-1	515.4874323864295	65.1321832433404	284.4243393870918	507.8542582583471	5722.733039006245	2028.717742225544	33.19964457784816	1.497559051973199
?	143.355462930233	2620.950482662175	72.2789957200867	245.74320073858664	761.455985210799	4943.349592015699	1902.5791547920664	-10157.069953115408	8.729989905733174
?	130.0475241331106	-551.031187630676	77.41934328026991	77.47307395684264	755.0217378591356	502.04430475570655	1520.8642445697665	-8518.557374418739	5.059921234759672
?	115.8039035486988	-2620.950482662175	76.15264941792889	-233.82477860447588	786.5582004485847	369.4588516369838	1476.6512860711234	-1748.9009337945097	5.1105212910991185
?	-1	-2336.078070973943	65.72810435004595	-324.82262952426515	773.494680440985	805.3183331051695	1433.4191978800397	1048.2213324686004	-0.5975817020168952
?	-1	0	59.911517941715395	-152.23528575744308	826.8241171038437	1075.1646011369037	1529.0623526945542	4369.2015747965725	-1
?	-1	0	58.11634006217369	-121.2797255447593	827.252910497831	2005.9765328182436	1651.8792766198715	2935.1807568413224	-1
?	-1	0	53.847531664477344	-123.81154171433175	927.1229437447573	1267.5456592805292	1675.8213905366224	1423.334082339318	-1
?	-1	0	51.925762976457015	-88.77613397040052	890.6301934618583	-3390.6080019198585	1723.0459807368384	-2055.451347917872	-1
?	-1	0	49.408724965957255	86.21465207212458	757.592543648762	-3496.837501889584	1573.0488231407273	9379.378343642815	-1
?	-1	2745.782766821259	56.236495580063306	598.5814577588171	715.7883183673766	-5122.3999165996265	2192.0148979189858	6120.453967991329	2.5265351278696704
?	136.2891383410649	2662.0560226744756	79.33779785389854	344.282226762981	501.472547818777	-5004.5768335880275	1879.0715215402981	-8531.267442309805	7.713142786331349
?	132.10280113372568	19.42053015886672	73.4506069182126	-363.3774384397645	465.5594766879717	374.3430995124769	1765.4515258034894	-1687.4128498670586	7.504285213367844
?	137.26016484900825	115.27614780725237	61.16892593191005	-265.4798092379793	520.1897027944011	269.92423735167637	1794.700879046944	80.87453994250039	-1
?	137.86660852408838	2224.7137661406223	60.17661645631345	119.55414550186646	479.0556885555557	-2099.761332395877	1769.4952528006145	-347.1275715450425	-1
?	248.49585315604094	5255.8179353778905	67.14663320700346	-55.56219528350005	415.20163617460577	-872.6675684312091	1777.3445004696916	438.77974879402984	9.292953462092363
?	400.6575052929866	-4989.917063120748	57.398506692138405	-324.54710813297675	435.42231013399464	-939.3055228847553	1791.4342402403163	-877.8969445625455	-1
?	-1	-8033.150105859619	50.91927780035439	-125.35592459625299	368.23636003036734	1850.694551468749	1733.4496532415637	1352.579849149305	-1
?	-1	2936.4625295554224	51.130710462325666	443.5201902250062	527.9570377074334	2226.9475724031577	1859.0632326977825	4692.086854725769	-1
?	145.8231264777732	2904.0208815457604	73.09528731160502	568.2479285089876	479.5837386505268	-1482.0449649939706	1968.0539959778555	-3561.3517764227886	6.169363105721453
?	144.20104407729008	32.7057913843937	79.54310688777545	70.53224826031324	453.85478945773383	-910.6023914421139	1680.9956438766405	-4096.015702926016	12.686536571040188
?	147.4584160469929	-82.27067592123657	76.62189972462073	-220.58257801159044	434.05361907842047	-1779.0013214141093	1763.2532108315518	706.5403704656992	16.91010595670233
?	140.0875102812282	-207.67683845021043	68.51397798719577	-290.8415206225969	364.9047233870271	-1675.9944456771245	1716.322662399926	-2540.1908274935845	13.588166782240483
?	137.07457412448224	-205.59410105745022	62.07982369349068	-117.7067277367492	350.25389679456305	2789.140921276544	1636.2436694568707	6732.959694911315	-1
?	129.80780522835553	13.360819595509762	62.62864160035823	21.160514680848177	504.3617694508563	-588.5115129647666	2052.9706471454965	11853.26705485677	-1
?	137.74261510425774	-20.301415142151594	63.137849427533105	37.195312515725234	320.8283211463243	-5250.02321165445	2228.9070221997176	-26.65474429331842	-1
?	128.79273447124794	189.64569599983875	64.48840722614452	38.709248878870305	241.86060886813004	432.51507488508037	2051.6379099308306	-4876.208548173103	-1
?	147.2248999042498	455.3639938800743	65.07331187147665	244.7351058962496	342.4540748905786	4162.491931414161	1985.096594791059	-1258.2231026643742	7.609565276588574
?	151.56093416525198	-179.37852081475597	76.72516252095717	95.48656863026743	449.98520543884104	779.7482112371623	1988.726754797611	-426.8801712388525	17.205637809335688
?	138.25597386351188	-601.2632594948749	69.84764030299009	-112.1889480807921	381.4414854524373	-1442.0874042805497	1963.752586229116	-4460.756192670992	12.464507227765525
?	121.4977711905078	-748.2855782716542	71.11571511691749	-36.962770206258185	377.88083522481253	583.3580333462245	1765.6889451640582	5983.1338007856375	10.733290870950391
?	100.84169494992864	-345.9727697822128	67.99950179267715	-35.66257975362539	410.60938711974893	1066.8792901717047	2262.909276268402	6676.558886107983	7.6880286051664015
?	104.19913270139692	261.2193769653163	69.33258612923619	202.9801682746847	431.2247997333985	4059.987330695714	2099.516889469462	-15161.656098194233	5.79082690422164
?	113.90266379819464	311.47469489979994	78.14851020641153	129.7186815765174	613.6087536545375	2053.3784141111987	1504.8264713586798	-11223.948176766398	10.254593810275061
?	119.77286744638714	274.9526344798969	75.81852020806215	-88.14465024881844	533.8937204389599	-2499.103133029447	1538.3194806311342	9938.198517578789	5.608659907512968
?	127.65029552218968	205.38382646881323	73.74127769397055	-4.146486913526472	488.6535970030634	-1838.2168263361018	2001.7363972376263	10893.036659357535	4.615129261856185
?	130.04205876982795	12.092608099044751	75.61119586238583	74.38961935646384	441.9828791221535	-1578.5704987926104	2082.9713135990187	2135.2663611206676	11.5724917572794
?	128.25492592714193	1787.777816257649	77.46075866179379	-12.585404580243098	409.72507206343175	-645.0579904517689	2108.499715293661	-916.1239616579138	10.115040403187079
?	219.43094958271166	2549.2881914051454	74.98192563337366	-148.4209381218618	409.7299795995646	1069.399160293611	2037.1651155161223	-1476.6114241788155	4.629174327671291
?	255.719335497401	-21.29773510882755	70.0397117557006	-82.80408900968946	463.19503007811306	3760.9672259325475	2034.6691440847194	541.0349066127824	6.764520173022457
?	218.36606282727027	-1090.836863880588	70.84172118288913	-59.83503906632109	597.7783408961947	3735.277790475251	2064.216860846762	-516.7688448685857	6.933787426529966
?	201.17749230337083	-495.0910673926629	67.0479598023845	-181.28936315093424	649.9589196018783	-1607.632367915735	2008.8307018412897	-3423.802148717738	5.3540035829835855
?	193.61150945763677	-195.5608678565472	61.77725302534229	-210.64345446658933	517.3967225004068	-1936.8355892445536	1893.0267534108725	-5147.964936065096	-1
?	191.39944891054333	-3892.23018915268	56.51578707905488	-176.08521649676183	553.1171401396492	4978.990383398163	1751.4324550380313	-200.66537496052376	-1
?	-1	-3847.988978210812	52.97299220050407	18.116177917903713	766.3462416703185	5838.49264856944	1882.9934846628462	17066.07082203469	-1
?	-1	2283.2739250893133	57.42159597495008	247.7841304632091	845.0417725681253	-2548.2138385544476	2604.735996139778	5040.46314427782	-1
?	113.16369625446728	2195.1668432146803	65.3621987236647	344.23819243719146	638.9355497425943	-7150.053588289985	2135.016641876741	-26374.943845652208	7.799705165741038
?	108.75834216073557	92.7122243712618	74.6335055968099	176.87699024190727	487.539093153621	-5532.756376110573	1285.9888038571487	-10210.280255641588	5.132163018462807
?	117.79930747303044	693.4743517272793	74.20604823576019	142.65639807585498	362.2977309370617	-3364.867545282077	1624.5026290946541	19094.166983519415	5.875406150780845
?	143.43205974710003	513.0118730024203	81.76632550060275	58.54772702987221	319.2957158895148	-75.89892010505315	2240.697153033133	11161.603095809414	11.827624234089411
?	143.44990112315182	37.25515902624412	77.13343458725385	42.013277255109614	358.502784931809	4087.951530102074	2182.582783885133	-11353.205562737478	11.459529191519863
?	145.29481769841226	68.35770376524994	83.86698936335826	234.9807190341543	523.6932923946214	2173.1965718015795	1673.036874896251	-14536.649319051756	12.381304753950271
?	146.86778631141436	10.071022064956166	88.88247053896173	94.76079285392565	467.1626135218895	-1240.7304876626351	1455.7503179325347	-4788.886148903489	19.93966649493907
?	145.79836880166008	-140.36817753211807	88.60502900605461	-40.180526319197156	461.65676801148874	635.4286397825446	1433.5925674510731	-610.3295694698186	23.970865375553064
?	139.84937743480836	-395.49780349213654	86.87344422300184	-96.60389412893299	498.9340455110172	1436.3457891050564	1425.2338394590433	-5564.402796817138	16.649552009122733
?	126.02347862705297	1820.2757796830363	83.77483429960789	-290.1508040368874	533.4740574667426	893.957758976986	1155.3724276102123	5216.349777936123	7.191236136880005
?	230.86316641896147	2242.579093872234	72.36590402115726	-297.797143917849	543.6319334598671	1362.2868599665674	1686.0513283558532	25672.484407455308	0.5295348766199192
?	238.15243332066626	438.03237855189366	68.88497710371523	-132.55724027809475	601.5884004650719	2220.569964833242	2438.996647982996	11400.498368816103	5.864756544173866
?	252.76478534655647	502.1616606850497	65.73804200725243	-118.4677641521944	654.6604317015308	1635.729678917996	2256.0762467966665	-8194.458999551995	6.0380810794363065
?	263.2605163549191	-30.258913041114536	62.961588896105425	-120.73802674241803	683.3748844109729	-1801.1312784077784	2029.2736980053903	-9446.22853899962	-1
?	251.25183969450072	-308.09205027820514	59.701140670131444	-163.66775638415015	564.6038677811406	-4235.387236287114	1783.7648198466788	-8425.82147405595	-1
?	247.85591384100863	-5045.036793889943	54.7782010768978	-174.77465926550929	471.60552259661415	-762.093020145299	1607.9826243025868	-2805.414959498831	-1
?	-1	-2335.026270962767	50.962407706855856	273.3954547740724	526.4992167738751	-303.54596154711226	1643.4940718717353	-5675.6647692664965	-1
?	131.10460029286864	2428.705686392808	68.44797381560161	567.5170678973432	456.4282245192583	-2046.8353518175552	1324.199385839258	-19432.492694668406	9.68971513947095
?	120.43528431964212	-326.5206352080749	79.33826110172342	-17.649584035752955	424.1574491829959	-606.7843518933596	671.8694371383011	7615.612912637272	18.15651153712981
?	114.77856853246466	-15.29381043836828	67.56549461381395	-420.57540458398734	426.0890069245899	2034.1050871526359	1704.980031471127	29173.36051927768	5.789589651709303
?	119.6705937977237	26.205169858579236	58.30949087252375	112.40564661192349	525.8627035406291	1512.5409461943207	2130.537463102206	-12947.04552815316	-1
?	116.08882702539364	-227.60113609934922	73.18577694441021	299.6899380985346	501.716054234307	-322.98702697162406	1057.6277550634597	-24137.457991485702	8.230665730142794
?	108.29053699275607	178.76483774823473	73.2939877774507	165.0852396349088	509.7133521920477	3730.1075565079695	923.6645635279036	3529.504066725167	5.445154393039791
?	125.0270689128055	441.3183321124387	81.44003892615577	44.35156256975568	688.2214320597082	-565.1908063972325	1234.1029583997206	3460.378116222863	8.359870911833934
?	130.35645359837832	253.60518018834776	75.51156590593851	-75.36463909409243	481.45381187218567	-5748.401325074395	1096.6834693390492	5891.245200025076	4.883301524706381
?	137.70732792222307	135.90602706434572	77.67180697145109	74.01203964027283	400.80136580598435	-965.0485681022302	1528.6652184009786	17018.707916058946	11.483117982485926
?	137.1517549515957	-154.3265164281497	79.2121678879522	-45.843205100471124	433.20138346707347	-1706.8920487191458	1947.6188651420086	12206.664168268508	8.485691491757319
?	129.99100210081548	-37.917895182013154	75.3796467164275	11.152374454854181	315.45676337002584	601.9732542847777	2138.9984268144126	-4619.149112197777	10.588600129326583
?	135.25586019249502	-93.75669588334696	79.76978661069492	-8.517705895993565	463.3000461813128	5866.306957518336	1716.6614095321165	-10603.540186093742	8.138427612874613
?	125.30316730664806	-164.3242587267718	74.95376142162782	-97.47752052480824	608.7721112459468	1016.4700928305391	1608.821417509718	2532.1776878650694	7.6487440959037585
?	127.03964725615631	-143.67920624422078	74.89591058445444	37.91672746881207	514.1235508228405	-2305.371431794678	1843.2702939253718	1353.4696472535359	8.589376069375309
?	118.11920699443692	-496.0580940893508	76.84959779506845	1.637169883971955	493.5035396562113	1303.1667383253987	1676.4948998723958	-2012.8976953540982	4.897984346664405
?	102.23674255168842	-2382.384139888705	74.97776907865304	-206.02120429973914	579.2818877391113	3805.7214434634243	1742.6254091576654	4975.9764843481635	3.7655345739642008
?	-1	-2064.7348510337392	66.54853758008134	-158.0140751712776	683.7896118293852	3134.3395624560103	1925.2937240898075	8571.18636964273	0.43854715166926167
?	-1	2375.9955282284095	67.07706532008905	-42.75042650724568	735.998865861914	-6956.660336269243	2171.184727639808	1454.6820720043636	-0.32033055901067375
?	117.79977641142216	0	64.41101625471903	-246.80371000205943	335.9565950159181	-4614.737669096136	1998.0278276900267	-5685.539416066887	7.474001769277407
?	-1	-2375.9955282284095	54.7368798199859	-179.16523849783658	505.261982407104	3588.2806372961354	1886.9077568364596	1329.5742146291188	-1
?	-1	2609.7355801875733	55.45275432982707	394.71572219855295	515.3706268807274	218.8265190720975	2064.5065384214836	925.0151313043675	-1
?	129.4867790093805	2394.552433256052	74.47266592991383	333.48930273626917	516.203308360709	944.8270395495163	1933.1585134016786	-1068.699285618348	6.684744093296372
?	118.72762166280431	-2609.7355801875733	72.12721946664077	-122.87230859853845	562.6119788582039	1930.7684854913257	2011.0715741405654	2418.3103735260756	6.603592416268755
?	-1	-2394.552433256052	68.32905049998682	-188.74320694792874	612.7417326352767	1046.769896170125	2054.074032077984	3288.3430151134903	-0.6451242715142542
?	-1	2646.6428769903273	62.6900591192442	-29.546683123019626	614.9504736667109	174.34534887787757	2175.4887248962423	-3045.708461896577	1.5332173817772445
?	131.33214384951825	2393.7465905975655	66.85171634383582	64.20940839808503	621.4590000791707	-1759.2334744772393	1901.7886089831532	4437.325363216615	11.517443178958239
?	118.68732952987997	-544.9427061678698	65.9005295391485	-81.4542732096855	526.9887999428477	-4443.667591051538	2397.354993057076	1073.662827303536	10.54489166512294
?	104.08500854112437	-309.9729533127824	62.779002683351486	-91.0867437410782	399.2756205265906	121.15860677537795	1955.4717503483307	-4224.006974044145	-1
?	103.18868186424064	84.8167569685878	61.34619235209452	4.975288054133742	533.0467302816167	2411.99128223107	2186.154644354866	3599.395108272214	-1
?	108.32584638955382	500.865911242208	63.02776708605818	118.46912535888723	519.8751846381458	-539.0642970152024	2135.441505761944	-7719.379990548263	-1
?	128.2319774263514	424.35473123028567	67.26964862003896	77.37156781000583	506.09351543085614	-4304.595829523212	1800.1856448274473	-4074.0004548955962	11.732501132512441
?	129.5435829510684	341.3482777712372	66.89634547655852	93.06206786893351	304.64539316198216	-224.46325998569387	1931.7414830171613	1458.4818163989778	15.328340869962517
?	145.2993913149135	2520.0798287148205	71.9227520134857	80.4615560515299	494.8703524315713	6686.351747126003	1873.1097356473972	-4411.084968746296	5.590559824418984
?	255.54757438681122	2533.599062366812	70.91942327913507	-122.18505962048991	638.962980518287	1882.3786663159017	1711.1872345798433	-3660.0715679451723	4.202576203190165
?	271.9793444332559	-1686.8262397319666	65.81349903246112	-82.74055779148735	588.9892857473677	-1115.7719707688989	1690.106157250136	800.4342656157292	4.741094392223746
?	171.2062624002117	-2192.7689813122847	66.78239538956065	186.82923878129392	583.1743819798413	1565.916583853796	1751.2089478606304	692.4041353114664	3.188983562077586
?	162.34089536764012	-333.43351613555836	75.15496097152595	268.99155035494505	667.2851149400586	1307.9230694295798	1724.7263640157098	-1030.2750028267783	9.614686498553695
?	154.53458659343354	-388.1989926756593	80.23197290730809	154.1149003212315	648.5705354513212	-1584.6146022082123	1699.6951977192907	247.29896086593374	9.829930623565108
?	142.93094573385687	-389.0549791036257	82.86070598758764	-99.04247922704543	588.0543848296469	1650.040524727903	1737.0913120590067	1870.5657016671155	9.494612908171307
?	135.08183763825198	-2878.6189146770967	75.27984894595575	-333.21958043575773	731.0725616877176	1749.069191770782	1793.2234828026478	198.86489102112765	1.685832922835098
?	-1	6068.5089381940315	66.19972696579951	-127.5913004948315	675.5078444181872	-3633.501131182341	1747.0345566100632	-1638.9514507199915	2.7454306345192263
?	438.5072845479579	8717.047533430901	68.90028392121408	70.14501483010392	549.3975051285979	-1668.7148037894522	1711.275910266647	2358.175490024212	6.242226135313957
?	434.85237667155127	-8790.145690959032	69.70697770730476	-80.43626142045582	592.0721042287134	9204.603757253355	1864.9433311112755	12347.519456410693	6.492947918266165
?	-1	-6393.426315290525	64.87847085019124	61.44698468777219	1009.6276929912722	-1716.1462153326415	2328.6518830871905	-2908.352622474126	2.41575133374775
?	115.1810609070205	2103.1328335242983	72.77932694169341	92.24012299367939	506.26479346208015	-9769.855088828994	1719.5256999875671	-12914.01100302988	5.427461890458368
?	104.15664167621641	9327.486575614239	69.49047699987527	-89.2575761797538	521.1349385498155	2233.6480599721576	1682.9513329356873	-7031.032142093891	4.204015631515133
?	581.5553896877391	9524.25758181502	68.31644813270566	-206.73100612113691	617.9471964606896	1718.9222005323934	1367.9740928828676	-5285.297797000341	5.598341132540746
?	580.3695207669741	-9216.244813458521	59.15392669381828	137.09323402289644	607.0810485764364	-832.5056186493766	1418.6864430856665	-7872.117502354051	-1
?	120.74314901480645	-9295.663662772711	75.17110983385058	253.98765801317106	576.3219155282202	-971.4716307337948	974.3682177651594	-6796.112969106902	13.242518389620212
?	115.58633762833199	1.4240136254167421	71.85330959447701	-192.5003940797397	558.507467039746	743.4658071055363	1078.8807946303166	23815.890118082876	9.311803176278792
?	120.81434969607729	270.91486514186226	65.54609012986346	33.244886581690125	613.4952058834975	3168.2120366737563	2165.1627236693203	6740.693222804521	11.938369039974814
?	129.1320808854253	77.89211529875789	73.51555392356154	223.27873694106665	716.918068873436	1244.8612764557588	1415.9154557705474	-16259.892833493122	8.569906715085061
?	124.70895546101524	-86.3534369004835	76.71002697691695	-126.3589548485651	675.7382697062864	-71.12483450449089	1352.1680819946525	1251.4147336312412	10.76487204452568
?	124.81440904040106	-2514.179109220269	67.1976061811332	-221.71542177041314	713.3618271482114	3908.019966568403	1478.4861924521103	13749.248311642537	0.984141920651498
?	-1	159.43124965937642	65.62425588839614	-83.21590030092447	871.1392680347093	-1688.5481764087226	2039.6304975767891	6006.268208696102	-1.0054171713768727
?	132.78597152337	2583.802605879027	63.03681116608691	50.268414817127926	628.9344183277741	-4380.095096093334	1778.7996028869197	4263.795864459988	3.026492281074442
?	128.1901302939532	-158.36444630689104	68.13767662925257	92.83977471056825	652.1345132300395	1082.189413200695	2252.8202907997916	-2299.087752829345	15.78577256873324
?	124.86774920802533	-173.99754922225364	67.67879990161539	-107.32570847374025	683.0438889878096	2642.479315550439	1663.8452152454508	5156.918522118366	15.913627170236637
?	119.49025283284038	-2517.354984160471	62.77139120556548	-111.20575300716949	784.2584790075633	1275.757567195758	2510.6662169057136	10172.864583375673	-1
?	-1	-296.8238877462037	62.11851225125684	125.3594992601176	746.8317673475984	-4844.538352212373	2172.4884444142417	-16867.53423804125	10.212947674047788
?	104.64905844552999	2013.3268345229606	69.03936616857145	69.66705619125975	542.0315613969412	-4591.002947811274	1667.289505003639	-13882.055570840519	4.141204015229911
?	99.66634172614945	-113.47552226475851	65.60186506081988	33.329604111624555	517.2816199570315	3354.8075942838	1478.385665872206	-4742.047605232825	-1
?	98.97528233229198	-24.105483450771544	70.7058463741527	4.4886339978381145	709.7719411111336	2547.0065189362163	1430.1871247419945	976.1326907874443	9.642714615325206
?	98.46106755361086	384.459433368479	65.82629676071178	-160.20412099220337	644.6319459038441	-1617.0553071631894	1527.1923004115788	935.5216485981254	5.549665708792115
?	118.19825400071552	393.1540865582623	62.6956403245427	173.63892011968298	628.9191757529759	1715.3015378363382	1476.9632071718997	-2993.7274724050512	0.42050236114103356
?	118.11877188152425	140.91842433614715	74.50824276669606	280.4731658507616	730.3970227956622	3148.339020688337	1377.505926791324	-1531.280058048961	8.705382006819875
?	125.24417521752298	184.0164242018309	76.71929861708098	59.435378441353926	786.336126787395	-47.37715633920903	1400.3992042694506	-1219.699153860889	10.217964313002046
?	127.31959309161593	38.48456669051617	77.4800116887638	-230.3878043472328	728.0281649787017	322.5680890040848	1316.5209690982788	-505.89390948658286	10.380693752209313
?	127.16840355204882	1.1060595241815305	65.19990839971918	-325.68167758870976	802.4645312375994	2173.3631417322645	1375.104508795121	-543.1915803917186	-1
?	127.374896067825	-2563.3680710409394	61.195927809328076	-191.30277047497228	836.6963220653165	-947.1924841948296	1289.3613900786925	-750.9921988330946	-1
?	-1	-2567.497921356464	55.63476987597043	-139.24263964630114	755.1049070278573	-3218.2841938578867	1337.5548988534658	8277.423557314296	-1
?	-1	0	54.23379582701292	-61.50204531134248	675.7821123724199	29.41891240145609	1703.2325679444132	10266.866866071468	-1
?	-1	0	52.55966761040326	-42.89263572434844	756.5758526479301	905.7634419724567	1850.8982421570465	2055.7759021076463	-1
?	-1	0	52.08916404079547	-55.227486434947295	721.0702844710434	-732.5808072853656	1806.021363049797	-3993.950537653402	-1
?	-1	0	49.798293288655856	-135.16352985993214	719.9468122836613	11253.212003292456	1651.2007152743736	10908.517584642923	-1
?	-1	2431.9369199630105	45.33098754779876	91.72892877359499	1283.730884635674	-184.42978592617203	2351.447242281951	2079.95796874877	-1
?	120.59684599815226	2118.2924483114152	54.38473972733567	474.2263440965433	710.7253229873526	-12598.235586547049	1755.1986137118136	-17811.465505709573	5.630405467054568
?	104.91462241557227	-2431.9369199630105	69.04230475262627	71.1343130053133	653.8191053083127	-984.8098785020349	1460.8739669964596	-7038.720570982755	8.139759802969856
?	-1	-2118.2924483114152	57.941455377601386	-192.29731882840508	661.4848290622501	1109.6576766545902	1403.2625851626708	8029.846953047422	-1
?	-1	2542.3375796143305	59.427438811205874	355.05926262228036	709.301989141043	-3368.1376041664953	1862.3663146488364	12895.819116303826	1.9125885721169293
?	126.11687898071834	2569.463287903093	75.69441850871566	377.54030666090875	493.077948853923	-3749.8736092154913	2048.0535409778713	495.4067468514015	7.351575546400267
?	127.47316439515647	40.816214160313095	78.30445414425158	-23.331636996901135	521.8083086802658	-2391.542594099758	1887.1366519914068	-3774.9646731773064	10.21841073595595
?	128.15768968873402	35.367646504878174	74.52783665887058	-74.98523890265041	373.5008191489334	-3762.8775501991618	1859.3053073190033	-1862.35587424169	9.528898763754771
?	129.2415467204004	-99.81466837298427	74.555192199119	-93.46834149918901	333.664431170305	-492.50510688470496	1794.018858279321	-1865.5867173930171	15.823260457074355
?	123.16695627008474	-37.928640045644244	69.85441958391107	-309.6053015793902	348.8755638046978	699.3426272568732	1766.0259714493511	3473.997933340725	9.588734786441252
?	127.34511471811817	-2483.3391254016597	59.074927120149276	-337.17141528921036	368.6315625331492	672.1208151216326	1967.7187549463597	4020.790428768202	-1
?	-1	-2566.9022943623268	52.99584881945031	-184.44407168795956	382.4816045607799	2839.3253016086323	1967.065492887764	-2855.375615932299	-1
?	-1	0	49.85272353575117	-54.18914801491803	510.5978276135828	5194.44949208862	1824.9499741497427	-1533.987518017967	-1
?	-1	0	50.28639141870437	-58.27444323731074	642.2040791652146	13449.654114962379	1890.3661169868647	3781.699632921919	-1
?	-1	0	46.93900137388559	-85.61039836434878	1183.0805333617113	1158.9978251694192	2014.0349557958414	16.858090993905297	-1
?	-1	0	46.00587150048687	-18.34740601013723	700.1539704236864	-10526.291117700806	1891.20902153656	-1542.833457057728	-1
?	-1	0	46.021631073378714	27.65963096256502	656.7659774766636	12125.4683010412	1936.8932829429539	7508.771265635794	-1
?	-1	2313.7411074229467	47.38885304861514	260.3602884700004	1306.427385475755	-2385.573924969767	2266.647584818355	-7632.378982263632	-1
?	114.68705537114897	2190.590382833682	59.03964549687892	285.93773353819296	537.4872812281735	-16130.867128137708	1555.2743338297669	-17763.263397348634	11.441307731865674
?	108.52951914168564	-2313.7411074229467	61.68573972552499	-131.44694833264833	499.8840290688581	276.88681356446585	1378.4844149509106	-329.16158174056807	-1
?	-1	421.4281607567341	52.46729808024641	133.05609932240168	551.331621906397	415.5043291943398	1538.8162547427382	11346.618845958612	-1
?	129.60092717952264	2583.1461791741294	68.33854469164517	474.58832003950283	520.6592455285754	-1544.8111669920258	1945.8153572488493	7896.574089675161	2.091387971813172
?	128.1573089587083	-157.09953865425067	76.19671408222189	59.57432693071497	474.0910635567946	-4003.3686441614814	1933.644959226502	-4814.148701133913	10.78215911035949
?	121.74595024681	7.065462153562875	71.31726103818096	-33.630360906757154	320.4908133204985	-2912.1076670950965	1705.1079221921502	-10471.077856167842	9.309313360014203
?	128.51058206638646	322.8795604957457	74.515196036884	174.95746387859393	328.4856802020377	1920.199680810814	1410.0910664181024	-3122.613091297222	12.740299012541067
?	137.8899282715975	-73.73164481788515	80.06513423211078	-6.038177122030304	416.50079736104055	5321.085217354142	1548.977267627287	12186.302988795178	14.017798271334177
?	124.82399982549215	-175.97797124719966	74.21328718078249	-188.85762354026315	594.5399410697486	2497.7028109662897	2019.40621585787	11959.340719985525	5.773307153468817
?	129.0910297092374	295.064717046231	70.62225305509749	-52.02973215802797	541.3859379093568	-3616.518859740921	2146.9443036265716	-2374.832482609366	8.126559657627999
?	139.5772356778039	163.34014651566514	71.61180057288105	124.68002320813518	413.71399808269996	-357.9333906613096	1900.6645917274	-5571.093854461408	8.417045634874357
?	137.25803703502078	-45.51066849739349	76.85625421550434	-55.484727835356644	523.4892683762911	170.00699895875968	1868.3896109034972	-81.60880145252006	7.169853227564363
?	137.3017022529342	98.02852273431856	68.83756418111318	-9.992144878622327	422.21434803063806	-901.8961307683056	1896.584151654774	2941.852255977805	6.069759984751905
?	142.15946317173677	51.1165248600109	76.35664697157321	268.06326371372353	478.39446183787516	1705.0467992868432	2015.4822237023895	293.86982865723934	3.58055094764428
?	139.8575284959348	2064.3819293667852	82.24072736679955	-76.0821294337635	507.46668799498144	-145.90729648942235	1911.277643087636	-3283.745933907129	11.902238329731002
?	245.3785596400775	2164.937556278681	72.55254049988498	-253.73256403129184	471.09909701340393	-1339.493161244358	1851.2949270070308	-512.4004820167575	1.1883588203734299
?	248.10440630987037	-1668.872767366325	69.55409916523477	200.16911918185883	440.4920299327626	2585.744911782703	1885.6576189867978	-4228.271910186271	5.616985878121633
?	161.93492127176006	-2153.770648090897	82.56099645897807	240.75701972316182	600.3863426025409	4497.860867666607	1639.8813314977142	-8777.68628580395	6.376723523183945
?	140.415873905324	-384.4927977217221	81.59195015139304	-248.66765643155662	665.3850733160962	632.4763576335341	1446.773304696594	-5539.495707596423	8.16820908819043
?	142.71028138567368	64.37665060695133	70.12761363740006	-303.2823479053368	632.0101604842181	-954.1558059654154	1362.906546117889	-1900.543458907987	1.6872221081415522
?	143.6347064356716	-152.04995266665787	66.42783275612598	110.5970132319821	617.6772830178247	-3966.557599622019	1351.7461317511934	-4431.734889029982	0.6789646965859355
?	135.10778375234068	-577.1966195505422	75.65746429899924	105.14023693222519	433.6822805031143	-2875.7734718695633	1141.3198016663869	-5175.775616856812	11.51654488057187
?	114.77487545814408	-116.48003995415883	71.68484460273731	15.35070456991924	473.8886094243445	1063.8645097602714	1092.957350908349	11239.445890384468	4.261800695415999
?	129.28378175463266	438.7460758755955	76.42499952749522	130.10771539703015	486.87550599112865	-269.0118753351267	1703.2920961856182	5663.816664799326	7.888731724870736
?	136.71217925192417	98.32936377430858	78.19023037258891	-118.53409342831698	460.438015657588	2841.922774146995	1376.1481841483194	7550.963374033788	13.891879483569614
?	134.20024994334815	-2754.243585038444	70.49829485607928	-192.63229318113315	628.9716446984804	-61.8426223506074	2080.840264887313	8549.770840269704	1.6514578379708358
?	-1	255.17080409146308	68.55861571353212	67.7254972506991	457.34588454005757	-1594.7699068834504	1803.6367261618107	-5953.50761284377	-1.6360902399645045
?	146.9587901479215	2857.3380892233154	73.88456971861429	103.10002835203302	549.2331493543068	3565.5536859491003	1783.1648842451202	-5105.517246941063	8.581148440267558
?	141.8669044611678	-92.20525899259695	73.71361713113384	-223.33597991997686	635.6235688375151	324.0816733440169	1548.3608638147539	-5030.458361616785	10.895690439024484
?	142.34852719829158	-2857.3380892233154	62.717770722615285	-294.27324879870616	565.4372330215078	-2779.7866399824106	1531.6419661642774	3080.308815811756	-1
?	-1	99.96108759709415	58.999954691198326	102.12273611005085	496.6342368383926	-1951.8447051684946	1702.3763046053439	4844.1663889961355	-1
?	147.34658157814636	3066.5592183501813	67.8239075281179	307.9183622974991	467.8449977630817	-854.3216128494615	1773.8502856140876	-2102.325266619343	13.080376883597955
?	152.32796091751123	44.107681939925044	74.3958728060735	-0.3236364918339472	453.9181561959189	-2146.551759946059	1597.2600412743752	-1642.0016819028654	13.387261991983568
?	149.55196567514264	122.375614900003	67.8077257035262	-12.40764288050496	360.51740976577724	-1343.0011568012699	1691.7502015189432	11632.157519239394	13.070759079579789
?	158.44674166251147	14.686537772861717	73.77549066204824	80.80244868552425	386.7680983558545	1769.6207420143035	2178.867917236353	5293.1128729759	13.772351413399297
?	150.28629256378574	-3188.934833250184	71.84784813780247	-353.96741041260833	448.9984468664937	19743.794959516403	1956.405845167742	3676.2918088358515	7.1446665529828115
?	-1	-3025.7258512756716	56.07712014141757	-214.9637634875486	1373.9578463316886	6668.561703997481	2362.6825076781483	347.93898928731284	-1
?	-1	2733.391154911442	61.09965996342489	365.18504442744194	782.4265320663725	-17353.507948749895	1973.8027946321079	-15516.665875062028	-1
?	135.66955774557402	2670.4390311732764	74.33637236278993	265.5845596661195	506.28244889418147	-7713.548199359585	1586.8492139250359	-5758.192192320812	8.717838906983218
?	132.5219515586657	-275.01773935507975	74.37888794673106	-24.038882298985357	396.7491220983878	-2044.3790649449288	1685.8931850160632	1245.4753755074494	2.932492156451608
?	121.91867077781984	-197.6018820968429	73.13442824784065	-2.142245177647309	404.0634956469336	2942.4006382597217	1649.1229827004092	4258.669900924031	5.121444196231382
?	122.64185745382342	421.55448232756925	74.27177568784869	62.597317880487786	543.8691540113759	4012.3334990396756	1898.8266800622678	5791.777027277535	7.7515515732704205
?	142.9963948941986	1610.9409226207392	76.26429414186508	-8.561281564195603	604.6801705989202	-823.4098130538072	1938.71183406429	-1092.595897016079	6.419540269401935
?	203.18890358486152	2337.719169715275	73.8437116096389	-114.05675038983199	502.698663358685	-3786.8909651849	1844.196885211463	-10249.38769008203	6.237747611336941
?	259.882353379964	1340.2168545646807	70.5614566223734	94.05206591188241	415.3356223396725	88.27393202415226	1426.2424495601813	-2883.4106046601346	6.2684449963402065
?	270.1997463130965	141.7624809620818	78.54631490523309	157.25662041445392	507.1123599598927	-461.37541226090804	1700.0263549784543	9831.005443962336	7.966210941866993
?	266.9704774280682	135.46120124774154	78.4242876430962	5.79993390379079	392.2668517266268	-1122.234365579559	1917.792721758305	4844.111764179178	10.192684400963639
?	276.9728063754837	-1330.9842794972774	78.83631160042263	3.0993910545682994	451.00064168091393	3754.7840604848707	1942.2319431874166	-1087.321394661988	6.057336858558886
?	200.42126345320338	-2577.4136359602894	78.57925719582462	-13.256735489871499	580.006054750873	1542.4598873490752	1863.426652025205	-8853.32835533821	2.742017571779594
?	148.10212457746738	-1387.9100517514662	78.17347482592905	-97.54714955464439	528.1236360483688	-126.2910312114814	1499.5655254204999	-8851.566468285093	4.4873349284491875
?	131.02576086562908	-493.91230042693604	73.70189971809234	-25.58310890329316	573.6915031902988	2815.538194315826	1420.848328610944	-2480.428557799297	7.528448680785274
?	123.40650955612023	1017.2521981790758	76.89431938076437	-9.992847887590557	668.9005457641621	322.1364969097339	1375.5440975305332	17460.06292425628	6.5398576068539125
?	181.8883707745836	2258.6308318939327	73.2022573237128	33.24962081785269	589.7983280357857	-130.10181426942424	2293.8514748237703	876.9337798486606	5.657445568326083
?	236.33805115081847	954.896915268048	78.55680042165703	22.961252368675062	662.3954550506908	-537.4707556875106	1419.390786522967	-13900.161952466962	10.971138747037077
?	229.63321653798667	-194.41049823650596	74.35031994214657	-215.88174128631954	562.9247902514098	-3041.738027166159	1598.8433772004123	7649.191668205945	10.858981714275744
?	226.61752623899304	-93.59036363057365	67.7627133573409	-12.880299728128465	510.30855369238066	-2688.672389200206	1801.8503699332696	6130.098338270149	5.277914232526387
?	224.95369835645792	65.11096624336027	73.70630495574014	175.03418779081818	428.4911707913976	-894.0121535482238	1905.348294113924	3577.202455063688	9.948713594427932
?	229.8730745511611	160.02427010120243	76.51442274688193	-68.55334948577921	465.60794601496883	479.9408128997493	1980.7104926864565	-6096.845631849369	13.47778229269631
?	232.95491186151816	-48.933999046597464	70.27863748145113	-171.5728995252651	452.4882114363854	-1412.5630451890554	1600.5060125214513	-6798.515063391982	15.155371065893895
?	227.4263745988312	-29.699214167479372	67.93577777061856	3.4611940149585014	394.97979375551506	-2969.43822597578	1640.7847395168526	4598.077592278899	12.614924196885072
?	231.46995115314417	380.138266394857	70.45169718219906	82.86048773124175	304.0163001375943	914.9335428371803	1830.4098921353996	2906.328058432286	14.978069162896228
?	246.4332879185743	191.4242897684262	72.0788021571807	110.51517462763469	440.7264708973747	4388.186985471143	1786.101142438469	592.9204449313745	14.368756701463276
?	241.0411656415656	-318.6700809865516	75.97745591358087	-41.998414419056445	523.4256494111546	526.1659381311329	1860.0559143819687	234.9131110841757	19.23944142386968
?	230.4997838692465	-214.9649594617771	69.97888143622785	-92.83950611973505	467.03476780393174	345.28051023124556	1797.846797992678	-4589.757744441975	9.012356674093006
?	230.2929176684766	-1112.0533114249781	71.33548060759405	189.7506980247941	540.6896749227171	4402.80497497222	1630.5680271598667	-6323.016830334987	12.271621448366798
?	174.8971182979968	-2257.179959730292	79.46641633746769	35.71135290473769	687.1750165525459	3478.886701190816	1481.695956475924	12382.40564025999	3.410092204593237
?	117.43391968196039	-3517.942365959886	73.12104825283096	-221.15622660997442	714.6340099822604	-18.823298921783778	2249.688309172875	8478.730576588412	1.8968450309641778
?	-1	3275.337576729928	68.40860500696881	-10.323333893478116	686.2338516064567	-6226.228503460057	1905.6324853053507	-5190.006755278036	1.7993175276419504
?	281.2007985184591	5441.900844868494	72.60488155815705	18.72401811354793	403.3225848092531	-3002.715476023873	1990.1879714089696	4291.209253316213	7.614519927319257
?	271.09504224342857	-5644.015970369102	69.34480591264622	-157.83915956486769	536.0980778052609	4594.127108628847	2120.1929479711644	1074.33590999566	5.256855586881265
?	-1	-2709.611938459984	64.71292357991355	124.66825402146831	633.0289402406987	1045.947091172751	2043.9047669087533	-572.9560044090167	2.7366259765150542
?	135.61444532042745	2754.2915626701047	75.57821861371973	276.10514384968303	588.3954323638992	347.50190643918774	2091.545147750713	-5594.345459462427	7.32748331999525
?	136.7145781335072	37.72838595005627	78.5181807723979	-11.400162309856634	650.4040355626584	-4696.904879986714	1764.187493935628	-9408.528774868048	5.643240245304236
?	137.5008646179303	140.4991403733689	75.00821049822689	12.118807945717377	353.55018836456014	-2983.6458318871687	1621.118709007304	2168.546602399616	11.666007533253248
?	143.73953515217573	101.03304989612211	79.12412116968378	91.11949204056499	501.2217439682978	10086.510772387503	1872.6148240556104	4951.694228206014	7.162318531606616
?	142.55251711273647	-243.0069310841713	79.5641851002552	-24.988600407413273	857.8757269839424	3303.228924750234	1868.7034204176082	-11476.215483487145	5.588299129192363
?	131.589188597967	-485.4950909342403	77.8746911493131	-29.574209102198246	666.3831902058118	-4511.08813368664	1298.804049881245	526.7931571243087	3.92292736658191
?	118.27776256602411	-392.0703540959404	78.08547464514527	-44.802547192576796	632.3213202996072	-3617.5046183855657	1895.043078273824	7446.631053312043	6.185295292350292
?	111.9856708931697	15.47636045680327	75.63456378968422	-175.53844573326876	485.507959286531	-1174.1182687397684	1671.1356025468524	236.98218827825832	7.142219775666698
?	119.05158058886428	96.02479206185399	69.3085523584817	63.97475392667184	573.615406862618	2205.24180796391	1906.892187687737	-132.90801288967754	3.59722117068306
?	116.78691049626246	-129.44134443776179	78.83330148601786	83.28221793857036	595.7700496847281	1956.200059211446	1664.4902019023684	-3130.5986236535327	8.001602676149714
?	112.5795133669761	-93.409946332584	73.47266325541028	-27.449031527404664	671.4254098231917	-1553.5493099863022	1750.3622565050582	7415.552864271707	4.866529027239368
?	112.1164131796332	-23.155787078126718	77.4608499096476	132.61529471903896	518.0925841854119	-4103.495469154965	2035.267845115959	4730.670656315152	10.3126542903096
?	111.42172401306975	-29.166656093354543	80.10342799136232	72.56984422598673	466.2506363654405	-1231.5621093610953	1986.8957893208192	-77.08180230055295	13.579033369684424
?	110.65808037496545	-36.517182409086836	81.089342120947	13.166054961730635	456.5144787173562	332.21634878763535	2031.4137550009314	771.7924338526409	12.781781096619689
?	109.59586489261538	17.79901776133332	80.76173073944887	-6.012198261288887	482.86145380482253	380.4467416975402	2025.4854110134518	-434.1734062944244	7.272557977098472
?	111.54803126303213	33.800541324894	80.78873220788255	-55.3795192343967	475.5368158022335	-507.42607267182467	2009.7050846862098	-662.4178897481803	11.258950770996796
?	111.2858919588601	-2250.9606252606104	77.99275477772899	-374.7172423969081	457.49015017123094	2193.409370940572	1992.3645165260423	-250.63708412989953	9.256404575341048
?	-1	787.9749931136481	62.052870088036876	-255.3301750511779	585.2072843492637	5504.885097073184	1997.1732304797147	-581.7780638442135	-1
?	150.68464161454307	2858.112667837059	65.22624602516991	378.1109106622715	732.734405024894	-2648.4239248007143	1963.2756133338312	-4350.885565938067	4.6195606172064805
?	141.90563339185496	-394.96872408353346	80.95841562115072	216.69270405112292	452.78608810922606	-4286.363044169412	1779.6289521828082	-4123.60487307542	13.212351672667003
?	130.9362054103661	-348.25611281650754	76.06088122772621	-223.47233756247982	518.4162528164204	2039.8703260994814	1757.0953696800573	223.32519516208913	6.79483936049934
?	124.49282775102934	20.486365345096537	69.78479874302657	76.81130415133599	554.7796044142016	5440.665072248826	1790.7952119409128	-4565.621204452258	4.4915898579744304
?	131.96052367762096	203.0961515282362	79.90144643529307	201.41171262694425	790.4495064288656	3764.127273805003	1528.8143094574411	-5766.598102958064	4.218112839865183
?	134.6476353274413	74.05358186106705	79.85538437437393	-80.06243793171677	742.9859681044544	-5584.282635460872	1502.4653067930055	-575.9089734914742	7.083432599619289
?	135.66320277067436	125.26967101382972	75.89832453870717	-28.671063921652422	511.23537465581796	-4853.155523110311	1500.018860782867	5546.083289162619	5.630121391500247
?	140.91111887813287	129.57435755823255	78.42183117829129	107.31529781280348	500.3281919489354	-1204.7725407890903	1779.7694712511404	10442.701707964485	7.116269885353127
?	142.14192064858608	-206.50125867723196	81.26408942934742	24.42801590488238	450.9967476163626	-657.074053024231	2022.1539461810987	5148.077034746984	14.504542424416055
?	130.58605594427112	-585.8274391754479	79.64323197353542	-28.037866630143526	467.4744892977234	338.89155882351446	2037.1733229884933	-1606.5734965253023	4.368213747495446
?	112.85054868981327	-510.00399365701026	79.86219609784023	-280.3552622081361	467.94132555753856	279.16869500950327	1941.8252713548325	-1297.917890074759	6.553171273884106
?	105.08585626142025	-2277.010973796233	65.62546886312842	-412.4419104949427	481.43292404819874	982.4469490198154	1972.2774284847544	493.5516361491612	2.1831335116343977
?	-1	338.02189841917965	59.240100573092796	100.952318024093	517.06367300853	-1379.2996182872864	1966.5028531622909	-6135.187431575945	-1
?	121.98695118237947	2519.2196519475556	70.67308476433314	311.2260002303694	412.46794313383344	-574.6488337874607	1665.5180569059528	-6779.235066471937	7.44884017227336
?	124.96098259737957	4.708571170079314	74.80140058461149	22.41675587707956	488.3312313191566	2225.346036492664	1627.5410998386892	-964.6019874073635	14.708018659944429
?	122.22237974088344	99.44860020317465	71.79392255818713	-125.69506060093678	523.7352449584682	-534.8773283540962	1617.287957535584	1809.2768795045201	9.388920410653803
?	129.93341260753837	221.82201917103353	68.51664755456456	105.16710347388788	461.5873649014514	-339.81912208143257	1718.0049438139165	6184.43597852134	7.369768294470421
?	133.31348069943527	-218.58924852152742	77.0522777318816	192.25117455999066	506.74428885439636	253.01106542881806	1926.5097564616553	5349.327830360322	8.07940180485607
?	119.00395018146185	-508.5969434466442	78.12920628256423	-19.76268232763147	474.2379181728925	-1254.8474353317458	1985.4713353319364	723.2863776657894	9.69936061255594
?	107.8836335271027	-436.77973000496286	76.06414361550002	-204.74422344432236	444.0019170878082	-374.5827615625607	1962.6740753449453	-1456.4165159897832	8.543226754113135
?	97.1649636812134	-406.8599084091135	67.89199511034796	-233.33420224140505	455.5087800947642	798.5579996990805	1912.6505095324462	2157.74749031703	6.741064078973212
?	87.54063810664674	-1963.29927362424	64.3974335034296	-14.520726482517226	483.9298170727628	6671.31668846368	2070.5614498607983	8388.255593191638	-1
?	-1	685.9932192995727	67.16595878622209	88.30441601721691	789.0746145179529	2332.325391823681	2332.063289192034	-8359.289884823087	0.0003835225811203713
?	121.84029907162586	2365.528097075545	68.8126543042905	68.48974856509062	600.5460866639485	-3189.6806976256244	1652.596955619638	-15780.314386566437	5.654647740226076
?	117.27640485377891	-149.03949546353957	70.59044621447667	76.5115302443238	629.5905796366694	1445.0764565443706	1543.047569863701	-4182.150887860448	8.174021011673984
?	114.38832429844878	-2365.528097075545	72.63823081650675	-186.5797384986829	672.799909491168	1205.8087425758356	1443.4894112266127	-2629.648295017513	6.253000122073804
?	-1	-2307.766485968943	61.261459289542394	-297.160219313645	689.881016765462	812.6462354107591	1411.5651551128235	2108.8367259662637	4.250297206124512
?	-1	0	57.78021985082429	-83.16907922232115	713.4322212617066	-934.4235769094738	1548.9312475249274	8479.23384598874	-1
?	-1	5979.048898158883	57.10300532842628	73.73872038459035	643.1598379199877	-5077.062360536653	1835.5268474122665	4229.096598556756	-1
?	297.9524449079484	5248.5185009740735	61.46715587005386	221.1171549711298	459.57910323487033	-5467.766069201637	1760.3860774527682	245.3890400664624	-1
?	261.4259250487074	-715.9069611900385	68.15886307698293	202.1467125456047	369.77153445990194	-549.0516134676046	1847.7962994155898	139.71697519110677	12.06278681535619
?	262.157096848446	-659.8827063323492	71.57449149733424	139.48708294134207	432.1265225614897	6044.162234003687	1767.3719262123236	-970.2788193601826	12.167217679080284
?	228.4317897320895	-3024.8162656179693	75.13321722405013	-53.390520334901716	671.9796461600906	3145.3147181241134	1799.28235844758	2977.458011906118	3.6826885469583486
?	110.91628356754534	-2172.494388649987	68.90496548058911	-47.4386124041256	589.3922584676976	-3260.144489537064	1916.2448268076316	341.37021690993123	2.921940773534699
?	119.80707029958862	159.10578191242934	72.76128660384381	82.1799850065153	508.9724216832351	-3423.697420015823	1816.3508692930768	-4956.034612775814	11.125232998394285
?	118.87157266316692	-60.30076854451976	73.01396473091494	27.10007101789718	418.20738746690404	-25.101041960097845	1668.4430961688374	-18566.337857358874	16.33835367819977
?	116.79203187236259	-148.0891306694362	74.11629015473869	-17.565912779662973	507.7173695852302	1061.8134194406546	888.0339764251199	1597.142044678717	16.30188090050068
?	111.467116129695	-67.9218749569934	72.13566909193177	47.37241687254073	471.2980584389375	-385.9093679052253	1748.3001984027744	736.8538732651255	12.802974291807079
?	113.39593812451287	-45.396828778350404	76.48491099836576	94.7641558066946	488.42190118996865	2304.036865885671	924.8766700883767	-11802.463794128595	12.443120411133892
?	109.19727469077745	-110.28412572675748	76.87387688226657	-35.55562864932035	586.4999017332227	3231.4510677831513	1158.1770086963363	6277.6382291205655	12.497352733564725
?	107.88173183817491	-115.25863554386923	74.70712956589972	-47.59215854073478	649.9944545791285	1537.221565796418	1238.7585815444095	2594.6469578295814	10.588094057133642
?	103.4343429135839	-2177.6346367634674	74.4942689552298	-260.72223674603833	663.3609800230447	603.3688615789475	1287.9093565878172	-884.289595631286	10.099253889826064
?	-1	-2088.6868582716484	61.67101772859762	-363.3543498472417	680.1628976580763	2199.6279734777027	1194.5441017628445	1203.4663436893209	2.02762454733442
?	-1	2485.3396900830758	56.32655146286746	247.05275014423637	773.3423786969314	-2613.9766706136666	1348.0826737722841	-4769.970486934556	-1
?	123.26698450415556	3366.0005321578615	74.02365523580961	397.91527147687736	549.4640641273911	-4965.75670359761	956.0455774161134	-6970.532638242675	12.061861848502392
?	167.30002660789546	8947.621857967883	76.2223150367116	-21.071032302442333	525.0545435170474	-265.27129908758604	999.5560418601455	14493.725782873755	10.237365783360636
?	570.648077402556	-3366.0005321578615	72.97010362068748	-150.83865325443284	536.2004991730116	5372.354096041226	1680.7318665598114	19586.331369718388	1.769321223811349
?	-1	-8942.678857207402	68.68038237398986	16.432988086830896	793.6722483191124	-273.2541848913236	1978.8726103460788	7716.016402623872	2.2955585902751436
?	123.51413454217959	2464.9128141394417	73.79175302502904	121.75909729616845	522.5377899284453	-3005.971895758194	2066.5326866910104	1303.7636919657732	-0.3106162133570856
?	122.24564070697383	568.9581044879866	74.76833723879837	18.198979812906398	643.3736535312006	-688.6379015813764	2044.0607949443684	-6394.227076924112	4.756414600823932
?	151.96203976657932	551.622708298707	74.70170201567437	-79.35976225063315	488.10589484937594	-3445.432169563769	1746.8213328448003	-6620.694110816473	-0.019709422108997687
?	149.82677612190957	3915.0915574891737	70.80034912626665	24.730305617919658	471.1020450530097	-1995.014247084897	1713.02608940354	2824.496443834483	3.210613000224542
?	347.7166176410408	1589.307936640428	75.93821729657037	155.15236566681727	388.35518249512967	-2242.3682684645405	1888.0461550365264	3153.457999250059	3.04875881681841
?	229.2921729539321	-3517.344785880977	78.55796740960763	34.77511096805479	358.9836316297811	-757.6250106259448	1870.6989893660452	-545.1772485248162	9.60057844011514
?	171.84937834698945	-1326.6317249646067	77.67697284497314	-3.3227756286910433	350.4739319638319	-347.89692075795716	1860.7872926102852	1102.5395019995929	14.586453378765231
?	162.96058670570082	-315.31717516349323	78.39182862817307	-46.75332645422789	341.588785591883	1098.6808379253548	1925.8259644660257	-1303.79612476544	19.345971313065597
?	156.08351958881457	-322.3878939507278	75.33930652226171	-43.521235004119724	405.4079738601004	2159.2891251746937	1795.5974863720123	-4026.416980416868	13.551816323180429
?	146.8411920081642	-385.11016375671227	76.21576687796706	-160.79685005385556	449.5532418506192	-319.4091085762443	1724.5051154451794	-2450.8579921832793	3.6888236065185005
?	136.82801140097868	-54.290636738847205	67.29946401956882	47.27433159753662	389.43751843128797	150.16371515677307	1673.0545867628466	-8052.2036952784165	4.093516815209827
?	144.1266601712218	241.77473592156898	78.57948345784392	280.420076006732	457.06142760845796	1957.6046911713156	1321.8949306812528	-14442.990136730123	12.014647152640785
?	148.9167481970573	3394.905996112417	81.32046781990562	-165.101608112894	487.31775298985514	3091.6568063062723	950.9050799263303	10116.274607645139	13.904031142125291
?	313.87195997684506	3013.24082159091	70.3244030521991	-138.7802803006915	611.6442679237738	1868.8483179594864	1827.708661063517	21314.19286598382	2.859943221390792
?	299.57878927660494	1343.7343591239712	74.38145380487094	122.70883689244467	580.7601688878308	-3688.950952369258	2016.6147232255364	3589.8613455100112	5.1966049018015585
?	381.0586779330446	1554.5681915435791	76.45984489682142	10.029751517902952	427.19672030530825	-2904.7427300021213	2007.20172833902	-1113.2468450832516	4.401052676346607
?	377.307198853785	-4788.310119999576	74.8829413807661	-22.424917251975636	435.52303238772265	863.162361492854	1960.952380971373	-1967.6936849937322	3.278865183071546
?	141.64317193306235	-5404.832258534071	75.33859903422263	-62.59525064736149	470.35483837995156	12428.59342963399	1908.817044089332	-760.6905984656288	4.521921038928619
?	107.0655859270776	-630.7369981776303	71.75317884839798	-120.98071864988553	1056.952703869431	4214.302154553989	1922.917851048091	642.8584837371227	2.7700343023418634
?	110.10632202418039	-2161.3117185415213	69.28956310172826	-103.33763589905597	681.069946107654	-2411.041933584345	1940.9599682761886	695.427104496238	2.4802403395527532
?	-1	4105.710959423193	66.58629705344511	20.45799597950434	936.400607190212	-3377.9395997256274	1957.6892062729034	-3801.2848906598724	-1.0263656874407823
?	315.391869995343	4853.550773302467	70.3124629007035	131.6516004623669	512.1729661213702	-7493.989712353455	1750.8957237431923	-4391.030042207136	6.726218847010188
?	241.6775386651268	-3384.625496994837	73.16887707656355	105.40905666458706	561.7011215725339	3292.3309041927732	1738.1377041625435	-10080.058235697808	4.580403207866959
?	146.16059514559873	-1017.9737396023089	75.58291573393292	-30.045149271434326	676.7895113310112	32.10195957165479	1246.8928119582947	-12522.268547584417	8.20514718078485
?	190.77885168501064	2216.1069210600444	71.66661961299181	-150.47534566740964	563.3062195511167	-2674.5642632690674	1112.0242767833138	3930.304652677081	1.2823499295236924
?	256.96594119860254	351.0366348378416	68.05914845056233	-109.7868708539535	543.061298167556	-2337.571449436183	1443.4080445921516	11596.054698540123	4.256962567168754
?	208.33068342690297	5383.528379992761	66.17727607029406	-67.84762399955599	446.42764707930587	-845.1214726599362	1691.8270117103282	5663.0467426042305	4.827048936840514
?	526.1423601982444	3105.526902116923	64.66676725058449	-20.5128032871795	500.80522453455853	3067.8608253139073	1726.560381722367	645.391340749038	-1
?	363.6070285327513	-6006.862152541029	65.15163590593507	108.42690729340308	599.8206883450034	2193.074027505177	1724.0965787477805	-8233.021609213303	10.445480328371936
?	225.79925257118876	-3122.288769944997	70.08811261525472	61.49811673503448	610.458925909819	111.34015449960386	1314.909301261696	-10406.118471034322	15.79461121598207
?	207.49259003549923	-455.9098346730301	68.22654174268683	-139.15376514538792	605.3876960699837	-267.0315898484485	1203.790655196057	5540.3817246953195	12.781747100441528
?	203.00376083753693	-143.78014185255745	63.13042435798522	-208.12814796253835	597.1073464173963	2019.6442032844366	1591.928387496466	11789.43519663887	-1
?	200.30358294287126	-4080.0752167506807	57.82013434455977	-148.55397809184143	706.369906234207	1117.8887299323196	1793.262415028009	8789.64227220643	-1
?	-1	-4026.0716588573678	55.70272545339304	-139.1555263128302	653.0017829140131	499.71205811002363	2031.4105011067938	4543.337156881079	-1
?	-1	0	50.86235802891816	-44.716009166414715	731.3555091397085	2719.402893340416	2020.4292728720661	72.5377559545394	-1
?	-1	9228.234391970871	53.466924995072276	248.7032621714322	788.9719275810359	-3427.871853594833	2035.0373889045209	84.66063828686735	-1
?	460.41171959855006	9150.337861243923	63.297521137489944	269.13459313023014	559.9619164599644	-4484.320178442928	2024.6623047864095	1042.0058525510046	7.77550957619474
?	456.5168930622026	92.5516523388283	66.92365465158397	71.32666680322102	564.7559186588862	-460.25819679983016	2087.137681532072	1926.4838525474443	4.8855869279324935
?	465.03930221549155	-191.8867077750083	66.86385447765105	58.603378748375995	536.9490066199726	-1787.1530217471827	2120.986497413783	1260.7349134071867	3.3755787854077504
?	446.92255767345205	-1820.0977103811615	69.85382358900282	45.79329538776042	475.3982675715258	-2984.307873543565	2150.174427202432	102.45551944447325	9.869892014618705
?	374.0344166964322	-2381.423187224073	69.1535192470391	-182.85116995644583	387.7336129427922	-1695.0669286253944	2126.109273386007	-233.9378971461759	14.165337919611112
?	327.8513983122467	-1441.1601380771185	60.711265091180394	15.988106830673189	390.6449211402549	821.2959558756458	2138.477532345123	-2307.326004113319	-1
?	301.9764097925752	-1229.3386128214952	69.95292458857277	326.0718831029978	428.7984107365751	4801.887857684991	2010.7429731803393	-5324.7961399968035	4.955848449396999
?	266.3844676711711	-566.4500771385814	77.01485924633052	145.3999385720916	630.7393140245079	-206.88224682375156	1872.2377253452792	-5945.527723626262	15.09444274263773
?	273.65390593564575	517.502934693677	77.22292151717745	-30.772565826253658	418.45429839538735	-5607.780627856787	1713.466586999022	643.1186876342372	13.632957876557054
?	292.2596144058553	-536.4240033145101	75.47623095501781	-66.41444677008812	350.3502826316645	1455.153837196925	1904.3936597269915	-1892.5666119388784	15.745692622615588
?	246.83270576991987	-2343.1474271044062	73.902199178673	-25.16039708367479	491.21199025523464	5170.939484020675	1618.8382564020767	-11947.736078488377	11.001696437064314
?	175.10224305063332	1103.586814838973	74.21821110083405	121.70386533933478	608.8972568327019	3365.853485716685	1307.0068558025641	3012.5703713921694	2.6393884897660898
?	302.0120465118693	2334.3185407041356	79.98739244563983	11.957780799216494	659.5046645410713	1037.2059855945656	1769.4667749716873	9108.351834245985	8.24894151529783
?	291.81817008584176	-152.13157635900086	74.81610014079489	-261.4077221064508	660.757556112431	-315.7284776680854	1762.4244475148698	2343.024531447412	9.122930557729577
?	294.40546769391915	525.8115447085054	66.9170063403171	-42.369363908093725	643.7182406576668	-2970.78696628973	1886.6180015440596	3155.9886784677024	9.495834130393208
?	318.1087473212674	219.7566977051693	72.69763194539017	92.2466998315495	512.2182077979423	-3859.1882088155826	1920.2238814382572	2945.2684057375236	8.856016410702438
?	305.39330257917777	-161.73932307591483	71.52934133189464	-254.9828736300929	450.7588302168849	-413.84104979483465	2033.8814218309378	-1211.3429263723183	11.716930578181532
?	310.02178116747154	264.3397420233881	59.948488263885345	-206.4247421744236	491.5261553082003	658.8635285145322	1859.6567351196404	-10489.738721524014	-1
?	318.61028968034736	-727.3667583478026	61.208104223173315	257.27224348671444	483.702006642612	3752.1972053534137	1509.3944857547297	-8759.943861316886	1.7837686140806683
?	273.6534432500809	-1119.8655702644726	72.81210043822125	87.52006160096701	679.1360155758737	4918.9787233061825	1421.65954205379	7350.056810443148	12.588971475676388
?	262.61701116712294	-181.4086081440993	65.58410730322173	-253.2318192681178	729.6509428079246	150.66636903234226	1876.8973262768923	4585.216295611834	16.102193818349498
?	264.5830128428758	-298.1824876286791	60.15050947481518	123.66042828156276	686.6693340274909	-683.5639307734022	1650.9203568343848	-3508.667295470709	-1
?	247.70788678568877	-502.1316916122921	71.76712871729995	140.28862243405996	695.472746269254	-2909.2773632242	1701.4639615033543	5381.915827947265	9.862767742775308
?	239.47642826226084	-65.72244391934609	67.16494059651828	-304.8381989418939	541.2054658662788	-1532.1197225056912	1920.016148231752	717.3749464940681	11.305586253611757
?	244.42176458972142	792.7765412874335	56.52521877020504	-147.5872972877639	618.8667601439684	749.4208447253716	1737.3327088280582	1158.9272584625924	-1
?	279.1152553266331	469.25665761447607	59.78557573212998	245.73833325855722	578.6765081025479	-3721.1124400825206	1977.9625111548823	8339.77447216182	4.031327228818243
?	267.88459747044556	-1575.7515004470597	68.81213543313308	93.01541319598779	432.81113813983967	-2894.799324585327	2154.321432436155	3730.455421480989	13.326631015763791
?	200.32768030427897	-2717.106129521664	64.43634639192943	-211.97617744366963	433.9365418732795	219.13649854555757	2164.4852822289345	-222.99388090355617	-1
?	132.02929099436042	-4026.553606085522	58.21332656094945	-196.40479043568268	443.7679630671177	661.1255994200857	2143.171738390977	-2254.3976860985686	-1
?	-1	-2660.5858198871706	54.61610687014516	-13.958057332597576	466.99282184428426	2681.415479534757	2051.7653979240044	-5708.723271500222	-1
?	-1	4493.001002766092	57.51542369431956	303.81721182706053	577.8387370438575	3799.956029274394	1857.735574815962	-7597.932178190882	-1
?	223.6500501383078	4337.791414457406	69.8069674614984	133.3721684470779	656.9906233080067	1387.5338765901058	1671.868789014455	-5732.3665189297435	9.19775584886648
?	215.88957072287337	-91.46626689944056	64.18403211667355	-267.48479594935367	647.2154308733637	372.38825226855096	1571.1172488694708	-601.3313340008887	10.317529891667434
?	219.0767367933357	-22.05641929732704	56.43272766403053	-80.553373987601	675.6100359214345	786.3923693600011	1641.80222231441	-464.9536262487734	-1
?	214.786749758007	-215.88541848271325	60.15636341729344	174.46612047949054	686.5350493413644	-95.45258091531515	1547.8695675570318	-5582.610824689485	0.48040441243000376
?	208.28246586919988	166.7186912063237	65.15603368800518	115.846340832854	670.8374068756687	-283.3287989075853	1362.671681079932	2456.9191663474444	12.139385741208692
?	223.1226843183233	460.553063414051	65.94868045893622	-93.29023456334578	672.3686093959849	-815.7113275354184	1670.7155258744058	9602.970987332214	10.529953802321852
?	231.31011903990276	-4482.4536863664025	60.491521959837826	-156.81215828849636	630.0518404988972	1221.762288848557	1842.8202304465494	13081.193834298292	-1
?	-1	-193.6583926153174	58.108072544511295	88.94528703444239	733.4567238384136	-1011.6141925668642	2324.7752175893297	-8397.917943062188	-1
?	221.62719940913675	4162.705846755338	64.93878631156001	201.81801917230626	579.4711308705532	-5867.70116916531	1422.924333293434	-16814.982031206608	13.572151759908232
?	207.13529233776987	-511.3515972393533	68.19897350312675	136.45645521278658	440.07166538014394	-3362.834982983577	1484.0261160289874	7436.603031240187	14.533888025616568
?	196.05961954716872	-199.62966854520062	71.76160907219943	-111.40408485947431	411.329381721372	611.1213732494848	1794.7544848554487	5144.151303276067	17.549796466276273
?	197.1538089105097	-105.78254361252411	62.62876926015296	-105.5685744721429	470.6277340426186	4208.647483106694	1741.2336811927944	235.19315489725278	6.662632634894926
?	190.77049236654244	-177.59837049431243	66.48318034859221	30.39365064152718	621.7617558767097	7.270112775004133	1806.5141426003115	3889.23910897693	9.528905137241276
?	188.27389038579395	747.2115761042411	64.14845179222934	-99.78907716062906	470.9912396813688	-2121.5671604295558	1935.6956366416437	-4863.588130554362	-1
?	228.13107117175502	417.2859478769019	61.49372649056069	3.224932006508777	515.6833978552304	2108.768612969281	1563.33473607259	-15430.649113120606	-1
?	209.13818777963934	-622.3200414517575	64.30969839255478	-92.70472577795441	576.4296703298344	1249.1054369380872	1164.1631809856024	-3057.7887682430464	-1
?	197.0150690991667	-4202.763755592727	56.8584902016629	-221.72443131825955	578.1386697021356	1421.2626647022378	1410.4452976604355	5649.704869230761	-1
?	-1	-3960.3013819832777	53.223476826641644	-57.13938431805748	647.4928035649473	-252.51877872788424	1446.6484244471444	7574.315030504105	-1
?	-1	7998.404022061448	54.00152098575999	90.1447966655661	565.5127307657413	1747.8058045653486	1789.161049185646	13995.77851005448	-1
?	398.92020110307806	7716.847822861711	57.73071665992001	452.68597044404623	734.883093793216	-2491.767275820265	2146.4373499498784	6053.430102224875	-1
?	384.84239114309105	-108.49825568158582	76.63581950796262	291.33700866611747	440.92436697472624	-5088.465537828185	2091.832554296894	-2138.5044684961863	15.584656315221267
?	393.4952883189987	77.61965121834922	72.29756709322609	-265.98687604022837	480.4598169018031	-206.4053177553324	2039.5121265250675	-925.314000221711	16.6441886601778
?	388.72337370400857	-320.63535144937873	63.33647570595102	-316.1260723838159	430.6041010869595	5441.43227972747	2045.566854285808	-554.4777701909346	-1
?	377.4635207465295	-1658.3126960120458	56.49126347403507	180.6221131144136	752.5314308881805	-1172.5418392777447	2011.7882380155204	-10340.63331346363	-1
?	305.8077389034051	-2678.839568723451	72.36758136167182	223.56948423327688	371.9770091230714	-7946.868733879755	1528.535188612619	-11852.403500835393	9.964132013040926
?	243.52154231035507	-1524.7097992957758	67.66973768569908	-221.90628579345696	355.18799419418707	-1353.8299037886668	1419.1680629737423	-2132.445352584224	11.192395705208341
?	229.57224893861522	-199.82235355734815	61.27226707199882	-97.86077362696065	304.2855139336371	-943.9838872020564	1421.9129209834064	-2318.3424258805226	-1
?	233.53042463248752	1445.6582215578787	62.776699004350974	191.17353226616243	307.9887998340836	534.1894689548432	1303.2509416797145	-10432.64813885296	-1
?	301.8551600165102	1927.0452086633445	70.83094368530708	146.80184773406998	330.99498738137964	597.2169434757922	900.280514040751	-4913.850772415674	15.894674097745275
?	329.8826850656561	-86.67564037718525	70.11679139105458	-61.478961786172285	337.8496470078736	-226.3697794453096	1057.5584030589273	2487.5378757938993	18.969151796052415
?	297.52137799765086	-1738.7178375079375	67.75699559599842	-52.11855807748191	319.676498409114	813.4785420444619	1024.6574078304477	-618.2032168243999	16.8014470993528
?	242.946793190258	-1888.820660929004	67.51086348718044	-97.88618153255587	378.5235741100973	1397.5443457223714	1026.6482422177069	13366.340884973712	12.12699680099103
?	203.08034495119932	-1072.9077558312588	62.862686519370556	-13.257054005543221	389.55371569523356	1157.4367374179276	1692.9744520791428	14279.545027948294	7.237398616905125
?	189.3014053986943	-384.89038536514124	66.84801078690327	93.73289140262395	436.3954109809945	2646.86278943656	1740.6254936151317	2214.61357088484	13.469727298723605
?	183.835825682942	-140.5155566238895	67.54933108950182	-53.894309981599605	521.8968551670635	-818.7606513160015	1803.7051306233864	827.7315916385279	17.209571005418805
?	182.27562756749973	339.18264318746907	64.15329528782326	27.83893431105003	395.45737841519383	-2179.824236667095	1782.0120731970587	5334.800535054566	-1
?	200.79495784231568	333.2389865359242	68.94127780505434	-116.3734095443474	412.90564333370713	558.9237119491656	2070.4451573761185	5716.206486862039	19.061365993001743
?	198.93757689429617	-126.31612697013898	58.3346248106058	-179.2514700039888	423.4035640126525	984.7072997331721	2067.8223975401647	-10445.3218920551	-1
?	194.47915149380864	-280.70859964735916	59.97870430485477	49.225276018521825	462.14100832036644	-769.1713733150975	1548.179062773356	-12948.995754003261	-1
?	184.902146911928	-3909.5830298761175	60.79588861153193	-105.76045502093385	384.9449953468971	-1172.2458755001428	1420.3726098399925	3558.6263798741534	-1
?	-1	-3718.0429382385073	54.690681553808005	-138.78866956473163	403.52871454535847	1555.0394721567018	1726.1103817670662	11912.810087490237	-1
?	-1	3741.209610344855	53.85645513329525	153.4253878171392	462.6969689547333	-379.70978451216325	2016.0131142145128	-4096.019573738223	-1
?	186.0604805172454	3684.8610693427445	62.361950944665075	98.51202634753777	384.54322531975004	-1841.5179675181696	1521.3094030801522	-5143.50766406963	-1
?	183.24305346713984	-3741.209610344855	58.78205645067221	-136.22543263751814	370.6210705788235	-113.03780266731518	1758.8377310110277	9374.039787393389	-1
?	-1	-3684.8610693427445	55.55067931278907	-120.84011163571886	378.8913351863842	494.8605090861279	1990.0113924498282	15951.023407564053	-1
?	-1	0	52.74005086888618	-56.35530041123152	395.36409603313024	13106.11551462555	2556.3889013892417	14657.57539052679	-1
?	-1	19.999999999999716	52.732914292227456	-1054.8010173777086	1034.197110917671	-7907.281920662493	2722.890161976178	-51127.77802778411	-1
