rowLabel	avP	dP	avI	dI	f1	dF1	f2	dF2	h
?	163.26789265888144	3047.546298868258	71.51339997145101	1637.606268568829	923.0521528679961	9281.212212212622	2084.516391115495	30067.172687737027	4.109274152512497
?	152.3773149434129	-400.29035902155726	81.88031342844145	76.82379011698686	464.0606106106311	-9883.121770303133	1503.3586343868515	-11490.375829072304	11.807467677333452
?	143.25337470780357	-147.606163067017	75.35458947730035	-87.82321605354153	428.89606435283946	4217.593375592802	1509.9975996618798	-2517.5185816364174	8.355386659882784
?	144.99700679006204	-157.56639717531814	77.48915262576438	19.714461186002556	674.9402793902713	5816.370272610438	1377.4827053050305	-308.3990114458857	9.705406459326408
?	135.37505484903767	-488.70280302372475	76.34031253660048	-79.14924433720985	719.7145779833613	-2082.019363074301	1494.5776490895855	7810.953855058894	10.387910872815247
?	120.56186663887581	-442.8546001817004	73.53169040890388	-132.28878846876742	570.8393112365562	-5310.335697010087	1768.0303980579752	8671.426881744594	8.194713826611736
?	113.23232483995265	-2431.2373327775167	69.72587311316211	-378.4156776260139	454.19779313285704	1052.8813283724414	1928.148993176815	-2890.2119823202434	8.720105973766358
?	-1	-2284.6464967990537	54.61090652760319	-381.3227959927945	623.4833776551783	4218.248289633081	1623.519798941963	-7593.728259103002	-1
?	-1	3444.7977417351667	50.65973331352239	156.92283417261552	665.1102076145111	545.7218638809378	1548.4625802216651	10151.52787274724	-1
?	171.2398870867583	3542.384621624111	62.457048236233966	388.99642501048584	650.7694708492252	-7133.736621302705	2131.096192579325	13320.183991388116	9.020648013093842
?	176.1192310812055	310.2220844949184	70.10955456404668	276.7762001171532	308.42337654937586	-4515.438761264808	2214.4717797910707	-6978.10816020445	11.915013412282846
?	186.75099131150424	-159.76877345800958	76.29585824209164	143.64695181313937	424.99753278598456	3943.5761518643676	1782.190784569102	-10028.409164666418	9.933956508785132
?	168.130792408305	-629.3400223613133	77.29190215470365	-64.38958390512534	505.6021841425944	-1284.8269971458467	1713.0513215577494	-1355.4643811024278	6.123881340705376
?	155.28399019343854	-246.38281634273403	73.07637904683537	-118.68815040424285	360.75618292869217	-3367.99284270507	1714.4175655139807	6464.232393651854	14.015086673946413
?	155.8116515911683	-154.65465206225403	71.3574946344915	-71.57744807860604	337.20254200734075	-800.4558011182717	2036.2629412403423	10811.260634238424	14.652547169632589
?	147.55125759032583	-3136.233031823363	69.49750664290507	-117.69393240513286	320.73339287277855	5432.403068596329	2254.9805972259023	4585.351703576572	13.323709483812614
?	-1	-2971.025151806514	65.47279801423485	-75.70564523435415	608.8226954371575	37234.78188372154	2265.530526419171	11649.960346407577	-1
?	-1	2901.0795545899864	65.71222438118736	-7.368059605983597	2182.472487058857	8442.693831444149	2837.4786145462817	4467.4655384651	-0.8245587140486911
?	144.05397772949945	2668.2259804056534	65.10439503393567	13.469771648240384	1030.9573870093652	-37907.49588221595	2488.9038033424263	-11478.646899655412	15.726131027025778
?	132.4112990202828	-527.3445031207417	66.38571296359937	-136.5324724179182	287.09769294805784	-14749.903753778113	2263.5462695635106	-5457.597681193418	16.33824537696669
?	117.6867525734624	-2668.2259804056534	58.27777141303977	-248.6300841123033	293.46219932046046	18681.36593450622	2216.0239192827557	2986.7843688034254	-1
?	-1	-2373.7350514692457	53.9542087579842	-49.153006484125214	1221.1659896733695	29379.93187304413	2412.885488003682	12143.753799954982	-1
?	-1	2731.73779946521	55.82012108883351	283.9073377063922	1762.4587929726683	-16779.11572142157	2823.2116092805054	-12617.58767929722	-1
?	135.58688997326064	2559.9502333502064	68.14957564330382	290.7107560088609	382.21020360229016	-26314.907124980444	1782.0061040388205	-26379.762310759506	6.949363491062548
?	126.99751166751044	-161.03706874710596	70.35565888927657	111.13539893065867	446.71343672364486	6625.1336361700005	1504.223493742529	-8928.8005886356	10.20906030441105
?	127.53503653590533	-462.5007510795264	73.70634558983676	-92.95744529262882	713.4668854107905	6226.760073395144	1335.56607460704	-3965.135791683925	5.916259755253952
?	103.8724741135341	-2570.7007307181043	65.70778662464512	-405.2598095171174	758.0514403934023	1332.3940932848006	1305.9667041583325	427.09896481920583	1.3263662667150475
?	-1	-2097.44948227068	53.44335511398087	-312.3152883405918	780.0865900750306	444.2892909957523	1356.9210228480003	8305.786836228714	-1
?	-1	0	50.09202220761552	-80.36675175994937	780.26590494319	722.5013327520303	1721.2560459697686	12607.076244797083	-1
?	-1	0	49.4250175259834	-52.00780695174539	816.2116567126321	536.2563675317433	1987.274835087855	5946.008731357928	-1
?	-1	0	47.49163186002825	-90.88150143443292	807.0787233197772	-1632.6080233731122	2018.5564825376653	1171.9164148007337	-1
?	-1	0	44.88094245426175	-76.02320504080616	734.5812555439765	3095.641764847189	2045.8706558278918	2052.0974876565497	-1
?	-1	2684.1397852360665	43.69047160798794	89.49923458925531	961.8608115621368	-2062.682655782417	2121.161356920493	556.0637142395894	-1
?	133.20698926180344	2479.9022217975094	49.35590418372452	460.28010133287836	631.4471227548555	-11028.59026563496	2073.6738415398713	-2288.2109844745473	-1
?	122.99511108987558	-400.5179889533559	66.70447667463188	63.652249392229635	410.43129828038826	-4840.6207050801	2006.7508076967654	-2225.207866456529	12.696708106060816
?	113.18108981413563	-2479.9022217975094	52.538516653336	-437.07243883782587	389.41608750085027	338.9637144266541	1962.4134482170448	-1392.6927681356517	-1
?	-1	-2283.6217962827104	44.850854732740565	-195.10241220490298	427.379484001721	598.1687018903011	1937.1161692899827	-574.7146423632689	-1
?	-1	0	42.783396043090846	-37.79693789232379	419.32452259536535	4679.296239372513	1933.6777160988813	4996.175337977925	-1
?	-1	0	42.961007838124374	-22.91054348954075	661.3442959703468	6124.343266660173	2186.924936188879	6492.005145061879	-1
?	-1	0	41.63786886861381	-22.26649668913503	725.5416859283743	5680.184994011665	2258.2779733519756	828.2820609974654	-1
?	-1	0	41.847683003667626	47.63846963000279	945.3535456709291	4015.7028048354373	2228.3390392387523	-431.3012843428275	-1
?	-1	2794.5482314819005	44.01979235011394	460.7313947288409	926.3268261701454	-10814.604291642197	2236.7129091348343	-9812.637747311444	-1
?	138.72741157409453	2672.5051132548656	64.88425274010959	523.3231959035203	404.6233310888212	-9908.676967655443	1737.7071518731818	-15367.438151869761	6.024618875459641
?	132.6252556627428	3607.3664335703766	70.18595214528986	58.25381202579755	430.892977787375	737.7023869968995	1468.341001541349	-5800.056103537848	16.107104840027556
?	319.0957332526127	6708.55911008042	67.79694334139946	-88.29799624378185	441.50845043866605	868.2313526977426	1447.7043466962905	1417.5971902647057	15.870680586480308
?	468.05321116676265	-3166.430610422001	65.77105233310078	82.76922843655429	474.304545422262	3372.958132360123	1539.220861054584	982.6816833424836	-1
?	160.77420273151324	-2250.596581118638	71.93540476322715	-46.05119083739	610.1563570566716	4395.0549807550915	1496.8384308634145	-1818.1574407633134	5.818883482730804
?	355.52338211083116	-3235.484054630276	63.46849279123129	-67.94901960751754	694.0572944600158	166.8512175723237	1448.3129890164187	1583.5006592394404	5.5024320313157995
?	-1	-4832.724056987698	68.53795378285129	36.70703108621579	618.4989179352878	-5390.627139161383	1576.0134638253862	8443.589308738003	1.906993842636272
?	113.88717926144714	2243.0063603681315	65.30384434554208	-26.05058414381498	424.5259375019476	-5791.386869597733	1870.4924544533174	65.46638970710342	-1
?	111.15031801840617	-108.13332565947131	67.23542457566055	11.689934211430609	328.92957445540213	-2059.7521585211125	1579.2867833107414	7211.485669994525	17.330833498942308
?	108.4805129784736	-113.24302193558208	65.8883410561136	-165.8643007994586	321.53832957589236	2024.6679283280496	2231.0667379530423	18024.341992892663	-1
?	105.48816692162708	-2189.6102595694797	58.942209535687645	-49.42051245858057	430.16297087180425	25633.41615856085	2480.5038829553714	10779.532102418072	-1
?	-1	1651.3794417419963	63.417315433184584	154.7589889270351	1603.2091375039302	27530.423583032392	2770.043343073944	5229.6625227012555	-1
?	188.0571390087266	4069.5632895017648	66.68015898203937	178.68415752131318	1806.6841500234189	-24289.13864261306	2741.9870090904333	-9362.786714559448	-1
?	202.4781644750875	576.2949610004129	72.35152330925021	87.19529944203632	388.75220537328147	-29036.447345865272	2301.9040073459732	-9202.114007192291	9.258520554593373
?	216.87188705874715	-824.1871668439434	71.03992395414117	-147.41153474500487	354.8617827301604	-2228.021159164882	2281.8813087308204	625.1769234471635	13.697023980277582
?	161.2688061328905	-1958.4847976403223	64.980946572	-190.3888517095545	277.35114741503776	3255.5573250656007	2333.1628535183313	-2180.2504481024503	-1
?	118.94764717673138	-888.832344146052	61.52048136866348	38.89149474557612	517.6396489834399	1868.2886174132395	2172.8687863256982	-13267.121955429799	-1
?	116.82718892558805	-2398.9529435346362	66.92552130927879	-162.80164788760985	370.7655782856994	-1765.3391287184088	1669.8067557468437	-10381.943373771082	-1
?	-1	-2356.5437785117692	53.38039897428302	-371.54592799024147	429.37269254751976	6091.384379496761	1653.771617637146	5055.458172289586	-1
?	-1	0	48.348224909766785	-71.0737239923476	675.3347972605363	7968.249053117875	1922.579664361322	7976.03317173057	-1
?	-1	0	49.82671277466565	14.285577221904243	827.7851452034121	6743.61998138504	2052.573276223673	3342.855827986071	-1
?	-1	0	49.062503770861994	7.478619422345103	1012.5157963297871	1258.6440390884218	2089.722455760625	-2122.5931311930285	-1
?	-1	0	50.200643745782905	13.881347088804908	890.7173471578329	-4385.526393657392	1946.443619664022	-4214.565844855052	-1
?	-1	0	49.75657112530224	-82.16641445424573	793.2394766469183	1488.5846430049567	1878.9941635178732	2651.6560658827943	-1
?	-1	2833.142397826823	46.092323023070634	231.23447328991287	965.1465793080805	-4670.7448120587	2079.026422958161	-6226.85390009466	-1
?	140.65711989134064	2809.2248709688793	61.31829478979784	602.6003777863865	559.7022360439842	-10755.659975025905	1567.6514685131413	-13452.35668394189	4.108194398193336
?	139.46124354844346	519.8721362922903	76.22234191238985	283.153172240508	427.36358055678716	-2761.629629291917	1406.408588761069	-4127.872999925645	15.044922530316347
?	166.65072670595507	5804.753468855269	75.47595340182319	-89.62908322921069	421.6207545793888	36.19966133125003	1361.2578185168597	-1552.0970656616291	18.500557425503526
?	429.69891699120586	-3353.0145341191133	71.74088775092933	-342.83537993933214	429.17356362334965	-180.21294369207405	1328.8037354779879	1209.6296783151454	11.478178026628592
?	-1	-5515.683158023182	58.33418440485664	-161.54071476741962	412.61010739478513	3310.412448980315	1421.7393024326168	1871.3335809634393	-1
?	153.9147590900478	2992.4142359202738	63.66385201255838	374.0099885349649	594.6941860723648	5728.685836539084	1422.3704145261595	-6516.57650365647	1.5838789243752913
?	148.62071179601315	-106.38131109397686	77.03468383160482	-55.80270452000667	699.0443992217383	4945.861452838243	1095.9104772497944	-7245.971425828082	7.8795357904347085
?	148.59569353534897	817.9588598598447	60.873716786558056	-274.7486808724909	841.9872587142761	1712.6996808458027	1060.0718432347567	9573.523994470517	-1
?	189.51865478900524	760.9117303165162	63.29724978798033	313.3325948861561	784.6793832640282	-4994.946440403575	1574.5866769733186	24459.432375341163	1.5907859354874219
?	186.64128005117465	-283.98933523266396	76.5403465308658	244.07195733370872	592.2399366940982	-3884.9774978314917	2283.0434620018104	5631.561438312444	17.874996171632134
?	175.3191880273721	-324.615882616161	75.50084765466572	-278.79061953584693	590.4305083724543	568.8472916001545	1856.1647488889398	-243.6694583311882	15.236770653637368
?	170.41048592036665	289.33464786983666	62.600815554073506	-197.0918342445664	620.6823012741058	-2244.454100477992	2270.859989085251	502.1681832212534	5.22414282309785
?	189.78592042086387	210.66411041121017	65.64625594243744	30.43990000642207	478.20780334855505	-4752.863075138131	1881.2731580500024	-3325.1048657011443	8.530280914743564
?	180.94369144092713	-238.33570052535748	64.1228105543946	-28.39785037635248	383.03914751720015	-2267.9392033315753	2104.6047458001945	5038.620427877872	10.24126354907088
?	177.86913539459604	-423.3239543654023	64.22636342361982	183.22513651963854	364.8108431819767	285.9601484780818	2133.204179443895	-9183.509468020411	-1
?	159.77749372265708	-323.12955624764584	73.2840673803765	235.73521702579964	397.3371549411042	4820.226321567506	1645.4292723991755	-18838.359546634776	12.30626172791065
?	161.7126575822138	-168.96501195389934	76.01312427490976	17.942811702254524	605.8221592603511	3569.920735380199	1191.2862021121596	4325.6166367258875	14.341901602471017
?	151.32924312496215	-455.49532754647703	74.18120796548922	-109.989647196122	575.8331917101135	-150.9182973033813	1861.710104235469	23938.14181393814	11.410473449622932
?	138.93789120489004	-378.8233218189199	70.51364191510368	-1.1150327202949524	598.2762443951821	-2409.379559716028	2388.1932928090623	-11600.719951660976	13.684985569005146
?	132.38807703401622	-585.0884454911492	74.12545632947447	-15.308817637586058	455.36421372431255	-1012.7108628280816	1281.6741066524223	-29713.45848164508	6.679816674912606
?	109.68346893033268	-2667.761540680334	69.74820103322438	-356.83829428880597	547.6407012537782	1752.4823293021761	902.5203687268136	-4066.8677730578347	4.476184999022809
?	-1	1024.436201480701	56.28354161503424	-299.7499968251794	542.988330189421	1281.2802589985904	1078.3307179995313	11335.244443461801	-1
?	160.90527900436754	2909.8811516692895	54.76070119196546	437.94756345840096	611.7047142037075	1204.0732360701961	1469.2825908999016	125.46145146051047	-1
?	144.49405758346396	-401.2892274909049	78.18091978795421	480.39951068494634	603.1919919929306	1334.3075983693714	1084.6037905725568	-8093.469914930062	6.711275642564614
?	140.84081762982237	-110.94714793006216	78.78067672621269	-46.777354207995806	678.4200941221758	2711.367009652534	1064.6090951534	10168.08357899555	18.6650740803826
?	138.94670018696087	-85.99209400865648	75.84205207755443	-136.74263404870365	738.7603424755569	204.47777127538603	1593.0079695223326	22449.071347231213	10.252079105245047
?	136.54121292938956	-93.0931952838066	71.94354502377753	-48.15893151033225	688.643982685945	-3702.298378393152	2187.0626625149566	14840.20056187779	12.790558025947977
?	134.29204042277055	-100.11405018680797	73.43410550203782	56.0978387152783	553.6454235558999	-948.2516303636237	2335.0179976162194	-8278.520048586868	13.337446318899145
?	131.53551042004918	-167.52331929363496	74.74843695954144	-16.92314286822955	641.231401167764	2813.0944779557703	1773.1366600856147	-22024.148539505324	10.730921504110388
?	125.91587445808884	-233.05710303121938	72.58794835862635	-99.92513525050022	694.3001474536879	690.7577424175659	1233.8105706409572	-6876.129407102309	10.759643009740541
?	119.88265526848825	-241.22651210395787	69.75218019701644	-87.8006295282785	675.7692882886422	-2185.0183729113232	1429.3301897305005	12051.646569819512	11.82191290871612
?	113.85454885289099	-276.49188958332996	68.19791688221244	-279.5126362073931	585.0492288081222	975.6898866726476	1836.3928991319306	5599.553595319459	12.006056282133256
?	106.0580607893218	-2297.090977057828	55.77654838664684	-380.72606515182196	724.5537826222744	6167.406358806649	1709.3078694964724	-250.26631627196	-1
?	-1	-2141.161215786444	49.16161362462141	-31.916967400408936	893.4195467484535	5336.980824141531	1823.8795833183326	12171.365903392641	-1
?	-1	2456.5385232736076	54.180700016626396	143.0122242311297	991.40282382935	-1606.4240192115415	2317.8761646661023	10583.579828055856	-1
?	121.82692616367994	2330.693704618985	56.31222483617787	232.4276260260238	813.0983457878767	-13704.147587554577	2353.0585747211235	-2735.2113002891388	-1
?	115.53468523094884	-87.82989582712591	65.80208131792755	199.45269325393838	306.19544445162364	-9911.356059798713	2181.115599651646	-5066.4471348164625	-1
?	117.43543137232366	40.05068416054414	66.28485949887475	-23.16666810824651	317.5305427979428	-312.17516341938904	2099.7362179803013	-415.2386229269829	13.82903555310514
?	117.53721943897604	134.53817232143498	64.64374791251522	87.15372637120342	290.58668628065425	-381.2567512769456	2160.353668505297	441.8051103145642	-1
?	124.16233998839539	180.05728059941853	70.64254581743491	200.08376470996737	298.4677052340956	4845.275858306003	2121.8264734960294	-7391.792074838148	14.385514276777164
?	126.54008346894693	-188.02759759156186	74.64793614801356	8.501310566809964	532.8504791959535	8178.128942775885	1790.7640647633907	-16799.04750896001	6.559643687564273
?	114.76096010881733	-305.36627169812783	71.0676113457754	-102.75199967775089	707.3741523728884	3278.2573691645466	1281.8740980480318	-12010.339886612057	9.35528267849254
?	111.2717698840406	-162.7576407490045	69.51033616412603	-60.48620769575045	696.7633476541803	-517.743868499992	1190.24707043279	-2288.1692804446757	14.131654785752602
?	106.62307807136713	-239.72534371742483	68.04330096098789	-109.02271574137625	681.4869589478889	-3228.942418613831	1167.4656340257984	-990.0337958271656	14.48374701577815
?	99.2855026981694	-339.56711236795036	64.05920037705724	-253.71826228617613	535.3162267234893	-4377.356753063546	1140.745380641432	2701.0594700763254	11.874582735399478
?	89.64472245296967	-2005.710053963395	55.35738784667913	-237.0899312694921	462.61912129471233	4068.57199309076	1302.5186075296142	12939.851082878049	-1
?	-1	887.6218449373022	52.204703813582675	169.39986074193743	738.7448263780266	4758.716522195779	1787.737934785332	7536.24456562099	-1
?	134.02581469983463	3095.7446182913577	63.82738088377597	616.9886777615088	700.5549474045005	-5755.533029735286	1679.3308358106624	-12078.77574733797	8.356440650032296
?	153.78723091456735	254.93049971345135	83.05413770165801	193.50214624368118	450.9681748912633	-4401.767374732385	1183.7991474184357	-16268.974890507754	13.424436974696466
?	146.77233968550715	-5.7429141778453845	73.50248819596	-453.0046824789399	480.466578667882	1145.4064200978753	865.8820912852776	-703.2188657272061	7.291107414274887
?	153.50008520567508	58.004483087783775	60.40390357771109	-114.9374059852586	508.23849589615685	2936.8879841452203	1148.6382041320755	17427.476515936592	-1
?	149.67256383989633	-450.24226614744	67.75561789669709	312.16673401134415	627.3109778751425	4285.569210640033	1737.2559170821041	4935.85277572793	1.555112441820894
?	130.98797189830316	-728.5604302705864	76.01224027827824	58.65190841456943	722.5169564281578	2561.618013171669	1395.4308429184712	-7214.166267786775	6.097052218417708
?	113.24454232636714	-556.0418337037629	70.68821331742555	-160.9531670954189	755.3918785337255	397.7151326976414	1376.5476036927666	-175.42320644627642	7.979819110072779
?	103.18588021311511	-302.79847940462014	67.96458192350733	-103.2699710724817	742.4027130630398	-1985.6274135897027	1386.6596825961574	-374.1241443045705	9.489008170429592
?	98.10461835613619	-147.0642586789662	65.52471476380148	-59.42345718362354	656.1105078542407	-3562.5837425702107	1357.8413964775382	4083.128122231211	11.505934779112206
?	95.83266727916683	-162.93181041518494	64.99340906432616	-82.27915267801579	564.2735259345299	-4344.7534995491915	1590.8160887077172	7347.952728519048	13.549088720664882
?	89.95802783537697	-203.08640680885034	61.41075712990071	-134.13233117114578	438.8728328767819	-3888.6071772156415	1725.2390329034893	6942.259865627299	-1
?	85.67834693872435	-60.58132521888176	58.286792505768894	-62.18277813243781	369.8431670737485	-600.8902658568103	1937.929081989081	5360.005542189266	-1
?	86.92896157443289	89.05458225911306	58.30161822327883	9.952463724153553	408.8283195839415	568.6867605249652	1993.2393100129516	615.3960033065481	-1
?	90.13107605167998	121.90161020337925	58.78441569197657	-2.88218792243968	398.27750509999663	1336.004600899337	1968.6988821544082	-7313.820571545529	-1
?	93.02404208460183	-1822.621521033606	58.157508827156846	-231.37652481053178	475.6285496289081	13138.839790842781	1627.5482814356765	2242.6254714952474	-1
?	-1	-1880.4808416920432	47.21558945145002	-295.7770082531407	1055.2194946421334	11056.266310154022	2080.83015572917	6937.129430937868	-1
?	-1	0	43.36865841449986	-71.56185259285107	1028.4418651366072	4709.581394019804	1974.4047529825687	6810.200640316459	-1
?	-1	3355.416064749448	43.63749682180748	117.30390195343203	1290.6985643431228	-22.8021531969035	2421.340187744992	1626.2743677006267	-1
?	166.77080323747182	3429.582927612062	49.23385351217144	749.5481576479097	1027.301757476762	-16041.632918680623	2055.7184713675997	-7166.10633157781	-1
?	170.4791463806025	-113.9551609692067	81.11490470420283	405.09464149770355	488.6169184090946	-10912.196550671722	2063.0348711661027	1047.743756666181	9.593652152630924
?	161.0730451890115	-3429.582927612062	69.48858558705655	-169.12328186188748	481.69192994317785	702.6418605915333	2108.1056592009086	1295.3432615323027	4.302378162297236
?	-1	-3241.4609037802416	72.65874061110849	-13.910397576455345	523.7490114386711	10503.977820255246	2127.8020342427176	2530.8075463830573	-0.13811602544151047
?	-1	3514.169686263313	68.79306570823378	-1.0247190427534782	1006.8908209559382	6194.2099150199165	2234.646036520061	-3514.1506338711756	-1.0228353606181708
?	174.70848431316503	3207.0330140356978	72.60750465897081	247.59817409313402	833.4595071896658	-10466.647915428646	1952.0945025491594	-13069.378496116538	1.79685247018093
?	159.3516507017843	-518.8004850856306	81.17297441289044	-11.548803583571368	483.55842518450777	-4200.138663530714	1581.1771117142364	-1007.312041695417	7.995243604901399
?	148.7684600588836	-399.4458777968575	72.03006447979224	-130.8680529782207	623.4525740131309	3559.251255291953	1901.7289004643887	9712.276112485017	8.597522741865296
?	139.3793568119415	-382.8234103749329	74.62957176397943	60.9262440938209	661.5209879491048	-834.2457617989119	2066.7909173384855	-19488.250763708606	9.259221983866194
?	129.627289540137	-2807.5871362388402	75.07637668448328	-277.2424632801848	581.7402859231854	-1268.4579818128645	927.316362278962	-1813.4688267279962	10.504533888299836
?	-1	-2612.5457908027497	60.76744859997024	-314.34600420806885	598.0980888584618	1134.912680178581	1976.117476002086	18036.75511453733	-1
?	-1	2370.3653870690973	59.35907647407989	277.6366759696675	638.4859199321143	782.9681779663433	1829.1541180058252	-16444.114757543302	-1
?	117.51826935345444	2152.7631141652173	74.64928239845357	223.93227795150105	637.2464977567788	927.2544146093115	1153.9117381249239	-9617.238702373781	3.708231705656933
?	106.63815570826048	-412.05757384884924	70.5556903716549	-262.62026826960584	684.8486406625797	9217.603711758095	1348.2921828871379	18336.07931940329	10.200173600433754
?	96.91539066101205	-2152.7631141652173	61.51826898497332	-150.1946325398144	1098.1266833446819	22863.32912054593	2070.715704095085	21714.885346321607	-1
?	-1	347.266497960061	63.04595874466421	-1.000727927155797	1828.015096689872	7240.208692107793	2434.0364502032144	4531.756521229525	-1
?	114.27871555901504	2128.1262203907213	61.46823258861553	121.68472623955552	1460.1371179500702	-28801.36960689787	2297.3035301565606	-10991.50147164585	4.866309422864796
?	105.40631101953569	-305.70538038736794	69.13019505664197	131.71783385907733	387.9466163449835	-21365.913038721414	1884.4613766209238	-12663.742795160273	9.528499886735695
?	98.9934465396467	13.220069009200632	68.05412428156937	-15.012516457348166	391.8414660140033	-36.31436053005372	1664.1163903985491	-9269.25295669583	17.66798750627056
?	106.06731446999572	455.81707068843133	68.37956923377456	70.33804002588508	386.13089831848083	-349.4960866694852	1420.998728786134	-7953.61480562152	16.775814692902838
?	121.78430007406818	808.5391622055408	71.57102628286361	7.3052764491680735	374.3666616805291	493.1124898750608	1266.4356501174746	-3302.630461877391	12.93404559750699
?	146.49427258027262	786.2223667444331	68.74483305623296	-184.64552731914645	410.7865228122338	-532.5110612561954	1255.867205692265	229.54978880052832	12.03190168397314
?	161.0954184112897	-2949.885451605463	62.33874991690632	-368.1720679984	347.7411086177194	4274.999476450224	1277.913139557501	5511.938583657049	-1
?	-1	-3241.9083682258056	50.33622965631303	-332.0507264424592	624.5364966347443	8862.789220700079	1531.4641348751165	12091.099574982516	-1
?	-1	0	45.73621359478342	-11.951081593924087	790.8805696527218	468.33827065848874	1882.4681183066245	7844.755301518718	-1
?	-1	0	49.73867557661683	96.14684858042728	647.9534101676686	-423.80311920021006	1923.701899951051	1336.811133945503	-1
?	-1	0	50.54355602380477	19.10054263241697	769.6904136927113	7107.252569363543	1949.3086750038995	1331.6073445531495	-1
?	-1	0	50.69370270823767	9.103992320058755	1003.3160386358445	11954.708973433311	1990.2822671787083	5768.200371455039	-1
?	-1	0	50.998755639807705	13.704330727050351	1367.4258623643748	-3061.7962570650793	2237.7186935766504	2777.8786096325725	-1
?	-1	0	51.3789192445902	-11.432687577135264	850.2262257825884	-10227.156659223898	2129.176197660339	-2090.7777129303554	-1
?	-1	0	50.42712126095093	-94.52478919398409	856.0680294031727	6831.905462081496	2133.179807930131	726.6808465181099	-1
?	-1	0	46.65267978489093	-84.33443368674824	1191.821498886668	-3183.506889506862	2165.510239986245	-6455.191413050105	-1
?	-1	2673.566853724619	46.21039957661346	415.6261795534703	696.8926849278273	-15217.04237604171	1810.4202372776213	-15874.715579216083	-1
?	132.67834268623284	2635.265843211687	67.43398876256474	583.1679411683215	430.9693800845717	-5322.39686028515	1371.7744610254294	-8380.35961523482	0.1081285253958064
?	130.76329216058622	55.699917290024025	75.36879663502995	242.05164183624473	430.772841913566	-356.3491955180593	1391.4022565158743	1948.596087676678	15.060975626138282
?	135.46333855073408	444.7300381795446	79.53657085437715	-19.489875758497995	413.1519203086685	-858.7529987516431	1469.2042654092647	3984.5432139520085	22.28476757185163
?	152.99979406956376	293.92962018003897	74.39430284710504	-243.769502024686	387.83519197598326	11003.603392226049	1590.6294172134776	13984.040035717855	9.537447471068273
?	150.15981955973623	-3079.9958813912317	67.34809575314267	-308.48483295302486	963.3320899199787	11343.216474425646	2168.4062671951674	14430.574450484168	9.171035299897074
?	-1	569.6655229373339	58.970061199453575	31.5811002550056	954.9960156972737	-7060.939479740414	2312.1581397376963	950.8892131609674	-1
?	178.64309570660333	3188.982112741214	68.92715076589298	479.40329453662986	610.285115932953	-8222.566253180443	2215.9507278532164	-29737.035052896426	3.6775114797804997
?	158.44910563706298	-3592.8619141320155	82.94022592628541	-79.4941216627018	543.8677030382457	-559.3846100982057	825.3063870928538	-23021.213490061986	9.197368160013445
?	-1	-70.7248367669787	64.95244468275783	-146.3339114625227	582.3158854280423	62.036184291399906	1064.8900533501007	5763.024176089793	-1
?	154.912863798714	3194.761934255039	75.62353035315917	251.83149068867164	546.9695122528158	-745.6199943305281	1113.4575958973476	4018.5061138421106	12.448259361009415
?	158.7380967127542	-16.67109255834679	77.54401921719159	-113.89785255787396	545.0348857115154	2376.185696396606	1265.8153590422091	14381.000756623422	17.988755191911373
?	154.07930917079665	-3194.761934255039	69.92863772526539	-176.78914841840742	665.7787970726478	17248.819524444138	1832.5076337285288	26005.903864315787	10.280763824334105
?	-1	473.79323126227246	68.7045617962711	32.4184930178161	1407.4758619337344	5215.5097142552595	2566.110552258017	9166.896989468516	-2.6145297809456576
?	177.7689707339106	3388.937091041943	71.54956237615622	158.80430725480127	926.5542827854144	-21055.083366688214	2290.852483201961	-6995.5891692489795	11.253441214970948
?	168.44685455209955	-3575.3794146781615	76.64477715901127	-291.313130748225	354.72169359930865	-10821.468997298698	2216.331093795563	-1589.14208182689	11.625765524608031
?	-1	-3388.937091041943	56.98390583874476	-526.8628789957302	385.4808329204718	717.1070419397518	2211.3953791106155	-1502.031476530689	-1
?	-1	0	50.301633209224384	-74.3310265367979	390.57704569629675	3151.0509300220256	2141.2295199690275	-4870.01281881432	-1
?	-1	3254.6638907125257	53.26735451190481	490.53572247231614	543.0333794215753	-698.8354383298614	1967.894738169896	-6988.912706358297	-1
?	161.7331945356286	2930.7629857426136	74.82841933284054	542.0144608553949	355.6352737798032	-2110.7772782319325	1791.7838846511077	-11914.476361859795	8.785540533535158
?	145.53814928713277	-355.6909040415798	80.36807755467494	160.74809652483083	437.4945155099772	1577.4100081934957	1372.1709200768978	-10782.305115597934	20.868236892553526
?	143.94864933354935	1731.9233471213247	82.8658241590822	55.229431056739955	434.5057741894791	32.90035279156608	1252.6686288712033	-2519.8505553544787	25.959940941588194
?	232.13431664320024	5631.85409466688	83.12954910751198	-115.37752777101055	439.1395331495555	-140.79072563175288	1246.178392309172	-430.15750336880797	26.148539274154604
?	425.5413540668974	4046.5395863854446	77.09694777053159	-276.70150750357783	427.46623790789135	-27.225885489841243	1231.1607537027626	915.3148178404451	14.991598472671836
?	434.46129596247533	-1814.432967140155	69.29447373233289	-50.88213703736115	437.77823887506344	-155.29344368979088	1291.944133201195	1807.9843408593404	10.060062364419107
?	334.81970570988835	-5971.499229525218	74.55284091866349	171.98438885084795	419.7015657234017	-625.3969271910651	1321.5599707457309	3304.470828986449	11.447838992780724
?	135.88633448621022	-3855.1785916725566	77.89369317487541	-71.33450266136221	406.50839251550974	-1933.0557322172215	1457.1676746505198	6801.358153886253	20.27212677600657
?	142.0607761262578	-89.85931308392807	70.98611578559533	-192.70474875552037	323.04877911253925	-1959.0823373583767	1661.6278784400483	7053.071204986272	12.341507621188484
?	131.39336883201375	137.3191994222046	68.25845573709925	109.77160310743088	308.5542756475895	1549.564776000047	1809.8212348998384	5937.024058991689	13.511938967901179
?	148.92673609736812	627.2587279449194	76.47469594096695	260.4619883454623	400.5270179125427	1798.734430449136	1958.479081389637	5964.662441360744	12.583184192298784
?	162.75630522926016	429.8725078697898	81.28155515437256	91.55509743447522	398.4909971700476	-859.9739566326938	2108.05435696788	4782.56781494621	16.49179385849307
?	170.4203614908579	166.10801664711735	81.05245081269078	-423.13748469439656	357.5283200809074	232.81565533311334	2197.607472136951	1479.5745230671646	15.00587345723539
?	171.06170606161615	16.74098695885424	60.12468091965243	-509.702612254834	410.1317799367034	794.5987580314148	2182.033083121239	-935.3647840621901	-1
?	171.25741083880064	-3441.234121232274	55.56732019994872	-107.91782929019891	397.2582579824787	-165.78017613368152	2150.839232933841	-1539.1503981777132	-1
?	-1	-455.91351077051434	54.728789455142405	429.7385291996585	401.84277113001923	3553.989646741041	2105.0755632123523	-12279.990979201846	-1
?	148.4617353002746	2421.647854987881	77.05424665993195	386.06641328568503	574.9577403195333	6436.458658506545	1536.8396839737397	-16272.107661676406	2.4755731612764182
?	120.08239274939578	-556.5979590895191	74.03211011942693	-56.749110937946675	723.6657040553511	3155.9027790306304	1291.4701801285205	-5915.291293309877	10.865247809171684
?	120.63183734579825	300.58089451532425	74.21679111303457	2.4020946637656606	732.7528792710671	1066.039029904585	1241.0751193082417	-1.5442122720878395	13.633873499720428
?	135.1114374751622	378.42557717130774	74.15221485261522	-33.54739685281752	776.9676555505811	945.8706107814603	1291.392969514916	440.71060654042697	8.95638869215944
?	139.5531162043639	-32.23599008650763	72.53942127039367	-104.7995773715143	780.0464098101407	-19.83231066718162	1263.1106496352634	-443.3234109180585	13.566075718143944
?	133.4996379708368	-2811.0623240872383	68.91223598403943	-300.9549324622044	775.976040017222	-47.189966790421536	1269.2267989690129	12.138942762175985	10.27600039371911
?	-1	-2689.992759416698	57.49167464728324	-156.25694245247038	777.6869114706196	551.9025841935594	1263.7175967733722	-318.5768012991184	-1
?	-1	2327.7847043254133	61.0993888614158	226.39160406382138	803.5711692269003	896.0305606908933	1253.2979589040567	1480.6214983972557	3.1547955531918177
?	115.38923521627233	2241.4590442332856	68.81125485047447	42.29901546416567	822.4884395051649	-2155.746816823488	1337.748671693236	3560.601619553872	3.9532295782642954
?	111.07295221166588	-2327.7847043254133	63.21433963462411	-402.87164745384155	695.7838283857244	954.7769374900555	1431.3280398817528	914.8429587380049	5.12495425978349
?	-1	-2241.4590442332856	48.667672477782105	-307.540750810517	870.2272863796684	5438.888302583823	1383.490819630137	11375.776549124974	-1
?	-1	3890.147160827449	47.83730209409804	507.0030648352453	967.7282435149194	-6281.733907708533	2000.1168673380096	741.3140071188703	-1
?	193.50735804137523	4510.513807640394	74.01782571954473	646.0710046027873	556.1405909942373	-6748.85497802182	1420.556519986081	-5427.335316581825	4.405240335794071
?	224.52569038202287	1811.1609483720836	80.14085232423787	98.24445792292866	630.2854946138236	-1855.979051134469	1728.7501015089144	18812.125762852367	9.116547655674845
?	284.0654054599807	1149.3324388082115	78.93004861569123	-112.96546731439786	463.34163843751253	-3639.2413640964055	2361.1628081287126	1219.512116798579	15.823585490667023
?	281.99231232243426	186.7287692211854	74.4925789585179	-404.07656080714895	448.3234264090008	1931.936039232646	1789.7257073488443	-13252.094980109334	12.743524706321
?	293.4018439210401	-1814.4181939655475	58.7262205753335	-209.35086927015263	559.9384403991462	3783.0951894826667	1698.5580591232365	4952.191127467193	-1
?	191.2714026241556	-2588.880974358858	64.02503549501012	424.96097603058894	637.4781858831368	-3722.0827584153626	2037.3352637222074	8213.166784601955	0.07503170168893547
?	163.95779520309534	-1443.3789911275894	79.97426937686325	203.80102578810914	373.83430247837543	-5700.27647031491	2109.21639835334	2589.446405975022	7.706873453959628
?	119.1024530677751	-1218.0785231746152	74.21508678441572	-238.4688835501709	352.46436236738725	-865.3079568742171	2166.8075840209603	1913.105043062851	11.226869459686137
?	103.05386904436372	-449.0298394449285	68.05082519935453	-283.35854823320483	330.56890463466397	-629.1740952133183	2204.871650506484	399.02782190917947	13.254382369141185
?	96.65096109552836	-138.22140587758955	60.047159372755274	-197.09576896342202	321.0056576067209	-429.87098064318803	2186.7589751164196	902.9983890967432	-1
?	96.14279875048415	-125.54475196029293	58.19603675118329	-47.13075712484188	309.07535560250426	17583.944250946894	2250.021569961322	5758.763830076459	-1
?	90.37372349751362	187.79041244584295	57.69062151651315	30.808765808095433	1200.202870154078	33976.872415914615	2474.6971666202467	10924.833528932613	-1
?	105.53231937277643	310.6701516857849	59.736475041588086	116.71040456284449	2007.918976398259	-5052.495482029559	2796.26324640796	283.6374716186088	-1
?	105.90723108180309	142.02081236258206	63.526141744655455	-92.80377274210575	947.5780960525965	-33386.20949296167	2488.8790402011773	-14463.550590840854	-1
?	112.63335999090563	728.6596214891894	55.09628640448273	77.19686801427476	338.60850175015156	-12872.6609520952	2073.085716865907	-5846.11779725832	-1
?	142.34021215626308	421.32931220824474	67.38598514536925	205.1706855711857	303.9450484478273	-854.8092640334713	2196.573150338257	2969.9420783170476	14.019035715570643
?	133.69982560131817	-343.2245312635896	65.35482068304216	-57.936265390037846	295.8680385484774	3321.574917836651	2221.5828207817617	-932.7639410029364	15.130909238107254
?	125.17898559308335	575.5523389421697	64.48917187586731	227.29735329799684	470.0237943396622	2811.1876515368144	2149.9349532881097	-7018.436651665202	8.79574296377312
?	162.47744254842706	809.6095968572512	76.71968834794217	229.26605304888895	436.4274211253201	1222.5267657595962	1870.6609881984966	-13125.054158560843	11.629598877705197
?	165.6594654359465	-272.0211234295472	75.95247452831192	-129.8417844136769	531.1501326276429	781.0890770907988	1493.6822453600582	-7181.765837823739	17.23173905191568
?	148.8763863769495	-3333.1893087188823	70.22759912725823	-415.96810815065106	475.4818749798606	-467.7559990343004	1511.5726963073046	1395.3167405180586	8.48090007803277
?	-1	1040.0190571738995	55.15406912077908	-246.73739839027624	507.7623326759275	1616.8111654961226	1563.4480823859622	4815.003564224453	-1
?	200.87733923564522	3859.2236463191325	57.89072920774424	484.185880003133	556.3224332546679	-863.5885653088055	1752.3228745185306	-5498.631489987528	-1
?	191.96118231595938	200.41423003335808	79.36336312093607	394.39948515327876	464.5829044104866	-591.7332743573645	1288.5165078865818	-11387.500097152972	13.03391612699562
?	210.89805073731327	230.422108428004	77.61070346540846	-77.98714036295596	526.7357695367992	459.3924288633801	1182.947869660874	7462.357640239705	15.743312176193877
?	203.48228773735974	-401.4565276100768	75.46400610278822	-328.3797955099499	487.55252585365594	-1140.95780256167	1661.6343898985724	-1034.3068995781266	15.98105712076718
?	190.82522435680914	-4089.645754747137	61.191713689910735	-424.8585055201668	469.68787940871493	742.3351419710522	1131.2325246819669	-9158.297556835525	-1
?	-1	-1326.1285941212038	54.22108082677958	20.06076964523743	524.6692829522091	8114.935631610725	1203.7195120567897	22078.529038943783	-1
?	124.518794650748	2386.607176534968	62.19475217217262	357.1072516353901	875.4346609892569	-3327.9985018040206	2235.158976629172	15104.1246284416	4.8372137373115205
?	118.3303588267501	-124.4496955314076	72.07644340854934	179.60772755970382	358.2693578620057	-10238.209915136948	1958.9257434788803	-3880.71651830613	16.06759135385601
?	118.29630987417754	322.15318150325083	71.17513855015794	9.758463176528526	363.52416523240225	679.4299757368611	2041.1231507138625	4117.993641078284	16.76815693393329
?	134.43801790191287	888.4936195937929	72.56436656737577	32.77079407545851	392.2408566488492	501.9615457142842	2164.8254255327975	3683.2303971292345	11.034319989492053
?	162.72099085386782	786.9759560117145	72.81367825393089	5.35304456823574	388.6222425181168	-494.60489302601536	2225.284670570327	2269.9991074269788	8.476621021206706
?	173.78681570249915	-62.51177813155575	72.83201879578756	-216.1945069599934	367.5106119975481	-91.18364726133775	2278.325380904148	-380.24948307910023	12.991262999892289
?	159.59540194729	-3495.7363140499333	62.003952905931065	-443.41944893778543	384.06306015504987	1925.444899457866	2206.2721964163716	-2583.7085457230473	6.822612711770907
?	-1	-3211.908038945754	50.661046348897976	-224.43095441995945	463.78285697044277	6099.37350756343	2149.139953617994	-4427.728188852053	-1
?	-1	0	50.782405184932934	-1.779519641214026	689.0317355332257	5755.4268019596875	1984.8857869737658	-1869.420039726029	-1
?	-1	0	50.57207036683727	-42.08418996315612	751.5541970684312	-497.74238455845057	2055.668951631691	945.6766624102331	-1
?	-1	0	48.6781956867751	-119.56816980494878	664.1446163053029	-404.2612289596229	2032.1696200942781	1732.1552997965073	-1
?	-1	2794.386780416417	44.59366187658975	289.3898238484391	731.3411356204498	-5502.445459073619	2142.2767166215176	416.4302328572908	-1
?	138.71933902082284	2877.9806197913344	63.14768687919726	635.4720004941547	389.022343351618	-6420.123295090694	2052.991131737143	-593.6431665584594	0.034238281575538376
?	142.89903098956876	92.66376849217106	76.36726190129794	224.37361140203117	410.3349708659105	-29.20696096968258	2112.594558293594	-4219.457895667128	17.026089567944187
?	143.35252744543146	80.31835339284157	74.36636744929898	48.332810727724954	387.56199530313387	3439.0143554855217	1842.0182369537836	-7731.743596252849	7.82708984277401
?	146.9149486592109	-27.982839427183592	78.78390243768422	-129.83925669544092	582.285688640189	4782.5102180167	1726.0073784809463	-1790.4925734511535	9.560128310385709
?	141.95338547407226	-52.187126356514966	67.87440461452684	-412.22459833724497	626.6875062039723	2819.6192505775944	1752.4936082812246	1874.6879356483084	5.27229854217734
?	144.3055923413851	701.1359925994119	58.17267252082168	67.4281507306883	723.2666511690708	2804.3318346814826	1819.741775263363	-1460.6557578881914	-1
?	177.01018510404336	186.9414152398385	71.2458121510613	379.63143797149286	766.9040979380484	-5082.247948762164	1679.460820386814	-11366.589755281886	5.657083356351925
?	153.65266310337717	-3560.2037020808166	77.15424441939659	-194.200976977373	469.15425373095894	-2875.667019797411	1251.4122874992606	9844.04359093219	10.984579448631099
?	-1	373.7212257779775	61.535763302192514	-364.713062850417	623.1207469481758	8246.48210997765	2171.6629999334305	16068.279758407765	-1
?	172.3387243922763	3290.124519340599	58.91859127687548	203.13097015842325	881.4783592298473	-5630.487975961479	2054.8262754196603	304.08893409482994	-1
?	163.5062259670323	-458.8432019929459	71.69231181011382	238.62562456633202	341.59634815009787	-11311.348543890104	2186.867446638172	2866.8175620037755	12.82899884821803
?	149.39656429262868	-541.3162344709391	70.84987250519225	4.275448397660508	315.9109320353341	704.4719667239817	2198.167153519851	-10424.004003855736	16.32456346521812
?	136.44041424348495	-177.25061489577317	71.90608422999685	65.29378752772225	376.81994648629745	3460.4285171713623	1665.667246445378	-23659.062005525102	6.9716174242880635
?	140.5340335478399	-338.1482700802775	74.11456188157841	-77.25506046794924	488.9323578939047	3732.7734309301413	1015.2140532435792	4200.186601050304	14.672450287512651
?	119.53300073947084	-91.19094469139994	68.04333120659933	-265.1527125568763	563.4586180328072	5046.994388741036	1875.6765764978961	29728.517053153104	6.753133782578357
?	135.97448631326984	199.8755627849576	60.85692625373441	58.909335100619	741.2820773309601	-932.1091502703783	2501.6399059012556	-17392.345497123395	8.118392642240409
?	129.52677887871886	-447.16900466176	70.98879796163033	143.86704329426445	516.8531605192876	-3206.154070035252	1006.059301641714	-17821.760273416854	11.113356240219062
?	113.61603608018152	-2610.53557757434	68.05027841844773	-183.68190877316445	580.9743738291952	6073.362096088634	1610.5518922304002	27625.178740798805	11.102122758719323
?	-1	-2292.3207216035976	61.80470252297197	-61.18792829704175	820.5212653237236	14425.388380622417	2387.318238681674	20021.822344918175	-1
?	-1	3456.1658306731083	64.9908820035956	274.8305876319926	1302.2437928603263	-9631.321552673731	2611.643009476323	-1189.2945889527086	-1
?	171.80829153365787	3334.3060935561384	75.5462319045718	372.0388054617778	338.9551876900302	-18128.376487185673	2327.8535092340376	-10074.267235067293	10.66557784614149
?	165.71530467780929	-638.1352495938558	83.59282227668476	60.27755998351153	395.82496850102973	5632.980415411181	2107.9296477229514	-15380.950673411193	12.798107493925357
?	139.90152905396462	-778.1516234753597	78.56010990374742	-156.52311221397588	620.6042084605932	6029.180370920724	1558.805975563467	-14089.07178970323	5.618369304002799
?	126.80772350404075	-440.4724760572864	75.76666666598585	-117.63088501422263	697.2839870470702	966.3315850310459	1403.4760582377799	-3739.0943779868453	10.904530950326976
?	117.87790525109999	-308.10785323991627	72.6785656530362	-92.15191078483696	668.9207877121462	-3034.001120319749	1371.851256664122	429.4622846029218	11.345723279578415
?	111.40233084204472	-243.3078904602507	71.15907112674394	-196.6920841138664	545.5839310310806	-2519.1261376074685	1424.9491724679262	9158.66079403441	10.328634351827278
?	105.71251072808728	-39.21002609968015	62.84396144734274	-257.76074167640706	542.964480831771	-436.1000131499333	1829.784296365849	5484.332886330557	8.280183362421857
?	109.44182953706068	113.21656379700282	58.271034042923404	127.57359485347908	523.7789303735837	-3461.6628335947653	1699.165816784458	-5984.183040888057	-1
?	111.3733389179375	-2208.836590741182	69.22264119001679	-119.83086310793368	369.88133915203025	-2098.4136473945564	1530.575144321442	-951.941167644036	14.67352502473978
?	-1	-2247.4667783587183	52.279490887526634	-261.2977255689435	418.8582480038543	8606.671700877045	1651.5687584022555	5279.354733518792	-1
?	-1	3796.4430559270363	56.15775491156943	412.8355734592135	800.2149241958886	2024.9305564189474	1794.5428809973853	1671.212388646567	-1
?	188.82215279635452	3437.9996426992398	72.9212695604876	386.61700972983556	520.1047758248031	-7317.169643952085	1735.129377834585	-4384.694631687658	12.852853738384788
?	170.89998213496443	-356.8999182079131	75.48860539806148	187.64203243801109	434.35644199827914	-2993.7457418848367	1575.3081494129992	2673.085265295943	12.768378167425617
?	170.9771568859586	-306.6166094436564	82.30337118238829	-100.6290965173278	370.41748873055917	-1254.7128198701278	1868.783641099384	7999.5223617629335	18.753659111347638
?	155.5691516627814	-553.8054807870635	70.45715057219502	-168.85727074135292	371.62080100477186	674.4182142682992	1975.2842675011516	2890.0279530789476	5.823667553157887
?	143.28688284660504	-3131.3830332555835	73.86050764532052	-172.37591242167835	404.1383994439746	12198.905912615273	2013.2850387533335	9361.152220143225	10.879026908278536
?	-1	87.20984715428348	61.83835495111098	-254.65506165394524	981.5660966355441	22178.12943339822	2443.3418785083195	9195.305108897197	-1
?	147.64737520431927	2654.883539583543	61.12775456262308	228.3131476131155	1513.0448711139013	-11609.895773343258	2473.0502941982	-20568.56083921363	-1
?	131.74417697917903	-609.5575666072524	73.25401233176692	83.05818595412144	401.0713079683729	-23308.383804727386	1414.9138365476233	-18135.467622082797	8.374840424730818
?	117.16949687395622	-342.66546933454856	65.28066386032921	-122.55012059240495	347.62568087751544	-1270.6572330580254	1566.2769130940471	12689.647939521949	-1
?	114.61090351245136	-152.40537193055343	67.12650630214658	-120.08492294083055	337.5384463154707	26055.79655699819	2049.3962335237297	15725.595076885202	-1
?	109.54922827742844	-2312.218070248994	59.2764177132876	-121.2792368562347	1650.4155087274435	37787.9776589067	2352.5566669383184	9790.205991726669	-1
?	-1	208.4624855570711	61.06254445933476	87.35950478316345	2226.9373292608325	-9470.986155145209	2538.90653311007	-1571.159732391939	-1
?	119.97235255528214	2292.979264411763	63.644392952445834	130.52261533385533	1176.8662009701764	-34544.92475870532	2273.9986803187203	-15171.775521675456	11.75346236517976
?	113.64896322058978	-184.36802070515705	67.58867522602762	58.72053165461369	499.69109132554195	-11191.241418801563	1780.3177570262865	614.7128396847623	9.316941960465844
?	110.75395152002416	344.2763772308154	66.58041953517656	80.57116391111576	617.3041300300903	1231.348423667774	2304.734322302959	11512.877793426705	11.243684708198211
?	130.8627820821308	935.7329063552653	71.61723342158346	86.27249860019296	561.2585125089315	-1802.7550368696636	2355.96164669763	171.0878910328641	8.379098897741558
?	157.5405968377881	562.0385245647407	70.89404446518627	-289.23988237100633	527.1663781866058	-152.65293625200013	2313.288716854602	-1685.9435351023365	12.681389441456238
?	158.96470831036822	-3170.8119367557165	57.15523930303294	-362.2334277504042	553.6258656963314	3152.255816877594	2271.664469942512	-16870.071553065343	-1
?	-1	-3199.294166207319	52.7823730776658	-104.38264249715297	684.7791690304878	3173.272515379586	1469.785139201323	-7663.500574716072	-1
?	-1	0	51.93610717817522	-29.958645635362586	712.289491465313	1451.7375232718948	1888.4894412067028	8643.022377198267	-1
?	-1	0	51.28444079589765	-17.054247130841034	757.3660451940835	1241.8937745075896	1901.9362580612426	3080.3801554201227	-1
?	-1	0	51.083394821633156	-63.82039238904093	774.3841801906933	-785.2599001380738	2042.5084489777112	553.4111344201223	-1
?	-1	0	48.09342117644556	-140.5698540559925	718.1030501871793	-4944.672522978552	1929.606814782249	-2647.8785237125417	-1
?	-1	2391.2132863087436	44.05490211883343	120.20520571893329	527.1505540417622	-2675.0369688669484	1910.1145227920822	3558.5376589500897	-1
?	118.56066431543888	2601.041296205418	54.10368146239231	583.3411111189557	584.35120174383	-3222.0755986246395	2107.533697729756	162.74196914013143	-1
?	129.05206481027275	327.4178884333917	73.22195767478164	516.5007395620412	366.04677411052796	-3517.837350817064	1918.2516212490889	-2565.2062587590854	9.041569071747402
?	134.9315587371087	4010.920902333784	79.92871844049473	71.9627687568676	408.4593342029743	939.5532521632405	1979.2733847918	1466.5368372336861	21.286224710909288
?	329.5981099269648	5640.417579970994	76.82009611262507	-165.38110421942795	413.02443671869065	343.1619456639552	1991.5784631107742	-478.41265477039315	13.654073583007705
?	416.95243773566244	-1895.5023494284521	71.65966322952322	-230.21918173084018	425.6174314861723	-412.7967564360675	1955.35275205328	-513.2425484514006	8.190811731223782
?	234.82299245554086	-5573.977105942699	65.3091370260829	-42.43223894752216	392.384598896887	-1067.7149801726325	1965.9163356882038	1460.386960494977	-1
?	138.25358243852352	-2015.831847741602	69.53805128214708	100.57071857121655	372.2316824775399	-125.04270738735549	2028.37210007803	5770.073139492747	7.560847603879465
?	134.03140006845933	-360.26200848205235	70.33767295464379	-101.01441545392701	386.1324635275191	33559.72065697334	2254.4199926628453	15145.615817423693	11.302490784894403
?	120.24048201442065	1108.756554398171	64.48733050945066	-66.28713951871183	2050.2177153262305	22807.765674537295	2785.6528909492254	7450.396318964962	-1
?	189.46922778836867	997.6445953396672	67.02331597870816	335.4025420044977	1526.5207472544	-33559.27986836248	2626.9398086110987	-23483.63561236826	0.19762054719648203
?	170.12271178140472	-680.8688116093924	81.25745760967578	162.94906258021538	372.2537219080827	-23927.632513739925	1611.4711103307957	-14119.455208193194	13.775289309921593
?	155.42578720789857	-553.5255864814736	75.17076910771904	-232.7374433525797	330.1391215673869	8459.430309446676	1920.967048201429	13985.519076477618	11.842934380671535
?	142.44643245733064	-3128.5157441579267	69.62058544204663	-163.40063443307594	795.2252373804225	36627.560187241885	2310.7470641546865	17960.469543415173	9.730280927562689
?	-1	654.9233800974103	67.00073738606513	66.30866029403249	2161.517130929507	4645.615398099627	2818.9905253722004	3317.443362736565	3.9267230618220474
?	175.19260146220046	3016.6777865461954	72.93601845674819	128.9292638228365	1027.506007285399	-31280.16285482072	2476.6192322915113	-8145.601908829561	8.794276566219667
?	149.8338893273119	-937.7193188502142	73.44720057720704	-135.09475907168854	597.5089881884487	-9630.296494868511	2411.7104299307166	-987.6686382517024	10.577836636962997
?	128.30663551968908	-737.8244674423371	66.18128050316366	-393.85302527213963	545.9911825419665	-272.0468681252903	2427.2358003789254	-5277.546447973362	9.354494091140747
?	112.94266595519453	128.48085779258486	53.75454931359978	40.10851291314367	583.906644782184	1393.0266383176702	2147.833107532045	-17118.04794271885	-1
?	134.73067840931841	271.6744867608962	68.18670614882088	394.59521429900866	615.642514457851	-2903.68342571214	1571.3334032429707	-13076.639145723393	6.9887276319759195
?	126.52639029323953	-183.0663136179029	73.4843100285505	-11.602310641367074	438.72247349657493	-4077.1641728679037	1494.0011502458658	13719.784744568993	14.46811818000288
?	125.57736272842314	-218.9350225063828	67.60659061675251	-116.60436753771937	411.7843058144529	-1652.9962903980645	2257.32264047143	7481.391023306963	-1
?	115.57963916792023	-398.8531931741923	67.65409165166444	-133.82021818920728	356.07265897667054	23011.2892577988	1868.0707014112193	6747.864159932583	9.302515307861386
?	105.63470306971324	-16.89858012553661	60.91557970729205	-107.27418640670923	1562.3487687044092	12273.861934312707	2594.715848468064	8646.312535819043	-1
?	114.73471016164339	391.15016951305574	62.29038233132891	226.4047548853528	969.7657556923145	-23776.64555696908	2300.3863282021775	-16881.56314189642	6.848823862059094
?	125.1922115453663	237.07648886329284	72.23581745155985	239.48322262177285	373.51649085593823	-11423.329487277826	1750.637691373231	-6476.130840338209	12.274886532763034
?	126.5885346048082	-219.94394138946745	74.26454346241772	-99.03035930413041	398.5992813284151	-568.7479291305589	1976.5797861852625	5251.473011619076	17.98297998259188
?	114.19501447589278	-2551.7706920961277	67.28429948635326	-353.1135047192488	345.0790943994099	-1052.8986311865694	2013.2113419541886	242.0460745140201	9.513906772382576
?	-1	398.89465262237366	56.60886822645503	-83.58365180820962	345.95434976908587	-30.491125156249403	1988.6820899109637	3565.192679796	-1
?	134.13974710701174	3153.1821028205723	63.10511689594272	249.99988268213215	343.5545381415974	-443.9677042533122	2191.470975943991	10037.050828846812	11.99505529811574
?	156.65910514103086	501.83902124626826	69.10886236056182	179.04182416706917	323.75596455641994	-709.5441799321453	2490.5346313533114	6397.146743227022	13.553368837656222
?	159.2316981693255	105.19392290417521	72.05720810429631	228.11130017296978	308.0773291449896	270.45356758720413	2511.3283131053468	-5384.889595829423	17.464399645906315
?	161.9188012862397	-162.82856524692247	80.51442736921047	197.71777525922406	337.27864293578034	2777.595633194161	2221.2901515618364	-9000.285642554545	13.527270198067114
?	151.09026990697927	-399.8486339619393	81.94309686725765	-11.495842718661727	446.95711080469965	2688.133859207756	2061.314030977613	-5296.677566002551	14.808065067665487
?	141.92636958814245	-415.8332939469833	79.93963523327737	-129.29416629312655	471.68533589617005	2020.2616401685098	1956.456273261705	-7370.6624380590165	14.417226712189706
?	130.2986052096298	-595.7037976070232	75.47838855260123	-213.25252032714312	547.9701928131266	4159.21501319971	1692.780909074657	-14811.982674490968	8.573458970726511
?	112.14117970779087	-174.61168594703744	69.27700921692006	-12.664017827051273	679.6460865561585	1860.8012870368257	1215.8571395371462	-17525.138878594433	6.389304256152255
?	121.56802091227782	-144.67862046411705	74.84518766124866	-68.7051852249728	641.0102571649692	-2401.7120161403727	816.5239651449231	6977.305744660517	13.631513346779991
?	104.90724868458491	-2451.3604182455215	65.84174995567138	-425.5181474342195	559.5604857491381	727.2093091961993	1564.722426770177	23534.459419650706	6.711876708305864
?	-1	1023.9161631215128	53.56928028953738	28.973446705840487	677.3707226247797	2651.936822032081	1993.246936127475	5312.079383659067	-1
?	156.10305684066128	3142.3208969169045	67.29042229096342	573.6087163032365	692.1573268507441	-4410.952490254384	1830.3263959531341	-1381.5435151689585	5.341759842532285
?	156.11604484584745	-193.48742718611285	82.24971610469962	153.4918501441687	456.8230981120573	-6044.862251109443	1924.169760369026	2506.7097065187872	19.217151817236772
?	146.4286854813555	-548.6037155064049	74.96501479817196	-199.3092203400525	389.91421429526764	-354.8987634209181	1955.6618812790753	-5060.092202464631	9.87520582270329
?	128.68585907052682	-457.78578427370013	72.28425508769685	-9.122898797457578	439.07815994101117	2706.4580493594976	1671.165150245791	-16687.880954107055	8.237236185359281
?	123.53939626767017	32.564475695112485	74.50886985829908	32.457968740735446	525.2371167632444	549.2374816990242	1121.2678335737107	-12339.79657172986	13.594301090653596
?	130.31408285528246	153.4364593093708	73.90715352473364	-135.02319006349444	466.54003402596277	-3590.493005066628	1054.1753216592892	-1338.8663758849625	9.971952277448981
?	131.21121923313882	-205.45911205242922	67.75771035512426	-128.78995212244223	345.7124665099105	-3173.1081536554466	1054.3245147794617	13355.48934497821	14.046986178196915
?	120.04112725266086	-420.98308232602136	67.46765591861144	-45.66444640281012	307.8846263431882	-841.7955561906257	1721.9497889082093	4487.14802315591	15.178662424718784
?	110.16206511683745	-305.52895776195294	65.47448803498372	-172.45563198265953	303.6226887003786	2825.1039270647307	1278.6819159372603	-3465.787844025841	-1
?	104.764679364563	-2223.2413023367176	58.84487431947834	-291.5495037962208	449.13982269642673	5291.613847020053	1548.6603967069148	9360.93201038569	-1
?	-1	-2115.29358729123	50.897012845172476	-119.90786341791122	568.203381051385	2116.451421739476	1746.7285164565515	4169.708330447065	-1
?	-1	0	52.8494811485827	-30.84586824761529	554.962393783402	5563.9770509144555	1757.145813229271	2088.3979662071647	-1
?	-1	0	49.35471943279169	-97.76487868495099	846.4022335971117	3937.5037421672196	1851.1484147669112	-409.91521194907693	-1
?	-1	0	47.96123721433508	-123.71066737527352	751.8375808917658	5428.541658061467	1736.6500526318168	5202.609227194825	-1
?	-1	0	43.169186064027926	16.372935410319	1117.829316500189	9700.19557753575	2111.278876126656	18075.521181598466	-1
?	-1	2917.7211530996583	48.77988398485104	273.7604248354985	1236.8473597685602	-4120.083249832561	2640.426111711753	10029.625504323143	-1
?	144.886057654985	2715.2924137620175	56.857207305803044	458.6830330420301	911.825154008558	-12799.97359829417	2612.7601513428203	-17820.55065830252	-1
?	134.7646206881028	-310.7303522932774	71.71403563695287	402.2529766038198	596.8486798538427	-6613.43625270267	1749.3985787966144	-35874.15780739713	14.211438285701414
?	129.3495400403209	-359.275203181395	76.96985613599432	-48.00230221670421	581.1533413734198	-1805.912323221832	819.0522609729383	-10633.027942139814	21.633880545594717
?	116.8008605290328	-24.672343205309847	69.31392052611763	-127.5522101728912	506.5530636927498	-624.3335035452312	1217.7471816896161	8644.503894002755	10.557391401014616
?	128.1159228800554	359.57443934973924	70.59224562734967	81.80588836961246	549.9366661961578	1078.4505527072504	1251.2774556730822	-10268.755040658629	8.343809857053584
?	134.77958249652002	-23.649395629492975	73.40421494459831	-154.54657069143985	560.4755913281131	595.3450468878971	704.3094296566774	18207.339108073647	15.76632174678629
?	126.93345309858073	-2715.5916499303617	62.86491709277757	-407.238832378868	579.7039185405531	1714.0444333824128	2161.6444110767775	18014.49954885159	10.658042382477301
?	-1	657.8321222109662	53.04227332565462	-21.95092797443874	646.1778129972349	4752.439348045324	1605.0344070992696	-4401.180489742206	-1
?	159.8250592091295	3261.5105182787793	61.767370694055614	391.3755544158108	817.3258859428227	-5270.355253738676	1941.585386589664	14189.814990714347	12.616812382865728
?	162.07552591394128	-87.88184383485248	72.61105104644544	-28.15512889940808	382.6600503102974	-7307.715533540588	2314.525156634997	3463.1046178015467	18.879483649297022
?	155.43096701738682	-3261.5105182787793	60.35961424908519	-406.1227461136233	451.94010926578807	23.430156238310595	2114.740617479744	-7830.754438295665	12.015368082885516
?	-1	-174.2428189432534	52.304913740763986	256.90882699838954	383.8315581222129	335.66153556242944	1922.9874347202083	-25380.380135330844	-1
?	146.71882607022403	2887.114104088159	73.20505559900485	375.0083602090697	468.7231860439098	6030.051884077061	845.7216107131834	466.1944205170018	11.721302615759477
?	143.35570520441	112.02668431309928	71.05533175121774	24.668044963066155	685.3341523260702	1468.4204883982688	1946.2971557460587	24453.193394940023	12.546032684669335
?	152.32016028587907	103.41570889337585	74.43845784715818	127.67536504980927	542.1442104638243	-5568.026984990699	2068.381280460202	419.68148925114605	11.759342217305088
?	148.52649064907885	-232.71239661988727	77.43910000370829	104.30266578422157	406.93280307653134	-2136.1186069792884	1967.2812302086163	-18210.94506425798	13.67913190886448
?	140.68454045488454	3032.7250521489777	79.65359113636933	-270.2638213096058	435.3382801148583	934.8218199808097	1157.8340272472901	-1248.0970874824611	13.285619885152755
?	300.1627432565299	2668.7846403415683	63.925908938227806	-315.10170687206687	453.6738940755725	1618.125979766064	1904.8763758344924	12800.271771333186	3.290721977073429
?	274.12377247196486	-3566.6390528356255	63.89850579276576	151.80579008077854	516.2445791031627	2458.4645381140426	1797.8476158139586	-4644.874128883755	1.7959599421807368
?	121.83079061474609	-5502.475449439219	71.51619844226684	-169.82847083316287	576.5971209812764	1240.1825152187375	1672.6326693903013	-2619.283401220686	4.475132790023261
?	-1	-2456.615812294887	55.4070822511075	-407.12346777416377	578.2537048641004	468.6288597611726	1666.8834457529224	990.4299656346207	-1
?	-1	2247.7470126369644	51.160025053558364	124.62452252262928	600.0285639693353	-4791.442242368166	1722.154167672033	8874.92609410225	-1
?	111.38735063184983	0	61.63830837723905	43.841726166336855	338.6815927456887	-4124.713141958708	2110.629750458041	2637.542658128895	-1
?	-1	-2247.7470126369644	53.35211136187524	-306.55725561277285	393.792906871397	2158.8086480223515	1854.0313005784797	-7627.897720797538	-1
?	-1	0	46.31044559660019	-105.46004835170628	446.6220251468078	7527.166162095023	1729.2348644181588	6714.603156260559	-1
?	-1	2246.09559448019	48.07910894428985	287.8339117240208	770.1512149761535	-743.3775734808475	2189.7614583915124	9150.56148593745	-1
?	111.30477972401108	2206.350486907822	60.702141182801434	185.96570534328924	409.4531464727649	-6516.882811938966	2186.7629387150378	-9074.004449825996	-1
?	109.31752434539266	-114.90050950715819	57.377394211454444	6.625016099438929	444.3070743792005	1960.9252642569418	1736.0612359002062	-6003.299145695547	-1
?	105.55975424865309	-57.287840501715586	61.033391987773385	-20.658389628320027	507.4994096856134	1843.003494288057	1886.5979814302561	5147.427818561514	-1
?	106.45313232030684	1098.07676360317	56.34447473003843	-11.094994741310542	536.4572490936047	723.856942844285	1993.4326268282855	4820.093910138221	-1
?	160.46359242881238	1575.1020136951042	60.47864225070785	141.27923109491246	543.6922568278282	-2190.3817785635724	2127.6026769371706	-3296.1434228731864	-1
?	185.20823300506316	-207.1651754836721	63.40843628478415	40.92789665480352	426.9381601654245	-2544.840762382021	1828.6254556846238	-4799.9142953415685	-1
?	150.10533365462862	-3724.1646601012103	62.525037083448055	-56.09621984442646	416.4502187087253	16320.74637075888	1887.6069621700888	11720.548957875522	-1
?	-1	-3022.1066730925295	60.60362529256279	-37.269721418697834	1242.97547870338	23957.92285407187	2414.6529035784083	13435.03085183846	-1
?	-1	2485.815954214153	60.66155101251314	112.45459196161758	1614.3463614123357	-12979.287983087273	2559.3585047620213	-8623.039494057402	-1
?	123.29079771070941	2489.2784137471094	66.22635489064375	214.72478830265652	594.0110795490072	-21778.35673702762	1983.500928875532	-15553.58568201415	5.504418525159598
?	123.46392068735723	348.705735053229	71.39779042764612	74.46108097396925	525.4285245609392	-1985.2927764441065	1781.6792206613027	-3326.2649788460867	7.854909588360757
?	140.7260844633711	638.0422395194981	69.94940893934226	196.888560473756	494.7464407268004	2630.240702688583	1817.1876799332254	-5959.068398544025	2.182727775739045
?	155.3660326633326	121.88337099652014	81.24221845133405	147.17489847964418	656.9405596953702	2947.4729020909094	1483.7258007340972	-5226.574738655657	10.413340595526114
?	146.8202530131972	7405.996840184802	77.30815386332458	-112.55436543168751	642.120085831348	-2158.676747398021	1555.8589430004388	2818.289871361613	5.372129069279477
?	525.665874672578	7364.25183967981	75.6145001797496	-217.07249273891225	549.0067223254677	-1515.2759300467699	1624.6402943021799	3289.4367598469066	3.969360626598269
?	515.0328449971929	-7975.5606668973815	66.45452922637881	-21.88536020978316	566.3562893290084	159.49870697517554	1720.3307809927865	-10393.536891047623	3.6324227465440044
?	126.88784132770317	-7848.492461662824	74.52023216926042	15.983498597595997	556.9816576742265	-1031.54167123039	1104.9634497497914	-10149.601159770024	2.2002620042088985
?	122.60822191404613	-214.9237486319448	67.25370415625862	-338.884524064636	514.7792057674882	3356.3055132577597	1212.850723004278	7881.840006016084	8.56250985389751
?	116.14165389610578	1078.6516867568437	57.57600596602838	-88.45897181770798	724.7969333371169	4826.091688076076	1499.0554500506012	6636.586999456759	-1
?	176.54080625188908	886.1889543887642	62.83075556537316	373.9601865674822	756.0837901712954	-3380.229290177344	1544.6800729771207	-10651.09535835704	3.8626280563677224
?	160.45110161554462	-760.0000406482167	76.27401529440276	170.41354442100868	555.7854688282473	-3172.828044987421	966.5006821327415	-8131.507173012326	7.444452324961088
?	138.5408042194777	-689.2534432169334	71.35143278642372	-233.41654925506228	597.4423879219221	-466.3177068961865	1138.1047143264987	8741.20118205766	6.216005991322312
?	125.98842945469745	-517.849611884814	64.60318783164948	-68.40651145900654	532.4695834834377	-2786.8301379395507	1403.5607412356308	13830.304388992416	4.05160249839493
?	112.64832362523664	-285.4135107706747	67.93110721347334	-95.9064751509323	458.10088102494257	-728.9869607796526	1829.6199337761293	9093.22926822894	8.486095560572123
?	111.71775391616352	-2272.9664725047005	59.807864074102795	-265.16430874456853	496.0202354444545	1473.4065800067362	1858.2222046470843	679.0201275179464	-1
?	-1	790.1412879871264	54.672891776244725	23.181880828196977	531.7712100252804	2598.2126031518947	1863.570940152027	3558.9792627463835	-1
?	151.2248183155204	3546.157086812433	60.96695811551266	281.784936192621	625.9308656020511	-271.15208749549606	2036.171167784406	-16980.061452366357	7.6695753262083635
?	176.30785434062417	710.1973645435255	68.76213858587597	11.698061586461936	518.2136056505054	-2687.6248407375256	1014.5678675336973	-18789.26150734467	10.001820463847322
?	186.73468654269718	430.31024411580813	61.551861194835766	12.66966267470689	491.5496235651729	1571.5961687956956	1096.7080924171592	-123.53882629694732	-1
?	197.8233665464149	-387.87823396578364	69.39562171961133	142.28523116123793	596.7934140902913	3773.269790737295	1008.3909262188498	5875.609036327253	11.74168551142068
?	167.34077484440772	-1489.4235738483271	68.66612275289776	-142.5967924239627	680.2131131020403	2604.7293675617602	1390.488544233526	23896.30402175241	9.479946890341994
?	123.35218785399748	-1257.9830633229412	62.26578209841309	-223.503845741812	727.0298824683812	-1167.9613769279824	2203.2061273064874	14603.616539278133	-1
?	104.44162167825976	-429.6773013879063	57.490930465807004	-33.030822448856114	621.8150442556404	-3876.090995371148	2120.669371197443	-3721.855841916078	-1
?	101.86832278460186	-133.20696783024695	60.61424097597026	57.543992618582145	533.225332699821	-3072.9119164761114	2017.1133352106808	-6802.640350219625	-1
?	97.78127328674732	543.7979512898482	60.36813009673615	87.21931899488926	468.1694484318326	-837.8672984607425	1780.537353686457	4696.586036434416	-1
?	129.05822034909465	1211.9840224021943	64.97520692571479	57.83189378805932	491.3319677767833	11987.301783098188	2251.942637032405	12042.357894977155	-1
?	158.3804744068579	-2601.1644069818562	63.25972478613916	-50.22632044159877	1067.5345375867505	22812.936086319707	2382.6552484353233	11094.236642772972	-1
?	-1	-3187.6094881371127	62.46389090363481	-45.34297813794644	1631.978772092785	15732.1231475273	2806.6544691710615	9448.923323752335	-1
?	-1	3255.0535488183564	60.992575879241805	108.46269060128978	1854.1406949631266	-25253.113105646775	2855.101414622947	-12510.74110805303	-1
?	161.75267744092014	2974.7529469106557	67.88702543369938	59.30878852633271	369.32311681042813	-30374.96237521645	2181.117413768401	-13709.346136438686	7.8719490652233155
?	147.7376473455349	-3255.0535488183564	63.95801530555848	-235.17677003021439	335.3925762022824	-1016.099761937268	2169.6341078010028	550.2433501010468	7.318852926765966
?	-1	-2974.7529469106557	56.12818693218849	-160.35268229187636	318.518128713564	1762.8327329885428	2208.629581273454	-3651.308714243294	-1
?	-1	1931.4011148752857	55.94038119096455	193.09795900568952	423.5342128517108	3701.3964394243712	1987.0686720888355	-11423.341858468813	-1
?	95.57005574376565	1800.1597705842437	65.7830848824731	121.63788212729952	503.5879506847852	3340.5799774983693	1637.462488350005	-11166.642820435982	4.099264716691157
?	89.00798852921346	-162.20960144626244	62.022275297329614	-261.91550819600377	590.5632117266316	1710.999350471504	1428.7365310670284	-4063.834896192317	-1
?	87.45957567145241	-1800.1597705842437	52.68730947267273	-163.89439603704355	589.1379182083616	7512.190816754744	1434.2707435403863	10817.42902683135	-1
?	-1	-1769.1915134290232	53.82755549547732	258.4063463984633	966.1727525643742	-499.9147148861127	1969.6079824086037	10087.698625498895	-1
?	-1	0	65.60762679259608	374.89336371952044	564.1421824640556	7974.325369996668	1938.6556748153382	14545.997139220628	3.860858790114325
?	-1	0	72.57222368145361	-41.309602800732655	1364.8890210642132	16895.618666217324	2696.9078393696454	7122.170915601395	-1
?	-1	0	63.54214665255942	-269.65533258711577	1408.9231157749339	2229.1505479414263	2294.764220595413	-9429.396960329934	-1
?	-1	0	59.08945705209763	-239.2646377032264	1476.3465484612861	-3296.172354237145	2225.437991353142	-1618.2336370762503	-1
?	-1	0	51.578914767397926	-208.06169850767506	1244.1144980630743	-17299.208608073423	2213.8525387415993	-6627.6322758394335	-1
?	-1	0	48.68637212671373	135.21314799425616	611.3861180576027	-12705.75148693263	1894.0563775611656	-11507.310569135825	-1
?	-1	2063.04001964423	58.33957216711083	305.1410286967143	608.8269237164337	3624.1833184829316	1638.4870102848	-1515.7632429035368	5.800028039412428
?	102.15200098221298	2226.538090804363	63.94342356154966	187.77843745656457	792.5952839817519	2658.0228407911486	1818.2682154159877	-9052.834629428642	8.502110485464344
?	110.32690454021974	222.9839278483416	67.72849403993919	42.23447959151639	741.728065755993	-2499.5974812570157	1185.8452788133613	-13696.839437049945	9.895772061695018
?	113.30119737463022	55.12261025529973	66.0551475411255	-196.57885884833254	667.6154099188993	1342.2163451908104	1133.4262435634807	1530.6810076058227	6.457576673839498
?	113.08303505298477	97.73983469142823	57.899551097522426	68.337250302793	808.8388830155345	-899.9781337466116	1262.3793291936536	-5750.9555796923705	-1
?	118.1881891092017	-72.64522924773227	69.4720100562652	225.42946907802792	622.6165032315681	-4566.414867275088	845.8784645788581	-7442.113627153721	5.171122635773952
?	109.4507735905981	-227.83168752818074	69.17102455142398	-45.057311888838214	580.5181396517769	-1934.5213457473048	890.2736478359623	4345.8912647186435	11.46249510815605
?	106.7966047327925	-34.26145092987732	67.21914446182326	-148.65944586876697	525.8904359442015	-999.4623676555028	1063.1730278147934	9483.330271930829	11.334743403740985
?	107.73770104410421	-2155.9320946558196	61.73805225798553	-319.66463297016975	530.545021269001	1143.7388254215623	1364.4401614325104	5948.4619880785585	11.915578175645276
?	-1	242.0131496169216	51.23591281331455	4.721442931485104	583.0773772152804	1875.5630024418458	1360.5961272187255	-551.548501615954	-1
?	119.83835852495046	5531.318792099275	61.97412440455979	311.0208090640529	624.3231713910947	1318.6388962238739	1336.8627363517123	-4880.202338011399	2.054278090122381
?	275.5659396049677	8791.57682631711	66.78695326651742	-130.4404470133781	649.009322026475	3965.276735446701	1116.5860103181521	8384.033780165713	7.616621380118546
?	559.4171998408123	-5531.318792099275	55.45210205389079	-302.65061376682877	822.5870081634325	2475.573180558462	1756.064425360004	7096.263240671045	-1
?	-1	-11208.343996816086	51.65442257817576	13.176708242526827	772.7879810543999	-2408.881344265999	1471.3991723517095	6116.697308713114	-1
?	-1	2118.553805278046	56.11093746601714	190.38812970795178	702.1429409501309	-8319.208615751197	2061.899290795664	14230.674038767585	-1
?	104.92769026390381	1966.7199154314499	61.173829063573486	38.11526608786838	356.8275502668341	-6881.073777477715	2182.932874290099	1525.0313767147293	-1
?	97.33599577157389	-2118.553805278046	58.01670077041059	-119.97417881837649	358.0892520762402	10157.722686607507	2138.1508596314015	2627.540470371031	-1
?	-1	3113.67673377862	55.175120122654576	354.2394384344501	864.7136845972167	8482.227392604527	2314.3098978086523	-13363.15235023879	-1
?	253.0198324605071	4609.462307055255	75.72867269213334	476.62846519864905	782.2006217064726	-6744.536107131036	1469.9932421194526	-16633.509460872676	9.768096839594257
?	229.47311535276606	-1591.239350344397	79.00654338258737	82.81330021801917	527.4868792406601	-4938.804495781108	1482.6344247650068	-3562.2282922926884	10.000288478928962
?	173.45786494328613	-1866.693052464222	79.86933770303436	-63.740965004252196	535.2603969174137	94.84574633115791	1291.8818275048156	-8316.774498222194	7.047125150956832
?	136.13846272955362	-957.8294986260994	75.81949513237471	-196.56993061623587	532.229166557218	641.0683176525686	1066.7956998538912	4244.099715864521	6.382646433081904
?	125.56639001198047	156.62603811907962	70.04084117222243	-143.22299905733183	567.3138128000426	-915.0886427298492	1504.0868132980447	22581.502908969866	3.054185346979731
?	143.96976463550772	-2531.3278002395737	68.65834517950802	-265.9242328938041	486.47473442072493	69.84905390468967	2195.8708453024005	7727.731799622155	7.558294705158833
?	-1	311.3056769904342	56.744629527532034	-143.54496695388954	570.8062654952771	7860.434095525109	1890.473403279158	-3497.301743975368	-1
?	159.53504848502965	3033.578062240357	61.48109683181344	190.60205374342644	879.496439196986	1073.4512142137653	2021.0057581036297	5610.660295642949	-1
?	150.67890311202	-3210.7009697005474	66.27473221470349	-207.46619713162733	624.4788262059661	853.4430984905376	2171.0064180613094	2656.2653836837158	11.92427187736383
?	-1	-85.84824297337255	51.107786975231924	-227.6732959736707	922.1685941215135	6581.383865734362	2153.8190272878173	5108.669883574903	-1
?	146.38649096335132	2629.0418187702576	54.891067416019794	385.0814471732878	953.5480194926889	-11021.870522559131	2426.439912240058	-862.3965611630924	-1
?	130.45209093851474	-678.1845098784993	70.36185933389659	288.7140136989946	371.0750679935491	-12063.46864311494	2110.699199229662	-5756.096046044859	10.704299774425838
?	112.47726546942587	-379.9978142763871	69.32676810096973	-194.93494787707087	350.37458733693336	-1350.5004033120692	2138.635109937811	3973.038254892179	13.761581705394743
?	111.45220022469512	405.9089763952789	60.61511194004291	-98.9686743740353	303.5500478279447	-676.757420723082	2309.351111974274	-4706.837170508917	-1
?	132.7727142891901	654.3316307528285	64.3783343822679	100.48629512036399	316.5367163007788	2821.2788537791785	1903.293251412362	-19734.012456069875	-1
?	144.168781762337	-71.87972854854263	65.63942669606118	-72.63306537391468	444.61399051690563	27661.16341733077	1322.6504891707661	14884.975368165316	-1
?	129.17872786176292	-2903.375635246699	60.74668111357211	-82.46715460135047	1699.594887167337	29278.697528025554	2647.5420198206384	30240.611316990675	-1
?	-1	2033.9297612099153	61.5160689659936	57.23179533242562	1908.548866918204	-7170.273150142091	2834.6810550203213	-530.9924004957809	-1
?	230.87521592226014	4561.731786431349	63.60827088019343	344.20316687443284	1341.0812296602273	-25797.291355846024	2620.992399795849	-31660.72529357201	-1
?	227.0865893215707	-275.92522513001603	78.72622730971548	292.7751478669829	618.6842991258844	-14952.229996501086	1251.6447903416984	-28230.857030720847	16.160146260044375
?	217.07895466575914	-996.8886813643957	78.24702827354278	-196.561528523383	593.4697298351624	-1115.0279084348358	1209.4495482597865	12279.578986098335	14.619050250592156
?	177.2421552533502	-1291.1564024467252	68.8981508835462	-203.4040698096461	562.9329037041418	1637.5154395173145	1865.6237396466238	15693.176636106868	9.254616469672927
?	152.52113454342197	-1022.5550998913453	68.07682478306033	-78.47309892173459	675.3455018110293	805.5651860168699	1994.108380065141	-2034.3238059162406	12.33521647263485
?	126.11440025878221	-711.9829803405337	64.97449593745941	-75.97972502292896	603.2111630049859	-6205.253454850444	1763.9075493508103	-9621.756260611737	-1
?	116.92198552639478	104.88704655932587	64.27783853191383	-13.098799829375691	365.0828290685027	-5952.080471821404	1513.0205670345474	113.77982342378183	-1
?	131.35875258674858	1409.7313892612967	64.31955594599062	112.35961305324264	305.60713941391145	1330.145384645488	1769.5965405219995	5772.960060633177	-1
?	187.4085549894606	2053.6545778834857	69.89581918457604	151.60496334766447	431.59009830077804	6602.097370031246	1801.6685700662103	12156.523775511787	11.548180032305204
?	234.04148148092432	659.2578700174764	71.89980411337395	2.438820384279233	635.7120079154785	-1103.7747498720958	2377.4227292975975	-13782.180186492906	12.851971029119847
?	220.3714484903349	-1621.7565126233612	70.01776020379	-222.79513730792527	376.40136080717247	-1260.238156661983	1112.5595607415553	-7577.672805689887	12.563539377491821
?	152.9536558497551	-4427.428969806635	60.760047247977525	-410.01527509231266	572.7001000823784	4746.353459367588	1998.5390890130977	25998.102525814786	-1
?	-1	-3079.0731169950586	49.51699644917408	-178.0891869925364	613.7190337755552	2806.290029062103	2412.464687032313	2154.5641355763305	-1
?	-1	2577.077429345296	51.85558789835058	318.6292170613935	713.0146015354856	-2423.2557466608155	2106.267295791916	-22624.46389455986	-1
?	127.85387146726664	2568.0453808604975	65.44845730224398	348.0941880515461	492.5562464425127	-6320.815417672211	1281.241492304304	-4970.194114769626	16.62408678348009
?	127.40226904302672	57.91215243066975	69.26029730092813	98.43432305591651	396.9738306518705	-2033.0518830595208	1857.757590053431	-1217.1407578069475	19.64431973457163
?	130.74947908880017	61.041768315496924	70.37017345503988	65.41122298241554	390.9036522895352	2579.391121294319	1220.3844544139558	-9277.955467076281	17.36683934267341
?	130.4543574588016	-83.19320037149619	72.53085845004895	26.682555005331967	525.9433867165883	7057.374817815698	1393.8598166996103	4550.360545105831	8.803823049828555
?	126.5898190702253	74.92152720836664	71.70430120530649	-95.4283119157953	743.7723931803251	5292.629250903956	1447.9024816692506	2028.3235951829085	14.816395295733082
?	134.20043381922	328.84827633077737	67.75944285425912	-173.71282453101836	790.5748492617898	926.1058875085478	1495.2759964587572	921.9752418703189	7.725531095654418
?	143.0322328867644	-2704.0086763843615	63.01865997875545	-341.48392263923455	790.0776875557532	163.2330666268512	1494.0012437627672	-546.4153139076793	7.39134607772168
?	-1	-2880.644657735247	50.68524672229715	-332.1004495574557	798.7365025931325	-673.5470725863929	1467.9552307633728	151.01051366263403	-1
?	-1	0	46.41363750088243	-135.24840478693156	756.4003339264331	-2076.217902237256	1501.551769445899	2124.6945438921803	-1
?	-1	0	43.92282648295048	-79.04876791001983	694.9256074812682	-274.4052752723207	1574.1899579579833	2166.1011288605696	-1
?	-1	0	42.46119910538138	-53.55483285862116	742.6800701628168	5074.044518983706	1609.856825888929	8780.654539662448	-1
?	-1	0	41.24508484001938	148.72579138135694	948.6278334304571	-3331.2692290779323	2013.222684941112	8356.884418074315	-1
?	-1	0	49.897488674449335	284.50493780016194	576.1166087089179	-14987.829809749852	2027.7010467926507	891.7340265701033	-1
?	-1	0	55.47033173002768	-2.548239002815328	199.23634294295388	-2957.7897994972286	2057.809386269618	990.8553255201464	-1
?	-1	3146.3992230441554	49.770076724308566	35.211493670707554	428.22711873405433	2054.05924139862	2077.2438130686587	183.086048635657	-1
?	156.31996115221	4564.913322341599	57.23090641356308	459.38826728548435	301.93930501288634	-2377.8725372530484	2066.9636887014008	4750.834349736711	5.534352576812863
?	227.2456661170832	1781.1386356069133	72.73949008858311	384.66095123810396	309.3334918714002	3933.2404368915104	2314.7855305554976	8328.501231334221	6.322566390080048
?	245.37689293255693	-4564.913322341599	76.46395397546856	-24.303263082690247	498.60132685746464	33200.96930338807	2483.3887502681177	6380.378814595333	5.878509856178566
?	-1	-4927.537858651069	71.52432693444858	-322.85479767602106	1969.381957040827	30110.69011343278	2633.804471285269	-314.46428073725207	0.17961589282031437
?	-1	3599.9177921024125	60.32121409166727	-158.28562196615795	2004.135832529125	-8678.683247097197	2467.665536231255	-7079.410304231796	-3.4355351170826536
?	178.99588960512318	3426.1772802290848	63.61004583614057	173.27816749363203	1535.447794685961	-4004.596421236772	2279.833956073674	6479.843984671087	-1
?	170.30886401145668	-535.4441539110443	68.985122466349	30.185765322147088	1803.9060114672836	15065.99672964639	2791.657735464814	10662.585458001253	5.969532603540181
?	152.2236819095706	-3426.1772802290848	65.11933410224795	-83.01793916745619	2288.7476311682913	9241.81227124257	2812.963228973744	-1574.9446365739873	6.053796564815691
?	-1	1149.2017613766616	64.83422550797613	18.64528440937308	2265.9966250294187	-8099.172715613425	2712.9105036361134	-7633.654494446356	-1
?	209.68376997840448	4114.374094106662	66.05159832271662	164.53837314587838	1883.7889953876142	-34805.01697439783	2431.280504251421	-8612.09595600542	-1
?	204.718704705336	-244.44042831138853	73.06114416527016	92.67686605477262	525.7457763095024	-25748.338341135033	2282.3057058358363	-599.3216997884798	9.514066812949142
?	197.46174856283488	-479.6609408649772	70.68544162545531	-144.55108675235914	596.3720783308443	1877.2434425218723	2401.3144192619966	527.1801450525634	18.19622764690222
?	180.7356576620868	-3969.234971256641	65.8335898276521	-355.6217211130615	619.6079484355973	-104.30539555361372	2308.664713088465	-2780.850028692454	11.759819081341174
?	-1	-854.9538066408369	52.904355569801986	-171.38544696033432	591.1568085531635	1826.234152624742	2262.271917827372	-12863.68199315802	-1
?	137.98796733004434	2688.9899044890094	57.26431747963527	296.1319359350087	710.9196560668357	-4058.480863015814	1665.4806134305547	-18890.459709916413	-1
?	133.4494952244524	-100.88429330360582	67.71095236655263	288.87694670764705	388.2327654023699	-3277.729454422114	1317.7489323315378	-1087.2288770974847	8.764805475156779
?	132.94375266486398	-190.88477518812837	71.70816481501782	19.54943910771022	547.0331833457277	744.9994079477798	1611.1191695756797	7453.84327905192	6.655795856869401
?	123.90525646504584	92.21463642465704	68.68842432193816	-44.99231163208172	425.48273579975944	-3368.2518682414707	1690.4410962841391	8306.351964639413	4.01548251879037
?	137.5544844860969	1192.2144701552388	69.4585492334137	200.04210212223825	378.6205899336518	-698.8478804624257	2026.4367678076562	9967.657610336119	6.427661547506421
?	183.51597997280862	689.555249419431	78.69052942805021	-14.108180719663691	390.54034177663766	-307.19003487038	2188.823976800952	4598.75990699906	9.808238746765479
?	172.03224695706893	-139.31576672670616	68.75314019743051	-42.56251125878716	363.26108819013257	3866.0107971363864	2256.3747631576125	-9748.081379550084	7.033506092522931
?	176.55019163647322	5.159291473727234	76.56240386511082	227.3202908330582	583.8408816334597	1518.4028613142948	1701.419907823441	-18332.009902424314	9.986526084742579
?	172.2902115307553	-393.69885817249224	80.11915473908358	-173.34315046123075	439.1812312558484	4625.016562661858	1339.7742680363838	14178.187340583916	12.56877279356367
?	156.86524872784832	-3465.804230615057	67.89524634204916	-265.73832401617346	815.0917097665559	6818.307489869727	2410.329274852647	29569.069017878086	2.9769159409414803
?	-1	48.93389223009636	66.83223853827472	-32.20602784976319	780.0966057493396	-2997.120235551036	2818.227718930309	-1127.7974688039035	-2.1087209592359315
?	159.31194333935318	2707.7681919463757	66.28494494956098	114.57087262860519	665.235697989002	-4786.7045614451445	2353.939401412451	-20171.101108389066	5.495433084291792
?	134.3884095973207	-874.5114301184971	72.56078216970506	-75.72401024779558	540.7613776770789	-2907.4568167882235	1809.6726635108414	-9454.09270161662	7.421308160149209
?	115.5863718334277	-2707.7681919463757	62.49874443717115	-304.50567512249387	519.8628571495888	3123.450476236338	1881.2347663316132	14940.850803420828	3.7916786654586194
?	-1	-2331.727436668521	57.335498413580154	-76.72621376611563	696.9339014888981	16732.18221928256	2556.7152036818934	15303.256189218491	-1
?	-1	0	58.66243374886531	-105.33932990033016	1356.4719681137287	18659.976340400393	2646.3975757925487	-721.6016939708413	-1
?	-1	0	52.06853191856357	-166.94706355158138	1629.932718508931	-16660.748029556093	2520.635118983351	-7725.439675219822	-1
?	-1	0	50.315080571286124	-113.4159666000951	523.4345666359124	-23494.56580891729	2260.125592031552	-6994.6682760310805	-1
?	-1	0	46.39773358855874	-183.47488487340394	455.2044280630497	2444.764228090359	2170.901705181792	-2999.6723643048	-1
?	-1	0	41.1413363276158	-54.054126686383	645.672778040432	6991.155272847132	2110.14197381631	-4076.5752342161263	-1
?	-1	0	43.69502725423955	85.41140583154196	804.7621917054113	4531.969817666442	1967.0729434709826	-3486.849282034105	-1
?	-1	0	45.411906619192955	62.77416111582066	872.2712689237574	2384.755656801551	1935.7995097146022	2602.7537952507414	-1
?	-1	0	46.833735310030626	143.76326511125507	923.9999745454906	-4547.599548638478	2097.2106332335215	-333.6695593585453	-1
?	-1	0	52.60006987475581	84.50049908382859	644.8912914918302	-8071.174388706785	1919.1160317466747	-6126.260090961436	-1
?	-1	0	51.058760264222116	-94.7053256865798	520.4412551101456	784.1774476520097	1790.8976286854454	2303.4746663259184	-1
?	-1	3024.6180837613856	47.86480359042675	360.6648320726512	684.1001638744313	-540.961122050584	2034.2897650629723	4060.4820088872307	-1
?	150.23090418807143	3110.262785930877	69.09200186785493	598.2957937030391	493.393199007616	-4543.139174008093	1993.9217291298098	-2643.308776972475	5.009468521509157
?	154.51313929654606	194.05147961496093	77.77959327557913	147.02567396905738	456.9432051740234	-2589.1376140816496	1902.1243262143466	-5498.022221565565	11.861010201725184
?	159.93347816881962	72.742155572604	76.4432855663079	18.75495709595329	363.93631830353166	3907.100569119766	1719.0206180515277	-6520.771027435538	16.375456731177472
?	158.1502470751763	-271.1554286755104	78.71734113037681	-38.259714173706264	652.2982336300145	8465.106772946281	1576.0857748425651	-6135.7046704099175	5.86113082443755
?	146.3757067350439	-253.26503053778973	74.53029985762257	-162.245569294362	787.1916569508518	2552.4020516357496	1412.2353845310274	-3582.9038474266727	10.369489221786889
?	145.48699554828664	-2947.514134700836	70.6050626656586	-294.3587062760536	779.9183362118038	-540.6144092283435	1396.940582471229	-13.315070675812231	10.056630749588917
?	-1	-2929.7399109656913	59.812364543819676	-383.7023771463852	760.1609364894342	-980.2259626975725	1411.5696309972368	1250.4470986713436	-1
?	-1	0	51.41994380833906	-217.5469517007541	730.9070380769244	-701.3271821534922	1459.462937404797	1163.969982738469	-1
?	-1	0	48.935016958781816	-92.82872542818122	725.0945773817591	760.219302895776	1469.768130134161	347.56006856652635	-1
?	-1	0	46.778507536929936	-116.88138822444178	768.9180032217138	1606.3111114225558	1476.8409408331236	5303.031617056219	-1
?	-1	0	43.090947547559644	-117.83275175837065	805.410132952888	1562.051557197074	1734.9197109869758	4136.276476685634	-1
?	-1	0	40.88686994901132	16.20492884932352	847.0205810815686	2381.9254585117033	1683.6547646674082	7576.735220795587	-1
?	-1	0	43.90119399002583	41.10276132784135	924.5064058784749	4609.380228168975	2113.7564720267605	11661.296916800904	-1
?	-1	0	42.94200801540342	21.63296789894955	1077.4895924900206	-3694.734761720381	2266.7196105074618	-2388.592168542948	-1
?	-1	0	44.982842384973324	171.09276808578824	739.7696677924532	-8939.136350045628	1994.3268635996114	-18809.33666574752	-1
?	-1	0	51.49664641969295	78.49920638957417	630.5327749877329	710.7212564722421	1326.2527772200724	-4036.5517712718356	-1
?	-1	0	48.90780270445209	-135.05892024020616	775.3057306160658	4414.061675225661	1792.4992750360168	13195.911341794175	-1
?	-1	3164.2398203218654	44.743700407682546	279.7205562063158	851.235858749019	-9735.939953395686	1986.0483443097905	-1484.4977283890528	-1
?	157.2119910160955	2845.4703879922918	62.89383051476808	383.90565429307424	288.5087329462746	-11470.641619089129	1718.274388616563	-3539.8022592692355	-1
?	141.27351939961662	-497.0036548494634	63.93898312233653	21.13085379570192	277.7037777945544	-833.2116261251771	1809.0582313463262	3245.317922459148	-1
?	132.361808273622	222.99928742196326	63.95037320455319	66.22571901619983	246.84815164001517	3715.668285829127	1880.5402847395228	3626.2469936355988	-1
?	152.42348377071494	1661.1018100251808	67.25026907314657	288.5464906375735	463.4871920860134	3672.5039600101177	1990.3705810281087	2351.067299280265	11.21181774461336
?	215.4168987748822	1882.8614296048977	78.37769773643207	331.12497844006737	430.4733496405237	1186.6986812844245	1998.0936497035377	-13926.380116759809	13.492253534649583
?	246.56655525096116	348.1831530762851	83.80651799515017	120.86947906886279	522.8221261502355	1177.3605390449452	1294.0515751901085	-12141.717214115306	20.53059263142577
?	232.82605642869672	-1161.3456565456231	84.4211716898753	3.8117779091808215	489.3413765927718	-2454.545735738505	1391.0077889977638	-595.5420543669113	18.124101221471243
?	188.49927242367917	-1843.8438803405568	83.99710689060922	-211.96718509655523	400.0948393633085	-1735.6092940215972	1264.2744724717625	-3235.842495744923	13.299911718225871
?	140.63386241166756	-1506.2656889772366	73.82281243504738	-361.557465854369	402.5609118916907	-178.44659310874337	1229.2156642105153	4844.830935547797	6.737661202282453
?	113.18598797481627	-686.3924678092112	65.91923359789051	-370.03484050973765	391.1725097078712	8563.285684832437	1506.5160192491558	26960.05073950881	-1
?	106.31423902120652	-2283.719759496293	55.321070409560235	-174.94024463197798	830.7251961333186	6475.865478182119	2577.218201185975	21101.233077335393	-1
?	-1	-2146.2847804241	57.17222136629149	28.40262246143299	714.9657836169818	3021.6037268001633	2561.5776731159403	219.5303173905873	-1
?	-1	2872.4835228400257	56.741201532631905	213.99065222626626	981.8053824733289	-3222.437489335852	2588.1947170555045	-11291.891795651107	-1
?	142.62417614200334	2583.573034530421	67.87175397760495	113.20377024353941	553.8439091501869	-12324.261527623303	1996.983083333377	-14202.70539677639	7.915786416840611
?	128.17865172652287	-231.39810712313886	62.401390044808956	-210.71776617086456	365.592306092155	-3841.5416185844047	1878.059447216675	-864.6954678877924	9.233265314401448
?	131.05427078584623	513.1439521847041	57.335865669061576	58.79353270018912	361.7668282209639	-886.6765569223672	1953.7483099389867	6272.474865891674	-1
?	153.83584933575844	397.5827298166195	65.34106667981845	124.04510193238403	321.258478246036	18178.94822578161	2191.683190511263	11258.025618661604	15.24523474314556
?	150.93340727667749	-3096.7169867151247	63.538120765680866	-168.16867475388878	1270.7142395100573	38266.85966884168	2516.649590872075	10517.672582934725	9.259210632955984
?	-1	117.32768589571099	56.932632942123895	-138.5507784898269	2234.601461688147	7473.626723808605	2717.566819658007	1453.636543545533	-1
?	156.79979157146312	2992.7142177435753	56.61058184118942	121.05896358259257	1644.3955757004928	-38903.00054136489	2589.3314180493526	-12501.743368732872	-1
?	148.6357108871809	-585.2770838569588	62.98558112125361	83.54173432492851	289.45143461987504	8405.475676347449	2092.4796512213543	2059.5992245807047	-1
?	127.53593737861476	217.5920232192337	60.78766855743591	-20.45491896210492	2064.6693595178713	34405.049563047	2692.3113792783893	10377.88956986037	-1
?	159.51531204814273	463.6288109246126	61.96283517314835	175.5361134584698	2009.7039127722496	-29573.297647135547	2611.37412971438	-16488.76486345385	-1
?	150.71737792484572	-343.8681402893169	69.56447423035952	108.27316526596906	586.0044771610727	-28258.28084487585	1867.873136105685	-4741.691440270812	9.24261580749208
?	142.32190503367664	-348.13909434496355	67.37649343644688	-137.42569463012703	596.789870528437	2026.3791344052954	2374.289557700836	15966.813459125893	15.906841090589522
?	133.3104232075973	-2866.438100673492	62.69318949885307	-195.49915270706995	687.3234338813389	7.375864806924605	2666.213809061991	-816.7245457690999	10.99601306458148
?	-1	272.5094429265034	57.60153580109324	26.119342068248613	597.1586637687832	-3997.7566180448935	2333.4533304123806	-7950.482124136748	-1
?	146.93589535392266	2799.198963849257	63.99915660226552	199.51198735452678	487.4356029790914	-3727.0980950800463	2268.689702855148	-9246.66554977096	4.465526397687718
?	138.95994819246482	-192.84345221175113	67.57713516881972	-0.34637400666596324	410.8037590147782	-2580.1433118070427	1871.120052923826	-10234.020349457805	16.224852819835107
?	137.29372274333497	236.74153169652135	63.981837901932224	55.837783273827085	358.42843738873745	-71.00406084155692	1756.9886853822504	892.7836683020187	-1
?	150.79702477729106	289.4410417456935	70.36902433251112	105.78666111019194	407.2535559727003	602.6489633199054	1915.7592363389276	6768.166139950967	13.154537235622408
?	151.76577483061985	18.44519405837135	69.2711709574419	-98.65577504496658	388.56088555473315	-39.26463352190979	2095.3969923798036	4778.196383656909	13.776263986422558
?	151.71928448020964	571.4978830762361	65.43623558026272	165.8395950859758	405.2903242966048	871.9089145017155	2154.6690555217765	-17389.686779441436	6.576047223926496
?	180.34066898443206	298.7819941561108	77.5631507117408	72.2128573044476	432.15633127981954	6747.9229015710735	1225.9126534077195	-440.82943393197013	16.651642606999935
?	166.6583841880154	-3626.8133796885895	69.04687844548515	-252.84784005057685	742.6864693751633	9962.177250994237	2132.6275838251777	34129.46519146222	9.686266782165456
?	-1	891.9610879821237	64.92075870921178	-106.31006577618186	930.2651938295385	12356.558272095926	2932.3859129808548	10455.619762577422	-1
?	211.2564385871222	19.999999999999716	63.73137515667598	-1298.4151741842172	1360.5143829799683	-18605.303876590504	2655.4085719540562	-58647.71825961626	5.947351676504315
