rowLabel	avP	dP	avI	dI	f1	dF1	f2	dF2	h
?	240.86249199451126	4705.9868694303195	53.169946635097645	1661.98769682095	887.888141585389	10042.990567735267	1839.3642652656986	30601.4258586107	-1
?	235.299343471516	-166.4703072609217	83.09938484104751	526.7986807077438	502.1495283867634	-6940.27304986857	1530.071292930535	-4409.016875725561	16.2973339037432
?	232.53897663146518	-346.12827619577376	79.50988067048483	-214.57589473103715	540.8744890919605	1447.6901320575173	1618.9134214794205	17645.18686843387	17.758695354263132
?	217.99292966172732	31.739877532555177	72.37059010449565	-328.5871174482289	574.5340349896393	2094.714895380346	2412.330636352229	15101.097197241723	9.123811878214582
?	234.12597050809293	320.4739627146916	63.08052479807339	-337.09786389348943	645.6102338609778	1177.8991605547506	2373.9682813415066	-7492.648582233216	-1
?	234.0166277974619	-4702.51941016186	55.51569690982118	-96.28886543057138	633.4289930173768	1245.062868711091	2037.698207240568	-2517.362031352805	-1
?	-1	-1005.8101071305188	58.26608152654482	195.23594053893098	707.8633772965324	12209.392543612874	2248.1001797738663	7892.810953310165	-1
?	183.72612244093597	3950.6726517022194	65.27749393676773	293.19075978964867	1243.8986201980204	-6422.455114364575	2432.3387549060762	-7132.081434246995	9.350572423679138
?	196.53363258511092	237.54414552288102	72.92561951602725	277.00499767214956	386.74062157830366	-15741.675163069598	1891.4961080615167	-9521.500789559734	15.570444245034054
?	195.60332971708002	117.5398949168306	79.1277438203752	84.44753744870327	456.81486204454063	3296.1489423834696	1956.2637154280897	2746.4987031319974	14.149800711079976
?	202.41062733095245	211.34296240098288	77.14799638846242	-68.67758719457521	551.5480686974771	1097.638582506827	2028.8210432181165	4306.448918834481	18.221520383077266
?	206.17047783712917	-164.153672389388	75.69386446064644	-33.69905147703858	511.69679116988203	-3103.8352385205853	2171.586161369814	-4253.022464475381	13.858187614467298
?	194.20294371148304	-172.55873731607764	75.46304381461049	-258.64815118209157	396.3563067714477	-283.7753162484976	1816.1699199943473	-2116.071499290927	16.583323216868827
?	197.54254097132528	101.941058664704	62.76145690154185	-355.57850702043777	497.50802535745714	1939.8531782201126	2065.7825864052675	-237.80987572356005	-1
?	199.29999664471825	91.92902958784535	57.68411846358858	104.32718093774288	493.3489656824534	1712.8293955090267	1804.2794262081693	-19.754446332626667	-1
?	202.13899245071755	354.41334866342083	67.977815948429	412.64719477740107	583.1494951329086	36.85511065003762	2064.794864088636	5233.4857149358095	8.69777306960861
?	217.0206640778893	53.39390829740575	78.31647820245865	171.72681959014326	495.1917212149553	1898.7483259560697	2065.95371195496	-4578.367249203612	21.998980134443116
?	204.80868786558784	-1049.0121731366226	76.56415692793617	-198.2297578283986	678.0869114307121	4759.014903884601	1835.8765016284553	-2146.863806555505	13.64226850788591
?	164.57005542105813	-241.44347923743544	68.40499031103872	-25.005033651437408	733.1424664091855	-588.2009417502803	1958.6105216271847	-1052.140163161438	3.0464321241610848
?	192.73651390371606	450.43574851468355	75.3139052453643	83.00218060279502	648.6768643431981	-2526.969496429716	1783.2694934703834	2530.5715373747703	12.594288045658976
?	187.09184284679228	-211.24238429267714	72.55509934117846	-228.54993586352145	606.7939915876999	789.7593212154759	2085.139098495923	7228.331299147028	11.880419372750769
?	182.1743946890822	-3761.836856935842	63.88640845218821	-370.629441599226	688.1648304039719	3205.508009379459	2144.686058427735	3230.7889339094045	5.164177911761002
?	-1	12.416759177364714	54.02362726121714	-83.54891935427268	767.069392056673	7102.382937100293	2246.6785451913934	2351.0260369040293	-1
?	182.79523264795043	3791.4292430117353	59.708962484474576	277.3437909618406	1043.2839772589869	-1446.8317810764333	2262.2373602729367	-3612.5359889222423	-1
?	188.57146215058694	-158.45489494675618	67.89081680930919	308.0708995053739	694.7278030028513	-12565.265104068247	2066.051745745281	-11409.822891350244	14.673469696967771
?	174.8724879006126	-479.3733524465161	75.11250745974328	161.46827535616708	415.0207220555739	-3747.06966203079	1691.746215705424	-8056.633948051314	10.897143849089137
?	164.60279452826111	-143.294423543603	75.96423057711755	44.21405807322539	507.3743199013116	2942.848550075449	1663.220048342715	1408.6425508219222	9.560411984131514
?	167.70776672343246	193.84795278158361	77.32321036340456	13.444936198838194	562.1631495593465	-142.0686019851404	1762.1783432465202	3114.1982556149987	19.43659388921852
?	174.2951921673403	443.75916534925597	76.63647738705946	-91.57040259191453	500.27088980205457	-3045.8455483558027	1818.929961123465	442.4473037984349	12.459813229128336
?	189.89572499089527	-285.832217969294	72.74469023380883	-124.48722173586663	409.8708721415562	-2885.320128508701	1784.300708436442	-1578.5330135746412	11.38007739982421
?	160.0035812688756	-1202.1384415486996	70.41211630026612	-220.98437107891436	356.0048833766194	9.906361295929846	1740.003310444733	2835.300072513325	9.636754203418834
?	129.78880291346024	-3220.071625377509	61.6954716798631	-364.62162373689364	410.3661902063527	3885.705510724065	1926.0657120621083	2933.317866513241	-1
?	-1	-2615.7760582692026	52.18103511342142	-209.75540787422838	550.2901589128228	3785.5345029901937	1886.6692037703951	-1637.814586189164	-1
?	-1	0	51.20770128615167	-74.61873532144914	599.6429153558626	963.7849590746796	1844.17498275265	-1982.1974257016136	-1
?	-1	2844.187023187093	48.45009834734896	-4.436136936795091	598.4794068665568	1774.5847815908207	1787.5593324853144	81.29024766262766	-1
?	141.20935115935478	3167.196203132721	50.98589443931191	484.290941622904	688.3721544354037	-2261.5534930631443	1848.2394951357815	-8902.832215476325	-1
?	157.3598101566362	711.6558205878816	72.66464542849418	572.0436063509922	485.4017322133995	-2881.882138088383	1342.4177217114977	-14993.234563732449	10.901379702305325
?	176.7921421887489	226.05793346310216	79.58807475686155	-40.13824982230087	544.2780475309844	1154.3272135130496	1098.5777669491583	3215.797910441176	15.892431912968789
?	168.66270682979132	163.92763724261144	70.65773293737914	-252.97270172518955	543.118092889052	-558.5437748922227	1503.2076172335567	21434.31586677491	6.38242195298283
?	184.98852405087948	153.6350728042697	66.93943967060206	-241.73293133127459	516.3508587863732	3167.232050197483	2170.2935602879047	14404.762504880156	8.653386855323053
?	176.34446047000478	1765.0389081484707	58.57108637081545	40.87610080557184	701.4796953989256	-171.39604567651023	2223.445742477562	-22440.686965035937	-1
?	273.2404694583027	1810.8926273178186	68.98324471088064	29.906174288371083	507.78105650254776	-2558.0411455524813	1048.2592120361119	-10491.04426001482	17.8095544982051
?	266.8890918358954	-526.8695012760584	60.066395085234	-65.24500641327018	573.577638121302	2328.027049981086	1698.8935294768228	5995.696160598084	16.251217177911595
?	246.89699439449987	-934.7088368039146	65.72099439021714	306.4383319547791	624.1824090016016	939.1491634224836	1348.044020066015	-12930.977509766972	5.675600641146364
?	220.15364999569982	-1052.8184935588845	75.3883116829729	-74.63772027736026	620.535096292426	402.65900882119155	1052.3446539884765	-5730.462065273279	9.474273046969056
?	194.25606971655583	-90.45419938050405	61.989108376349144	-193.85257769127418	644.3153594426611	455.3122193860229	1061.520916802352	792.9927219011353	-1
?	215.63094002667464	49.94784795724417	65.69568279840922	83.43628331498921	643.3007072617271	-550.0191456050899	1091.994290083533	1085.4191940377807	6.615490329590085
?	196.75346211441803	-4332.618800533508	66.16092254209859	-195.25014406419143	616.8144021624067	-256.4723300738783	1115.791876504241	-244.99289423685784	5.200249077367092
?	-1	-3955.0692422883744	55.933175595199685	-260.2823753074302	630.4770907580332	658.4352936860342	1079.7446453716902	3718.3160799338743	-1
?	-1	4148.045263661669	53.146803776727126	188.34689574087417	649.7361668467083	216.97988914226093	1301.707680500934	5084.761814944195	-1
?	206.40226318308274	3733.25408877642	65.35052038224336	463.50549779785575	641.3260852151462	-1113.7690262149242	1333.982736118899	-3569.5610553734095	6.885403870804598
?	185.66270443882033	-635.3405674689685	76.32207866661983	-42.883699691785615	594.0477155359623	950.18034491913	1123.2296277322641	2897.8981991625747	10.846167974875334
?	174.63523480963443	-32.680005061166185	63.20633539765409	-161.95317112595546	688.8351024611026	242.26725472937318	1478.8776460770273	-131.003410293843	-1
?	184.02870418576202	28.96008177889438	68.22442011032209	205.80863249609496	606.1610782724309	-1996.9607339554138	1116.679457217572	-6992.389993756644	8.327235735369323
?	176.08323889857914	-908.1413820349056	73.4967670224588	55.5941439508816	588.9870657633322	-2697.7083195971427	1129.2581463891963	16474.216603516248	4.749705410543961
?	138.6216350840169	-416.36277404531177	71.00412730786616	-90.8986167261276	471.2756622925743	-2742.6553339880634	1940.3902873933814	17052.187535687397	4.8395440092109
?	155.26510019631363	585.1958290082789	68.95183618615243	26.73791919873518	451.85429906392955	-551.8262832848219	1981.867523173563	-3263.7974761241344	5.582575706312778
?	167.88142653443074	-227.23035224074204	72.34102326780291	-85.94313740960077	443.6843481283333	-548.2547422784827	1777.2004135871753	-2808.382332615839	8.175191503772734
?	143.90358258427656	-358.67694558804214	64.65467931567241	-18.711477359467278	424.4415619500055	-1223.4352217610965	1841.4484065427716	3599.742973649044	7.686263822137328
?	149.9475792550287	-30.145972568440236	71.40544939982955	219.09493840116673	382.5125870402787	-241.04794315663042	1957.1875622696268	750.3111658939068	5.703018707236497
?	142.39628395585456	-1.2919427607380431	75.60942623573071	89.50251083567056	412.38916479217403	1876.3161718311105	1878.9639648374668	-2652.971850560985	6.805048090646676
?	149.8829821169918	249.7534895884596	75.88057494161306	-7.10582169707666	476.32839563183387	521.7751823902763	1824.538969741578	-2259.265417556716	5.765512053262034
?	154.8839584352775	281.0798647593315	75.25413515087688	77.19873347907507	438.47792391168775	1859.4121869897058	1766.0006939596315	-2481.6250415581267	12.643482854193472
?	163.93697535495832	284.929755517765	79.7405116155668	-39.77389228600387	569.2990049813188	1858.3754636467413	1700.4577176636722	-693.2926389564161	10.59663157357832
?	169.1304462111657	92.28473592017598	73.26544053657669	-254.40520261846223	531.3966970940245	-140.3938506242667	1731.3360620118108	2812.913820760892	6.200496884070094
?	168.5512121509671	1401.7813306740604	67.02025148464374	9.19152120632734	562.2793124501055	-327.77744412829065	1841.1034087017163	-127.10570072397832	3.3357709399888718
?	239.21951274486847	1294.0501485074465	73.72501659689306	134.45448150254427	515.00782488761	-3109.1396923432226	1724.980776975612	-2395.752133543883	10.961529731269682
?	233.2537195763392	-4804.3902548973865	73.74297555977093	-179.255595193898	406.82232783294495	19931.081637675503	1721.3158020245226	15410.105546185756	11.187352409170053
?	-1	427.2723657142272	64.76223683719819	-55.53503978306955	1511.5619067713817	12744.211527391517	2495.486054284897	9534.305577698007	-1
?	254.61733786205048	4615.236764644844	70.96622357061746	340.34621275608265	1044.0329042025185	-18297.87147112341	2198.0310809094212	-15901.956500640861	2.359769740924344
?	229.76183823224136	-364.97209013119476	81.77954747500226	189.8729875237815	596.6683332152144	-7653.957510289538	1700.3882292528567	-11104.838762065418	5.231544849028348
?	236.3687333554908	237.84579406044458	80.4598729468065	-152.43071005438307	661.3350286880429	1366.9719102955926	1642.7891428061523	50.921526555576015	4.442634109326133
?	241.65412793526355	-101.29423363636455	74.15801197228313	-143.05784752153266	665.0169287299938	-2244.162872989779	1702.9343055806355	740.3245406686054	2.9728348503525663
?	231.3040216736726	82.78728079964624	73.30698057072989	146.5094483727267	549.1268850385544	-1821.4644822403438	1679.8053698395825	-4641.6036498364865	7.4411130904687415
?	245.79349197524584	1001.8109024033255	81.48348439091944	240.59450302288496	573.9437046179769	369.9094826418822	1470.854123088812	-9498.701352161968	6.658759539335456
?	281.3945667938387	333.8435790305255	85.3367057218741	-21.045397414033648	567.6223591706485	447.5498100224461	1204.8703022314858	-8266.468920624673	11.348816674300583
?	262.48567092677206	-1835.5851938385874	80.43121452021777	-94.91081680888078	596.3211951190991	-410.7037726449918	1057.5306770575799	5014.920456858463	11.27860547991319
?	189.61530710190965	-2072.817484714078	80.59116488143008	-51.82594955357662	547.0871705383989	-2834.5822041466363	1455.616325074408	9278.836497301869	3.7250921684600065
?	158.84479669106852	-585.6451671420851	77.83991704253894	-178.642345975475	454.5920849117678	-3480.860657392494	1521.4725019226717	3397.8135365822604	3.7500048373797057
?	160.3330487448055	89.43601643863562	71.65904758265636	-8.724760721628998	373.04413766877485	846.3491429507162	1625.5070019035204	3345.415788677581	10.69236705530825
?	163.3165975130003	655.5307886950783	77.4036790064575	164.67883235337982	496.9095420593035	4912.4814200605115	1688.7432913565501	1683.9167125423696	5.747073724776972
?	193.1095881795593	784.4405145662984	79.89298920032532	-151.19622569385027	618.6682086717996	1499.9643280398989	1709.7028375306386	299.81615231640825	2.96814977488814
?	202.53862324131507	1098.731886813747	69.84386772176501	-32.734169428585574	571.9077584612982	-1747.2684701069663	1703.7340989723705	-425.6052004001701	2.1164112241967867
?	248.04618252024645	1277.1249181808537	78.25628072889604	213.10580415492942	531.3047851664516	-1066.6843278290382	1688.4225775106302	319.03768647630955	6.454979869472112
?	266.3948691503575	229.15409757406022	80.49915792951144	-48.34384321904497	518.5735420698464	2402.408297341646	1719.685983296186	2038.5960543873516	10.412014759082997
?	259.5038873989494	-5347.897383007169	75.8390885679438	-135.12255603774568	651.4252000335334	3766.8300357553353	1790.3523802299974	8766.358732745679	3.1104454836431126
?	-1	-199.31488281332022	73.74303012762418	98.27829702912204	706.9150438576126	-1414.9463062339491	2158.0039199334683	-830.3056724418896	-0.9154310604588449
?	249.53814325828344	4735.274015196375	80.75300341939989	95.59459339746815	580.6778847218362	-2610.1614656788433	1748.837096607903	-8227.925767025065	2.4595065860148426
?	235.7637007598179	-5010.762865165687	78.52275979749757	-228.50055872626538	576.4069705736708	1098.353845583137	1746.6076315822165	1532.4119756968466	2.9124323617221863
?	-1	93.83989538246088	69.32797548308666	-153.33910525397326	635.5955770009929	-1804.2521198942661	1825.457695392745	2353.5240132615527	3.5453828605821256
?	240.45569552894094	4803.815028606609	70.85580453479894	92.00030399277101	486.19436457895785	-2970.0430916508576	1864.2838322452938	-1890.1238371585646	2.8245672368246364
?	239.1907514303296	-272.19955300967894	73.9279906827252	118.3728295930645	487.09342241845053	7049.382723509138	1730.9515035348172	-8175.587452349393	7.271430071829113
?	226.84571787845704	-597.7275634762156	76.77444601445214	118.59114923272742	838.6635007544135	3063.358975771094	1455.5044596278256	-8779.259989405367	8.979816846012225
?	209.30437325651894	-1113.5393684265182	79.85754814436154	105.40533692238634	640.2613712070047	-4200.516658900368	1291.9885040645504	9230.565766608772	3.4825503937228985
?	171.16874945713133	-1849.2323615917578	82.04471286057144	-21.623185165635526	628.6376678093958	-1426.1932377276325	1917.0327479582625	14127.419474893064	5.865854023296209
?	116.84275517693138	1032.5148367603592	78.77638888607977	-126.56713010630216	568.9517093206233	-1786.6572727190278	1998.359477809201	1190.8330130576949	4.423520600366802
?	222.7944912951491	2370.4466761275203	75.71635635525635	-62.27017946295569	539.3048041734447	-1633.7128696928007	1976.574398611147	-4717.208440723164	7.509113782226241
?	235.36508898330698	94.77787285510806	75.662879912932	26.72299547721205	487.26606583598357	2238.929166397039	1762.4990557730437	-6477.46494260547	11.936270510265926
?	227.5333849379045	-358.2688577289407	77.05250612911695	70.01803543176405	651.2512624932963	3058.293832454635	1652.7011514808746	-1272.4684182634246	10.715256101418733
?	217.45164609686	-625.0374625519902	79.16378168452019	6.007944450124988	640.1807574587148	278.52870319721075	1698.8756348598727	-3637.1096130559126	10.750625174305686
?	196.2815118103051	-454.23371577918704	77.3529033516232	-104.56530529497607	665.1776976531568	18.76713746439925	1470.8456708280796	-1882.0559676604737	6.233051134141294
?	194.73996030790073	154.87163641334743	73.9355164197714	-18.333964639545066	641.1191143319347	-2180.324131738224	1604.7728364768493	9562.656405118776	4.456027769581957
?	204.02509363097244	-33.03835450922134	76.43620511964595	-25.111060989804717	556.161491066246	-226.87005709286575	1948.9784910840167	5815.878303046423	2.049398537688838
?	193.08804258243967	183.3851618737078	72.67996337028117	-65.29147665152317	629.7756114772915	-1409.7353040973694	1895.5667516291694	-8794.005164038172	5.5487796673165946
?	213.1943517246578	329.11949671195094	73.1716312870698	40.32255465089705	485.67472586137774	-2468.6712659074246	1509.2782328821097	-3154.6122168703437	9.837790999349503
?	209.54401741803716	551.3483059343113	74.69609110282602	232.68657528178974	506.3420481819207	166.72177415404977	1737.8361407856528	-2949.2139150494463	7.267973213269409
?	240.76176702137326	554.3733761395256	84.80596005115925	140.9744193673779	494.0108145690802	-225.91540404173395	1361.817537129638	-537.4710360135688	14.314094597869518
?	237.26268622501334	-1413.1236255556337	81.74481207119489	-95.63594625947849	495.04627797983403	-138.49882099575942	1710.9625889849744	9662.341042831793	6.470126752205641
?	170.10558574359183	-1753.2230070364528	80.02416273818534	-70.0774917108063	487.08587351929225	-144.6325203761449	1844.9345892712258	3685.0066540675557	4.867366395009235
?	149.601535873191	2182.4437469259296	78.24093748565458	-86.12505960106037	487.8146519610268	-186.88770511480422	1895.2129216883516	2024.0254096624294	7.132252854326618
?	279.22777308988793	2599.927411058314	75.71790975813234	3.575541082261124	477.74148826355207	1227.2050728645443	1946.135859754347	-2927.0866760089316	0.603369973036955
?	279.59790642610625	-198.26951932314685	78.41971453976764	19.987707128385424	549.1749056042538	416.5297561183687	1748.8585878879055	-2095.4698937461335	3.4433978000495706
?	269.3142971237306	-2083.104205800204	76.7172951145516	39.746651510183	498.56797606947043	1450.1629587714099	1841.3623650670406	889.9069545131338	5.921247565798637
?	175.44269613609643	-1027.1786725178138	80.40704711527678	83.27086433310457	621.683053542824	2157.176199798774	1793.353935613562	-408.8436786283834	4.228118685250614
?	217.95536349784012	1390.4293868306552	80.88083833120682	-120.38198700769371	606.4267860594088	-1587.998343874948	1820.9201811356215	1840.1398955846364	3.804690883584146
?	244.96416547762894	-419.7238230959599	74.38794776489212	-62.83557745923894	542.2831363490769	2126.2634939271	1885.3609303927935	-5114.282326402499	3.2814255832472448
?	196.9691723430422	-4919.283309552597	77.73905945824488	107.25114693180596	712.7399607557634	2127.715385292787	1565.2060648154975	-2892.3270097759464	4.154415881409738
?	-1	-3959.383446860858	79.7505051114824	-157.63727124788716	648.6689056137159	1266.4793518860756	1740.7445799039967	5328.052643700781	1.061740651058927
?	-1	3405.3922705755344	69.85719589585055	-129.29007959881733	776.0639283500669	-803.9127367854582	1831.6086970005356	3068.4021051224563	2.701352176391934
?	169.26961352877612	4755.320360831899	73.28600113154155	172.69766061131156	608.4732687744431	-3835.1440872468106	1894.164685160119	-1488.9975397560108	2.979004344929648
?	236.7660180415941	1249.709464061006	78.4920789264161	157.1033762544272	584.3067239877271	597.8617266002788	1757.1588200127353	-3628.9553947050936	6.043557622346976
?	231.7550867318262	-4755.320360831899	81.14116994426288	-99.6829755185582	638.3663551044569	488.39348289621233	1712.716915424865	1451.7759518012333	6.401798267073021
?	-1	-4655.101734636541	73.5079301504882	-266.5003310667579	608.7263981325376	-2563.9996052662013	1829.7476176027967	151.75638997278892	0.476120733551814
?	-1	4379.577172936815	67.81615339092504	-22.19754805938586	510.16637484114733	1271.7785427918557	1720.3047349235044	3333.035725761095	3.853347158938537
?	217.97885864684	3814.8160840566557	72.39805274751892	276.3371043916167	672.3153252721302	121.33099801085606	1996.3994038908509	-8046.899361839688	1.0557116784361782
?	189.7408042028321	-1941.0825149156237	81.63300861050583	158.51851567085532	516.2329247416901	-2839.5297730220736	1317.9597668315214	-10044.24903525206	7.15342480769214
?	120.92473290105916	-810.8047446578757	80.32397853106166	-155.2352677962912	530.338836621027	1500.9425871329297	1494.1869521282497	16666.236102390245	5.130612375469464
?	149.20056696993845	943.2471692734	73.87124522069129	-128.13962704348359	591.2800540983363	-149.49714832085246	2151.2715719510306	12046.216046174666	0.75095548509443
?	168.087091364729	1152.975408495819	73.9169971788875	20.04808844943547	522.8639792049844	-3003.690279187073	2096.497754436981	1620.1921398601428	2.615090508869967
?	206.8493373947292	1987.5492376282043	74.87364964316306	23.316586799759957	441.0955401389832	1113.1816023453023	2232.2811789440375	-3008.7939692380287	4.108381560677377
?	267.46455324613885	1627.5537454694547	75.08282651887549	-77.98791603816453	578.5230593222493	1403.774665809363	1946.05805597508	-7205.929490486476	4.680841326506695
?	288.22702466820164	-1705.0774680754328	70.97425384125485	-249.53855152181293	511.2842734294511	-1242.7190419872702	1871.984704419715	-354.06861458836954	3.900483091326285
?	182.2106798423675	-2081.630194295401	62.60589894278489	-114.07699688937255	516.387107222886	12708.385153699659	1928.3546252456615	6598.546577700859	-1
?	184.14551495343196	1268.4671865772696	65.27040399678624	186.32574652427544	1146.7035311144318	-2819.2244150984275	2201.9120333047567	-2579.2184175857074	8.156935279974203
?	245.63403917123077	797.5256540823682	71.92218626899863	42.46612825044637	375.42588646796514	-12898.345054730908	1799.3937043663766	-6160.687169167817	17.505544426322533
?	224.02179765755022	-544.9552357614473	67.39371040930855	-28.696530838080424	501.78627837788866	2154.1442644910203	1893.877674846367	272.3334052296478	13.57468442370261
?	218.3862773831585	-345.70299186228976	70.48735972709461	232.0960568054269	483.13309969251577	2638.8626841204896	1813.010374627859	-23134.795511092427	12.451159134270837
?	206.7366480644358	-601.9525357987549	78.99851324957986	181.2426736697004	633.7294125839127	2582.519367334305	737.1378992917497	-20537.00710620813	14.835187336437974
?	188.28865059322086	-716.8054701170839	79.5494934105796	-41.31310971166884	612.2590680592306	-940.8139077785914	786.1600193174561	7201.248181280531	15.85669975002844
?	170.89637455858173	-256.65845901623845	76.93285776399642	8.174223553728012	586.6887171949833	-966.3963537150778	1097.200308355775	18253.952361410145	8.273320864825973
?	175.455727642409	533.5778390953467	79.958204588266	103.12176284363696	563.9392503734769	779.3004732073227	1698.85763738796	11877.216734032629	7.102548172845774
?	197.57526651334896	-3529.1145528481925	82.08894590617825	-168.5616111839167	625.6537408553493	1418.9446816397872	1691.0611450574042	-374.01236569751876	5.614164462755795
?	-1	200.24026232796203	71.5301240290702	-254.07055674859782	634.886484455466	-276.88020562867774	1680.1570191030842	150.2132085788986	1.0173980894519223
?	207.58727962974703	4996.916043930272	69.38541806874841	89.98099967006769	611.8097305739154	-2464.9487023667775	1698.5718054863491	738.7822391064018	1.2968745436982494
?	248.84580219651272	502.0830788240739	76.02917401257356	148.68350856249234	511.6390493371275	-474.78377040217936	1717.0961310584041	-554.5451196386895	6.204756098965189
?	232.69143357095064	-593.6656119051246	76.819593496873	-59.34797538849402	588.0705420538066	4530.825022789727	1670.8445495044148	-6141.539652207679	6.150366079717969
?	219.1625216012566	-106.24419778552105	73.06177524314887	-18.602210046100605	738.1803004766131	1355.239981529992	1410.0191484480213	755.3608345541197	7.0979384770064495
?	227.3792236816746	133.13872423836293	75.88948299456797	73.8671101878617	655.8325411303059	-2386.8155966381614	1708.6125912321206	6934.043541369353	5.959385381447492
?	225.81945781317472	-162.3604444703983	76.75513075254195	-98.9237028492196	618.8395206447054	-1785.593081845836	1756.7213255164877	3790.7840489683576	10.198462589172246
?	219.26120145815472	-4536.389156263511	70.94329785210701	-185.20237812964646	566.5528870380144	971.9824691762631	1898.1517936805378	6387.709401560769	1.2796486422100641
?	-1	-687.5273328270442	67.49501184605965	-24.063176837648342	667.4386441035184	14387.424316915069	2076.106795594525	11116.361879558915	2.878160860947016
?	184.88483481680262	4052.0157227372433	69.7401390102246	228.34309816586196	1285.9241028837653	-4418.565611767525	2453.9698876584816	-6192.4394240063375	3.3987754023775874
?	201.60078613686144	544.38424795894	78.91216675435271	197.96545318295117	446.51036351514296	-13647.395315356884	1766.4848243942092	-14833.299150721903	3.549054816411526
?	212.10404721474953	28.59093908438648	79.63841166937212	6.848206992924044	603.5543371159235	3885.9446016392	1712.3049301223891	-4769.771104282821	6.19277417604327
?	203.03033309108076	-307.5762190322876	79.25457710399891	-169.69507683176434	640.8075935971023	911.1453219897962	1527.996269180069	-3119.1891579843805	6.222768598646005
?	196.7252362631352	-569.3238528789423	71.15365782778393	-103.5928697206044	649.1116032154132	-290.8151993829357	1556.3454722231706	1820.1131191996337	3.4835197622031377
?	174.56414044713375	-462.119394306984	74.07493361796871	98.91715019199047	626.2668336279555	-150.9022668118865	1619.0019251400504	19421.220639908806	7.039343470008682
?	173.61926654778608	493.08495190424713	76.09951533738344	78.39538003978959	641.5664898748189	-1918.2628356724217	2527.4065042186076	7121.543897432719	7.179685192880472
?	199.21838804234602	89.99649989711915	77.99470261995818	35.683075365698315	530.3536918443348	-3644.5340959041487	1975.079120011685	-11083.06830133616	5.54794316950044
?	178.11909154264202	-1100.065222832966	77.88366910566835	40.99058125514276	459.3397850796121	-2389.6024674594714	1973.2530891518015	888.1345105623709	2.4466007681320425
?	144.21512690069792	3078.0591646188673	80.0442316827153	26.2098478127489	410.87356847136164	393.80807501549737	2019.4858455398034	3513.686531810008	9.595752332659306
?	332.0220497735876	3659.097559965902	79.19416149630581	-268.7121495843177	479.03018883038726	2119.5291569901788	2148.9374157423044	3291.6019605464576	13.073463320117899
?	327.1700048989956	75.12735495290492	66.60862420349923	-354.0455187855324	516.8500263208721	-510.36944600913625	2184.0659435671287	-2928.906144581919	7.624293803885045
?	335.7784175212329	-922.6326562340472	61.49188555702894	199.0307358497705	453.5117165299301	1119.9752277100947	2002.4921085132064	-8933.369446141374	-1
?	281.0383720872926	-1608.416864083361	76.5601609959879	246.0155171459123	572.8487877063776	3306.4345910388893	1737.3974712600536	-9077.60572698135	10.974927747785786
?	255.3575743170637	-211.58923328060422	73.79266141432473	-252.4212401294444	618.8334460818769	841.1929169260333	1548.6118221641325	-4816.607254830519	10.998942618386614
?	270.45891042326224	319.3930582401066	63.9390989895155	-275.66525975930426	614.9084335526799	687.3588681290532	1496.5671085185243	4860.269794883265	-1
?	271.32722722906925	-2699.76755033463	60.00939842635932	115.26392331675233	653.20138948833	-1013.7251565477815	1791.6253119082992	13756.627259291927	-1
?	135.47053290652883	-2549.37467750283	69.7022951553532	230.57988512615623	564.2221757252901	-5351.6134088832905	2184.3984714831304	5341.181146464598	3.903973755931027
?	143.85849335392595	1612.9038544261077	71.5383926826673	-23.61227286193492	385.6207190441617	-293.8353676540377	2058.684369231533	-4513.772311923657	2.4464335106143085
?	216.11572562783536	2566.1678654225284	68.52168151225644	58.29847941186474	549.530407342588	419.4313548902832	1958.7098558869443	-19129.79776589558	10.54536953420248
?	272.1668866250542	823.0525445555954	74.45331665326057	186.95519904677147	406.5922867886762	-1033.642224556097	1102.1944809367403	-2713.8508061595235	16.338429472422927
?	257.2683528556157	-721.0785290854506	77.86944146459514	61.25894378289471	497.8482961147824	4889.490176257632	1823.0173155789662	14907.597717826113	10.425023189570922
?	236.11296017078115	-623.3244863188107	77.51626384240535	18.397359538163037	651.0667956015612	390.43733572986196	1847.5743668280566	-1397.7028281963278	12.670123307992355
?	226.10212853967474	-418.37671891835186	78.7893094415033	16.011840152533864	517.3701629012758	-453.1695566870398	1753.1321741691488	-5750.6082241410695	12.170826831620548
?	215.19412422486326	-358.9702476270338	78.31685585003206	-85.85554013275518	628.4083177672089	3924.347646960599	1560.043955620999	10881.56825180194	13.416883638945626
?	208.1536161583228	-44.28289881135918	74.49653243486549	-87.9930832965029	713.5875452493085	-1707.0477937525932	2297.2105867592536	16182.966166837157	2.099758283406045
?	212.97997928429527	-438.5058293122762	73.91720168520685	-20.326259620835	543.055928079578	-726.7677614920591	2369.1922639628683	-10818.874278915837	3.563005404449563
?	186.22832469270867	-797.052350839084	73.48021945382372	50.11930447922836	677.249157174705	2327.353709104542	1756.266872813454	-20202.5944549322	4.173253610805844
?	173.1273617423405	557.4688903009042	76.4231669091683	116.06668167705527	659.4236135348068	-1834.2497669734382	1359.062541216244	-526.5305189960161	7.116257428959744
?	214.10176920775427	659.3253599437961	79.28355353767657	42.81766449424306	585.5366688260318	-884.7640780960397	1729.9403468636528	5027.965996480908	8.292835567122406
?	206.09362973953077	3.3819853030007128	78.56405013388049	-135.3446873457856	615.1854096300042	968.9504615893974	1610.460841040293	-1289.1677407372524	3.338842716826787
?	214.2708684729043	204.3741819982352	72.51631917038719	-260.26150236310684	633.9841919055024	432.83709565004597	1665.4819598267893	6879.071672952235	4.75433662652518
?	216.31233883944267	-1370.8468988762188	65.55097501572496	-47.730103749990924	636.8272644125068	-2199.872919441116	1954.4144246879096	5271.989802182618	-1
?	145.7285235290924	-988.4790904141478	70.12981398288761	172.98139374146342	523.990545933445	-2208.9447097826205	1929.081449935924	-2320.69882632942	5.288889529373371
?	166.88838431873458	1278.4792656530165	74.20004470279825	75.21041958904682	526.3800289233742	991.3735060868994	1838.379483371437	-3840.6653434439386	4.492138915134932
?	209.65248681174413	439.7411202165807	73.89033496234	-12.528309045269559	573.5592212377907	2254.793199491346	1737.0481827637243	-6428.888760298955	10.13895101775793
?	188.87544032956393	-674.4665906423053	73.57362925053477	-163.1429562207989	639.1196888979431	1698.8266465040974	1516.9350453564846	-2642.545249571202	5.716436578310882
?	175.92915727962838	69.2630836209584	65.73318715129994	-147.5112317680318	658.5005535629967	494.0334745425341	1604.9209202851623	-55.57615409808853	0.7094944445118817
?	192.3385945106119	-87.52795212331637	66.19806766213307	180.21930351427272	663.8213626250702	282.2731167072157	1514.15623765158	-8425.88488057634	2.249012552801643
?	171.5527596734625	-1044.4419962504242	74.74415232701371	90.86017850419536	672.6142093983577	-561.5613713928258	1183.6266762563394	-6828.8492015673755	7.732963942408736
?	140.11649469808995	-663.9377315578619	70.7410765873429	-89.01710104514295	635.7432940554285	-1675.5440367969356	1172.7137775732065	-1818.9739948654928	1.4360477756219354
?	138.35587309556894	1258.1999592736113	70.2932972747565	115.34470988361115	588.8370075585098	227.64333023968123	1092.6779765130634	7887.203479348415	2.547696483007673
?	203.0264926617714	1667.767324726382	76.50831208152354	102.42301279810218	647.1254605674127	773.3439857405896	1567.0739515406328	12318.986508440847	5.371999102276069
?	221.74423933188922	-549.6339304796852	75.41444791466168	-23.584319998861595	627.5042068455398	-431.9359823428415	1708.6273019351145	-2244.8866713588177	6.597276956465231
?	175.54479613778676	-505.7926810289475	75.32909608158045	38.068245248938155	625.5286614502703	1652.2268418288984	1454.8296179726904	-5326.9193264537325	3.8173300879302845
?	196.45460528044148	-3530.895922755685	77.31786017710861	-95.55945633699884	710.1155489369859	4282.813327900022	1442.281335612424	9582.092904593874	6.315417671996857
?	-1	2323.7526393657486	70.55112326473044	-56.96793861454982	839.6693278452744	-960.0415314122984	1933.9342632023909	18838.610037775125	-0.6391897476036308
?	312.64223724873057	3658.2962426916806	74.46946324638108	222.34620203891777	662.1134723663703	-5374.499375518882	2384.2118375011937	2547.5769874221805	-0.330410394228713
?	181.91481213458664	-55.55413583064513	81.66843336667648	58.26084007166488	570.9443590693265	-4486.377519512977	2061.3131125735017	-11022.034042387902	6.774301322289834
?	309.86453045719827	1213.5645517898438	77.38250524996437	-199.11760547490672	437.7945963907182	-2550.2847268108226	1833.1101353817908	-5183.619707875495	7.784025561542156
?	242.5930397240797	-1572.5121310809589	71.712553092931	78.7802712803162	443.4301227287836	794.6664778559308	1802.1321271797233	-1781.3594500530528	3.7491803024995454
?	231.2389239031492	603.6502412305157	81.32151881398023	174.3152423900046	477.5279202835153	2872.5657833542473	1744.0421628791369	-932.1366955825582	13.44464279359938
?	272.7755517856059	501.424513844473	80.42831521243136	-156.79171345720482	587.058411896498	3046.9502962279876	1755.5252924005947	4961.996972236563	6.909031122009388
?	256.3101495953732	-3003.506882529862	73.48193314111988	-178.94262642974186	629.8754350949168	-1734.9733844040627	1992.1420114909686	11887.627697811367	5.080315351448848
?	122.60020765911064	-661.6507325029326	71.48118389094414	112.14153461965606	500.30974267629364	-2693.8054931628317	2349.9066772911715	-3298.647809466555	1.3556783052315737
?	223.22761297022612	690.623300041275	79.08900987210276	197.88051854136998	495.18516043677334	3028.9388385541874	1827.2096210176385	-14187.349398624881	5.289992297485904
?	157.13137266117488	-118.46102377914181	81.37520981801278	54.580357441743466	651.7566846040052	2605.761226101876	1640.5392073599173	-1507.4120641007235	2.3526961877685744
?	217.30456178126894	1421.414929378167	81.81802774418998	-157.20538032336353	625.473221741869	-1083.3142709712915	1751.8390178126012	5049.515906254643	3.5383670319453118
?	228.20211913008424	230.6273316218052	73.51494080184449	-141.81613082406668	597.5909710554398	-1017.5241318824388	1893.015002672653	1906.044457350504	4.529469126620944
?	228.83592836235937	-54.04348252013031	74.72722120298654	153.08870672710052	574.5970151477463	883.2014647406197	1847.1412406801278	-5069.76169683801	3.143388376414045
?	225.4999450040777	-267.51226750181235	81.16937613819962	66.22055069158583	641.7510442924714	729.0387421131037	1639.526917830749	2527.717469733689	6.560124203319333
?	215.46031498726856	-24.60466021767524	78.03824873756588	-165.34101334561078	611.048952253402	-63.4404758150995	1973.527114166814	3570.6666574220926	4.694649142185045
?	224.2697119931939	-133.25074617675378	72.90232547091897	-194.68558261772594	638.5790205017164	-566.825332861266	1818.0602507018561	384.35875941721315	8.090225053830139
?	208.79777767843078	-555.8455427575633	68.30396960667945	93.50475719057451	582.7076856103383	-2358.6238403397924	1992.745052137675	-1440.6615709232005	5.359947131636551
?	196.47743485531535	-631.0434144444095	77.57756333044776	181.01206643826683	520.6478284847251	-632.802066387842	1746.027172155695	-6014.935386441353	10.200983864464476
?	177.24560695620985	-1314.5393237680923	77.35457292859292	-194.86136084444448	551.0675822909458	-296.72539710645344	1691.998282815603	586.6337636246052	9.96501652738973
?	130.7504686669098	-873.0311272569328	67.8344952882254	-146.17772136041302	505.8115586294022	-2525.996598067547	1775.3588603369258	1265.462755698077	4.271865528032591
?	133.5940505933626	768.1858490623687	70.04568686057216	220.5698177778396	424.76775238756665	1890.5162807525487	1755.2714206005078	-2180.146067120246	8.210891292518472
?	169.15976112002878	1503.336635148726	78.86298617711753	240.5877414893044	600.337372667031	4433.534404140545	1666.351556980912	-2244.858194769058	3.3715363819395305
?	208.76088235079996	994.7107677212217	82.07507393503755	-116.94980025573277	646.4444725945971	643.3256464358192	1643.0285108620533	1503.3997780170616	5.881270815098369
?	218.89529950609057	-273.7052113337195	73.01549616433081	-217.82079122895342	632.5036549888224	-1297.7942185197046	1741.521545881766	4688.296001549631	0.6731580060118034
?	195.0756217841138	310.6115094069794	71.18403437358973	26.12732092396831	581.5547616686109	-2355.9990071566567	1877.4433109395382	831.3325126019636	3.7760657322686875
?	234.42587497643976	719.268388559546	74.32186221052925	111.91474195889481	514.7037046309879	-1707.900598251119	1783.0881715118649	-1168.2402664231874	6.978330330981862
?	231.0390412120916	-635.1267398625579	76.77977147153455	-25.203266155726492	496.15973175605376	-1462.8218871723138	1819.031297618378	2728.6396550757695	7.297477790519769
?	202.66953798331141	-682.9670718774304	73.0616989027429	-119.92404487125697	441.56261027237116	203.19090006850894	1919.5201542656553	1810.8597690674712	9.179965739146391
?	196.8906876182196	151.26586041267456	70.78356922797161	125.41021537093677	506.31927675947935	3172.345809882867	1909.5742860717528	-83.22945738215704	4.807443209773777
?	210.23283100394525	-19.575075993426204	79.33220967128983	15.396935670275761	600.1799007665168	1762.2374750609094	1915.3586813965474	-666.1966829378567	1.692797616532138
?	195.91193381854828	-107.72352712754713	71.55341601148541	-168.6462185949266	594.4311505125261	119.17648250216475	1876.2644519248595	-5237.533529158798	2.334077517245504
?	204.84665464756782	-103.10806345757409	70.89989874154338	168.03100075801456	606.1387248916251	2591.708581935929	1653.4820049386037	-13422.305265421142	5.481794831160646
?	190.7565306456695	-268.61858728851433	79.95496604938626	135.88609821637766	724.0165796093244	2668.157929304958	1205.1491886537929	-10933.24783216146	5.68288138138355
?	191.4157252831419	169.01258131350673	77.69420365236236	-2.9450754564302466	739.5466213568749	-549.2443178698944	1106.819613330523	678.1914824142035	0.8897426286438481
?	199.20715971134496	122.1841362098564	79.80771227656474	-187.55074754184267	696.5543637158293	1205.455057356288	1239.0587627745035	1528.4604832394562	8.337548872427696
?	197.52493209363482	315.48605411217187	68.3166662752701	-91.74856548722926	799.8193742246901	1094.1659146497186	1183.242637492497	7705.925219020069	1.6545953742222665
?	214.98146241695378	100.99767798817622	75.22028400220322	213.14561561787778	751.262659448316	241.89671888943278	1624.3550237255124	-2501.176148833839	7.804317358376256
?	202.5748159930437	-419.36356892177884	78.97394705616414	28.56257480158194	811.914210169162	-3044.597237329224	1058.1838300508032	6870.049033238823	9.330746021098246
?	194.01328397086453	-1654.2012457495068	76.64841274228233	-44.641399987983384	599.0327975818526	-6365.936357998296	1967.8574753874584	19403.34348014399	0.3641343726202858
?	119.86475370556718	-1677.608359946291	76.74187705676494	-165.77426148075025	493.6173922692426	-1179.2986266786615	2028.3510040580165	891.4689167821244	1.7361380405174422
?	110.13286597354879	1488.8307781368046	68.3596996682447	-164.32304987634518	540.0678662479187	1874.4950245365733	2012.4309212265653	-4509.327070436743	1.469528908294662
?	194.30629261240847	1460.2374932231442	68.52572456294756	93.41740420905789	587.3421434960726	628.3485271352516	1802.8846505361762	-7329.878982667315	3.1812688552875197
?	183.14474063470703	-442.9996715184432	73.03056987869766	-46.65400043027878	571.4852926046817	4168.679440917754	1645.9369720931943	9899.414897292905	8.120752113294415
?	172.156309036486	-473.31162234856674	66.19302454143359	-184.87175304784282	795.7761155419632	1620.8163912958432	2297.8553954008285	14128.376277528772	5.907364960757956
?	159.47915951727836	-106.60352277351781	63.78698222630539	176.83530986703465	652.526112169475	-5730.036311428159	2352.355785969643	-12042.764001884854	6.497089367406417
?	166.82613289781003	115.50024868908343	75.03479003478545	83.95002879019737	509.2742999705512	-3259.641383928089	1695.7171953065772	-15578.776506353817	14.668701603341706
?	165.25417195173262	5.363999977592394	67.98448366581532	-142.82538210511458	489.54404297306826	-430.77976508272354	1573.416960651941	-2153.781470380583	12.553447812506526
?	167.09433289668965	348.3916238988623	67.89352092952962	198.5919509201901	487.73531171641474	1386.5154570685793	1588.0281217875465	4405.3784119859765	6.858352925995868
?	182.67375314667598	1181.2075980475688	77.91408121182496	104.81970234042556	558.8698158264982	2710.282360793589	1793.685881251243	3264.329667862293	10.784769488655982
?	226.15471279906893	910.4190935254725	73.13450604655097	-174.0203979834258	623.2494297560961	312.7922256351509	1751.2446051806635	-3025.6743216604877	5.605459839483726
?	228.19470782295025	-852.7268227511801	69.21306131265355	-172.97802106721787	574.509427108256	-1776.7823330165786	1642.4021651682165	-2343.8065631070535	7.24716670159032
?	183.51837166150932	-1816.3794515998168	64.48560499318995	-101.6076805428855	534.4103131052659	-1571.0376180363407	1634.0542770253091	-1823.1160382497833	-1
?	137.37573524295811	-1031.9641748750241	64.1326772855092	95.83562032374948	495.9575462064378	-842.5009595389423	1551.246363255726	152.18952858996784	12.037232145955235
?	131.92016291775738	28.520377351969323	69.2773860093775	100.55922531087673	492.2852651283182	-569.7781312676078	1641.6637534548076	8835.113892560681	13.388054285555
?	138.8017541105566	204.66399139115134	69.16063855105311	-7.065889134225826	467.46863964305703	-910.698253515546	1993.0020578837664	6548.55567461276	6.885155160529669
?	142.1533624873151	204.56038394378703	68.9240915526662	82.09795968661436	446.75035245254026	294.1407290173303	1969.0915371854503	-3373.8512437048234	2.2876630988548006
?	149.0297733077461	831.554695842213	73.26553653538389	197.07548577594284	482.17567609392376	3376.2286633095955	1824.3094956985228	-5534.646150510906	4.693103208296848
?	183.73109727942634	961.7447847549005	78.77786584146348	-70.73378600902471	615.5617856180224	2276.341058870169	1692.359229659901	-2241.4551216918608	8.157280205903495
?	197.1170125454918	8079.128183152651	69.7288472349326	-276.0246881992979	595.9927290374338	186.71404372910692	1712.2367396139282	2279.562739972293	6.195971096761873
?	587.6875064370646	488.182959677187	64.97663143149839	61.46516907646683	624.8974878044779	-1508.7174021881665	1806.3373666585173	1546.4910771154525	-1
?	221.5261605293515	-7632.218363429882	72.80210568875599	179.76964174727158	520.5568589280244	-2149.0358286715277	1789.561293469702	245.78798950541218	6.213666442900278
?	206.07658826556508	-1874.701293669563	73.9651135188621	-61.07519858512602	517.4456963709	-226.7809145565959	1818.6267661337881	3505.7929981866664	5.975375262389711
?	127.79109584587202	-1263.0407957466903	69.74834575949964	-93.92577563341584	509.2178132001945	270.24488217982093	1964.8509433790377	1263.0040060386093	4.569726821885987
?	142.92454847822967	1409.518007510356	69.26882473719124	115.36295541708661	530.9579404798913	1191.2707976990876	1881.7769664357195	-2664.3041381028056	3.610275634881351
?	198.26699622139083	896.6451791684532	75.51649353035406	33.14601550711852	568.7813530851497	147.71071509747816	1831.6357364738956	-1465.636791747681	6.574431965296964
?	187.75680743665296	-3985.33992442776	70.92612551254719	-230.52392335110568	538.3434762347653	618.5574766664198	1808.4951268483344	964.680164974361	5.304612154728765
?	-1	-3775.1361487330055	63.99029736279861	-184.84494731699323	599.7092269184711	3630.3076221937736	1879.8697447226143	6546.162432096337	-1
?	-1	3942.935395586367	61.683878146697396	109.20340491754219	719.8588573444565	-2185.746245575742	2135.803248453156	562.4321412275833	-1
?	196.14676977932115	3522.812992896573	69.4504676086758	199.49340719809072	490.4219146396825	-1341.7519007822866	1907.9913517839939	-555.4265592794139	9.639368161432522
?	175.14064964483117	-813.6243236773411	71.65854850660207	-49.392697825435484	652.7712623053412	4270.3143122809	2108.031920489185	5373.46307252884	10.512123104894581
?	155.4655535954535	-3522.812992896573	66.98083271740399	-234.3680756745554	703.9376302537305	749.1530341680352	2176.6645054104397	1665.6340248594952	8.477824204896926
?	-1	-3129.311071909026	59.94014472287414	-168.52206438603292	690.2289140137435	-648.4562203071026	2191.3136217321608	4699.91423233009	-1
?	-1	3613.186960022843	58.55472949810222	57.64418783728505	671.5148192383749	-1481.3209653793153	2411.6602170269475	1083.029147623577	-1
?	179.6593480011447	3433.48887922667	62.82235411473843	164.38538023338305	616.1628657447767	-6406.129721745675	2245.4650791133404	-7520.854219312207	8.860105705239342
?	170.67444396133595	-498.4969447955538	66.77399850977149	-23.89686674230356	351.2083331510866	-4933.188388765748	2035.6175060613318	-4035.8066074268863	12.140391831966141
?	154.73450076136666	-563.4766971600521	61.627510777623236	-181.32326290707636	369.5034463064858	-1149.514374051974	2043.6747487419932	-995.1095850018869	-1
?	142.50060910333295	-429.6524728867526	57.70783536441754	115.60585541273772	293.7326144484871	-11.613601301828401	1985.8620268112368	-2230.748353940953	-1
?	133.25187711702873	-255.75973372307408	67.4078035482602	69.41434818676301	368.92276624139436	1989.9432449700535	1932.137331044944	594.7730247793659	13.143051146253242
?	129.71262241717906	-2685.037542340536	61.17855277375574	-348.21863197052295	393.22977669699117	1280.6791381474625	2015.6006780502055	1789.3636505998775	9.982130798529205
?	-1	229.74448929651956	49.99687194973381	-35.10075149885871	432.9567231487684	694.9461889528542	2021.605513574939	433.7254872904334	-1
?	141.1998468820052	2725.5912542093834	59.42351519881278	364.8344442749596	427.97708614463437	-462.00206277469215	2037.2869524147275	-929.2316685254177	6.357802929340303
?	135.2795627104711	-207.66510507056853	68.23859416348205	74.22999595963555	409.85662001003345	-455.2584010445586	1975.1439301486676	-2243.163924494311	13.195684979760216
?	130.81659162847663	-2725.5912542093834	63.13501499679461	-234.18044018300657	405.2141660924061	-1428.41622685384	1925.1287561900103	-155.4926050148493	-1
?	-1	-86.30909759667154	56.529572154331554	19.707325937645525	338.43580866734044	-356.1498592408538	1967.369299897925	1214.1757346032646	-1
?	126.50113674864299	2410.15479001911	64.1203812936769	89.8694729703405	387.4066731303632	268.7114594681505	1985.8375429201744	-11107.883534756962	-1
?	119.50773950095721	-2550.0227349728234	61.02304580284864	-239.64939862243824	351.87138164074815	1149.6343395962351	1411.975123160069	-5995.459284403661	-1
?	-1	339.58544245839676	52.13791136255482	-33.0076325496493	444.88839011017575	12423.815366753348	1686.0645786999871	7623.691901135863	-1
?	136.4870116238773	2529.5068050743967	59.372664175366154	205.59981937580864	973.0621499784244	4370.321332108333	1793.1597182168675	6538.614812938811	-1
?	125.47534025372163	-273.38416123573137	62.417902331345395	46.64807932617014	663.4044567155955	-8303.986938765544	2012.9953193469323	9160.932329400308	-1
?	122.81780356209053	-120.63962120014337	61.705068141674694	-67.94474925773943	557.8628030401413	-1288.808281295462	2251.2063346868895	1279.949550479514	-1
?	119.44335919371437	-2476.356071241775	59.020664868458375	-184.8566480239925	598.9640426508215	3262.827807554785	2076.992796870909	-12017.219465355713	-1
?	-1	-2408.867183874253	52.46223574047494	-116.8320277988946	721.0041934178829	4607.828209097207	1650.3453614190953	6903.483252981598	-1
?	-1	0	53.17906347851356	30.71124043301707	829.3554531056851	9474.825299645709	2422.1669595199937	17711.57225422698	-1
?	-1	2781.9758805624983	53.99779776212581	215.14441680862552	1194.745458400175	-10058.859277535978	2535.923974130457	-9507.618854331537	-1
?	138.0987940281269	2585.7392684065276	63.93628431894499	243.3187908125401	326.4124892288791	-15654.908533190306	1946.7860168034101	-19980.204285892043	-1
?	128.28696342032822	-143.49010054889925	66.16373730275299	-36.65696091939471	412.0000317406486	4930.521756072259	1536.9137598358404	890.8806261246774	-1
?	130.92428900068182	470.85025361763724	62.10343627297523	-6.974904965792533	572.9385770324956	2402.5609506864507	1991.3300481096446	23.60610900529958	-1
?	151.82947610121042	826.8749648225784	65.81499205446336	10.065742405589189	532.1280792749728	1653.53784218651	1538.0940652861054	1997.9869998241372	7.826763000977766
?	172.26803724181133	-3056.589522024165	62.6067233932547	-188.85383891262765	655.6154691418223	2660.0487929880214	2091.229398100853	10418.8303829547	-1
?	-1	-3465.360744836177	56.372300108831844	-184.09572584057182	665.1305189243758	1329.7613414376035	2059.035584433848	82.41583920300283	-1
?	-1	0	53.401937101225975	-50.24803729821585	722.1035362137034	5212.307482228752	2095.350190061003	-779.0740958225596	-1
?	-1	0	53.859898243921016	-87.86307899988049	925.7458930358171	7360.982481423071	2020.0818796427193	-3073.893639938635	-1
?	-1	0	49.00878315123189	-162.41189740443855	1090.1526602848621	-2734.0440005232836	1941.6555080640692	-3563.4100503216127	-1
?	-1	2694.1227644941578	45.739303373698974	-21.95580240678919	789.043693009651	-6417.754944432909	1841.9113771266361	4631.581753787739	-1
?	133.7061382247098	2401.004375895336	47.91099303089241	355.72265689854015	769.2649130632121	-10347.504363061862	2173.2345957534594	-12707.24179276344	-1
?	119.05021879476851	-380.2531468276541	63.52543621862623	355.42912181958604	271.66847485655046	-7122.413816436337	1206.549287488455	291.0644609556179	-1
?	114.69348088332683	15.492809456064897	65.68244912187197	95.42015556532412	413.14422224139025	2055.887146832064	2187.7878188012405	19410.130056432146	-1
?	119.82485926757177	119.53643930059258	68.2964439968925	77.7356096502871	374.4628321981551	-898.7287922639937	2177.055790310076	-10405.071680175453	17.41386782540137
?	120.67030284835654	-42.006517452645625	69.56922960438638	24.19456183279544	368.20778262818993	2194.113261679733	1667.5342347924604	-11696.816045159623	18.24002618339321
?	117.72453339493946	-165.7142351329886	69.5061720885323	-37.264669166706064	484.16849528214334	3127.165671144105	1592.2149880520867	6945.805227891134	18.969984767131386
?	112.384591091707	-153.98986119506313	67.70599614605105	-72.84565653732226	524.5660661853974	225.5293432917326	2014.824496187022	5343.198519260697	12.559552206675132
?	110.02504033518619	-66.16255255989208	65.86388926166613	-6.908489160976402	495.44496244673013	-2575.558052631153	1859.3749140151253	-12898.150144187846	12.61192355447643
?	109.07646346371234	-128.82183561301747	67.36057168800222	-63.52167800672243	395.78816355383793	-2520.5954873599744	1369.9169889776206	-513.7441940975732	13.83123340850452
?	103.58394855453523	-2201.5292692742155	62.687805361329964	-190.60252261630382	369.4151880787296	6046.407993010709	1833.6877043102463	11725.051688979549	12.717323077847624
?	-1	43.03129054538654	57.8304455571869	92.16546645924507	698.1085632043777	4344.81568257274	1956.1695734266063	-1762.002748758157	-1
?	105.73551308180458	2049.2404792058696	67.29607868429228	178.75903774178954	586.6559722073697	-4995.801921102262	1745.5875668723372	-8024.101978402173	5.630597225960793
?	101.46202396029494	-55.37911654384124	66.7683974442765	-69.50584568708734	448.31846714926104	-4652.325271457553	1554.964474506492	-2938.1807298317917	5.134104354524756
?	102.96655725461248	17.46621081445685	63.820786399937866	-196.09352615503005	354.03970863448876	-245.8174797291314	1598.6785303807455	1148.9925006051972	-1
?	102.3353345010178	808.1269188525768	56.96372113652486	12.847347779917543	436.0275931628043	3117.9529872065496	1612.4140995367527	-3842.9032165007993	-1
?	143.3729031972419	914.490302378427	64.46315378893375	339.04945545038646	509.93735799481846	4492.970035035595	1406.5333695557028	-6371.219770322305	2.6194632024919167
?	148.0598496199398	381.93841294486987	73.91619390904442	147.58428038040466	660.6760949145872	1244.1403364024375	1293.853111020633	2035.7307050982247	9.951774967838025
?	162.46982384448566	107.97007744458088	71.84236780795409	-104.16529562384477	572.1443748149412	-4534.9801966498335	1508.3199048106155	3432.7646334284786	7.0922405402786
?	153.45835349216873	-711.5789673067617	68.7079291278523	-94.50204263499622	433.9270850821004	-715.7570745022953	1465.4913426920532	-1908.4135098063737	9.688320093232521
?	126.89087547914707	-764.7616172801892	67.11726567620421	-79.01899770098511	536.356521089826	1536.7785378194444	1412.8992293202955	-5541.17194712326	6.21854264546818
?	115.22027262815872	-2557.817509582905	64.75697924280298	-262.0279873960015	510.7660119730737	460.7777023369002	1188.4327453358862	2345.5073189965865	-1
?	-1	722.112387691055	54.01586630640395	-69.68668070424485	559.3954062066713	-1350.577245344812	1530.1745952701265	13857.002894599762	-1
?	151.325892012712	2981.326573876195	61.27264520759069	287.1102109554933	443.23714970583217	-4451.810785764704	1881.2828900658842	8975.314593647576	10.89893180708987
?	148.06632869381187	-348.4575422662131	68.37137685417882	-25.77034265512515	336.80486691843294	-1920.3141311155389	1978.9403249525117	1558.3120113855882	13.598769554642168
?	133.9030148994011	-433.6586531045587	59.984128074834416	4.790757586223367	347.22144315005386	744.7607636300764	1959.1984906351647	978.5094399409579	-1
?	126.38339603858363	3119.8063957202244	68.61091473348999	136.02877334694972	374.0429050999373	10397.715609338204	2027.8657969495603	7682.283121104688	9.301293395380744
?	289.8933346854145	8722.003819058298	66.785566742182	-135.94735363904496	867.1072236169714	38988.96354029082	2343.3126466904046	21331.30911216876	5.4631857159970245
?	562.4835869915047	-5817.866693708208	61.81354705153765	-165.13503558719484	2323.491082114506	17419.642147685765	3094.4312525580135	4931.389860614466	-1
?	-1	-8282.116044524244	58.52881496282214	78.1631781558666	1738.089331001272	-40116.95760635131	2589.8821397211314	-20492.43312372737	-1
?	148.37778476528663	2787.8622378620307	65.72170595933103	-6.13505382351539	317.643201796912	-12551.298918800407	2069.8095963716305	-2507.296705749378	11.578363807737063
?	138.3931118931035	-2987.5556953056903	58.222062271646365	-254.39403596152212	1110.5243850612428	20674.900918871517	2464.5173044336607	9725.482990724075	-1
?	-1	91.72187158007586	53.002004161254746	71.66059945913912	1351.3882477405027	-3173.7473544406093	2556.083745907841	-18589.314197626794	-1
?	142.97920547210737	2779.9183389887953	61.80509224460337	272.40429773406885	951.8370173392101	-14205.765213545215	1535.0515945523077	-27929.26112951567	3.760967881912316
?	137.99591694944175	-2879.5841094421066	66.62221904795838	-128.53675927240548	641.0999870632319	-4950.057839813219	1159.6206894320378	-3453.669194651303	4.441509691507599
?	-1	-2779.9183389887953	55.37825428098301	-263.64069830696957	704.3341253485456	4226.858052105571	1362.3681348197401	12375.145117362455	-1
?	-1	2667.3344078837245	53.440184132609716	75.4177402277174	852.4428896685134	-318.0188244764122	1778.3779453001694	9097.256327539246	-1
?	132.36672039418812	2454.4362309114226	59.14914129236893	290.42984187965897	688.4331841247248	-9032.907082420657	1817.230951196709	-1279.8697584697584	-1
?	121.72181154557288	-315.86033338619904	67.96167622659287	117.8885242663593	400.7975355474742	-7786.94470366027	1714.3844573766805	-1353.3360532993572	14.77899478833347
?	116.57370372487794	153.04794795856887	65.04356750568698	-17.590806530927274	299.0859489417058	-1467.4409797045162	1749.56414853174	4323.481255940039	-1
?	129.37420894350143	578.6043488483375	67.0821359000465	79.26309370368956	327.42548656224733	529.4436420141954	1930.5585201736856	176.14524702202493	11.663999326292501
?	145.50392116729523	205.63149302199	69.00672219087151	-136.0477634543725	325.55813104241594	10192.534199614953	1758.3714108828415	3241.225260595815	16.477110958910274
?	139.65578359460108	-2930.078423345863	60.27974772732777	-242.42608654501578	837.0521965430022	13098.74846363382	2092.6197832034786	2799.768033676543	-1
?	-1	-389.97036938888033	56.88541786362055	20.66331646405884	980.4955542241163	-3442.1611286316656	1898.3598125666706	-7319.207290779756	-1
?	120.15726512515678	0	61.31291355053073	59.04764193539934	664.9441401114165	-3587.826660127986	1726.6594186644857	2462.0219143432464	-1
?	-1	-2423.1453025031014	59.83779996039056	-67.74590107756768	801.1042212177144	848.9833751057875	2021.4609082838347	5226.936337193941	-1
?	-1	2342.8866534234603	57.9256184966523	93.00674529046997	707.3933088667064	-665.5575014633402	1988.0062355241864	-13599.894439798492	-1
?	116.14433267117468	2372.055887001417	64.48813722491413	214.62359713771343	767.826346144547	136.88932856226108	1341.4661862939004	3374.93923498758	8.713503474250006
?	117.60279435007253	500.44505831034	68.65679835353812	95.60889090477792	714.2377752948196	202.33708869827692	2156.753197273568	16873.185094838238	1.889552235783082
?	141.16658558669204	546.522938019953	69.26858177015309	8.5519092640182	777.943200579461	1164.7280640747333	2185.125441035824	-6222.111778360921	7.490024521750354
?	144.92894125107057	-144.01095767933919	69.08439381673904	-72.44018333180105	772.4741784985571	-3600.3623016218316	1845.6476083555174	-11132.57018893598	12.506106129596542
?	133.96603770272498	-2918.57882502137	65.64657260356299	-222.8688321322481	597.9250854983668	-1772.1819234615257	1628.4969315890173	-2454.494891878541	8.611837875392622
?	-1	-2699.3207540544613	57.940952210126476	-292.602197320356	683.8650823254795	2367.7612852919588	1722.9228637615886	1356.854308930823	-1
?	-1	2384.3734347427007	51.01646273754498	0.22618244497891415	716.3131497629664	-2288.06514659614	1696.3396470355594	2598.994533250511	-1
?	118.21867173713673	2023.495940263739	57.95226133237542	208.1528392082311	569.4618249956709	-6586.571158014268	1852.872590424116	7950.504201002496	-1
?	100.17479701318838	-498.43121165551935	61.42410469795668	21.359263675116562	386.98459186224835	-561.7300441318605	2093.86485708569	4743.286282866453	-1
?	93.29711115436041	36.02137299091487	59.020224516131265	-3.029835671865683	541.3753227890775	992.9189052829674	2090.036904567442	1138.7785774039205	-1
?	101.97586566273415	168.55906979340762	61.27261291436339	-11.1874041437906	436.6305371263974	5869.398356256868	2150.8037859558867	6546.863835105831	-1
?	101.72506464403091	406.99654602844976	58.46085430894173	-34.713856975051065	834.8452406019251	11973.729118784542	2417.380096322738	6119.4926015700585	-1
?	122.32569296415693	838.9233894507555	59.536920065610815	140.0209475209131	1035.3169930656331	-10580.829734285428	2456.778416034394	-6956.8337971992705	-1
?	143.67123411656928	1071.8860751490997	65.46190168498748	121.6293147449525	305.80375388764617	-14067.521533438248	2069.5384064627697	-6611.906506465873	-1
?	175.91999672161268	440.79057715571935	65.61838580285853	-233.31619990720847	331.9409163937107	10468.643697843187	2126.1830907110957	4516.7907637803355	11.80461948047395
?	165.71076297435556	-3538.3999344322033	53.79609168962689	-240.9119819973722	829.235938779813	19168.926508635843	2295.3779446517897	6927.514434511515	-1
?	-1	-3334.215259487064	53.572786702989745	14.78517759995093	1290.3872418255164	-3024.918115196458	2472.5588124366764	-7143.697544953141	-1
?	-1	0	54.53535056962445	11.492147641469025	677.9900330199879	-10584.09103343578	1938.1930674041275	-9447.90682594812	-1
?	-1	0	54.147394085063205	-74.51619741716492	761.1826901537199	3885.865892813842	2000.1634711392637	975.8543045446729	-1
?	-1	0	50.80954069876615	14.252502006181455	872.2833276606827	966.6518778105614	1986.9857826313619	-692.6523625042856	-1
?	-1	2641.9514106512684	54.86001918537229	254.49715848960815	809.5152840442487	-8313.68172194907	1965.530853014049	2327.1725800359886	-1
?	131.0975705325653	2533.3373361805016	63.53439862324674	324.58451561755174	456.59924156322336	-8554.579972528338	2103.344411633163	1514.8578079106267	12.042281283967872
?	125.66686680902687	220.38924160948312	71.0892449662501	198.27824808647694	381.78628541782575	-1319.9088837199527	2041.2737434095814	-3209.674093181584	7.3928052021300115
?	142.1170326130396	669.2430531220571	73.44831102757073	85.84148892912216	390.6037973772248	2532.753709362626	1942.8607069740815	-1208.8606020545885	9.466972588425898
?	159.1290194651302	531.9059783095905	75.38131941270628	60.4836097626773	508.42397088595885	384.23416809524633	1980.830713306851	2797.499048097476	11.185684945606946
?	168.7123315285195	26.56729546832556	76.47249151570463	73.94528360979089	409.8155057819874	-2834.275987092439	2082.7356593789573	2654.7592980496925	8.709739776529762
?	160.4573842385465	-777.5030516392852	79.07858359319587	-182.85188164656486	366.7101715313349	-397.84917392074254	2113.5686782093376	663.6733813824864	-0.24125916247836204
?	129.8371789465547	-429.36503331001137	67.32989743337626	-199.30149234270345	389.92304708595	3228.5949078315966	2115.919328448082	743.3440695998237	5.563322627466017
?	138.98913257304562	72.04679641526423	69.11350897606056	55.48258398075496	528.139916922917	4783.128642228169	2150.7358816893293	768.8018075298787	9.867904840679568
?	133.43951876731796	-303.5186605733548	70.10402663241405	-51.4213714873618	629.0794791973618	-2765.5788875792764	2154.3594188245766	-4489.333927201865	12.531847816635334
?	123.81319954437767	-139.69926377613575	66.54244040169243	12.96298039976459	389.8609725439512	-5086.114133947318	1926.2691853292329	-2826.8603045888412	14.460906576448714
?	126.45455557851108	-55.920284342312584	70.75217565240229	64.44189380853823	374.77377249999233	-555.5886297664871	2013.0164035951325	2172.321632232116	15.433896271314868
?	121.017185327262	-205.29129765598404	69.76453509211939	-265.3430232882167	362.0815410556265	-311.14990065456607	2034.8852669408402	-1187.3321030032425	14.02609034576444
?	116.18999069571173	-2440.3437065452054	57.48502448799126	-229.97939039405168	359.2162774672638	2024.2799492836793	1953.6497984449695	1657.8111872641184	-1
?	-1	-2343.7998139142014	58.26556557241664	344.11483177075786	463.2955385198119	6046.475271604111	2117.7758263040473	-359.738511723703	-1
?	-1	2740.4949978586674	74.6907660765294	332.73983355778336	661.5400410474737	-741.4861853419117	1935.662872858784	-11858.155928298102	2.0224193548216802
?	136.02474989293532	2644.8405836852858	74.90255725030605	-146.79737042767292	426.2212292527158	-5887.535139288046	1524.8680298891338	-184.5672839191294	4.22171765232837
?	131.24202918426616	-2740.4949978586674	67.35089755514565	-117.37272959649776	367.1632840830672	-1268.6424105774395	1926.4345086628275	4695.108270948978	-0.6395722932955815
?	-1	-2644.8405836852858	69.03392077048108	50.18655927223662	362.7891087238429	2845.2742511678043	1759.623443436586	3364.0857182892637	-1.6166866483742774
?	-1	0	69.86022551875752	-54.95543027547292	509.4269966414594	5824.38600331327	2094.638794577293	15564.288326636102	7.712677428345431
?	-1	0	66.28614925670739	-25.342912640605487	654.0084088895105	1192.113606577127	2537.8378597684023	-2757.0095967155357	6.787073318720502
?	-1	0	68.59307988672722	81.93099772931274	569.0326769703166	-2103.478351068158	1956.7883147415143	-10499.680076389128	-2.1831329696069184
?	-1	11123.13989844106	70.38269914317309	37.593009168562084	548.8344913361011	-2951.3771431736145	2012.8538559489384	-2766.619243128077	0.4303010633131617
?	555.1569949220609	0	70.47273034515536	-70.58496078318895	421.4638198116338	2715.211692337434	1818.4573525851085	-4802.187549091909	-0.35766832270164833
?	-1	-7302.474366173404	66.85345110401359	60.21661137447978	684.5950759529748	1314.1319706903785	1772.7444784943395	589.2438570267912	-1
?	190.03327661338548	3929.0740699688727	73.48356091387939	96.41465127061599	487.17041834615367	-5363.241058702529	1847.9195454364485	5997.341059779115	2.0827878714031787
?	195.45370349844643	105.26237933849153	71.67418366754446	-280.43701191875823	416.4330230178445	676.799448766256	2072.6115314832996	2443.814262996313	5.98643596783361
?	195.29639558031013	-805.7820843733343	59.461710317941275	-54.02445050649939	521.010390784467	8387.595221928848	1970.110258586266	3021.462847923788	-1
?	155.16459927977914	-910.8238723334047	68.97296114221945	224.65834032246315	835.8127841142929	-2200.334440302627	2223.684673879491	-3784.2811719143774	3.8308875122284434
?	149.75520196363925	-246.15649203882916	70.69462733406459	150.8370276203418	410.993668769334	-5032.4365616676	1780.8961999905443	-8431.575987075219	7.224695390794397
?	142.8567746778375	-33.94677189263072	76.51481252323664	85.3176688309545	584.1909560309093	3679.4035489100975	1802.1058745257242	1245.2435070109418	13.779955564687294
?	148.0578633690077	405.52745740357005	74.96051077561238	-73.24216276524008	594.9638462148415	419.24174555529675	1843.1583753410923	738.6198378957292	13.41316901625515
?	163.1331475480163	692.4791063625683	72.85270438497459	-48.83886722106625	605.1530433086745	-572.3988316803352	1839.0368664205112	-712.3055211050122	8.400157810771415
?	182.6818186871366	3227.729485856014	72.51856741455903	-238.3620074422139	566.3439046308243	-541.4601704448446	1807.5430992858412	-1332.3658294571253	9.097334656350851
?	324.5196218408193	7678.56419013654	60.93460401286372	-329.4933618259475	578.0800347864318	752.5956519385507	1772.418574947654	-706.1248532882282	-1
?	566.610028193969	-6510.392436816293	56.04389932326142	-128.38130526028212	603.9736872277524	1152.5812853850148	1772.2368566214293	1455.507401255347	-1
?	-1	-11352.20056387922	54.515538749849526	-82.97945977419455	635.7090990556834	2527.1637519178926	1845.1939450104223	947.9137438313412	-1
?	-1	0	51.894926334551634	-136.59777169215351	730.3318748236488	2838.3246279098403	1819.632543812997	-1786.3687288138244	-1
?	-1	0	47.68565016524175	-123.16588306166987	777.6253304511774	691.9000377331411	1755.8755085697298	-85.10243417478584	-1
?	-1	2600.7135525411886	45.73663218146805	311.5585997505653	764.9268767103064	51.18058009324541	1815.3774221042577	146.79888377992276	-1
?	129.0356776270613	2590.6569959262256	63.26358015277024	496.9954151938763	780.1843594558397	-5840.078574903302	1763.215452758726	-3696.9018501774162	8.099617069690513
?	128.53284979631312	410.98498241830197	70.58640294116222	230.8665151224585	472.9229479651371	-8461.237044641139	1630.5323295953842	4003.217348443152	8.193068432269154
?	149.58492674797668	909.4984544601949	74.80690590889333	58.39755664955563	357.12250722377684	-1819.4257456253833	1963.3763201808865	7494.407988571323	11.711242886572528
?	174.0077725193235	514.2358776689964	73.50628077364004	-222.36109469870638	381.95166068386663	406.98155979449314	2005.2527290239557	2339.5596455225345	11.199767569217936
?	175.29672063142687	-3500.1554503864204	63.68885117395785	-243.73520513367205	377.4715852135018	1791.1395416558987	2080.354302457015	1955.9924159668703	-1
?	-1	121.49684954308837	61.31952051695627	19.37705559270072	471.50863776666284	25915.760273650554	2103.0523498223006	12289.084633569844	-1
?	181.37156310858137	3579.685943343216	64.6577039535929	181.52932817739395	1673.259598896048	-2424.811810815233	2694.808534135516	-135.28672665000875	-1
?	177.98429716716333	-327.3751108775251	70.3959869258261	114.02844509041708	350.26804722589947	-25900.589039658957	2096.2880134898	-10676.912316861803	11.929940620106727
?	165.00280756470488	-425.7406924319522	70.35912620811384	25.14099926885869	378.23014691308174	4003.452704141715	2160.962918292418	-9622.298189824654	14.913877821752653
?	156.69726254556542	-388.9772163202817	71.65303688926905	56.77802119808892	550.4406824329881	6335.320331938029	1615.1731039985605	-7319.229029252343	12.778647861082202
?	145.55394674869052	-339.02469272716786	73.19802726801832	13.886691282770387	694.9961635099877	2210.098553548942	1795.0014668297958	11905.099000158214	12.444388343192415
?	139.7460279092068	-211.09209464717577	72.34737145340758	-155.05216020883046	660.9456101104368	-1529.5281479332207	2210.4280540064797	9057.369905166232	13.988211323358337
?	134.99934201633158	-1.3104113957427712	65.44541925757669	-292.84392378959745	618.5197561133256	-595.5002634089062	2247.869962088114	-9238.517475750274	9.067865425195603
?	139.68050733941965	-402.0077638333961	57.705175263927494	-42.15024190406365	631.170596939991	-2701.9976995470247	1748.5021802189594	-14686.755303439228	-1
?	114.89895382466149	-856.4063968099223	63.337907162373476	-41.039645810798916	483.4198711359724	3174.7363474057242	1513.532196916142	3323.458769565462	-1
?	96.86018749892293	-2317.9790764931968	55.65319297338752	-234.98180812299233	789.9074143102795	3539.1661316409463	1914.675118697235	4216.518540972378	-1
?	-1	306.20953727584026	51.58881675622369	151.04709482073642	660.3781777180222	-5444.131234737362	1724.358123964764	-5290.399377712499	-1
?	112.17066436271516	2049.077779062011	63.20554771442445	191.97831752291475	517.7008525734075	-5552.870248123933	1650.1551498116062	3653.4393653624447	10.679473628330925
?	101.453888953102	-121.22580683840879	61.18773263236957	-37.04343437107302	382.73466531182163	-2973.934374218163	1907.0300922328888	8455.273447828115	-1
?	106.10937402079463	72.96777529459187	61.35337599587077	-140.90683913914262	369.0041338624972	7763.69729826577	2072.918822203018	6963.20574851784	-1
?	105.10227771783164	969.9295903881641	54.14239067541234	-144.67188750849084	770.9195302251156	4594.315518410466	2255.190379658786	2705.812809625047	-1
?	154.60585354020353	1034.8355456164472	54.119781620446126	274.9336273074564	598.7199097830238	-6296.559853817814	2208.2094626842722	-3717.002566513276	-1
?	156.84405499865474	-95.03392024048061	67.88907204078535	125.9036096158332	456.0915375342205	-3476.0857399666243	2069.3402513331193	-1713.9856387356242	12.229347959824498
?	149.85415752817943	-3156.88109997305	60.414962101237876	-245.926564804245	424.91562278469013	680.5295921939245	2122.51018074749	2385.269495143459	-1
?	-1	-3017.0831505635456	55.592743800572926	-232.6949501538456	490.1180171439172	8189.962711216386	2188.603726090294	2946.8142734000267	-1
?	-1	3256.0516889070427	48.78021459354543	108.85122166416083	834.4137583455153	5550.032130679586	2269.8508944174932	2136.8878740342066	-1
?	161.80258444535446	2947.8645075527334	61.035304883781045	425.19467278453567	767.6196236779005	-10488.830967100213	2295.448119792006	-5598.898942451859	14.684778890281226
?	146.39322537763877	-540.0694319767396	70.03994823277252	17.155370947392083	309.9722099904972	-8902.746895917731	1989.9059472948964	-8292.531158264643	18.48326061012285
?	134.7991128465171	-255.58777963271075	61.89307343115066	-159.56675535967108	322.48227888200756	196.14490376256248	1880.8215618787679	-1247.0241850089046	-1
?	133.61383639600305	66.03630844394067	62.06161046478885	110.16026330700868	319.7794551786255	-407.40067714961117	1927.5547380444502	2401.5416591229928	-1
?	138.10092826871417	468.99394312844737	67.40108659650117	160.18441812524244	302.1122450245267	247.78308151345175	2000.8986448349192	3168.786335859382	10.162329857251672
?	157.06353355242575	857.225513100099	70.07083137105109	28.851681960035922	332.16860925429825	1302.5003424961822	2085.9940548374216	3717.0141550587796	10.966188543702616
?	180.96220392371973	421.14986224657486	68.84367069450299	-277.69166592619064	367.23726214933674	1393.494257457016	2186.749352587861	2497.458405219678	7.6220745567623585
?	178.1210266647548	-3639.244078474343	56.18624807474136	-392.67382151020394	401.84332212715003	2155.4855703915405	2210.8669750984072	500.9110050437286	-1
?	-1	-3582.420533295045	49.20997961899251	-144.06928812463528	475.0115406689153	17945.251940320613	2211.7949028400476	-50.76278977278817	-1
?	-1	0	48.98278366850949	25.584618650884813	1299.1059191431934	8365.378527747856	2208.328835609768	-7123.408358135315	-1
?	-1	0	50.48921055153677	-6.124523747081467	893.280467056314	-5859.712039240431	1855.6244849332768	-6293.627508491497	-1
?	-1	0	48.67655748115541	-112.60919074192141	1006.1203171811677	3358.331436607791	1893.6474601851885	1296.8948763934848	-1
?	-1	0	44.85875101444062	-105.41120581457683	1061.197038886706	-5295.929443641982	1920.469228752952	-1391.0588708449116	-1
?	-1	2548.797832370811	43.4059971904265	295.81922085410474	741.3238449990648	-7784.5463904295075	1824.094516642942	-12029.240321354171	-1
?	126.43989161854238	2291.558225790326	59.64971205714607	512.243362879255	671.969719365225	-1995.5799677868492	1319.007212685235	-13441.804840365188	-1
?	113.57791128951794	-187.9259923827259	69.01816533438961	152.85962541552576	641.5448466097209	-123.62742752151058	1152.004274624673	2264.1761975859476	12.47299463045186
?	117.04359199940595	427.1596006863645	67.29269332792246	-62.52441451514098	665.7883479891494	-3755.2262523358036	1432.216022564534	-1493.6673564070923	7.963677948126825
?	134.93589132383647	724.7351332563112	65.89194460863251	-62.87832824177083	453.7835339929281	-2936.0958504089776	1077.3209068043172	-4144.549712349058	7.133586667991217
?	153.28034866222202	-2718.717826476691	64.14877691583388	-233.33352296477295	518.9835554686985	4291.35102517282	1224.988536947078	7939.912748830935	7.661898130579877
?	-1	-182.80199561287785	54.2252684603937	-84.54078667927853	668.3510852515722	-650.8388936718937	1474.3165442458696	5637.940917069474	-1
?	144.140248881578	2629.9824865247933	59.92173758186989	307.1092537157725	486.4416107851033	-6347.491430905677	1506.8855828005558	7744.3580568778625	10.721804653994116
?	130.49912432624154	-358.2658045989666	69.58073114618254	195.6301253933052	350.9765137062838	-1951.7077247961317	1861.5344470897683	8455.160060456381	12.222976392933072
?	126.22695865162942	-103.09229888163226	69.70324385153529	-41.11160798871792	388.85622454529533	3979.4473654175717	1929.6435858233808	2612.3948827255517	12.950742768826695
?	125.34450938215986	552.7270889561369	67.52515074674662	96.14772429635627	549.9488819771652	3122.418966597661	1992.1541912260477	-7754.138904990999	8.48779269109729
?	153.86331309943665	751.2229176717848	74.51063006635317	148.5387605369603	544.9771728751806	-1006.8528164289619	1541.9366405738253	-11985.292972529043	11.883271964503063
?	162.90565526574963	137.7281478031708	74.95208877359474	-256.4277735332522	499.6062411557164	1231.7560336779509	1392.889542599587	2624.450578271534	15.975412014231832
?	160.7497204895953	411.2348588883928	61.68924138969038	-175.8988488155129	606.564974559079	2583.263931651239	1673.159169487404	11961.061404289874	-1
?	183.46739821016956	165.89800154083767	66.15714633281897	199.32518123081906	628.7694377382802	-1499.3646326363628	1990.9426128140892	2398.722687694519	3.034268764889246
?	169.0446205666373	7316.755598999519	71.65550045123148	-124.39108802804449	531.5967429272598	-1309.543723969768	1793.0953038721316	-1430.5073758636242	7.365637707221777
?	549.3051781601507	1081.713990097503	59.937591931416655	-171.04791433183846	563.2922515397909	-1336.9027692665863	1919.417244020907	4591.879589840544	-1
?	223.1303200715132	-7938.27814425629	63.10310473463943	-0.4385375966422993	464.75160446392954	-3361.979850013688	2022.689283364162	3896.676858865252	8.803666439986387
?	152.39127094733053	-1416.4261458200494	59.91566505158454	-66.98868441613745	395.1932590391041	-1652.9938173526732	2114.2510869641724	-169.62668088874338	-1
?	152.30901278050973	-354.18433057271164	59.75367051383251	180.03129673769507	382.1019135962947	-857.1230571960101	2014.2079493197248	-256.9212281061082	11.554543840088229
?	134.6820544186947	-485.71726876065037	68.91722988846942	141.45242357138767	352.33710617930296	1158.9138522538583	2101.405025558867	4111.469027073323	12.084878235509056
?	128.02314934247687	-79.28023288862109	66.826291692402	-154.97548963114974	440.04760620898844	7713.77201969957	2219.781400673394	3443.481041576557	14.142687551772898
?	130.71804277426358	705.9196707061542	61.168455406911825	144.09965547354227	738.0257071642869	1998.5996881919903	2273.579077637697	-7174.855526508093	-1
?	163.31913287778508	597.7358116195859	74.03127446607921	41.76870555462071	539.9775906185894	-3557.5945500630014	1861.038624347984	-11628.286052140878	7.03059553773403
?	160.6048333552433	131.52671936509915	63.25689068464289	-343.6289258288391	560.1459796611343	351.9624493895453	1692.164775030645	2691.333121628584	4.629649686360754
?	169.89546884604013	181.224479302908	56.84982817463701	-160.03943230054162	557.5757130880669	-1942.1068580477024	1995.6052804294152	5472.3243961010885	-1
?	169.66605732038883	8.611843302529556	55.254919069615696	91.61500473922399	463.04063675874784	-1707.8744708010363	1965.7809948357033	-1848.3274889638697	-1
?	170.32606101116662	-121.57873730635	61.430578411598276	341.1391396984152	472.18198954801386	330.9567934062373	1903.1889059812204	-456.5761320625851	2.2664567631434758
?	163.58712045507124	-178.30319834293934	72.3118760545367	168.01744132599697	479.58847642905994	-1700.6724072894392	1942.9521882325737	2749.354810557199	10.99904754678693
?	161.41090109401952	-205.9617084062318	69.83145047789824	-146.60668395400072	387.1483691835407	-2729.452453561947	2040.6566465090823	1833.6325223654887	10.309795156920682
?	153.2890350347595	-132.4964568932698	64.98154185683656	-45.163208306554665	343.11585375096064	-255.32982061804978	2034.6338143508494	-2280.4264830382585	-1
?	154.78607824935594	-1.8406185668208956	67.57329006257048	152.04942057356118	374.381878152638	3761.021454969118	1926.6353223571678	-4414.544017437835	9.382280133479148
?	153.19700410641846	-166.0132539466223	72.58401288551472	-32.22843160403113	531.1669264994192	2083.68628771399	1813.9066134789546	-2380.1937151720385	9.723188026590451
?	146.4854155520247	-30.54983306256147	65.9618684823689	-241.50772969967687	478.566192538339	1025.8275198566903	1807.6256365985641	1265.897570513562	6.934797624485434
?	151.66951245329037	-2949.7083110404524	60.50862640053071	-200.57687565274165	582.4583024922545	4429.256335517819	1877.2014920046336	12883.744235215698	-1
?	-1	144.5030719652575	55.933024699731675	136.0920027608511	700.0290093142331	-3635.1575223901004	2451.812848359358	1252.3189672906578	-1
?	158.89466605155334	2850.9802096780536	67.31322653857336	347.9581699519152	400.70042637274685	-4690.7740378059025	1939.8174403691673	-25097.629505441117	7.714997417452497
?	141.5490104839047	-661.3308655882858	73.33093319732768	-20.800473537044855	465.49030742393467	3326.776062389361	1196.9313730872846	1427.1308622358517	12.68099514392333
?	125.82812277213858	-628.737603216183	66.2732028617211	-298.1589005638644	567.0392294922173	2500.1740477478593	2011.173983480961	16155.672447878504	8.362621094094
?	110.11213032309512	-2536.5624554427354	58.42298816913425	-246.5397831015064	590.4990098113294	4812.047349135164	2004.7149954812212	-960.711968479286	-1
?	-1	-2222.2426064618708	53.94621370664561	-10.601062060276396	807.6415969489789	3731.9554949977955	1963.138385056996	-3443.9179539158167	-1
?	-1	0	57.89293506612042	-44.97415911772457	777.0967845612219	6137.732009452404	1832.519097785428	3708.0801561318385	-1
?	-1	2461.9580126029473	51.69750575075935	1.3569430525076405	1114.5281974216034	-4935.5233294725695	2148.5423928635905	5780.118878083617	-1
?	122.09790063014911	2504.0498952723237	57.960782218745805	352.34727103654603	530.3206180875899	-15590.860522192974	2121.525041689613	40.104208927531886	-1
?	124.20249476361796	221.46108693235814	69.3148693025869	348.55599162424244	334.98517131194365	-2518.537884939415	2150.547603309967	-11093.950046529877	7.95230713075481
?	133.17095497676718	322.25393477813975	75.38858179995818	114.89395578113495	404.3937238406173	-18.319480057550404	1566.827539363111	-10496.051199527592	12.652600200032394
?	140.31519150252518	422.0068492568097	75.05956709164373	21.30968948800385	334.0691973090661	553.074635390774	1625.74504333358	-2611.391815850565	10.2286099490149
?	154.27129743960796	216.78649173990868	76.45406627435838	-27.954311120204977	432.0474556101564	5270.890390889326	1436.257948570581	-11240.474858151032	9.666420057948644
?	151.15451608952077	-280.3094444679442	73.66185153563346	-134.24996499967173	597.6137168535362	2094.1101957100987	1063.7213004260204	-8439.463285749116	11.655240994980558
?	140.25582521621055	-629.0180926788856	69.7415680243747	-198.12169493034563	536.7529653956628	-997.7938390358457	1014.2847842831192	1585.6058410866856	8.81708935935972
?	119.70361145557604	-421.8110023936862	63.75576678911604	-49.33331885128937	547.7240249017432	-2575.2347780200716	1143.0015924803558	16281.400398717446	-1
?	119.16527509652595	-61.749364873141964	67.2749020818102	4.152690909267504	407.99122649465744	-2806.9806878627455	1828.354804219003	14735.052555964343	10.209154650502118
?	116.6161432119189	-2403.3055019304848	63.963401334579416	-224.84324083206425	407.3749905086039	2838.272646048702	1879.7542202785835	2340.432976321184	13.563757361258158
?	-1	840.4773482153908	56.032740040206825	10.663095961593134	549.9048587970946	1802.2400742476127	1945.3764530350638	2387.5715433520713	-1
?	158.64001062268903	2971.2461636583007	64.49655613265908	194.56958322461298	497.4869942209858	-2065.904047535445	1999.1327974461888	-1827.154269808931	2.8240547511165364
?	147.56230818291715	-3192.800212453735	65.76121920143761	-210.9647896061574	446.60965642032085	71.14855892472419	1854.018739544616	-2647.3320737543995	6.410118123206256
?	-1	468.81927501486945	53.94831665235106	-211.98463588176108	501.0444221672221	2555.6181117598694	1866.766193758467	36.46542092801558	-1
?	171.00327193366095	3130.268462212537	55.16198740734941	301.8706468822306	574.3905620083161	1575.618420609125	1855.8420105910168	-2250.9598984921695	-1
?	155.51342311062908	-463.03739934967234	69.0418489964628	287.38860251564864	579.8253431976794	1830.5115098667843	1754.2181988338568	5988.905036746797	6.638160595359803
?	147.851401966177	-449.66960176308976	69.53141753313204	-124.25993867523866	665.9161375016566	3012.8665387588585	2155.287262428361	9714.290454556662	14.378134437656461
?	133.02994302247427	-2977.028039323498	62.82885206270078	-192.6653114129179	730.4686701356245	109.38629666911838	2239.932721561697	-7490.906429679306	7.565433411561571
?	-1	-2680.5988604494473	59.89815196248601	9.714550014671776	671.3854523351126	-2702.725464828896	1780.7419409443903	-10215.318233223967	-1
?	-1	2668.1374521388716	63.31457956343438	-103.64305034719885	595.3323968941778	-656.3231638301315	1729.1668099004912	-1171.760137195676	5.747646430768329
?	132.40687260694548	2652.8723683098888	54.715999445125995	10.570068618889499	638.5692941436056	87.16038041399192	1722.1539340846057	-1407.2837884394703	-1
?	131.64361841549632	-2668.1374521388716	63.84308299437886	-32.67943474636507	599.6904159148775	283.67811945162254	1658.8026204785167	830.5921574717986	5.656266737261347
?	-1	-2652.8723683098888	53.08202770780772	-236.68924143551712	652.7532001161869	236.86077404515464	1763.6835419581962	3023.445402667119	-1
?	-1	2649.3885813589113	52.00862092260284	213.53011119701614	611.5334546171354	-1252.2397872288143	1809.9748906118748	-10209.652264417842	-1
?	131.46942906794746	2586.230103581365	63.75853326765868	272.5856454248372	590.1412107547453	3245.991423485827	1253.2009287372969	-2545.229653179558	10.001567577758678
?	128.31150517907008	-190.19056347366686	65.63790319384489	0.7834461431957496	773.833025791429	2233.3887813930073	1682.713407952895	7044.069174665356	5.7742810866236685
?	121.95990089426398	-235.77907222068438	63.797705574818465	-232.48339633801078	701.8106498243973	655.7441142711261	1605.4043874705696	-2980.331435022234	7.936540475810904
?	116.5225515680357	494.83501864450267	54.01373337694419	-88.03540330527471	806.6202315049858	-3347.937012397331	1533.6968362017813	-7802.086669570943	-1
?	146.70165182648947	343.2771240233097	59.39593540955467	140.0257027837388	534.4137992045284	-5423.7046216035105	1215.300053992017	-5045.636573935545	-1
?	133.68640776920142	-2954.0330365297473	61.01501851613123	-79.69131199703824	535.4350004248064	7087.024058475908	1281.4150075050004	19944.215779454236	-1
?	-1	-2693.7281553839903	55.4113698097027	-137.70417524387472	888.7650021283288	1685.1924344572478	2212.510842964743	14636.53419512376	-1
?	-1	3121.7725619850075	54.129809753937394	204.44353015513522	619.69462214767	-6001.825169613229	2013.2417172611988	-9518.71481978713	-1
?	155.0886280992526	3204.418834776753	65.6335463174596	316.83465570618245	588.6737436476631	3331.2157293370915	1736.5751019753798	1691.0360240800114	9.421691777608974
?	159.22094173883994	1297.181520450264	69.97154253924674	-18.675944178707216	786.2554086145269	4171.891861462288	2097.7935184652006	7604.141495009045	10.451925134723993
?	219.94770412176672	-3204.418834776753	64.69974910852423	-322.8364244312628	797.2683367207804	299.1297292743937	2116.7821767258374	-1657.0512571568215	9.377676542467237
?	-1	-1892.484235279846	53.82972131768337	-178.53143419418234	801.2118950782468	-2631.2470856788254	2014.9409556073583	-1254.9445893699344	-1
?	125.32349235777308	2402.959789432685	55.77317739881499	269.41519401540063	665.7059824368373	-6825.027958946136	2054.03494725734	1381.1926367930923	-1
?	119.14798947163594	-179.5094800572781	67.3004810184536	247.0995733485589	459.96049713093515	-2824.79677356892	2084.000587447014	-2545.7494682700417	9.466649462829478
?	116.34801835490904	439.71472528806174	68.12815606624311	15.831652663430932	524.4661437583893	2562.6985009416635	1926.747473843836	-8901.313387193128	6.277839450645837
?	141.13372573603934	753.9514187422817	68.09206365162515	-22.962345404458475	588.0954221780202	143.65544603196008	1638.9349180873512	-8715.740475239712	6.506239399017033
?	154.04558929202366	-2842.674514720746	66.98003879602017	-248.6614207539596	531.6489160599874	1341.74245062722	1490.960450081844	5470.66512927322	12.398946756531954
?	-1	167.09556649766898	55.658992613927	-22.17764202176934	655.1825447093821	-6.398580607380973	1912.468174551016	12817.274106336954	-1
?	162.40036761690723	2961.3041510726257	65.87115669493169	339.6856014273601	531.3289870296184	-920.7308654465152	2131.824155398701	-5986.970733927634	1.9579826804107687
?	147.0652075536334	-286.58047307467757	72.64327268529524	73.78517195357497	609.1460014370557	-520.9319811595202	1613.1196378546301	-15841.522280066418	5.508833640757138
?	148.07134396317315	247.6470011423014	69.56041529261049	-46.14951164123303	505.282387971642	156.74150292273458	1339.7480413953688	1091.7472764216272	8.039124435045546
?	159.44755761074865	366.67525198136207	70.33579710323356	24.567858562376095	616.9830765831925	34.62306371517408	1667.7070016757123	8519.712139922205	10.618339243530896
?	166.4051065622415	14.789441422814566	70.78880822072931	-164.90882301963816	507.0135411574007	-654.6323882681052	1765.733648391485	12354.84940496129	12.431376663404983
?	160.18702968188938	-3348.102131244783	62.090355952251535	-244.3768809452474	584.2514571697868	2704.471671035228	2285.4494719237855	10731.37127484538	9.107896868102257
?	-1	-91.41678019465572	58.569964173466765	72.42998864546192	642.237124709164	-3905.6929549165366	2302.3022121337617	-4104.3349640565575	-1
?	155.61619067215653	2661.43573380655	65.71185538452468	-43.513431510514046	388.9668094239572	17234.35865402692	2080.2327237209547	6159.04794417312	6.96804798436355
?	132.0717866903294	-3.5644847555021846	56.39429259794103	-136.981098115097	1503.9550574105224	16255.945765243658	2610.254609342422	5581.356920067431	-1
?	155.43796643438142	169.11386282811108	58.862800478769735	276.3517360215676	1201.7640976861517	-24268.214107418276	2359.30056972433	-11485.472123004034	12.135208031732702
?	140.52747983173506	-513.1674877043953	70.21187939901961	143.1413776611408	290.5443520395913	-17357.224718132456	2035.9810031922123	-10042.816898412333	14.072013809568833
?	129.7795920491613	-197.40688567046905	66.01986936182688	14.113103677137898	333.9028617795166	5597.533461776908	1857.1597248037065	-12785.650493818684	12.690031798529496
?	130.65713554821147	-227.26552503703903	70.91753458287651	17.92754903273962	570.4210251284407	7676.566063841755	1396.698478501269	3437.5452473207692	10.203270465749927
?	118.41631579730918	-521.9910962177835	66.91624681346387	-278.9599646691201	717.7311649716098	1155.372828544293	2029.0369871697474	4838.702813025106	9.83349387998647
?	104.55758073732193	-2388.32631594615	56.96953634942031	-305.3726416976287	628.1896665556561	-89.35165605981966	1638.6336191525277	-5019.228716851569	-1
?	-1	-2111.1516147464085	51.64761472858222	-91.3891762246328	713.2635821686188	12199.114389583689	1778.0755513271654	10326.53088480682	-1
?	-1	0	52.400077538188604	30.076968122534566	1238.1453860348493	4086.431375713499	2154.960163392876	1175.5467837505528	-1
?	-1	0	53.15146313470897	-39.15005844502319	917.5851509542966	-11366.410444840449	1836.8528905146939	-5577.33588743454	-1
?	-1	0	50.44257461593742	-177.47885372245196	669.8248637928188	1943.597676729523	1876.093369021145	1025.1760694773966	-1
?	-1	3251.7575123115435	44.277520448586245	225.91499066084828	1014.7650347907742	-2872.7766896683875	1888.1116939885644	2630.209681673149	-1
?	161.5878756155795	3459.687540078131	61.73832414897999	641.9495060791243	526.1860293093973	-12503.685204000534	2007.6038531048043	446.45333571254287	8.49946076532456
?	171.984377003909	168.35453308950082	76.37499575254292	147.11012293146953	389.5807745907386	-3054.665888672248	1910.4343607741919	91.60725341362974	12.177986035326006
?	170.00560227005465	-3459.687540078131	69.09383029555357	-257.73171986973557	373.45273487578277	19516.103258227235	2012.1842157754859	10897.29993169803	8.431391007505095
?	-1	598.2013096806924	63.488409759055955	145.8647021545166	1365.3859375021143	517.6248644730009	2455.299357359101	-522.598261489922	-1
?	199.9156677540897	3655.6840585876967	76.38706540327951	273.27779072777173	399.3339780994332	-18942.759422502055	1986.0543027009894	-9943.452506199737	11.065069400883468
?	181.78420292938742	-186.51994611386291	77.15229929544474	-46.709566368904426	418.2479663769981	1960.7294891412419	1958.1267320491072	-3862.3876793416407	13.54754248861111
?	190.58967044839642	696.727261078087	74.05158708483425	-17.418252626383754	497.3704525564967	5601.921267722425	1792.9349187339046	-5943.167187185433	9.446837069302877
?	216.62056598329227	934.7179278144305	76.28138666412553	78.1483973181304	698.3440297631233	2015.895967550309	1660.9683726898313	-9677.265812130185	8.41999330919789
?	237.3255668391186	255.08452659811417	77.95900695074083	-72.714187320427	598.1652509340136	-4084.3115132584876	1309.0716281273885	-6100.97382586328	9.778566156456845
?	229.37479231319816	-517.9571539219506	72.64567729810413	-89.7928958970725	494.12845410019605	-2795.6794062966446	1355.919681396663	-2938.30285317203	12.858562073477135
?	211.4277091430207	-1098.0438178748418	73.46936215588714	-30.151573481116568	458.38128061917934	-1922.2150051981998	1162.156485468785	12067.246235252902	14.437142167583698
?	174.4726014194553	-973.4788610682919	71.13809862404828	-53.028714007656205	398.0177038402847	-311.7047654661168	1959.2819931593167	13863.161029474339	10.71819217118654
?	162.75376608960542	-117.71508255238078	70.81792645550429	91.39548560653579	442.7960423458733	3523.801926974628	1855.3145369425117	-7899.67481671362	9.931790817960245
?	168.58684729183616	-88.09806389596008	75.70787290437514	53.65189550777652	574.2078001890186	1733.1476743643843	1564.29825232363	2942.1896054381696	12.001115362190706
?	158.34886289480735	-351.6560924735928	73.50052123089316	-62.1463576825968	529.4534260640937	-2115.862247994467	2002.4240172144223	-8006.338933535158	7.5414902342006656
?	151.00404266815627	-470.9057565139325	72.60055502024525	-129.2037405880093	468.41468778929374	-1350.5574945174842	1163.9813056468665	-7172.494665214647	10.466425560403309
?	134.8035750691104	-172.5652536552489	67.0403342014926	-49.69749690577303	461.92555133821855	-2549.082940851173	1643.7992839536848	17786.069673411523	10.347861009240024
?	142.3757799853937	217.95033473779458	70.11568017495657	133.63691605768773	340.9605407467333	256.2859917668752	2053.2847893174553	4205.439607990751	13.44433496304666
?	145.70109180600028	-15.439050140479146	73.72218000437708	46.505464290618384	474.7398509265625	4513.832165936227	1854.0712643532254	-14551.548538202453	10.67159496952917
?	141.60382747836974	-244.04292667602812	72.44095338948752	-72.85708007522327	566.6521490435479	2194.3357438401104	1325.7073624073223	-11965.81662628247	15.7034725836424
?	133.4989454721987	-570.8308500184274	70.07932600061587	-231.95174118235752	584.4566381185696	561.7901037244008	1255.7804330390934	-857.0377737548748	13.189022987129945
?	113.06228497744796	-2689.9789094439357	60.84336633036948	-331.06875583348426	594.7416542297683	2148.7632474366696	1282.855473719578	4148.067216286286	-1
?	-1	-2281.245699548927	53.52588820894142	-208.3696293833002	691.8948004904046	5389.185766499793	1463.1837938534106	9289.097445122483	-1
?	-1	0	50.42488486120432	-123.32059532899801	864.2009425547618	2473.327693055425	1747.3103459757087	5488.27413333015	-1
?	-1	3179.0865875855443	47.35985844249143	-15.175118110612045	815.5611851431776	-1768.460848502625	1737.597500519922	2032.1967999868941	-1
?	157.95432937927947	3151.183956855366	49.666128955673706	534.2955721594576	775.7779001296293	-7798.698822848404	1848.920185975055	-2556.2977920230287	-1
?	156.55919784277054	-253.85686325997008	74.07463705046469	280.24624696368306	425.6262440007518	-6982.240495169369	1609.7826109187688	-1477.4648786228336	13.521774548608429
?	145.2614862162808	520.0484870698227	63.67844130385806	-89.90145161380909	426.6658753711559	6442.413421480283	1775.0469420439122	6706.052701122785	6.413377304202826
?	182.56162219626205	600.8642529092475	69.57956446977417	328.18634599444067	747.7469150747705	3269.8047672936923	1945.0852459749128	-4000.849201068015	4.620926391141394
?	175.3046988617436	-3.930164620858762	80.08775860358033	126.17423961284365	590.1561137358428	-2058.66186416914	1575.0044819905086	-222.2409276259091	11.031627012487405
?	182.3651139652191	332.52045802086553	75.88827645041644	-36.27370399912683	644.8138218663121	2211.724208285455	1933.9731995936172	-12078.380407388202	9.107327566315242
?	191.9307217627871	177.22030982422186	78.27407340362396	36.13009723525727	700.7423241501172	-966.466464475859	971.0854616210899	-18229.14314889334	13.195240037063115
?	191.22612945643033	-308.45856127245	77.69478131217933	-73.2295466053419	596.4904986425185	-4336.804388858565	1022.5160421489371	20716.081430528382	15.707909920436581
?	176.50779369916438	-491.0201029905225	74.61259607335681	-191.815378909166	483.9021047071858	-512.4994961900138	2006.8895331475237	22855.131545490116	14.434473653153205
?	166.67512430690385	-267.64375951719063	68.1040123667209	23.215190577494933	570.8655238330174	216.98116316568678	2165.272619423459	530.1406592703113	6.241893724611053
?	163.12560572330466	-156.22342747077943	75.77335560223158	136.25832648927036	494.7511628654703	-2629.7205529996577	2033.3965661110396	-4711.027073165502	6.963821800976672
?	158.86395293336477	51.74628909802079	74.91692869118451	92.75586351305076	439.37949618303264	-2813.018909716712	1929.7212657651808	-7266.8660129684495	3.609879989310359
?	165.71292017820574	287.68240657722504	80.41114877788418	13.157908903990672	354.1002173796327	-635.8565011807583	1670.053265462612	-2676.821395181385	11.535429527187793
?	173.24807326222623	353.8466684025037	75.57482413638405	-106.22256551453196	407.5866711239943	4194.445100074744	1795.8801960061096	-1336.5382755132114	4.252689755255482
?	183.40525359833117	322.9537024185634	75.1000205021575	33.65998768711572	563.8224723833729	-493.5785401705651	1603.2263516869505	-3996.5609548850102	5.422034317227233
?	189.39575838315463	121.11631930717122	77.25782352073986	-189.05323641574924	382.9077441154657	-2000.9334558442993	1596.0521482618562	3480.305311853354	7.742420719398734
?	189.46106956368982	277.22561237846554	65.64735868136991	-22.645088514126957	463.7757995911565	711.8814152318226	1777.2416172796206	256.84809266946195	-1
?	203.2570390020781	-2.2883426745709943	76.1255690950335	101.00136267017801	418.5018148770573	-1454.4454133584086	1608.8945528953295	-6469.673390267234	9.907208277729023
?	189.34665242996127	-294.6313000523313	70.69742681487888	-97.02189398437757	391.05352892323504	6700.023424398705	1453.7579477662543	4199.579637898036	9.757567377370155
?	188.52547399946133	-111.61315642709394	71.27447439581455	27.640279527589545	753.5029860969974	6494.578805187192	1818.8735347902343	-7175.095768168856	12.821255501386506
?	183.7659946086065	-99.26646181202075	72.07944079125838	-184.14732091480013	715.7824691825992	-2179.491071993276	1095.0031593578065	-3130.1256127746965	8.41987593561692
?	183.56215090886022	-3695.3198921720773	62.06710835007441	-248.6535660912489	644.528432497332	-284.7577456649656	1662.3672541514973	13241.512112604021	-1
?	-1	-3671.2430181771524	59.646762486695756	-1241.3421670014707	701.5445818993508	-12890.568649946457	1757.078764988017	-33247.345083029475	-1
