rowLabel	avP	dP	avI	dI	f1	dF1	f2	dF2	h
?	221.92516107058583	4337.479154697371	59.93920883106352	1259.0491187015336	1055.4924655274945	7909.21538981113	2823.9185725562197	43225.96432918861	4.8254173053239295
?	216.87395773486855	-369.41680843887013	62.952455935076685	20.541509874549604	395.4607694905565	-13308.282264182139	2161.2982164594305	-16570.524718332344	11.873616766083742
?	203.45432064864232	-4357.479154697369	60.966284324791	-48.316376370974425	390.0783523183875	3643.234798869148	1995.3923366396025	-19.600350284827066	12.98852176781538
?	-1	1141.5134804697968	60.53663711652796	95.29782171703305	577.622509434014	4477.789928160042	2160.318198945189	1817.6589357381822	1.2212739180739882
?	260.52999467213215	4899.901257419406	65.73117541064265	267.25739502207	613.9678487263896	-2679.4771326328923	2086.2752834265116	-2647.315118895154	0.8969030238866567
?	243.99506287097023	-465.7433939836603	73.89950686763146	-34.36287993332855	443.6486528023694	-4838.167776752148	2027.9524430004315	-1452.6326989056727	16.905516422274136
?	237.24282497294914	55.926949425405624	64.01303141397622	-290.77203396183614	372.0594598887822	49.32489252153347	2013.643648481228	7258.54685991944	10.837560863594138
?	246.7914103422405	148.67552166340207	59.360905169539656	13.723077705767256	446.11489742844606	2662.701254569136	2390.8797859964034	11020.015025465693	4.128936077075769
?	244.67660105611924	-459.9630674273051	64.69918529926459	338.07836627344125	505.194522617239	-957.6403400239533	2564.6443997545125	-2389.6568496199784	2.0808444870646663
?	223.79325697087526	-672.2904158733202	76.26482348321171	206.09680586369058	398.2328804272484	-2361.561458792514	2271.3969435154045	-10968.317528861518	20.252070231778838
?	211.06208026245324	-349.4786732982803	75.00402559244911	4.559230975916644	387.11644967761333	-79.36946643695812	2016.2285233114367	-2216.7578127399593	22.32022846700371
?	206.31932330596123	-278.8766358109016	76.49278503200755	85.60487933290197	394.2644071054005	339.36317125488443	2160.5590528784064	-5003.724578816541	19.740958200139243
?	197.11824847190815	-333.66036135271287	79.28426955909421	-12.705130351349101	404.08460824035757	586.471247583458	1766.0422943706094	-8997.409021452924	26.01554186987901
?	189.63630523832558	-243.25060968454613	75.85752851444009	-77.784154077303	423.5879694845734	207.72113063768853	1710.6886018057598	-435.7691020923672	22.441125026802247
?	184.95571798768083	-175.831655267812	75.39506185522906	-127.64884620761296	414.470664772242	-846.2800704347027	1744.253839265991	1367.9354592864627	21.786009117678503
?	180.84472247493497	-7.9196233922402755	69.47508620405944	-217.87574466736183	381.27396596283825	339.4166387610571	1779.085374770083	2781.1965670034556	16.869316961087936
?	184.5597368180688	1640.086310204463	64.50127462186096	-73.76209247077917	431.44149671029487	1298.0203108113176	1883.313667616164	4436.8086532142715	1.0110333649136711
?	262.8490379851582	1151.2003548376533	65.78698158052048	133.77927011047507	446.1749815034042	-1290.854084177181	2000.9258074307968	2328.1502248375705	1.280404368205354
?	242.11975455995153	-539.842940677811	71.19023812738472	-170.67599806856833	366.89879250143576	-1794.7323886920942	1999.7211788580425	-804.2909158463901	13.529053110386618
?	235.85689095126762	-4862.395091199037	57.25318167709205	-163.2024850452728	356.4383620687994	16670.445891334915	1960.7112616384773	14754.778604051691	-1
?	-1	-4737.137819025348	63.03011387512109	83.14680027715205	1200.4210870681804	11069.221909728725	2737.460109060626	7045.032432620417	-0.012539201316716975
?	-1	7183.875702821115	61.41052169094966	234.9351740173004	909.8994575552362	-16176.365772669273	2312.9628832694984	-13283.62258410655	-0.059210783561418893
?	358.1937851410561	5567.264377824824	74.77687257598612	385.2564971395643	391.60279843471614	-11826.576063350356	2073.278979855298	-14865.588230466707	14.63195574634466
?	277.36321889124144	-2541.5020790404565	80.67334654792789	21.37268970855386	318.5706543877178	-947.5689055828938	1569.6834717461625	-2966.6466820607066	12.748836957882169
?	231.11868118903314	-1107.1547593084656	75.84550706141381	-301.25544374354547	344.2243531555714	-475.2467032843659	1924.9466457522626	4646.663867947423	15.847292267154412
?	222.00548092581812	-5.864749717561603	65.6105743607506	49.970701725901804	294.8083192234995	1056.992040072611	1802.0166651435338	-377.21505275783295	8.391532095158064
?	230.82544370315506	180.0041008463033	78.3440421477089	297.23553111743655	397.073955159202	1856.7120095881496	1906.085893114371	2286.460853993056	16.799734565229123
?	231.0056859681333	271.35423430591493	80.47235091662245	29.400684813158737	387.64391970290706	-2424.3325259274548	1916.3397078431867	-3440.1964443514603	21.440125538585043
?	244.39315541845082	331.7008823804454	79.81407638836684	-114.01908279191322	275.85732886282915	6661.45743011824	1734.0760708967978	-5804.161958774947	22.80483369119931
?	247.59073008715558	864.6717149960242	74.77139677702678	-201.33842390203154	720.7167912088194	8152.213293641054	1626.131609904439	-6010.548190568519	10.693778294976376
?	287.62674116825207	686.837717883497	69.74715519326526	-293.18910885815285	683.4679935448822	620.9134019919742	1433.5486613683715	-3006.3637067920326	4.747339640450914
?	281.93261598133046	-5772.534823365037	60.11194133411912	-166.81043181429402	751.7624613084181	10341.408421592389	1475.8134245648373	10893.742602440292	3.6999774604402846
?	-1	-5658.652319626604	61.40663360255055	125.33872038990285	1200.5384146245021	5868.814548496297	1978.2357914903866	14839.531160547795	-2.308301570151342
?	-1	4716.802843781943	66.37887735361427	53.968441807829585	1045.2031887332332	-787.3722409321583	2217.7899825922277	8882.800008575192	0.8059286053399519
?	234.84014218909738	4069.4394566529245	64.10505569294203	109.15518530554739	1161.1698025778942	-12693.946372403958	2422.3757919191466	-10507.629637484924	4.00267670389174
?	202.4719728326464	-657.7169240086607	71.83663661889165	-176.93077115168887	410.5058701130348	-13976.524680257267	1692.408500717981	-11719.560224219416	9.094391159764106
?	201.9542959886643	-4069.4394566529245	55.25851713535758	-344.9729358281425	462.34356856503024	4255.754602093972	1836.3977807081753	6878.742383249226	-1
?	-1	-4059.0859197732825	54.587989827484506	-13.788471790209785	623.2936002177336	8033.772688785653	2036.3456198804427	6546.547267252762	-1
?	-1	0	54.56909354584709	28.595292545577397	864.0322030043133	5264.979524035671	2163.7251440708137	2284.4284937456932	-1
?	-1	9743.957167426446	56.01775445476338	30.18076316829731	886.5425764195173	7174.927221558826	2150.5670445677274	3824.1643592859555	-1
?	486.1978583713206	9833.56188237013	56.07813170426195	-90.61399670171686	1222.7785640822533	2522.271640004267	2354.933362035111	2631.0730026104015	-1
?	490.67809411850476	-9743.957167426446	51.48705461967755	-84.73461305186335	1012.6561584197302	5704.868419627694	2282.120694698247	1952.4006618447563	-1
?	-1	-4529.436725059944	51.8414010516688	215.4793236890125	1508.021985063637	11839.988364204339	2452.5533951273483	10597.058522440495	17.11652181643629
?	264.20625786550835	5025.430969004306	62.26102080412814	466.0272593274822	1604.655576629945	-24589.5942051	2811.97362082027	-4657.224608949971	0.49432409523106446
?	250.2715484502144	-526.710737098734	75.14276401804283	12.030400606040857	278.5422748086414	-9466.623719027868	2219.6921646798505	-5821.679821887422	15.19037836075087
?	237.87072101057174	-26.740111788476025	62.86254083443018	-337.8481480795981	1131.3243906785533	24596.275183847625	2520.8896297259	9893.048392816334	9.284648904583857
?	248.9345428607906	57.572775995241365	58.25035661406298	273.83748688223886	1508.3560340010183	-9278.52996479482	2714.3445843206655	-16244.383421292863	-1
?	240.7493598103338	-249.00608144452778	76.55441517854207	432.423926500402	667.397892438814	-13880.25179278025	1708.6704586612595	-23158.814206288916	10.12892788164004
?	236.48423878856426	767.1194089705044	79.871552939083	30.176075733370844	814.3434443620083	2488.0628990422697	1556.4038740062238	-868.3258149955267	19.086486967792503
?	279.1053302588589	2164.2862028179543	78.06321896521061	-33.02563666613322	791.801037390927	-3911.1847501772836	1665.2541679114834	5082.341122900593	9.621219554728452
?	344.6985489294616	1546.1822896708711	78.22027110577635	-171.00596770615712	618.7842068531448	-2873.245872731594	1810.5209301512525	16470.88952894433	12.949994937412697
?	356.41444474240217	-6913.970978589256	69.51292057990278	-229.31215539033016	648.1387437543478	2199.023147768488	2488.798644358697	7764.3199138238515	2.347261754662793
?	-1	-7148.288894848069	66.75466333625988	-338.4527265651607	728.7353642415689	1901.6294854206626	2198.7369258424437	-10880.700986353939	-0.8424131874550229
?	-1	0	52.59028425164481	-289.82762552679975	743.2202180253806	914.8752243521459	1944.763595041002	-2151.1124116169126	-1
?	-1	0	52.263282059919945	18.11655644406023	774.479125459176	-32.056028874296885	2091.1813052615985	2621.3721672255497	-1
?	-1	0	53.49611207384782	-49.44586741597437	741.6174165816658	-1018.3054898020364	2075.832203402279	-2152.506947346363	-1
?	-1	0	49.790988689121235	-118.51502867591918	723.5638509690743	5424.717858332978	1983.5559578942807	3233.721938989695	-1
?	-1	4547.859392207847	47.57036064005188	206.56837311641243	1012.8533094983137	20616.329479453692	2237.518300351763	14987.08053727283	-1
?	226.39296961039153	4692.683566901222	60.11940734494182	470.32273874592346	1754.3803249417554	-13490.145644252569	2732.9099847579196	-4970.1228500538755	3.4462375987306806
?	233.63417834506026	303.407338524359	71.08649757734797	303.0046097410743	338.34602728568774	-27988.96450270042	1989.0121578490703	-13654.970927644603	14.911560424546298
?	241.56333653660943	211.232858596634	75.26963783199548	3.1220806027838077	354.93209980673953	-1019.9336743028166	2050.161438375692	10850.645671939248	19.9760088413842
?	244.19582127489193	766.0974982267651	71.24260160748716	-70.33667115212833	287.3493435705471	-1051.478134736183	2531.5444414460308	4794.118707849792	10.424453951327806
?	279.86821144794754	622.0450230086071	71.75280427438908	-172.4142139573785	302.35819306993056	206.6760855651599	2289.8673737681806	-9010.768864371727	14.256750479204666
?	275.2980724253222	-321.6143180902054	62.621890909618266	-337.34243854420237	297.68314784880505	13501.11111938667	2081.005998227446	-6350.916634487198	6.222244428425884
?	263.78749554343733	94.78103879701655	54.88568234717902	-31.632015757292294	977.4137490392617	9678.954588188492	1972.3215420438219	-13961.112284416644	-1
?	280.037124365173	-206.95040140416285	61.04029012175366	412.6175367477076	781.6308772582279	-6390.734683138514	1382.9503840066163	-14833.585211109392	-0.40357680728652046
?	253.43997547322923	-723.0637077205538	75.51655918456433	10.403446515607195	657.8770148823371	-4249.1819597910935	1230.642281488355	-2345.595480751598	11.510798960228033
?	243.88393897914543	-8.727241562490379	61.560462447534015	-222.02540997627432	569.171779268674	-3649.830739950425	1265.6706099690368	5951.041932261103	5.625327140086882
?	253.0036133951047	48.12426204357183	64.41528868575065	243.80933855172955	475.3854778848165	-3322.8097921341114	1528.194378101409	14841.905853010065	7.502003208437456
?	246.290152081324	-347.5945759074774	73.75092937512045	62.457883248607054	403.03128966196897	-827.0340513977926	2007.7659026195374	8753.339846365047	15.755192281580836
?	235.6238845997309	-63.7471250030236	67.538182848181	-377.1894576635268	434.033775314927	1189.1725341275217	1965.8613704196598	-1459.8549944897793	12.877648951485275
?	243.10279583117284	75.65551545003159	54.891456491944176	101.67183159793133	462.48991636834484	547.0198596972201	1934.7731528950487	-14805.068875228815	-1
?	239.40666037223247	-441.80945630390727	72.62177442807754	473.7659330774421	461.38476829978794	-603.4187120814078	1225.6079266582217	-7853.6099829471605	11.303332891837753
?	221.01232301597756	-735.8267511208695	78.5797531458162	104.88949189442062	432.31898076427456	-969.979854504204	1542.092653747692	14813.405306804863	16.660133388038556
?	202.61532281618912	-455.58565598268206	77.86624902279856	-303.7490849189172	412.8857755745779	-493.94592540986486	1966.2781919984623	6362.038059352649	14.935570679443794
?	198.23304021684353	34.57189359078098	63.39229889987039	-246.92241991145156	407.6216844937814	-203.3905356323733	1860.1945567153234	1461.9358437018816	7.707253472353886
?	204.34391749572816	374.0769156708224	65.52012802722602	307.86125053581156	402.7162487929593	477.29532347119346	2039.374984183556	5922.594299456717	5.1730845928771565
?	216.9368860003846	272.6508834599552	78.78536142666091	277.1980746087824	431.486450667341	610.8472319244446	2156.324271688158	1752.9479918385248	21.29041250858908
?	217.97646166872588	-72.39953075060978	79.3800317576651	-207.48153802600615	433.2586103891814	-243.75192712731263	2127.022383775482	-2189.8945935640754	27.559066780468186
?	213.3169094628541	-4379.529233374533	68.41128452536064	-388.1581038268861	419.2988543109754	416.95637837023844	2046.8295420099548	-1224.2996096181785	11.421860108167083
?	-1	-4286.338189257098	59.97212656632086	-343.3226504396584	454.10642930769325	7.822011354908255	2065.8074032945733	-2015.224831281619	1.6420231406726025
?	-1	4441.184103501376	51.24515200337778	317.9776707149513	419.6899548787208	-900.4868243120743	1946.0683004458742	2209.3133088823365	-1
?	221.059205175068	4348.657164420994	75.87101010206837	221.9235376461854	409.0820880920897	-74.43024506515512	2176.2730687386897	5728.029353347185	11.079522600032831
?	216.43285822104895	81.1570917222204	62.34132888568701	-263.5728017272988	415.96844262546307	921.2698700728378	2232.4697681132325	-1520.517227997294	7.210170921214717
?	225.117059761179	240.6566619449032	62.692370015703474	329.84748054773195	455.1455815957314	3944.7458473533006	2100.2472073388253	-6116.897286677189	2.336183516369885
?	228.46569131829406	79.77390108037781	78.83370291307355	198.0193110385646	613.2057349931274	2809.246340411033	1926.624903779374	-5879.379098410093	13.434711574519222
?	229.10575481519788	-30.721348051744254	72.59333556763167	-374.9925368844109	595.6078986162826	-1328.2426795356107	1806.2782524183217	-1930.1393963993337	14.502612576105182
?	226.92962391570686	1565.3282713504482	60.08407606885307	48.16925515474071	546.7936010163471	-1215.2126422067474	1830.1179339594078	-105.83746470491442	7.280534091912734
?	307.37216838272	1565.9537340358775	75.0017983253687	406.39027007468303	534.8472665059454	2017.4479234776736	1800.986379183076	-9518.515763792759	11.582760494314142
?	305.22731061750045	-210.72624119743028	80.40358957258715	-22.676291993816815	647.6659971902304	1032.9330244773532	1354.1921457697715	-12199.047638635158	21.895232271206005
?	296.83585632284854	-1285.8663348079926	73.86798372567786	-181.69406474605304	586.4939177298129	-1455.6790052861181	1191.0339972513202	93.25450218777893	15.040730371975531
?	240.93399387710105	-1384.4941715521961	71.31888633528453	68.65705164500436	574.8820469259248	-2336.2052083003896	1358.8548708791604	-6016.194293045715	8.097625720235495
?	227.61114774523898	-567.1858239549747	77.30083630792807	-5.423806755534619	469.68365731479383	-3284.532334214778	890.2242825990355	-7412.007810129399	19.185912499393574
?	212.5747026793524	-103.72400689829968	71.0476959975078	-337.2880615323735	410.65543021518647	2433.5431276746644	988.2544803726918	22238.360150317283	10.932160738557734
?	222.42494740032402	592.8997010400501	60.43643323130945	0.9859029212231043	591.3608136985266	816.0798431934115	2002.1422901148958	24314.336504178442	2.0808999213910875
?	242.2196877313548	75.66405802727586	71.09699114356896	364.1590283380349	451.4594223748569	600.8519770301926	2203.9713055816096	1020.1892166843518	7.409991603876889
?	226.2081503016878	-336.08079087861375	78.64438464821113	85.90028451816865	621.4034125500361	522.7854345361784	2053.151750949113	-1536.53048842713	17.67269467755379
?	225.41564818742418	222.3348151100688	75.39200536947737	-65.67908134746085	477.5986941016657	-6350.598648077125	2127.1447811602534	-158.51585798293002	15.319282115259611
?	237.3248910571912	1034.354375813293	75.3604305808381	39.211621566440016	303.873480146181	-3737.733204466841	2045.2259580499667	3066.9879862892158	21.149239017152137
?	277.13336697808865	994.8242936705942	77.35258644779937	25.56908554191788	290.71203387832435	399.798020816377	2280.4941804747136	-579.2062741276616	19.46479108844072
?	287.06610574072073	-356.3042989799841	76.63888485793399	-176.6126896391089	323.8633811869998	599.5882904257325	2016.2656443435837	-1498.1280125099472	17.30362056856448
?	259.3181520290895	-529.1049594461023	68.52195196584395	30.30049209736898	320.69144839961086	4874.674491820945	2205.5877798492165	443.66547949970186	11.621852268852411
?	260.6108577684157	-98.12371349458068	78.15390946280243	89.07726164547316	567.5971057780462	7612.948924678017	2038.4489183185688	-6009.4458758966975	12.221378744631348
?	254.4119663543605	-214.3223146313223	72.9758150481176	-349.8297208197166	701.3388946335103	2385.486027950296	1905.1154860543827	-5017.150126730621	14.195977100116385
?	249.89474203684964	-5108.239327087228	60.66242342181666	-407.99791862659106	686.8714071755605	-1261.787337887804	1787.5914119820386	-1812.1347243263444	6.963711342957293
?	-1	-5017.894840737011	52.575919116788114	-260.0756789475434	638.2495277391204	-491.24444813424765	1814.5087498380658	1360.2529929237292	-1
?	-1	5896.43263109957	47.65863947443954	388.04101872879835	662.3091847688482	-3054.210638270454	1855.6040616282248	5814.471412609267	-1
?	293.82163155497744	5120.244158262524	71.97797005322796	531.8107694669035	485.5389958255982	-4021.1560679894837	2105.232320468528	4997.45374385725	7.079581408627705
?	255.01220791312525	-1492.4772914126613	74.24917794778462	-87.93694107187551	461.25138136937477	-1979.6510957050841	2105.4767488210864	-1296.572288493262	17.38024620711884
?	219.19776698434464	-743.3890626846793	67.5811229996342	-46.540588401492066	386.55644104034434	-1523.8570095570262	2040.4037060438652	-7238.223020180024	9.227618739933162
?	217.84275477889142	-48.6062831830846	71.92214852771002	-101.92111493513856	385.05853089152373	-63.14472354743452	1743.5655978120865	-6998.755279782269	15.830490433241314
?	216.76745282519042	274.9474342151488	62.48506725287729	-208.1997129680403	383.3992048629726	2790.2789376146275	1690.465942054753	-8977.652391998563	14.863034010459685
?	231.5901264896488	280.228696530845	61.51216287930804	253.09468009888994	524.5724777722546	1907.0837500321034	1294.68297821216	-20874.624744316727	3.4815035433981145
?	230.77888765173262	-108.11790592024333	75.13980125782175	135.65370240700594	478.75339236457745	-2095.880420876861	646.7347048389204	3210.746387660313	19.230709610659456
?	226.18423119363666	-54.66674609177763	68.29484799965832	-329.4281832360018	419.7784567284119	2736.4729421704574	1455.220297595175	23223.670526729933	17.546015140468977
?	228.04555034714375	185.84286700029062	58.66839209602171	-49.88850449232803	615.5770394730998	8070.002340296727	1807.918231175413	-1886.8751217394467	5.3123867786128125
?	235.47637454365116	-109.83160092374344	65.80042277504192	267.4259783936608	823.2785737432469	-134.30264765609812	1360.876541508203	2613.9862423290833	4.452472108387204
?	222.5539703009566	-272.1659950478748	72.0396910157047	-93.12240838201863	608.861907090295	-4569.003888674151	1938.6175432918667	8074.370247344629	13.833540908544226
?	221.86807479125747	81.05989474715301	61.14430235594101	-396.8158949904163	594.8283793095401	376.3730053323038	1764.595053875433	-3555.386156666131	-1
?	226.60696503831423	-4457.361495825166	52.19889626618396	-245.11697630138147	627.6805573569101	1253.4517863096949	1760.8482354585608	1909.3677594364476	-1
?	-1	1061.6451492526544	48.88845354087198	306.5628630930125	657.5009686250246	-2394.616050313254	1860.063441847255	6223.9104702541445	-1
?	279.68922250094676	5394.035036690888	67.52703942083453	512.6871511353091	507.9497548412478	-3502.6206685251404	2072.043758971267	6271.369898581937	5.843250754600205
?	268.7017518345434	583.62226203252	74.52281109763734	109.38596581888144	482.3699351987682	-1623.890334571762	2173.631936776351	2468.6691181239344	15.333744043059472
?	308.87033560257265	856.52305744995	72.99633771177858	-314.02666385637076	426.75523811266	1225.1262490210204	2195.477214877463	947.9778929536622	16.480169374767197
?	311.52790470704076	-364.23011252601344	58.82147790481886	-355.9636650372475	543.626247649819	3210.983530621236	2221.0308314240337	2868.421916801327	12.634809181113997
?	290.65882997627205	-6250.558094140837	55.19815445991627	-86.60374498391167	587.3044146437212	1456.1196321158588	2338.898310717529	411.3398200868884	-1
?	-1	-5833.176599525462	54.491290655623295	-22.238199117118363	616.4322292556117	4040.093045224954	2241.597822428378	-1043.117534410916	-1
?	-1	0	54.08624450406035	-40.07301265574469	789.3090669049682	2640.3551502128225	2286.7424339969834	604.2608352224055	-1
?	-1	0	52.48764002283607	-128.15446354788423	748.4499867662523	-3992.2658609341856	2271.8108641894983	-1266.5033003533927	-1
?	-1	0	47.678521326666164	-152.54529765708182	589.6957738582596	1345.8189028960671	2223.417268979314	-2052.826028522366	-1
?	-1	0	44.860375139982004	283.14364536539205	815.7409319110554	6647.942211353944	2169.1695627633803	-855.1081647624081	-1
?	-1	5946.574649744391	61.835703594935715	447.40191151043604	922.0928844259556	-3246.845416292108	2180.661860741194	-1660.4478165892365	2.9264027015499336
?	296.3287324872185	5252.293174205389	67.23047071550373	249.89531178044604	653.3986610964506	-10269.498245149443	2086.147171933919	-1681.9708899876937	2.810271328373745
?	261.6146587102685	-1588.103489825529	74.33046918395797	-32.18500347367734	408.6179721684853	-6392.700260825696	2096.5633162418094	-1873.9231579787813	14.279925015900591
?	216.9235579959423	-595.8388015474087	65.62122054181987	-49.29115484005042	333.7636480551669	-963.7547282324726	1992.45101403498	-3742.792129254221	9.591320410248654
?	231.82271863289816	237.9695257426235	71.86591144195546	170.98609686867152	360.43023575686186	1265.189648979408	1909.423709779099	-3729.889712422509	15.895602320133339
?	228.82203428307344	-627.0712359744738	74.17052538525341	-149.1291790132652	397.0231305041371	-401.54234754534656	1805.9565284138553	-4633.858361074534	21.20291816606007
?	200.46915683417458	-486.37018915139436	64.40945249129223	-233.49477650071375	340.3531183795946	-2868.991607922182	1677.7307917253731	3266.5207146902394	8.711584137101363
?	204.5035248255038	991.6435232023055	62.495786560217766	192.83913576158636	253.5735501080285	1865.0909706486548	1969.2825641483666	-1575.0997980477734	4.690530154021356
?	250.05133299428968	1250.7644694631801	74.05140927937151	263.5371952214138	433.607666912027	4388.580259204875	1598.9758018229847	-7929.756470381136	16.310837532277354
?	267.0417482986626	437.1403484480588	75.67264632128841	78.81528924105425	473.00256306827146	-1838.8543306531662	1572.7947406293113	4665.819748432703	19.40742759133517
?	271.90835041669254	-44.35079597031306	77.99217374142421	76.4261688608738	341.66495037936903	-3575.396944740728	1832.266789244619	11139.518047745749	18.12867736986671
?	264.82420850014694	-204.96342612845257	79.49395476433209	-58.66656848634185	294.2327158312357	1803.1686723726336	2129.7706430165968	6093.396650168906	31.151382922060172
?	261.66017911026995	-446.4869458186864	75.05884531710713	-84.1341941278259	431.8233839980004	3623.940805306867	2136.9366217530633	2251.641875955983	18.677594676236218
?	242.4998612092127	-815.5554407747667	75.28724505794081	-3.355420086563482	475.4297560965784	184.6043505625955	2242.3527368143955	1015.7205750004268	16.749850270069807
?	220.88240707153176	-619.4050193057511	74.89107431277895	-34.579181808733615	441.05360152613014	1305.652733392493	2187.7226505030844	-4779.26474650293	15.0572796520872
?	211.52961024392525	-427.149283641164	73.55828596750413	-137.32220851766292	540.7123927662028	2407.618808416905	2003.3894994892498	-9792.27316273876	12.148552972998406
?	199.52494288947364	-142.64042229248895	68.02496388689583	-367.53787522299945	561.434541946975	1149.5871674618156	1698.1089923661482	-1091.8485411368595	10.035889566276792
?	204.39758912930083	1574.5227940118746	55.181392206354225	-149.3483056314194	598.1917511392934	-1443.842994424403	1948.797072432407	-2363.424556092895	-1
?	278.2510825900671	1713.9698191882767	60.55754860532489	378.49054043583754	489.24239222575505	-3621.3664229491646	1579.9377645615039	-10310.480237710759	5.401806027782265
?	290.09608008871436	242.76258346202297	74.10591922814604	172.68808259078403	417.1234299918358	-2644.2413046633205	1433.273060546871	2429.513215475567	13.51337618562739
?	290.3892117631682	-5821.921601774307	69.19195273486406	-199.47637092086964	357.0303269925895	2452.043201927997	1701.4134253352818	7792.683102002084	10.795396737460596
?	-1	438.1823498636747	64.13210068210259	-80.8128603924689	539.7255900882352	6338.339499652948	1822.9072156469738	11184.146070837664	-0.03583045680037006
?	312.29832925635185	5759.091757743233	65.15130971524063	256.829740500121	673.9473019752358	-4841.945378975697	2260.620728877163	9771.441281645191	1.675368389355871
?	286.95458788716064	-1271.1486821454127	76.97358770710859	91.48390144049135	297.6283211394512	-7408.677352839057	2311.4792797292316	1427.2228504660102	14.58171476450434
?	248.74089514908144	-743.9528746523374	69.72550478726518	-108.91461082847921	303.51343433328424	-731.2614317855495	2331.981871400463	-1868.589273330824	12.25025239567086
?	249.7569441545439	-154.9932231276142	71.52785716568465	40.97827047183657	261.06524955017386	-972.0664854948359	2218.0498160626908	-984.0844812603554	15.60348457631196
?	240.99123399270076	-81.29676236959796	71.774418310857	36.03156377742961	254.9101100585426	371.3844827042648	2282.7776473374456	2719.021943481803	18.821633702642295
?	245.69210603606402	206.83187243163064	73.32943535455613	-7.715392659264665	279.63447368538704	1238.6663760436054	2354.0009132367804	340.53927445395067	20.54491665021185
?	251.33282761428225	-194.20338180606973	71.38864867789377	-275.8455051519722	316.84342886072267	2509.936546542483	2299.804611060143	-2087.2481234968454	21.289669279813758
?	235.98193694576057	-5046.6565522855735	59.537160096957564	-369.24742078837556	405.13130101251073	334.4437619267817	2249.6385070619385	-2281.0038074642894	-1
?	-1	1061.5588552903594	52.92627763847473	186.13131082719767	333.565616957062	825.584949438124	2185.754420686927	-4029.6354322598354	-1
?	289.0598797102793	5094.167487731098	68.84372563831758	481.1903584052848	446.4105484844175	2553.551118701255	2048.156735448944	-4355.090767341505	7.10252815238993
?	253.70837438655852	-1275.9474664804254	76.98579555873931	218.4463264531195	461.24317289212655	-55.349341153151165	1967.9998823198487	-16846.32041557963	16.69977867426697
?	225.26250638625712	-783.66888432867	79.76604196097371	-153.41852364928351	443.6430814267599	-127.79284696606214	1205.8407146699503	-11735.777583635456	17.73752449345532
?	214.52493017012446	31.58550895023678	69.31486937627503	-441.27008441376717	454.85353054382335	326.16594600427095	1381.2110031380676	10133.921406663541	7.891980653665579
?	226.84178183376898	238.46017662515297	57.70253774028504	-268.3715583608142	459.9513787269737	1946.2374560171584	1712.5367850031346	12576.127004286485	-1
?	226.44793900138228	207.20741808677633	55.896291458234124	291.09231457677834	552.1654033446827	-180.20315499951806	2010.0173533524007	11226.734237333367	-1
?	237.20215273810794	-21.248814427327982	72.25715346912416	466.1707811533646	450.94122097699767	-1117.031888496665	2273.873496869811	642.0969679312702	7.285942124557553
?	225.38549828001587	-91.47415210049174	79.20483051590269	71.76505689235552	496.3138089198486	3376.4697661057353	2042.1222017489647	-3132.6330572848483	18.539784561588043
?	232.6284451330833	955.2502827590258	75.84540631374199	-102.13096961333858	619.7647092822868	3229.2650559712974	2117.2418440055662	31.266877468664926	18.51159998467299
?	273.14801241796783	2069.1566664802485	74.09828203523568	16.73851715254192	657.7770617184158	-1567.4907215248645	2043.685545622398	-3966.259585635642	9.055819075406923
?	336.0862784570972	1705.650713469599	76.6823321713691	-93.07851689009719	541.3901732060425	-3474.858320523767	1918.9288647237813	-267.25715945764097	14.184021897481989
?	358.430548091449	-6741.725569141848	69.44435619073076	-234.2872987177092	484.03414569222497	431.19419420399095	2030.3226876495157	935.9942726592866	9.348030467474194
?	-1	-7188.610961828877	64.96796723548347	-225.7094668455206	562.9498829162424	3639.7718076661563	1965.7285783567463	69.97370030905486	-0.1911660822223607
?	-1	0	58.15888284845457	-376.1201349301786	666.0227360755354	2102.5531924613433	2033.8213726649685	691.9467490164691	-1
?	-1	0	46.16196048897427	-145.46080896783002	668.077542539311	3134.6739848824095	2000.3259158075703	1176.662785053683	-1
?	-1	0	50.88584240006296	94.50466714918811	822.7564353196581	2832.1627215644894	2092.6545119176535	-2529.368254203519	-1
?	-1	0	50.887193846433746	33.55101178114334	809.6856786175375	-931.2942011337468	1873.8575030973925	-3964.947379252265	-1
?	-1	0	52.56339298912015	-15.141552385127495	776.1917252629701	-1872.9435465263243	1894.4071429550374	-2490.8715412587853	-1
?	-1	0	50.13011622717736	-130.87515735360455	716.03850129122	-93.74648279147417	1749.3139260344515	1286.0475077066167	-1
?	-1	4302.533198497935	46.01963512143983	288.83333701207135	771.5044011233963	-8500.992268082337	1958.7095183403692	61.833649632011685	-1
?	214.1266599248998	4975.062990525036	64.57178307778113	566.6373546041606	290.9888878870971	-8175.463420264586	1752.405608516052	-2187.1614518575516	12.520721029064655
?	247.75314952625533	764.5366803489309	74.35150285164826	168.78775752198936	362.7312301101612	3825.947241689016	1849.35144574749	5659.773396652497	15.29689542415468
?	252.3534939423469	-4975.062990525036	73.01117095388072	-145.49335985345996	482.28624997155066	29561.31632038375	2035.394278348681	21249.127740118867	16.519762515402572
?	-1	780.4931853488241	67.07683485897516	-204.43486810798	1840.7970461293698	18803.99625355097	2911.8078327534486	6877.39456845585	-1.6519015064214817
?	291.37815320978865	5544.9409109988865	62.78942754848158	178.49252971167235	1422.4860626491125	-27150.52832194042	2379.2640067714783	-33390.97786624603	-0.944718535312323
?	276.24704554994827	-827.5639260460869	76.0014613445589	297.764665643776	483.27063003232956	-16351.28498334402	1242.2589394411232	-12735.377801926808	12.663427528583352
?	249.99995690748372	-684.7559241899954	77.67766083067059	-79.56208992090211	604.9218134818999	1133.7591812973208	1742.4951166751289	13248.080593871902	17.145943705602093
?	242.009249340448	-350.8255262345035	72.02335684851374	-208.8687131256704	539.9585890971964	-4019.575850009391	1904.6629691347277	367.136780356813	11.954793888420252
?	232.4586805957583	-217.272957452648	67.23422517438692	-37.37370086832417	403.9430209814275	-4854.43039677396	1760.8519556929698	4664.730816893718	10.594723214152205
?	231.14560146781545	-29.245238720694868	70.15467180509751	134.69826940344413	297.23706925849496	-2634.3881664861183	2137.899509979417	11567.006871656753	12.43477834550234
?	230.99641865972353	7.2902370622818	73.96913864455922	131.3885309179069	272.2236126571197	2664.9049938145718	2339.2022992758157	2274.6689977149294	20.618324198792944
?	231.51011332092955	-229.86998763906243	76.72409835099295	-199.80839512809666	430.48231894922543	4906.777264023611	2251.632959865165	-10211.02208793313	17.0351652620415
?	219.50291927777025	-198.42215620762434	63.97871888815425	-349.54289050416946	517.5624758583037	2402.1735315084366	1828.651194879152	-11194.00750700554	5.262246716509335
?	221.5890055105482	-4410.058385555342	59.246953825784225	-251.26310291263036	550.590995524649	1764.6154820377137	1691.93258451488	-363.2222504803752	-1
?	-1	-4451.780110210901	51.41556374252255	-295.10742724214373	605.7932499601907	933.6687069174517	1810.490082355133	2934.9773099564973	-1
?	-1	0	44.49158246367683	-179.84410525108956	597.2744308705222	-1394.0144200043649	1838.681450012707	1824.521741143823	-1
?	-1	5028.7276517964165	42.423358479967945	469.65500400075143	536.0925289599715	1966.1362223566032	1901.7161694123254	5438.88486867781	-1
?	250.4363825898244	5548.534997574359	67.97433266371473	681.3207838324282	695.5812419883538	601.1161280255107	2110.6256934466014	3892.0703398482638	6.268364460851653
?	276.4267498787219	830.7420878057503	76.48939767158984	192.29663488202942	566.1483353612474	-7597.5287274354505	2096.3196864047413	-910.6675765293728	13.055725334527562
?	291.9734869801125	-113.41417002543447	77.58916440781634	74.46952693667677	315.70480561657587	-5567.749967393386	2065.092314620132	-976.9515336422362	20.488318309204853
?	270.7560413774501	-553.8576880319978	80.21287401842373	-41.102562158297346	287.76083699157414	3777.177286492749	2047.4721097226288	-1325.4351755926284	25.48576980370102
?	264.28060257851223	164.505570841909	75.53403629990145	-164.95756081296798	504.563669941216	9199.859890000646	1998.8205558404998	-538.410033997881	12.70859398649082
?	278.9813199195457	1306.4467028056704	71.96499597777522	-9.083238145492926	747.7538314916129	2880.7791721376666	2020.5516080227344	8.024654272776274	11.946009234536312
?	329.6029377187967	2042.7316820376943	75.07987439262679	42.69851945140996	648.6026285481014	-5761.491163129773	1999.2217885541386	-2395.721269940102	12.657422426376035
?	381.11790402143185	756.1307974161099	74.09992195034575	51.10161644454293	459.6792733351202	-5408.934136497883	1900.7655445257276	390.0868327031948	12.039910675011196
?	367.4094775896027	-1526.4274835679737	77.63495521485397	57.815759014706344	378.1559217232034	-2190.2463702395457	2018.7261301892986	4984.445966185919	18.485101245566547
?	304.7965298430321	-1968.6200349469225	76.9907099010811	-67.56219784029742	350.16695482314134	520.203803879254	2149.987842835027	3353.714546290173	14.045929845220035
?	268.9784758422552	-1181.7552783016665	74.25684532283906	-46.39720087710449	404.16611191716646	-448.2026186470641	2186.4118575038096	1489.1195633816249	13.300819855474774
?	245.70876592794792	-600.5318443467456	74.67084985722585	-5.762195358955953	327.7568238907878	976.064210069379	2224.4438210041094	1925.0884420548573	18.597938197687583
?	238.95188362491749	-285.33517453966505	73.96873555489125	-158.0408470877916	452.9693224206361	1957.7888611382623	2282.666279606554	334.3855816806215	13.378227336626438
?	231.44200720096447	-184.4333871549744	66.76880750283615	-372.8798754730938	425.6462669477023	123.59392905759984	2241.1631000881407	-3376.684177990189	15.736681328009498
?	229.73021426716863	-4648.840144019223	55.3247417812363	-78.48409882270377	459.1490188735162	1063.0455047662142	2113.832070707042	-4752.78522408577	-1
?	-1	1149.0363053720378	62.84460256170091	246.30679657406594	478.7985421860138	371.8505287818793	2003.5238388838488	-5662.128970819019	1.7526783873075171
?	287.18202953577133	5541.834890521401	67.64008160993977	158.29706883933486	477.7415453126104	7443.910905512577	1830.725622166087	-8461.90124969836	4.1818614565333485
?	276.09174452607397	249.6849258343012	70.75945600366777	-28.044461890452112	850.994087461648	3251.6617581471114	1580.4287763989248	-7466.6410965271125	16.071201884059427
?	299.6662758274866	2265.7434030013096	66.23785851541715	-250.56149993146377	640.3246332199683	-4255.939792161793	1457.3935673397261	-907.5696126686315	13.25895237114555
?	389.37891467614105	-6013.325516549646	58.2313810070944	-292.39965683556755	638.1970978535553	987.7962809777542	1535.0502957654926	2543.7516917039015	2.0531537367583477
?	-1	-3192.680978523572	51.61787567363856	181.48925203955142	689.7144472688567	2475.351135623645	1584.581151924923	5060.751489303667	-1
?	229.74486574996018	4668.28772326049	67.3058436090721	437.65464828920545	761.9646546347393	-2368.2576686598036	1788.0878702306795	5653.314931801553	3.4738062326339447
?	232.4143861630278	-22.06124514277431	73.50060808809914	53.0994811093846	571.3015638358648	-7579.296595960602	1867.2468985150047	4152.580858727542	14.610577082742589
?	228.64180349282145	90.08526867339455	69.96081766454137	27.159871930235692	382.99982483670385	-2394.3454042683766	1995.7169131670596	9294.466376373193	14.237274415410358
?	236.9186495966976	98.31584887507094	74.85860168461095	-182.79441801984416	451.5842936224443	1500.6211073076954	2331.970217333671	6451.289715996403	22.703178039002843
?	233.55759593657507	-4758.372991933885	60.82109676354903	-479.2124991669209	458.0308802020897	1372.133949480327	2318.2813989668844	-6102.384611314501	13.573194374694587
?	-1	-4691.151918731434	50.89797672626456	-123.10916647406212	520.1909910964616	10659.168739008768	2026.8509867679415	4342.929241893518	-1
?	-1	5382.972903216167	54.665638439845836	319.49083529046163	990.9893171525356	6011.971723676607	2535.4278610615634	12579.524756823992	7.0647393533887985
?	268.1486451608122	5537.932125152893	66.87251849078787	390.8567179369605	820.7895772802963	-13921.925297714808	2655.82722460915	-786.3736082002904	15.191064148776924
?	275.89660625764856	1203.074239654594	74.20847433669414	-10.735480704414744	294.8930522667853	-9537.663834644207	2496.1091806515483	-5501.283410284745	25.77620593279775
?	328.30235714354274	2464.77775725754	66.33574445556712	-341.3141825532837	343.9063855480792	3678.036805772396	2380.763054094909	-5762.843778775605	8.857517716182127
?	399.1354941205273	-1971.9234716975743	57.14276520902971	85.83265524607745	478.79489255540767	4933.235118685572	2207.966991712764	-5882.282713389557	-1
?	229.70618355866262	-3451.4085942605825	70.62737721787106	319.884425524581	590.5681414823613	-1467.9072433429549	2086.648918425427	-5332.4469491397185	7.32514291819554
?	226.56506440749573	-171.406412225824	73.13698648525899	-95.40634226707518	405.3995303882589	-4720.775527987643	1941.3446442557743	-2663.1737685980293	17.03424465562147
?	221.1358629473713	333.38271220622613	65.85706010451723	68.93819010253155	354.5293650829758	2014.8227000426025	1953.4902299955236	-5110.352535059119	10.720155828867382
?	243.23420001780727	600.2346917354998	76.58389599038561	33.536252795882525	506.14066539039044	2628.9958295493307	1685.8270175028147	-2153.765654088908	16.08394780584576
?	251.1475975341467	54.94950941136018	67.53387274431138	-418.2362499345882	485.9791565604442	737.9230373205994	1845.8019472910767	2042.0547128535763	10.000446240805088
?	245.98167548837532	-5042.951950682863	55.672083493655904	-202.42892489844618	543.0368172564209	3229.253901425153	1787.929753145495	-3665.3423800433416	7.5997215082268745
?	-1	90.47859940070154	57.41242649938893	256.1565609274027	647.4418516317041	4663.149852971751	1662.534828288907	-6691.98189375531	-1
?	250.50560545841046	4667.788714800715	68.47991154002622	269.8211519197615	776.1943099050118	-2785.0388894662424	1453.3306584577247	-6118.766731832119	8.05743763333012
?	232.38943574003906	-486.4823958474931	70.9034840953772	185.22485749188567	508.18990715839004	-2692.1380105006374	1356.5964916972966	6953.7498936931215	9.266510626212353
?	226.18148566603546	-301.6664835786898	77.74115441462064	54.644404374109364	641.587409379978	-29.691895481267498	1801.0181531423857	14119.409305129257	14.792356735339798
?	217.30611156110436	-675.4831401696926	73.6357043140827	-222.72113674199997	506.70531238432665	-4251.192301219254	2062.5669569537695	5509.156080948832	13.960508055816835
?	192.40732865755035	-676.3826242493309	66.60509757752048	17.53269563917403	429.0277943190123	-2706.624211698542	2076.475957189831	2250.545277040924	8.83753302526797
?	183.48698034863733	-216.79124234363007	74.51233909604142	-55.04004813581311	371.37410179939764	-808.7061946420248	2175.0942208058173	542.0847964704822	16.525513186784604
?	181.5677665403687	-55.943455778529824	63.85309517072979	-377.13833651687344	388.5924845869105	2161.749190464878	2103.5801970133557	3668.171749875312	16.251463772400058
?	180.6898075597108	-3651.355330807322	55.65542227019748	-191.67297637977424	479.4615613226431	4865.166924295855	2358.5028082995855	5156.929919779194	-1
?	-1	-3633.7961511941644	54.26944635174094	-12.329086392023038	631.8508308017067	3796.6719172097787	2361.426693002319	-713.1102537469077	-1
?	-1	10442.234803628371	55.038967950596316	7.743151634105661	669.2951571831347	6703.332236790211	2322.8472956122396	2088.1891113307643	-1
?	521.111740181426	10442.72102272525	54.65660393344623	-62.44269000972562	967.017442641222	-2719.6612441702496	2465.836148568859	-1641.8382309953306	-1
?	521.13605113627	-10442.234803628371	51.91683345010999	-30.90823830946958	533.3120949746203	-1531.167679095191	2240.755384062472	-5521.312464099377	-1
?	-1	-4727.424715690235	53.111192017972726	231.17584557640524	890.4590586864614	109.74679843031325	2189.770525363886	-3380.2193691554266	-1
?	284.7648153517549	5042.3614295867355	63.47562572893042	449.72568401113637	538.7994348961361	-8624.64071689889	2071.744415604698	-2527.6337131762652	2.21039198957848
?	251.11807147934036	-953.5238409741704	75.59747621852986	46.361029968819075	459.22702284151075	-2121.646117538166	2063.388839705071	-688.8686842376994	12.662182289170797
?	237.08862330304572	-217.2016924642745	65.7936772273714	-350.9294946085987	432.71712901922626	1540.8404538139027	2037.3009813928127	1250.0363993273281	13.58492090975056
?	240.25798685612648	725.4876248382435	58.05100148809968	-10.996978734343216	536.269045532207	-426.75807336088684	2125.8906596714382	3275.6566850419804	0.34909925498044336
?	273.3630045449584	1199.037522824816	65.24382829065424	383.20251258628457	411.3792253511816	-4521.4114577399805	2201.083815644914	967.1121306067879	14.495474662145805
?	300.20986299736813	554.1253171540599	77.21112711741418	183.6194023851396	310.19847264520473	-1341.5322412646005	2174.2462662017783	-572.1723404550185	22.265213187743562
?	301.0692704026618	-227.04040616865785	74.42479840991135	-147.6953287399083	344.30261328795063	1516.9419582790624	2172.4751986221627	-1114.602230302528	17.59718764169258
?	288.8578426889351	-368.45646470779616	69.82636068041866	38.66713941749767	386.04557055915893	4575.852228657203	2118.516154686651	-2925.2674789889847	11.211010553929942
?	282.64644716727173	-341.7163642042303	76.35815538078626	8.431721553114807	573.095224720814	4719.510670993323	2026.2118246727114	-6996.3262931674635	17.062734039700324
?	271.7720244787233	44.168328590529256	70.2479467580744	-349.28898674480354	622.0211041088285	1893.0399410297086	1768.699840028273	-6706.171711546558	12.951985541358207
?	284.8548635967982	-5455.440489574389	58.89370604354583	-380.05507325406467	667.7472217723008	2695.5143547734547	1690.9032390953787	-2443.790665164008	-1
?	-1	-5717.097271935883	51.2451930953709	-167.3527259552559	756.7968218475031	2054.7058758727785	1646.5103067700709	2729.9825165845664	-1
?	-1	6140.124652025092	50.52606974578292	365.5848862598916	770.4825155659412	-5890.503514013744	1827.402364924609	9957.536731194614	-1
?	306.00623260125894	5475.637504828981	69.52443740836574	473.60293985714986	462.2716461468117	-5504.386466618353	2144.3871433298086	6898.110946231897	10.977163862320396
?	272.78187524145295	-1603.227522129439	74.20621673864075	-36.82645703225067	495.26319223501963	-1201.3511367798935	2172.3079122362087	-2069.02511367284	20.621937039862928
?	225.84485649478586	-1191.2959479127842	67.68311455675318	-99.31051647515149	402.20408930781616	-2331.793501969895	2040.9358876461652	-8832.65551616854	12.636179058358326
?	213.2170778458129	-421.15458083977074	69.2406909148831	-68.62131242532358	378.67351713652323	-414.43611181593815	1730.6751364277754	-9604.111348196038	14.956657939092896
?	204.78712745279702	-4284.341556916197	64.25204893548695	-288.3584750190251	381.48228371701896	1633.5902713136961	1560.7303202363564	351.13946342787085	15.9003467137805
?	-1	455.5348678288883	54.822767163931644	117.37554568591553	460.3530307022092	1509.9472516878088	1748.2321095991692	-14320.410923338224	-1
?	227.56387084424176	4478.605687621788	70.12082621978281	305.82000901112445	456.97964630141047	-159.34454684709294	844.7097740694351	-18815.576429104447	12.613919625082502
?	222.93028438109258	-60.39789688738977	70.11376761448808	-210.9629757835846	452.38580335985444	1094.9925434380752	807.4532881439336	13570.753614966314	20.834514512542345
?	224.54397599987223	166.66139655354917	59.572677430603434	-219.3036309142785	511.729273473315	8867.147872322797	1523.2474548177604	25209.8163557581	-1
?	231.26335420877015	-40.78447005867871	59.148586068774	200.66025528362985	895.7431969760006	2126.8522303441778	2067.9441059318565	2867.672337994686	7.238396447500413
?	222.50475249693827	-617.3708181686042	69.60569019478507	-33.18936020336561	618.0718849905254	-6921.846853765668	1666.6310717174968	-7692.448696585534	12.46396961498241
?	200.3948133003395	-4470.095049938702	57.4891180586057	-323.07075568129784	549.6508542877123	-922.9082066894904	1683.3216711025743	596.3422072471991	6.762971031036304
?	-1	-4027.8962660067327	53.45215241071995	-122.96878235288442	571.9264746560502	1464.3390750874228	1696.4481820798571	2740.6949019984286	-1
?	-1	5722.293372144828	51.34067894096139	346.28306182366845	622.8678080420845	-2527.4611135042965	1820.3564162024977	7514.678057127838	-1
?	285.11466860724545	6041.713271706779	70.76630550190362	401.40261959991346	445.5534189808336	-2430.8103905878916	2072.1820849362543	5554.725237466194	12.209870530159675
?	301.08566358534324	336.57225913599723	71.41080992095735	-222.14588917894116	501.32728851268814	1458.5969153661288	2098.0926780758114	-148.13479513629107	18.241668985384038
?	301.94328156404555	-0.8305368757157676	59.6590110429564	-424.6435666676448	518.4832647491411	1049.7305491320103	2064.7753451794397	-147.16088707274838	9.026257415368612
?	301.04413674155745	-102.74722680007439	50.178631587574806	-154.7278245192886	553.8138159692894	-486.1235151340553	2090.734633722174	-1612.2068546486842	-1
?	296.80592022404176	-692.1653219909186	51.92261981699186	401.16150906561967	494.177088992438	-2805.885770148425	1984.1650024470043	-23415.360942398387	-1
?	266.435870642011	-1100.410977972812	70.23670704085608	350.09679993722244	413.5195274618662	282.58978543305994	919.966586602238	-22850.56875105431	14.32112665733275
?	241.78537132540038	-802.7379943067149	69.42745981385323	-44.39067309065984	508.3065782640912	-1512.5054922340814	841.6365648942727	12580.168688281956	17.15923086342188
?	226.2989709266747	-368.3361136960484	68.01717338632305	-206.68242527357668	337.894252850161	-3064.4158117365027	1548.9750210163447	23536.98544213213	17.83379103588124
?	223.3685656405977	193.09249962886904	59.09333855017425	2.2279221730044836	355.08578767726385	-243.00445922852867	2018.4858370008958	-2032.6202608263004	-1
?	235.9535959081183	872.6263949035628	68.12856949497328	301.56585675144754	325.7440298887344	-1624.3106687464826	1447.3440079750283	-23042.640789013312	16.42403407313971
?	266.99988538577645	1501.1879196931934	74.17163138774684	170.7802526147826	273.87025423993856	-26.0761528587428	866.3537975502138	-8922.564648557349	20.309167721994545
?	311.01299189277904	1807.6612763101768	76.66758212571253	135.75209133334772	324.44022224579726	1698.4040667322777	1001.2157755471545	3962.1764082934606	21.410482530514294
?	357.3829492012866	1054.1928037781665	80.95923595441433	53.1825232907202	358.79045757655365	965.0509328882002	1064.4626179648897	7782.76274631212	26.642074327867032
?	363.7226320816881	129.39943442760793	79.32670829024858	-280.8774355655086	372.69276889020796	667.9521516476879	1390.353912862766	13303.908288361807	25.325491342103398
?	363.85292092266707	-1204.1022775198417	66.9153641761387	-353.20669161756524	392.1880651589385	7337.605396977938	1729.6580323829894	11441.664529747019	10.297619790099839
?	303.5175182056952	-2332.1703389517043	61.66637370937006	113.90178020386466	739.5730387391101	3894.8892866731267	1962.437139350125	-2017.541157519448	2.1594825670105093
?	247.2444039750802	-1706.225681255395	72.61045318633201	-8.559879870111637	586.9325294925976	-1858.83881854652	1628.7809745070156	-5368.121287020159	7.418758684609476
?	218.20623414292422	-37.6378624276828	61.238379715864475	-315.020680248227	646.6310978117828	-1071.4040885043694	1694.0310749991133	925.1555628669671	5.629529032048694
?	245.36251085369602	494.8666112628391	56.859419173920436	180.15110149239106	533.3623250673784	-4007.5567318893673	1675.0387526503646	-18072.1964892213	6.659057762397946
?	242.94956470606652	-393.7315103863052	70.24593479048416	174.81848896230042	446.25326121731155	-3171.842319199289	790.4212505380355	-9913.96752287058	16.849573306494268
?	225.67593533438048	-131.8555839745373	65.60034362203558	94.66325242855653	374.7702091074117	278.09236644533996	1179.3403765068285	20550.711793508934	10.224239163060735
?	236.35678550733957	-41.838906769755766	74.97909741191205	163.17946132956928	460.15787953957874	564.4429081647114	1817.9568402134967	15096.558437293397	19.272656948635024
?	223.58398999589267	-286.72414495473663	73.75931668851416	-31.57601589719645	402.99235451564766	-1673.3545673564583	1934.168298371509	-9432.911191546484	12.294253688973205
?	222.02057825960253	114.09703858962482	73.4002966170522	55.94379048599512	376.49015117175463	-1351.9032257094036	1346.3112806361657	-13706.13752337395	21.036846233330245
?	229.288841925374	498.22400743730014	76.55650621281396	91.35217375778707	335.3971932301765	-952.5058674082085	1248.8614222028018	22765.369758949528	23.71608804101079
?	246.9317786314679	1165.7731887245268	77.96790530494162	10.563399522809922	328.86485780134353	1086.3214764173772	2484.5797685836583	13417.62239105372	23.133377541746267
?	287.57750136160115	1650.5386463490365	77.08467618895446	-29.801289872060725	389.71326705104616	3277.7599579336734	1919.7425417554973	-16843.033727630132	17.532599654472175
?	329.4587109489209	1035.9895075017278	76.47784081133857	-50.01483062764507	492.7528556980295	3277.227619843067	1642.4280822021396	-10406.797506009936	18.332642456437366
?	339.3769767366883	-303.1122020045452	74.58393465757217	-162.0092095045936	553.5746480432018	689.449736214812	1399.402666454993	-5447.788645246183	20.979038620841322
?	314.3031008486934	-636.0140640558927	68.37738033610877	-175.97119597906845	527.2253425087706	-336.56760463089745	1370.0386499398267	7217.170917193022	13.150149436243323
?	307.5762735338932	-812.7179147510171	65.78537485861862	186.2450990797105	536.7462678116567	252.18544615118032	1760.2612123146494	13427.088569930575	7.6890257720433555
?	273.667205111142	-948.953320038271	77.68963529009443	-2.061356631669155	539.8346148163298	-671.5510412564454	2041.393078436365	3832.9718294959684	18.20727127681657
?	260.12860753197896	-257.93278080752293	65.68230702703517	-263.0519383777118	503.16871574883396	1812.6995976248616	1951.9098037894505	-4278.52463880691	7.420125206176803
?	260.77056607076565	-494.63055849977513	64.53703837120865	163.3871725006531	630.4695946975742	4976.4358021533235	1827.4668464960164	-6704.257857940474	-1.872417166763857
?	235.39707960698985	190.3473897023305	73.85166565206794	-39.476449875260336	751.9905058565037	3067.9660753277535	1616.696910892422	-3418.646181960609	14.672342146079325
?	270.2879355558823	3215.178776062199	62.56321587744561	-308.56958086483957	783.867898463964	1341.0858421297726	1656.5345373979835	2105.9769497705265	6.950643959109405
?	396.1560184101021	-5425.758711117569	58.42318660882574	-182.72429531971423	819.0447979629932	-231.947684159942	1721.9957583809498	2161.6879475568576	-1
?	-1	-2776.5350781826673	53.42700111145977	50.883459468110445	772.2705142559668	626.7733872783563	1764.618934775828	7419.646719296642	0.9463071531949484
?	257.32926450096676	4958.431685107076	60.967359582231296	351.78698949638516	850.3834673269115	-9640.871753750189	2092.978094345787	7139.710607272639	1.0577392952106681
?	246.92158425535732	-95.13259868815659	71.01635058627927	216.7926392044476	290.22692656845044	-11238.80151375019	2121.604465139465	5899.860732391106	15.729147496123193
?	252.57263456655886	686.2885093336034	71.80699154245383	74.38911503072185	288.44339163939395	157.79788279086463	2387.9711309653467	4529.752366430311	23.247699148639462
?	281.236009722038	1444.9949508023371	74.73580633781542	84.78052203583768	298.1168207079938	942.8618495877375	2348.0920834609838	-4513.35243091689	22.587605708810266
?	324.8223821066742	1045.300388320993	76.04601764424562	-38.98680679842529	335.5864841187798	4070.747598870555	2162.303509419507	-2073.6016144050677	21.238388854911143
?	333.50102913808837	-448.7865517411426	72.78646599789413	-313.91233919300356	501.65420065152443	4742.61212866617	2244.412002740729	-8330.840615901061	21.9063923684589
?	302.38305451961673	-112.22273328583424	60.35040068459522	-342.22109771518217	572.7170905520917	1940.152814433038	1745.761478624448	-8565.819107565418	13.014522722156672
?	327.8898924737966	796.7268640653379	55.675411112134775	-116.50111704055949	598.6618413731777	1886.3037309504311	1816.121047362452	6588.629672560625	-1
?	342.2193977228842	5047.221774319391	54.525344832567164	44.35863781432325	667.0322770996146	2427.916177511442	2075.192962252484	6062.49716359262	-1
?	580.2509811897697	4613.304570649439	57.89334300285097	-20.504514767897454	720.0576502487515	869.7234870385695	2119.2459055420873	2417.797200609477	-1
?	572.8846262553594	-1497.8208398223082	53.50011909417228	-107.9607352625921	710.5184514515437	674.3315260374693	2196.0828222829596	3328.120063471577	-1
?	505.35993919865325	-11477.692525107026	52.49530623972129	-132.07073985010564	753.7742265506255	621.6166650873859	2285.6519087156685	-705.8286618229513	-1
?	-1	-5464.524374086136	46.8965821016669	146.92066992174978	741.5992847059134	-4481.445055197673	2160.7913891918115	-4556.53431527814	-1
?	232.13372049434255	4612.286733174313	59.84133973580888	570.522594840319	529.7019737907386	-7057.66332590643	2057.8251929517583	2815.769522012557	9.308958244517296
?	229.6143366587189	136.64263522292833	75.42271184368326	388.7072432596702	388.7161184105869	-1500.9004893156352	2301.5798652924414	201.4968425611158	13.870972084275277
?	238.96585225548907	296.82055396565465	79.27670189879267	59.08380727018597	454.6569493249558	-739.3139094295416	2067.900035079814	-26033.729931074424	20.646510036002258
?	244.45536435700186	34.12576613177416	78.3769022071926	-41.44243462898542	351.7504229391093	478.82450884944546	999.8933687387017	3844.957849623479	24.12199394136633
?	240.6721405620778	-139.5895435161097	77.20458016734337	-118.8391197777071	478.5981747674284	1548.0492433277193	2260.147927560991	24991.635653309422	17.67991164179277
?	237.47588718119627	3693.556274651785	72.43494621830716	-272.72504174862047	429.15288510549635	-113.11707293291828	2249.4751514041905	-816.4134688846909	16.910091527691485
?	425.34995429466966	-4769.517743623857	63.56832807991215	-190.61823736132922	472.9423211207824	1281.468313625379	2219.3272541167557	-3723.921153497906	6.981970115394204
?	-1	-8526.999085893272	62.904034350240565	15.955116894112734	493.2263007867662	10207.904283557114	2063.2790937292925	1560.2212559123705	3.634470922825369
?	-1	5075.34628433355	64.3660839246178	127.8091364417536	983.3375352986454	5069.687696231128	2297.3383169123754	-6140.459358717943	3.0690942761244036
?	252.76731421668111	4982.2769804756645	69.29449117232834	166.8013159873711	746.7106855983262	-5087.022785864816	1756.256125793391	-16626.85016727695	6.189526478118677
?	248.11384902378677	37.492985708624396	72.70614972398647	24.548046260997516	728.986396005401	-53.36730152319357	1465.9958085485162	-7473.502534163884	11.053891365222698
?	254.64196350211236	237.05815328867178	70.52189348537823	-50.66095997739935	744.0423205221665	1537.83385802962	1382.5809990851915	728.0332618909857	15.453663403575927
?	259.9667566882205	-114.30629926428546	70.17310172511647	35.014286162533566	805.8780889068831	69.84736479703443	1502.397471643066	1921.422780985522	16.236589066100038
?	248.926648538898	-685.420039156392	72.27260779350493	80.1626790506981	747.5346887620183	-4180.15409355929	1478.652138134469	441.72238487856987	16.360433656281522
?	225.69575473040044	-655.705007448826	74.18123567765143	13.68178304082827	596.8703842289157	-5893.680699121043	1524.4835908869948	-1591.5157876124842	15.078467759132717
?	216.14139816645624	-213.28872900708726	72.95669694554636	-48.845668193578874	452.85065380596194	-3219.043903069266	1399.0763487538436	-5603.823369609992	16.637772375628877
?	215.03131828004592	9.894547246777707	71.73895226797245	-16.446253778990517	435.9181890754501	-484.5342869231592	1244.2924224064911	-3451.5387759955465	20.09052906870129
?	216.63612552879513	150.0891576413575	72.13438425659682	17.17708752393808	428.62393945980364	-499.7168667719629	1226.4994099540638	13609.252775395233	21.997683804579133
?	222.5357761621139	232.50782274850746	72.59780664416937	49.57791266815307	410.9323457368516	-916.9797737200764	1924.7550611762624	23097.82468801692	19.018434110695782
?	228.26151666622067	114.96019545695908	74.6132798900045	26.66839740957632	382.77495077379916	-2322.815089383032	2381.3906443549263	8773.41024930998	24.85787723779418
?	228.28378593496194	-218.1116589687676	73.9312265146482	-214.16579431783597	294.7915912676983	4667.02076151081	2363.4255736417676	-6807.258099583104	23.220837272444307
?	217.35593371778214	162.89326955678231	63.904990174112555	14.53653638407993	616.125988849343	3242.377710902635	2041.0277393757663	-26639.615634602153	12.97436600470878
?	236.42844941280117	421.5211904546257	74.65805333385221	215.89229859188384	456.91047681283237	-3487.360607099699	1031.444791911641	-8839.973649791315	22.25040770865267
?	238.43199324051372	697.238589608991	74.6996051037069	-28.24187443265333	441.7579584943556	1166.6321685620817	1599.0290568861942	8383.476391771737	20.13419520144287
?	271.2903788932512	845.6421356339432	73.24595961221952	-173.30200414036463	515.2420852409373	54.46292479654894	1450.6186115002338	-6027.675902635802	14.07726951761207
?	280.7141000222115	144.11682088030966	66.03450489668855	-356.86644608325713	444.4811047341831	1119.2691953736175	1297.6452617543998	3735.5408935222763	14.131793368498704
?	278.4962199372668	-511.4375719729794	55.40263730805641	91.90293241240948	571.205545009619	3359.991144590706	1637.3956561763503	12841.534896623229	7.133079514692033
?	255.14222142356215	-1068.244974275171	70.62965151730909	328.869798734403	612.4806619637208	2181.988886851644	1939.7220065855704	1351.0791860019472	9.33805108412285
?	225.0839712235075	-983.9315038909606	71.8461272447768	-29.86193442329139	680.3049893522027	-1962.1708750167243	1704.9496154764486	-4115.673243279631	14.347271387991313
?	205.94564622901342	-321.86278960274365	69.1365547961445	-383.2324503835036	514.3721182128832	-693.9594611718909	1733.938344421586	-4693.0986279799545	9.142277720105678
?	208.99083174337008	-1463.2203799501794	52.68450472560134	-137.09546539377843	645.6070162936077	2929.9340731204634	1470.2946840774475	-4024.9984530222464	10.287310984499836
?	132.7846272315034	-1607.4910970804813	62.281781526455475	137.18590503021733	660.8688218689084	-814.4687476384704	1532.6884217704708	13948.443251611727	11.840859975386572
?	128.61627688934487	-2675.69254463003	59.54379997711231	-121.6928857807832	604.8835789116836	1006.841753701189	2167.716846658044	10343.64055656439	12.811348916559943
?	-1	692.4276168502323	56.19713723741623	151.48068901801875	711.2109095539686	121.74149941013692	2049.8704495986976	-5081.321780136605	-1
?	163.23765773185698	3276.59781989114	67.11783442801335	455.0130798249251	610.9706538821905	-4377.752773393217	1913.65075765121	-6166.533562566073	11.143400155200483
?	162.82989099455932	-6.073402870145428	78.94779122866281	-79.35166589816178	492.32327088430463	-3022.550381424492	1741.5437714703896	-5340.038128598605	21.43962090385474
?	162.9339875883497	9.37390300124421	63.15025113310521	-406.3898194054625	459.84313481096376	-62.941464223792096	1646.648851221276	-771.5064617465605	7.7327927394533695
?	163.29858614462154	-7.440843156925788	58.628300258389395	-134.41350833460598	489.176197673115	4040.423032650535	1702.968448383061	8217.887003543285	-1
?	162.5619454305034	-3285.971722892384	56.42957571637481	-175.64492876879675	661.8642864434934	1035.3800957474311	2057.543201398446	3430.911048979498	-1
?	-1	-3271.238908610022	49.84605381994943	-149.51991342897017	540.9452024604873	538.9165825571414	1874.5140008320384	-4086.5043523031054	-1
?	-1	0	48.9535800449262	100.84196194701504	688.8101155713508	3629.341442470696	1853.2179837832878	419.99949367432095	-1
?	-1	0	54.888151917300256	40.01322239517506	722.4122745840247	3879.7704661476946	1895.5139755157547	2552.042631900026	-1
?	-1	0	50.95424116468498	-10.304694818084382	882.7986388787383	6768.696058983375	1980.820115378291	3039.5316974268076	-1
?	-1	0	54.37291717639603	60.757769533710885	1060.8470775331982	7689.638253586113	2047.4905603870973	5942.4417281856695	-1
?	-1	2303.3450685215143	53.99212964137057	64.77455290515287	1267.2805515580494	-11690.933655092505	2277.9422017875786	-4249.342819569723	-1
?	114.16725342607735	2304.2922490162805	57.61164482165372	132.78144621215742	476.30039477856457	-16606.388515227674	1835.023419408608	-9173.715888365729	-1
?	114.21461245081566	340.66907755326156	60.63120195197853	202.84958472325752	436.96112579665385	-1341.8157752475136	1819.2564073692856	2136.9127674496044	-1
?	131.20070730374067	491.79056679810867	67.75412405781674	209.55607448794723	409.20960601618793	-1605.7631955854538	1941.8690577810899	952.5785000713678	9.911351027103791
?	138.80414079072145	233.42996912237206	71.10900567637604	163.08605972680192	356.67296601738	184.64030253341627	1866.8853323728547	-2554.2945414647556	15.046473015915637
?	142.87220575985944	-10.106517190772449	75.90842704415695	116.32820383124374	418.4416211428589	1307.3121747998864	1814.1543307078502	647.8403244201717	14.720116554413233
?	138.29881493118282	-196.26975148931427	76.92541586793831	-98.08118389860087	422.0385747573753	2170.2729821186676	1899.2773485938637	-3956.6751134316546	13.361222599454237
?	133.0587181853936	-162.3843220797556	71.00436784922684	-168.18028697392936	526.9552702487938	5090.330757407587	1616.3205750362647	-9289.387209326396	9.560724477420601
?	130.17959882719492	-69.82788443163443	68.51640151924173	-264.97717973446606	676.5551126277583	1057.5349177951111	1434.8079881275373	1714.2306185183663	9.164132267973526
?	129.56732396381182	-2623.591976543861	57.75550886250335	-215.99684497936713	579.8320161385501	1437.8519939616695	1702.0321059621842	3197.247261535199	-1.3246521063916283
?	-1	-78.32562434700978	57.716559270273216	160.88114227765544	748.4477123258428	-2396.901922751862	1594.6703512042995	562.1177851364257	-2.650043522339037
?	125.65104274646127	2306.2727997680395	65.79956597638623	120.2056467218803	459.9869200009553	-6923.992597372372	1730.137995219006	4479.798789178908	7.839478922223399
?	114.31363998840361	-2533.020854929189	63.726841606367316	-25.287339368132034	402.24808245721925	8888.392899829754	1818.6602906632481	18839.090885519578	6.422881864310755
?	-1	-2306.2727997680395	64.53519900797961	19.594967494155362	904.4065649924494	24879.46213953177	2672.092539494998	22041.039988330278	-2.0607819634901996
?	-1	2983.7274489012448	64.7065899810751	-55.17856192695113	1646.2211894338254	18846.377587097628	2920.7122900797776	-3290.347361717321	-1.0614950412079829
?	148.18637244506436	2903.904321124248	61.77627091163202	159.75602257191582	1846.7254443473441	-23445.946412388166	2507.57517140913	-23872.169781421882	0.5781671031170728
?	144.19521605621446	109.33232884672934	72.694391109671	201.39497904163375	473.9238688144005	-27060.65509511983	1727.1038010086666	-9357.318965241188	9.86003236814375
?	153.6529888874009	377.15293136308026	71.84601986371385	-61.89468446003983	493.6926895913335	395.4401980589956	2039.7092231470638	12566.454293673858	17.34521513714355
?	163.05286262436874	138.44833439639646	69.59965688666897	-161.60768395762955	493.6958787173506	485.5275234714065	2355.4265156923684	642.7462333286712	13.949176565840721
?	160.57540560722083	-49.04325564539464	63.76563566583226	-317.6965082660938	517.9690657649041	-538.6928548948587	2071.846534813498	-5609.50914078294	12.848852194754146
?	160.60069984209898	-3231.508112144371	53.71483147336405	-291.2493707499783	466.76123597260727	1685.3313286652235	2074.9510586532174	1397.2819276171942	-1
?	-1	-3232.0139968419335	49.203167128333135	-127.88140541788141	602.2356321981665	4826.846972444551	2141.7106311943585	43.486380210278476	-1
?	-1	2597.8538900189033	47.32076120246989	363.3844269158569	708.1035845948383	-1693.5547371745574	2077.1253776637313	-3990.3089350000414	-1
?	128.89269450094702	2552.514391356184	67.37238847412624	549.8888861300821	517.5578953394374	-4808.103061367928	1942.1951844443536	-8605.09184600364	8.291094364447156
?	126.62571956781103	231.11333163324343	74.81520550897439	206.2064678090197	467.69843152643847	-798.861115052207	1646.8707853635433	-6777.5043979488	13.691933502629357
?	140.44836108260935	471.24201830677276	77.68271186457737	72.2392315756299	477.6148395868265	38.55124042145294	1603.3199645469087	-3791.149476195056	15.332222391552033
?	150.18782048315	914.239674618155	78.42716708775593	-76.69957152461284	469.62599354751114	-147.85832671860834	1457.3133115537878	-1008.715031004089	19.4691253885155
?	186.16034481351775	5676.646602962681	73.84773328834667	-340.7877687474556	470.221923250896	-511.2561853221605	1552.8842129967036	1139.7120250609416	13.622877475907018
?	434.02015063128806	5437.68887948002	61.38777865038291	-361.0299390968383	444.06318428140276	751.7122124015061	1514.2989128068357	498.8781508738177	9.16399782322138
?	458.04478878752263	-8700.403012625638	55.7962363335045	-203.84076007585784	507.80753387097184	3395.012457673915	1577.8281205403948	5969.43559963938	-1
?	-1	-9180.895775750323	51.195740646589876	28.006865211132094	613.8138071651009	-3399.0944655309086	1812.770692788809	4524.752499247105	-1
?	-1	2240.0678160642183	57.19657959406113	184.39075228474942	337.852810594424	-5529.3657582760525	1804.0657455027533	3237.695061486406	-1
?	111.00339080321251	2151.513658785694	60.41527826082748	91.74286532079887	337.3455192512944	-777.9535894142672	1974.6554458631315	1228.1565055051312	9.601552126145089
?	106.57568293928622	0.980818647991825	61.783722860101136	65.06615189263307	298.9551311237101	276.77143229261395	1865.4735707780108	-6321.318762796696	9.453089012711512
?	111.0524317356121	160.98880397365917	63.66858585545918	136.85980641122518	351.18409086592527	2721.1183107163993	1658.5895077232922	-12303.12363833228	11.711830721000192
?	114.6251231379693	-2.0721465865372286	68.62671318066249	-74.35259172658229	435.011046659532	7431.008616282177	1250.317388861388	12085.020143300091	14.132233100919047
?	110.94882440628524	60.66229200779275	59.95095626913001	-14.095297151257936	722.7345216800394	5982.637485436864	2262.8405148883053	2841.815720270511	5.398058654921195
?	117.65823773835898	-27.9593003093662	67.92194832309959	100.55093153066123	734.1429209313794	-1350.5538203980987	1392.4081748749156	-10491.635070871873	8.573907927222745
?	109.55085939081691	-93.54554727567668	64.97850284566314	-292.13703729033523	655.2068306601335	-1315.0173207890675	1738.2587613447042	6091.456284723317	8.352206559650478
?	112.98096037457508	-2211.017187816307	53.315096458582616	-265.77350915647037	668.3920548919251	6147.578577008531	1696.9809891110858	4700.944219995296	-1
?	-1	-2279.6192074914693	51.689827387839436	-60.79071232654185	962.5857595105645	1927.9909049707521	1973.3059723444724	3664.0109501390293	-1
?	-1	3503.553443035647	50.27556084225548	347.732828546383	764.7916001404641	-9009.488948236081	1880.18153661804	-2439.740101106542	-1
?	174.17767215178483	3461.543283553262	69.07646881515883	584.9578701283026	512.111312098754	-5740.537746108523	1851.3189672891435	412.2579082955677	4.577941501810197
?	172.07716417766557	72.74193018021389	79.52345434867102	90.78500952004659	477.7647128350339	-1178.3246522897311	1900.7944320328186	-2025.7317340809307	20.031604863127896
?	177.81476866079558	4334.230210037962	73.61571929116123	-261.88829238831715	453.19507948426656	-924.8911441248167	1750.0323805850956	-4815.518484491654	17.89745052411576
?	388.7886746795667	4030.4134473561385	66.42903972925498	-356.34026741841416	431.5201556287924	564.600479616788	1660.0185078082325	-5725.803065619399	6.302317411186859
?	379.3354410286054	-7795.773493591224	55.798705920240266	-120.8006858042725	481.42510346510636	11756.654995635105	1463.7422273041216	7669.959112547535	-1
?	-1	-5342.264158173368	60.38900543904127	39.223165057517676	1019.352905410556	5877.7934224107385	2043.5164634356147	10945.99448398382	-1
?	112.22223311993322	2203.0814079152283	57.75986417311618	35.91643197657467	775.3147745856475	-13277.599015409703	2011.0419515033204	-3526.355604258838	-1
?	109.15407039576299	-177.3162376685119	62.18482703787003	47.985837313226824	355.47295464006135	-8036.2565009473	1867.1986832226703	-2996.719266866715	8.458619889509663
?	103.3564212365075	-89.84497761413891	60.15915603877755	-61.69130433690268	373.50194953827673	-826.1089917326418	1861.2059881599826	3397.083713021695	-1
?	104.66182151505598	123.55797739960332	59.10026182102485	122.09344105021015	314.16750505342867	1124.4644091951318	2037.0528688737575	-530.350346269285	-1
?	109.53432010648775	107.30164852428506	66.26382809128815	85.1667959343019	429.7251699980341	2645.9660348365182	1834.688470846518	-7800.821357966868	9.374977772992839
?	110.0269039412703	-2210.686402129724	63.35860161774001	-251.991736193887	446.46580679525647	491.8138902004999	1647.0118009754085	-1648.0456593169986	7.401316338779033
?	-1	-2220.5380788253747	53.66424128159362	17.964527116425046	454.31586450805946	1432.100324366719	1752.2861878806668	9578.483648830139	-1
?	-1	2770.5753533435986	64.25682797356127	222.0875819153849	518.0708230135934	1512.7466543340995	2125.935983416922	3232.2120633352274	3.7649931614389986
?	137.5287676671819	2787.715269211955	64.76862037736302	97.15535416905713	529.9531972247655	433.2397282934637	1913.8967910474305	-16396.487155385516	5.497172391215308
?	138.38576346059972	270.48685433041396	69.1145956820142	85.69010668174988	539.7328094282669	92.4588553986028	1306.1116256476348	-7418.471475916525	16.6154600739529
?	151.0531103837028	299.49993732221714	69.05312571145058	31.730328954557027	534.5761399946957	-1014.1834472532915	1542.973217251599	9270.744776022653	14.085179876441114
?	153.3607603267108	-3041.062207674013	70.70111212974207	-265.19426043654965	489.02363706560163	306.8446489813552	1769.648864448774	2623.5028150540065	14.324669309879033
?	-1	-3087.215206534172	55.793412689622905	-312.7731249589082	549.9183724437637	4292.086366306019	1674.1483580043011	15129.71470938191	-1
?	-1	2057.191531419071	55.06245588179644	28.890487436525675	703.6279553809056	-3516.30975155384	2526.13459991788	8193.078568778179	11.283009140432767
?	101.85957657095501	2010.007395142905	57.23793706144921	-81.84134876763804	374.1028848660692	-6683.004023542382	2083.802286443216	-15276.687508228326	-1
?	99.50036975714667	-2057.191531419071	50.97038844341448	-137.0371956150308	369.4777542037818	4190.361697630221	1762.300224506453	-5197.9745423335535	-1
?	-1	797.6354507120095	50.38607728069757	216.4016044912639	583.6209697475832	7697.09095753397	1823.9035593265346	3737.5815702521472	-1
?	139.38214229274772	2667.2120266084667	61.79046866797783	357.3506819864686	754.3323020804858	-1719.5830704423151	1949.1793030190631	1198.2025884012057	9.05066653864369
?	132.36060133042523	-216.63869643687838	68.25361138002126	142.90913253419984	497.64181622546624	-4765.592441392803	1883.8136887465957	7277.964439326625	11.7845686962407
?	128.55020747090364	-48.40452809160342	68.93592529468792	65.01333109578262	516.0526800108422	1369.4851491572533	2313.0775249853996	6455.802693167415	13.729468599535172
?	129.94037492584502	5524.0659100159055	71.50427793481043	-24.91583808784746	566.1160736833299	-246.48935432479666	2206.603823404971	-14327.044094694576	18.408098210802997
?	404.75350297170286	9081.003915459165	67.69013339029553	-183.34988945101907	503.7282122946022	549.0740203786198	1596.7253202506606	958.1415717175014	6.676146797879133
?	583.9905706988097	-5712.354360856374	62.33678346225935	-25.38290585916534	593.5697747022613	392.7872143416131	2254.510901990847	1466.4891622472733	9.810988251378603
?	119.13578492888006	-9475.61051295036	66.42098809733724	91.16988746328231	523.3675730116831	-3676.127474329485	1670.0497783630253	-15132.481373393042	5.627412698625732
?	110.21004505128501	-77.77079222320057	66.89527783542353	-108.70904298110902	409.7634009857844	-3049.3219356982318	1497.886833321184	6166.39520943428	9.415509347978189
?	115.24724531771997	445.04660172465515	60.985535948281715	57.619826507457255	370.9014762267694	181.28159237759942	1978.3695388347437	5853.555223759853	10.4766982093983
?	132.46237513751808	99.80061935903564	69.77626916079643	158.57358858585275	418.8274806046645	1627.2946548771217	1790.5645945091808	-14319.43776662292	8.385386507120991
?	120.23727628567183	-539.0618184795648	68.91421537757447	-84.60669256191999	452.2662089706266	832.8316253406292	1262.3976505035876	-9994.038650692117	7.693093413256714
?	105.50928421353946	-364.18785779731274	65.54593453270037	-254.44558426821467	460.46906187169657	5658.105655304857	1290.8626619745678	8071.083825690274	5.016944760927632
?	102.02788339580593	-2130.185684270759	56.19193616416355	-318.9329631031014	735.1714917358735	3655.0910060437927	1665.951841788107	11384.90387911648	5.408295261984268
?	-1	632.5036009952289	49.59928637754508	35.21316376956399	643.2236121738888	180.5067673931373	1860.1078559303999	573.5591357877238	-1
?	133.65306344556782	2341.7017526197633	57.952594352641775	207.93485250036045	744.1968301055305	3263.2150809574673	1694.6297985774936	-5857.8848995251865	3.77766258816708
?	116.08508763098983	-2693.061268911318	59.99602900256325	-126.63500587289211	806.3843662217645	465.98965923308265	1567.2136109541364	-5025.001097704909	4.442760090087386
?	-1	-2341.7017526197633	51.62084405899708	-154.39815364890217	767.4963130671849	-1741.447166091962	1443.3797436922446	2096.12221802756	-1
?	-1	2217.372988750677	52.27612132011803	305.750476859838	719.3120079171652	-6487.331272740279	1672.0197218555159	2742.201228525152	-1
?	109.86864943753542	1940.3114585574044	66.9083679019892	173.9678738889193	443.1297494301664	-6671.097408518947	1580.4898051185041	-4273.405660964452	7.808870757879281
?	96.0155729278716	-305.2278991728712	60.97451501456412	-167.11088976021404	385.75713749121303	240.59754871528753	1458.3494388072902	2313.3872391439663	8.41985585549865
?	94.60725447889165	-110.00816527145346	58.55282341397837	-134.38045826898482	455.15962686593093	2080.6749916452927	1696.159167075704	8110.4537700405335	-1
?	90.51516466429885	-1912.1450895778057	54.25549210111478	-130.52965071524682	489.79088707347915	2312.603963678256	1863.8721273093227	2536.9369053126097	-1
?	-1	-1830.303293285951	52.02634087821594	-143.89365550606493	570.7898250498454	8493.829686933994	1823.0060123413364	3423.668973923324	-1
?	-1	0	47.060809325811434	-149.1276054887328	914.4823714201849	1577.2119621952927	2035.0555760054913	-4960.804606122726	-1
?	-1	0	44.569960603779194	80.25094771928707	649.6504231596111	-7129.580621472224	1574.9657820351965	-13140.151028144868	-1
?	-1	2423.214155349398	51.073356711775844	512.9861483481259	558.0033403465686	-1467.287751473577	1378.0480245982385	-1750.6437803083124	-1
?	120.16070776747162	2606.572094400253	70.21926802118585	535.2421435022732	576.2860355859312	-484.3019196605041	1487.4335930197797	-9572.964366197262	7.462092430122173
?	129.32860472001448	589.1221709701104	77.83546388688988	150.9730445003082	533.7882443635431	-443.89227621318975	899.3998062883686	-11077.123201689206	13.011287182762354
?	149.61681631597756	622.8097850757731	77.76792024620137	-0.5258239766322884	554.0914217752714	181.4351392506634	933.5774329353114	1301.8677379504445	12.032150704185652
?	160.46909397380358	181.32027374975874	77.80917268805827	-142.52203166437621	542.8600013260764	-43.92054770280021	964.4931931858918	-314.27255191325463	16.787172596161536
?	158.68283000346563	-5.719142329326051	70.64181866298246	-381.5082792558051	551.8953943901314	1185.8948529197974	917.8638053396485	4394.846096391383	14.818008183494717
?	160.18313685733727	1755.252423791281	58.73375872526774	-349.6157140243477	602.1547439720671	2673.1503374542744	1184.235498005464	10006.05909033194	-1
?	246.44545119303092	7094.323096664178	53.161032961764825	-117.4727300817607	685.552911262847	3144.167749075385	1418.1667598562526	12023.592661339033	-1
?	514.8992916905512	5216.086982079149	52.86012222117962	-3.974621944596294	759.3631314258386	-292.8631842131908	1785.4151310724242	7452.531077512812	-1
?	507.2498002969921	-10317.985833810877	52.96230186453501	-47.90406656696862	670.9097520521873	-534.8548866112666	1790.7933137318985	411.1250818484346	-1
?	-1	-10164.996005939696	50.46491889283116	-81.21170738531133	732.6203870952749	1030.9183941253505	1805.9713851648462	-66.08153744994885	-1
?	-1	0	48.90171649526938	-31.66070827308798	722.4556717584555	1226.3658011448258	1787.489236859401	-1928.9797655198297	-1
?	-1	0	48.881883479176736	-81.76558108762575	793.938677152517	17.47325636903245	1709.5223968888533	-2011.7586804371044	-1
?	-1	0	44.81343744088804	-56.050837284083514	723.3293345769072	-4520.628237523769	1686.9013028375443	622.464972700732	-1
?	-1	0	46.07934161497252	31.103108963941523	567.9072652763254	8063.308767122105	1740.6456455238904	10921.140433719283	-1
?	-1	0	46.368592889085136	332.0777993629417	1126.494772933018	5121.317617299201	2232.9583245235162	4992.265070364926	-1
?	-1	0	62.68323158311984	381.5168318880552	823.973146141289	-2153.386590417346	1990.2588990421402	-3670.3635147129103	1.293994232282668
?	-1	2442.620414668472	65.44443448348817	36.02681325038239	1018.8254434121493	-4820.296310758819	2049.440148787868	-430.27461236621843	1.2266124674619674
?	121.13102073342534	2225.9545222716265	64.48457224563899	-38.2291745574874	582.9583306033446	-11856.709453275662	1968.745168423829	-5393.755168136123	4.8448160813589976
?	110.29772611358291	-2442.620414668472	63.53297575561377	-318.187565715338	425.98997074835785	-3161.5402548565994	1779.7523903810581	-3914.369796058135	9.075411023031307
?	-1	-2225.9545222716265	48.57519395987186	-282.9827542484133	424.8813178605124	793.4364504890938	1773.0266786209195	4803.114535743839	-1
?	-1	2363.2556141318087	49.3838380431929	188.3766677917683	465.6617932728131	11257.442856887728	2019.9081171682535	13962.386173725456	-1
?	117.16278070659212	2147.2633089561773	57.99402734946041	211.34407490191973	987.7534607049068	-2481.238094643388	2471.145987307202	-890.2497225049284	-1
?	106.36316544781039	-218.34826497334663	59.95104178828904	53.81588213418689	341.5998885406419	-12006.47893715189	1975.3956310430065	-15988.416760675223	13.17962263071676
?	106.24536745792463	-60.159106367370896	60.68482145616979	2.73147546559439	387.4295138473039	2377.7730035427626	1671.7251492734297	2867.8265864693094	16.01935501737562
?	103.3552101294418	-141.68503508800424	60.08761556156876	-52.17175631305591	460.48853871778175	398.7250801168807	2118.786960366474	4280.585188390108	14.180279228233266
?	99.16111570352432	-162.86757535674408	58.07623364051696	-93.93292596169425	407.3657678531482	-1819.6702732043811	1885.7544086929381	-2397.1334563989535	10.755912172225386
?	95.21183136160448	-77.32445160222743	55.39096926348398	-115.4617771087107	369.5050250575614	1286.1385765568366	1998.9302875465246	-2033.9955987550713	-1
?	95.29489312341289	-1924.2366272320623	52.303144785081344	-55.52324784059628	471.67269668099095	13864.227828098095	1784.054628755183	-2290.623918604282	-1
?	-1	474.17131388654644	52.61480687145413	306.1986642353735	1062.716416462476	5873.310961255864	1884.3990916163089	-8035.480630271226	5.315167372603893
?	119.00345881774055	2316.048236553508	67.61307799685024	277.26098502186306	765.3382447437883	-5866.467960452811	1382.280597241616	-4251.934134873603	4.179941306999795
?	114.80241182767705	-2400.069176354777	66.47785612254748	-179.1244256400016	769.3930184398313	2634.677870045872	1671.8023848726257	11991.513658004853	1.735268441598125
?	-1	-2316.048236553508	58.65685671485003	-178.881454977971	897.0721382460838	1689.5195849292745	1981.8562801418673	7774.856559981726	-1
?	-1	2877.7003407177267	57.5337833736488	268.9124015846761	853.8689976862962	-8413.158482440138	2060.5452128717175	-2332.080754231168	-1
?	142.88501703588838	3068.638795973105	72.10247679408403	405.36101282709745	476.41421412407095	-6976.156558272875	1865.2522424303072	-5803.796478817652	10.632266845547694
?	152.43193979865742	427.016373134734	77.80183401500396	125.47585657255148	505.0611697726475	693.8225673269975	1770.3553889308307	-3591.9671490740384	15.670975354008121
?	164.2358356926254	179.90590185509149	78.37626962271169	-199.74769845236239	511.1053424904213	204.17089500872686	1685.6538849766027	-1563.4329032200008	16.223191253232308
?	161.42723489141213	-8.798781825369577	67.8144490923857	-393.3831358437798	515.269714523084	225.66873731660414	1692.1837437698296	1350.6392338538253	5.191515515765624
?	163.7958966013569	64.6878223337594	58.70711283052242	-275.35833486429686	522.3887793562517	1189.2542777559256	1753.185846669295	4427.822504861102	7.033864432370592
?	164.66162600810014	-1107.6014534033447	54.04653234917066	45.0225696460938	574.7324284108811	-2643.150170167838	1913.5748690128878	7449.1161351163	-1
?	108.41582393118888	-3313.2325201619556	60.95824131282714	159.93493827645423	390.2312708478579	-3054.0629783738937	2125.6416534251152	-14.948431829079496	5.99162672961716
?	-1	-2188.3164786237467	62.04327926299349	-26.51133204111536	422.02927949218423	9583.62274275717	1912.8274474214338	-4741.633180976474	2.2730520681200543
?	-1	0	59.632674710771354	-8.80208163852716	869.4124079857232	7745.884279561495	1888.5599943762882	-670.6978529336579	0.5192357773630246
?	-1	2541.6048429363022	61.60317518106712	195.56514349685278	809.3234934702645	-4502.690497782523	1879.2925547747504	-10166.285495017097	0.5960300526479598
?	126.08024214681693	2499.3972481051655	69.41093188561413	-6.832392330405855	644.2778830965939	-5775.386445702067	1380.245719625426	-10325.51952818352	7.328522805404288
?	123.96986240526005	165.40020091321273	61.261555564546825	-86.41960769093393	520.554171185157	-3987.6214254515653	1363.016578365567	8907.803894895638	-1
?	134.35025219247768	432.2370817107578	65.08995150106738	76.10264347562327	444.8968118240128	-3399.117228032596	1825.6359143702143	9626.62030408985	9.654024895529982
?	145.58171649079824	337.4226550590229	65.06668773832804	205.41210337182852	350.59830978352477	503.6374767438323	1844.3475935700665	-2958.7957594174886	9.365245417571943
?	151.22138494542907	-150.98208018185247	75.36055666965895	126.59420327801134	470.07868566120476	3173.630281219619	1677.6961263993378	-5232.994932934119	7.561394769776125
?	138.0326124817055	6654.990161317754	71.3963979022287	-333.2142160907477	509.279823844508	1381.1231875979397	1582.6978469233568	-2232.25961031339	5.903367402163822
?	483.9708930113215	1170.3677020185494	58.699845865121326	-92.1206219146053	539.1348450411027	-459.6313382600627	1566.0831458836667	2794.275424548638	-1
?	196.5509975826338	-7054.410833318129	66.79036680649837	212.4578630874606	486.2982569315045	-733.3152320662518	1722.4116181507907	2597.727233240343	6.493383708530533
?	131.25035134541002	-1464.0617468067198	69.3227390194945	-32.67917559349069	502.4690834377896	1965.2563515901732	1695.9695075456857	-1659.6842869922275	9.280550297187633
?	123.34791024229678	-229.4974918401057	65.15640802682381	-16.357421486987445	584.5610745110146	3496.224016970413	1639.4274038011781	-7827.970287611777	8.204094640946103
?	119.77547675340458	-283.81738034570213	68.50486794514512	89.63094507039372	677.2802842863127	516.652955001245	1304.5709931650913	-7232.370238346563	6.797873303495041
?	109.15704122501147	-398.32569471640056	69.63795528034356	-116.28039727600913	610.3937222610772	-3619.151812078	1277.8088918838448	-1823.7049249399083	6.021122913221181
?	99.85919201758426	-186.69021200682428	62.69084808134458	-168.78329109459943	496.32269368241015	-2191.7539502252143	1213.3857469180946	4624.9967967807315	5.03176897034852
?	99.82253062467012	-2017.1838403516565	61.19879072561347	-213.33472475343393	500.8060247498149	6112.071450325114	1509.0587317228847	23894.026808215895	5.705228529191702
?	-1	-2016.4506124933737	52.024111843672735	-166.17363300181174	801.9262661986702	3205.2846039473934	2408.0870873289064	-8208.720055512582	-1
?	-1	2261.7612193948967	52.890109075522766	215.33798270793915	661.0702549471869	-6645.798600331041	1098.6227289472497	-22568.92316608773	-1
?	112.08806096974645	2191.046968275517	62.791010979069846	174.84201374220058	469.63633618211344	-1399.2133361225121	1279.6409290245037	3760.7722844676036	6.429767679633993
?	108.5523484137774	11.355397796510099	61.63220976263292	112.7466267779587	591.1095881410603	1949.2785308128425	1286.6613431706326	-9041.261327764385	5.363618269612298
?	112.65583085957196	137.34655152162335	68.42834231796786	161.38705965127951	567.100262722757	-2530.5611748693664	827.577862636278	-4267.564268975614	14.333701534991281
?	115.41967598985866	31.3056322667053	69.70156274519701	-155.5309575980825	464.58152939759015	-4222.207596312889	1073.2831297218488	2975.022158149246	9.592730191256665
?	114.22111247290725	168.26925974876804	60.651794438063625	-193.94163933287084	355.9898829071095	-1699.5659541153893	976.3289705437425	14582.772968152969	15.239925162789831
?	123.83313897729718	521.345080071737	60.00448077855333	55.28752286622157	379.6032316918195	-903.1237548478119	1802.4217781295076	16751.070053124145	-1
?	140.28836647649447	276.9453815041664	63.41617058137474	86.98946432667516	310.8336951647183	-1385.6043660888856	1813.8824731999616	1295.7942787790578	11.838762355374019
?	137.6804080525057	-352.64766846313375	64.35395399488715	-187.95538800527655	310.3230133873742	-701.2206548550241	1867.2114920684614	1375.0692498469048	11.235567827173846
?	122.65598305333754	-2773.6081610500746	54.01840118111078	-259.4688808525589	275.7726624219666	3303.1468986214322	1882.6359356923078	-1109.7210629361077	-1
?	-1	-2473.1196610667157	51.38050995225902	-34.92398920694875	475.48035831844817	7101.279578141507	1811.7254389216553	-2580.4227241148687	-1
?	-1	0	52.27220172076332	-27.820647370855088	630.836641329047	10636.354838923133	1753.6147994865626	140.16268242786083	-1
?	-1	0	49.989477583716244	-85.35719728169205	1007.2981002646125	2752.8291424447816	1818.7335730430484	-418.2199451192068	-1
?	-1	0	48.00434185667866	-134.4501920457642	768.478098451288	-3078.813843385494	1732.703802230602	-3982.9341605398013	-1
?	-1	2497.9035608002005	43.26696798142794	41.00856088439413	853.3574080953356	-1951.5435191010097	1619.5868650160555	-6349.496047883482	-1
?	123.8951780400118	2340.9769855235886	50.05476990089839	415.45141950320505	670.9009224962362	-3285.106100991762	1415.2289998364233	-5640.102574546278	-1
?	116.04884927618109	-132.5693590774564	64.03953895658849	323.2779838859758	689.1021030457451	-2127.0707024421013	1337.5817362887376	12037.138661470395	2.5942983284051158
?	117.26671008613889	424.738695178961	66.21866909519741	186.99276829359653	564.5473873741296	-6225.424580071174	2017.0859329099517	11974.48345588826	9.796939243539212
?	137.28578403512944	468.4746709249733	73.38917737126845	187.14561072557234	377.830874042182	-2761.996829440973	1936.3059090831591	-4828.1056807502955	12.054597856375658
?	140.69044363238788	133.30240976199073	75.57594963147616	-236.57923073241213	426.44754590207896	1342.349042887404	1775.6806488724335	-1210.6682402246097	12.917839953567157
?	143.95090452322907	89.1535301239695	61.56021583464767	-268.56922964265453	444.9483261865532	133.84730602803566	1875.7724970719278	3190.031679010026	-1
?	145.14812013858642	-2899.0180904645404	62.147488149343246	164.6119177011702	433.13991120348084	3032.9057327195405	1935.182232822937	4700.139144695792	4.295453698045744
?	-1	144.20851255468983	69.7908117197063	172.20977776033902	596.5936128225324	1381.976365031014	2110.7794543067207	-1381.3743469067126	4.497533407736689
?	152.35854576632101	2881.3716480367657	70.75797703736032	75.58477020152685	502.2387294550325	-1160.8014409086506	1866.1135154776005	-14380.097858947143	5.845915183545781
?	143.06858240184033	-386.92213205085824	73.5700502297827	15.808493457396143	538.553540777099	954.0641125173057	1391.7745613593534	-8070.359207060791	16.914943688023772
?	133.01243916377783	-403.1315282793292	71.54840171023014	-90.75836206150639	549.9419350808985	-720.4850941031577	1462.5955551245552	5329.632066300835	12.761382142232637
?	122.91200598787358	-231.2545179488974	69.03213212670731	-291.58824226532886	502.5292860719406	-810.9759958383642	1658.2561646743989	3518.284812350521	8.627869595654044
?	121.4497132663328	-2478.2401197574363	56.96898959696349	-273.29584574305466	509.3931352889797	1932.9550657638797	1638.5097957420837	6392.370228887507	-1
?	-1	-181.94690651525886	55.36733983955438	85.6349285057866	599.177039360136	1016.4775571065244	1977.8746761187788	12928.93605129045	7.29679083896711
?	112.35236794056972	2235.0971252983722	61.25073602225288	208.84506282633683	560.2170131443066	-3878.6272981597263	2284.9565983066154	-1917.6296868403415	10.029409679112632
?	110.75485626492019	-2267.0473588113623	65.80959298087137	50.772359336732634	405.2456744521469	865.320855165286	1881.9931917767603	-2001.666313545246	7.154961468688291
?	-1	-2235.0971252983722	63.78935398908955	-136.48981069762647	603.4830559025716	7003.80680351115	2184.8732826293517	11666.395266317266	0.07550562732293452
?	-1	0	58.98510244598995	-164.98345197684495	755.4360146277094	684.4337605779349	2465.312955092632	5052.74949276668	4.117462480963897
?	-1	2965.8310489178743	55.540181390247184	97.84560949999789	637.7047439314688	-7212.967680751339	2437.5107572676893	-4746.923783476019	2.818343392555363
?	147.29155244589583	2778.0158090006867	63.877382920989916	170.32955386668633	394.7876305901373	-5790.612379354831	2227.9667659188276	-8806.184450377716	14.001413255708783
?	137.9007904500363	-508.8815761083656	64.05665908358162	-45.24268937441427	348.1741249637231	-1767.460257170153	1997.2015347487973	-4062.3801569227694	10.873059814443256
?	121.84747364047719	-377.63634763156296	61.61524845226917	-187.938041781121	306.4146177316284	8171.787458861572	2024.8477580726862	-485.5502634907429	14.52621578388653
?	119.0189730684579	-348.5864718231638	54.65975699452544	15.182342940591623	756.7634979068075	11046.449794756225	1972.9240215742598	-1455.5684123140757	-1
?	104.41815004931875	-451.4581820432572	62.37436559929876	123.77817787192265	858.7371074694476	-5216.902569000593	1952.0693374569814	-2121.1282315341277	2.917571359429468
?	96.44606396629472	57.45579462101322	60.84866588812166	26.959014886339972	495.91836945677414	-5999.649295498676	1866.8676099975519	-8570.253669110009	10.526377315765023
?	107.29093978036946	244.12075096318938	63.72231634361578	89.17840083488203	558.7546426945095	2246.097145552401	1523.556654001475	-4325.260406052805	5.430113200095128
?	108.65210151445436	133.78735059617136	65.30758592986582	-15.480458903113494	608.2232267343958	3365.696516856881	1650.6045896949086	6029.208485665255	1.2425511188060372
?	113.98030731017812	-2193.042030289056	62.948293398460095	-85.75976260269235	727.0394685373559	9278.206376162509	1825.017078284742	18181.916704499305	-2.139634070275917
?	-1	186.68513620968403	61.019597799731145	71.90791076170467	1072.1335455425278	-6677.400930397399	2559.7004249198867	1242.942664252851	-0.9152558659188382
?	123.31456412066245	2405.0905304713406	66.54368893654538	-0.48371293220795786	393.1694220174812	-4877.14462702551	1887.1642114973854	-6371.353459010779	9.469645941086231
?	119.25452652356874	133.03895328095658	60.995412153120746	113.12244168703482	828.2763141912488	3768.203285742328	2241.132751969343	-8579.540471199976	5.225163131999112
?	129.96651178471038	138.2091467924545	72.1998110208972	278.9561881498246	581.5795863046003	-5356.913800619519	1458.1871879373805	-20077.07986032977	12.192209601735176
?	126.16498386319157	-408.23740770695923	74.94322156061217	-98.22783116928665	560.4306241602691	931.5504559134711	1237.2787589528405	-2765.6440096407205	13.460101500674138
?	109.55464139936213	-2543.2996772637953	67.2884194624328	-423.77186940334775	628.1571091002745	4257.3925538052445	1319.9049874553425	6274.501341681923	4.961875261284839
?	-1	-2211.092827987211	53.754628090444484	-288.39506151290095	773.3002518505343	3319.999633210903	1551.003826036941	7448.092275024477	-1
?	-1	2285.3916529562957	52.868666386787545	113.73729596012447	794.157090760822	1154.5448269133335	1692.3096012065716	3848.65493593074	0.4836948093514183
?	113.2695826478164	2132.821955517432	59.44149288845079	214.21264169384082	831.0274931962018	-2242.869496491305	1743.4365728334808	-8023.535272205204	3.1656822577180956
?	105.6410977758731	-243.61522026864543	63.57929847147974	-9.680819932321759	682.0136159362552	-5278.029492440692	1291.1328375963058	-6960.9773531482515	5.6559525823554395
?	101.08882163438396	-202.66140302212872	58.957451891834694	-75.47535834646318	567.1260185741635	-1892.6351582586135	1395.3877051760633	7884.099758630175	2.2943361244875375
?	95.50802762476653	-25.583902887925298	59.805530554156526	5.103602313199856	587.3818580233232	-3731.446008710214	1685.33782552782	9361.5566883784	-1
?	99.80962648998768	37.228732511100915	59.21263200749469	-53.326511030939606	380.55371813865014	-5087.352687400837	1863.4655395949899	3693.174622500494	1.3979576077796172
?	97.3694642503216	296.79539827844485	57.13920500260951	90.71565516654742	333.0142236532777	-463.96953915446966	1869.9965566528474	-2696.659009358871	-1
?	114.64939640391013	996.9341529066779	63.748414765822126	338.7751483325572	357.3552411809263	6703.463598385587	1728.6325891270444	-12227.72997756228	9.915232129573484
?	147.2161718956562	1188.9372026950512	74.07796241923761	148.43736588067262	668.1874035725618	4152.2951935426045	1258.6100577747247	-9119.570799673264	6.238499936517139
?	174.09625653866354	335.2895671841734	71.17028305985586	-108.2996683278522	564.9700008580595	-4420.416307622934	1272.6540491433748	1655.9473415617088	8.049490733591389
?	163.9806502548651	-930.3719509795753	68.66297900284492	-87.7201948287821	447.16658819141196	-3119.3621193928757	1341.4074248528113	4185.143319366111	9.319568560020556
?	127.57765898968411	-3299.613005097255	66.7842733184167	-310.9738149978628	409.0018948884135	929.324098474438	1481.9112151116833	-27.058070070101692	7.053940436970114
?	-1	-2571.5531797936455	53.11428825295156	-374.3851947109116	493.6327931151345	2091.456248517404	1340.0545213493062	-942.4157671508604	-1
?	-1	2288.4565351423053	48.06501358287085	92.78083307582601	513.5747073142852	-388.77900374844575	1434.7904267541396	8763.316913211891	-1
?	113.4228267571169	2101.242325657977	57.75332990674293	230.130476934537	474.19384292771196	225.26558013874953	1778.220367009907	10061.503896686243	-1
?	104.06211628290033	-2288.4565351423053	59.57153742959786	149.71260973481662	524.8379863212228	16047.901963208888	1937.865621588459	24308.313769993503	2.653920878838748
?	-1	360.2437309772992	65.23896039348387	38.306155160052406	1276.5889410881678	1701.1120031189453	2993.6360555095994	2331.503860269589	1.8888376840007424
?	122.07430283176555	2239.013639106768	61.48684518760051	0.0293446626642431	609.8935864771713	-17840.01050926111	2054.44081460194	-22512.106609977876	-2.622877637049922
?	110.95068195534	-347.9863875189777	65.24042762661708	95.5195355180445	384.5884156250998	-2091.6261483516346	1868.0307250106896	-6838.067036745836	6.191969364014321
?	104.67498345581642	-210.91292445412236	66.2628219635028	35.94008367764792	505.3122790595881	5430.517653315309	1712.5374627646434	-9925.955336733026	6.350555088881843
?	100.40503573263373	-152.7892121135393	67.0374318104995	-208.15173517383175	656.1142982908691	2380.755456349613	1371.7329581740312	-3763.94059863877	9.481518320255848
?	97.03552285013934	-2028.1007146526458	55.855235204811066	-379.23572426515875	624.3500518770704	206.7785252118954	1524.3404328327022	1789.6778420545907	1.8066889475630157
?	-1	-23.681605236713157	48.07564559724129	-98.24232118000626	666.453224551464	1500.6678107998814	1461.216850276762	6453.140351987885	-1
?	95.85144258830367	1914.1955248768531	50.943119145810684	227.03844286003704	699.3834424170656	-5473.222848380221	1846.997450432101	5164.6179711846835	-1
?	94.70977624384402	-32.13204068360437	59.427567740243305	32.81358681988404	392.7920821324491	-5918.793676267146	1719.4477488359998	-1587.4428497233705	-1
?	94.24484055412343	-1914.1955248768531	52.58379848680491	-178.32414937497379	403.44375860370405	6099.884379868536	1767.6253079459314	5336.408893709874	-1
?	-1	-1904.8968110824414	50.51136027149449	-79.3978159960311	697.7863011258802	8669.361801335825	1986.2681935214973	6857.468110577591	-1
?	-1	19.999999999999716	48.6139076870033	-1010.2272054298754	836.9118486705014	-13955.726022517405	2110.4987134748158	-39725.363870429384	-1
