rowLabel	avP	dP	avI	dI	f1	dF1	f2	dF2	h
?	-1	-20	56.69432651289162	1154.6913513820948	916.5717246280468	13800.764041275015	1781.3623624340503	34166.795588408386	-1
?	-1	0	57.73456756910475	-7.426336736397445	690.0382020637508	15151.900612287383	1708.3397794204193	11783.116221243627	-1
?	-1	0	56.32300967607175	-77.29100102617662	1674.166755242416	19478.659572034383	2370.5181734962316	14286.03734544606	-1
?	-1	0	53.870017517795915	-226.83287782849936	1663.9711806654702	-10215.507502764047	2422.6416466927226	-6635.923225452045	-1
?	-1	0	44.98136578464678	-172.07637401684468	1163.3913801042138	-18314.33509043499	2038.7220122236295	-12179.22415315593	-1
?	-1	3570.50743918989	45.26619881695368	404.8369138477305	748.2544261437209	-12955.182868211255	1813.6804390349262	-10068.303635788578	-1
?	177.52537195949446	3604.7648470697272	65.2232114770333	676.3788452513745	515.6322366936512	-6887.3566841040965	1535.3068304342007	-6672.253934899529	12.779238629322373
?	179.23824235348633	-337.00291653768494	79.0851410795224	96.06796858499766	403.8865919385162	-2981.3065009501297	1480.0677422899498	2967.7860589474362	13.794907151847704
?	160.67522613261022	-176.4577278317228	70.02660990628318	-15.253446620823187	366.5669116461447	-695.4388069914263	1683.6961333815725	12428.641219820478	5.887118860074928
?	170.4153559619002	219.7710077721644	78.32246874848124	-151.58743454965506	369.11465158894487	587.9948048656139	2101.4998032809735	8508.423792293044	11.607491615787277
?	171.66377652121844	357.6395087714641	62.44723817880043	-338.41281611541075	395.9666518894254	11659.480454470373	2109.1173229962246	3500.024410700968	5.110053433190858
?	188.2973314004734	175.9155546561668	61.40182794271069	322.9012190161953	952.088674312464	-9.465036310079986	2276.501023816022	-472.8670249788407	3.1150840181133677
?	180.45955425402678	-363.42238530427574	78.59229912961021	163.37158587445458	395.4934000739214	-11591.086355295658	2085.4739717472826	-2725.565078703464	13.533514289455502
?	170.1262121352596	-3629.1910850805325	69.57040723643343	-277.1302111120469	372.53435654768066	6766.911689826471	2140.222769880849	4494.881878538687	7.8383456731941195
?	-1	-3422.524242705189	64.73578857400786	-139.892183365796	733.8389845652453	29162.20079719432	2310.218065674217	18420.73153079235	1.1436683997798673
?	-1	3962.0474549801347	62.57579806814362	-41.84914237211526	1830.644396407398	28650.37285495338	3061.259346420467	5203.88635265957	-1
?	197.10237274900692	3738.39072906186	62.64333145540209	293.0543030999228	2166.3576273129156	-28804.08210204555	2570.412383307196	-26810.154119988136	-1
?	185.91953645309317	-650.6852138864213	77.22851322313977	328.0161382329618	390.4402913051193	-33497.60011647784	1720.751640421059	-31478.67287166734	11.534136812187032
?	164.56811205468583	-742.731931848753	79.0441383670502	-46.68395281479543	491.47762148902217	2839.659628193061	996.4787397238273	-528.4906515952794	11.620893555828454
?	148.7829398606555	-511.75841493315727	74.8943155824	-192.9415288448038	532.4232727147725	1449.7501585968878	1694.327107841295	18567.95486361984	10.865568917621632
?	138.980191308028	-440.1374940864979	69.39706192481002	-351.6893786544467	563.9651294188665	2258.354336097114	1924.8764829048182	9676.025059297845	9.912349592239032
?	126.77606515633057	-380.23304068111935	57.309846649677645	-201.42052525453633	645.3409895196282	-1937.6885097106542	2178.1283608061876	4861.877955109426	-1
?	119.96853927397201	-148.60980494055426	59.32603566208319	153.32588067540826	467.08070393333367	-2415.591472092592	2167.9703806602897	-1390.523810790154	-1
?	119.34557490930285	-43.10481686689169	64.97614068344807	277.2445711925643	524.5614159149985	-1188.0638144715908	2108.60217026668	-12544.72952304818	8.136163882347825
?	117.81329843062743	-168.55998266147267	73.18826422171142	5.182328571236492	407.67751320975407	7139.296586016315	1540.7339045078802	-1444.644390746092	9.478246025064602
?	110.91757577622921	-2376.265968612546	65.23525711200989	-261.25901545391207	881.5262452158146	27613.54671866279	2036.3699507293752	22944.527025118037	11.090326293491504
?	-1	1866.8401487957906	60.125313449015806	-17.955974394020572	1788.3548491428949	9030.316654025408	2687.960255763783	8954.676512590419	-1
?	204.25958321601883	3868.7292617452135	64.33745839230886	180.99403483762853	1333.0420779170854	-29003.238134142222	2484.1037763588965	-11787.359895365842	5.8114724525461945
?	192.43646308726085	-258.40833438148627	69.17501519089724	179.29950352268474	338.1929424357826	-16873.9258915536	2098.5922609954905	-15516.350170957712	11.804128495660006
?	191.3391664969445	-106.87486672571983	73.3024335684431	111.50887821196496	489.3457833394045	3518.1689631497047	1708.2862678110102	-3174.9550976116116	14.207713685534461
?	187.09271975097485	-282.8938508280604	74.7504591014955	26.438398930196147	514.101390593268	1532.3465455994549	1939.8445061149098	6955.126568810809	21.065323786654695
?	177.19447395554147	-620.172964925585	74.62435351495292	-182.07711178097907	565.9631106193773	-60.107349482128654	2056.042596251551	-7379.008854367283	17.25348661367839
?	156.08407150469557	-3563.8894791108264	65.64660351244653	-260.37085502715786	511.09602311916154	259.9502666895726	1570.8940633965453	2169.0141219679736	8.717893585866182
?	-1	-3141.6814300939086	61.60581076359501	-127.86767256566537	578.9606239538559	1820.9990374699096	2164.4933023499498	11239.033897838808	-1
?	-1	3437.7312615659457	59.25321988416326	-75.2442995032704	602.1459749926571	-1552.5865385885354	2132.845758288486	-1121.9605627951833	-1
?	170.88656307829743	3291.3984024820397	57.843595788431486	243.00072094996472	501.3312970244291	-4788.221534859707	2108.3952742101906	-4877.714870598443	-1
?	163.56992012410214	-331.2590679013229	71.4032559316615	277.5754524827642	362.7348982496715	-1815.9297194867436	1888.9600147585638	-11261.762583294752	17.54436115720987
?	154.32360968323127	-336.30260551837495	71.72236841256971	42.88881354278825	410.53481105009183	7092.538782961153	1545.3071450454524	7179.512575959282	14.629729905753
?	146.75478984818338	-211.44712625463606	73.54769660880092	76.53912005550829	717.3618373977295	5318.052157474209	2247.9356435565282	13280.198817325192	16.844081650520895
?	143.75125337049946	-128.79201505095625	75.54932441534513	-122.83255006631224	676.4374189238025	-913.6548216391872	2209.3170859117126	-853.6481279245376	20.97020523702755
?	140.3151890956356	-2895.0250674099993	67.40606910548533	-417.32393340400625	671.6790963157703	-1234.2554858278684	2205.2532371603015	-10837.829752153864	16.38310466243036
?	-1	-2826.3037819127217	54.68312774514489	-261.6590602138563	614.7246446324093	841.5266863585778	1667.4255983040214	-6087.20925273882	-1
?	-1	0	54.32311609479256	-88.8257066984045	713.755430633699	4340.880609306754	1900.8927745233616	2438.0666399859724	-1
?	-1	0	50.24184241022468	-110.10073330598897	831.7686750977463	1753.9794497997893	1789.3289303033196	-2337.891180665337	-1
?	-1	0	48.81807942949313	-63.86366792511134	801.4544031236882	2737.8334912524206	1783.9982154900952	435.25876211414624	-1
?	-1	0	47.04865901396912	-130.91035314206525	968.6603496603668	-511.419129983296	1811.0918684090268	108.67294093815455	-1
?	-1	2865.4472343393286	42.27256177238989	35.05162433873507	775.8834466245235	-9211.744748814686	1789.4318625370029	1807.2026048786274	-1
?	142.27236171696592	2556.1943802675505	48.80124023090587	459.52798082970014	508.07311221963414	-7323.178558687217	1901.4519986529579	-4018.483914867075	-1
?	126.80971901337706	-564.1153907281489	65.24896081387482	458.87797648925647	409.7245186901639	-2145.643711446372	1588.5076667936498	-7966.3688847712465	13.045397760674877
?	114.06659218055857	-361.6840426986947	71.74513905536861	86.56071250742943	400.7909266473159	-1328.823443236869	1503.133554414397	8584.189916221883	7.0835228564045085
?	108.72551687844239	-152.61977895099787	69.57699643924627	-199.36751907097062	343.2833465283207	-2748.12672472977	2017.7171626047425	2871.6757546483823	12.487444577823892
?	106.4356032330087	547.7090294765613	61.776763101820116	54.40764137340087	263.3845904108279	-23.070123852029464	1646.7173421468156	-3837.515697313188	-1
?	136.11096835227036	904.0455690417282	72.2973785079163	302.3822577500173	342.1298403357192	2485.198376612858	1825.8413777390838	-5601.988973173731	10.159920991212767
?	151.63788168509495	29.713040009768967	76.89587598932093	100.16689558544847	387.64450924147036	891.0635823764037	1366.61789348813	-10066.192462759276	18.86932198537874
?	137.5966203527588	-571.866885263945	77.30572328718871	-25.147883262633375	386.68301945453925	295.63575610304713	1322.5317546011217	3097.0717005619254	14.79402045423189
?	123.0445374218978	-304.0955421609933	75.63848182618926	-61.47105080856726	402.42629704662266	122.30879160227731	1521.4714785162257	5378.956545168213	13.21565092025628
?	122.3918432447092	-32.239058723373375	74.23217074676036	-145.7296536062588	392.7984590346531	-1737.3652971263577	1591.4795818595314	217.45970829872553	14.175608284201337
?	121.43258448572914	-230.7768964734606	68.35199914587635	-182.89299310759	315.5580321903051	3345.9166117741943	1532.344463931162	4578.137542168231	10.780878895107637
?	110.8529984210362	-89.60594618020426	65.08752109138089	86.38924436007162	560.0942896233622	1720.0784868088379	1820.3864589679422	6989.600120251218	-1
?	116.95228717671894	121.23638671535659	72.67146136387991	147.61213392851	401.56195653074667	-4168.029891842414	1881.8244699437216	-3208.1555345521815	12.988971932212001
?	116.91481775680401	591.3660777323413	72.46812778780637	72.49573343192222	351.69279503124227	1350.2333742329054	1659.9786822403337	-9840.662633667993	10.50855211500947
?	146.5205910633359	1662.6162440684068	76.29624803547601	88.23617145161254	469.0736252423917	6479.932304276785	1389.7913382603238	-3937.4347163561474	6.63730488353626
?	200.04562996022406	1766.5513814102242	76.87993636038698	-18.625241973146625	675.6894102450804	4995.54997471525	1463.106946422527	10956.684019188686	7.02402101390575
?	234.8481601338468	515.531258749573	75.36498593681868	-151.0275049962814	718.8511239781533	-551.1685785020355	1937.625539219756	-1824.161206953365	12.161511956948587
?	225.82219289770262	-4716.963202676952	69.32856111057293	-277.7060456777995	648.1309813199787	1922.3048502041001	1371.898886074859	4095.4272916274213	10.84959190078562
?	-1	-4536.443857954068	61.479683652928756	-184.4741509332372	814.966366488358	1755.2505161238007	2142.3969038011264	16340.564014580008	-1
?	-1	4017.3991240456658	60.10485356391111	220.9086140819303	735.8935071261684	-5551.979772609709	2188.9270868038566	-13038.736473116001	-1
?	199.86995620228257	3634.192282207114	72.52511435702523	413.5249803899871	537.3673778578735	-3421.7786349912612	1490.4600801453287	-22434.738234878318	9.10642671705335
?	180.70961411035506	-586.5797152403267	80.78110258341039	91.06417396257915	564.804575376606	2030.8759478649954	1067.1901750599447	1021.3542439607445	16.672657966445534
?	170.54097044026634	-263.62094652618373	77.07832305515417	-115.54453863608713	638.9111752511229	1414.4024945180404	1541.5277923433657	19783.13932296009	14.80243499737141
?	167.52856678404592	-215.63296903223736	75.00387565160605	-55.74210843665318	635.5247001025077	-1393.7877276771796	2056.3471412079457	4699.51861784615	15.868590533910302
?	159.7593219886545	-431.4597992439688	74.29121763332152	0.7266313053051502	569.2217888672642	-3907.9410674439855	1776.5037232356724	-6448.561775998378	15.978358299949656
?	145.95557682184756	-482.7192418011981	75.04020721687131	-4.8027126592927685	440.12764673030915	-4429.762294768913	1733.919052408028	-6522.780826008698	14.261493284532353
?	135.62335989859469	-493.0796062983018	74.05108200035689	-223.44574233851085	347.7336741288193	941.2672224450602	1450.3646819352387	7007.010510596239	16.392898890069617
?	121.30159650693255	-289.86888277255946	63.867920099945806	-54.19932692237514	487.191007852562	1323.4831583516304	2084.2695779378387	12115.629292733804	-1
?	121.12991575996676	51.15785438639212	71.34111565423814	259.43311831018383	413.9078320464006	-2291.4107101526088	2056.1461465719267	-320.58711804386917	9.998892363621016
?	123.85948922625215	80.15314201775794	76.83957601545495	63.34177454722203	372.62047234493195	-894.6277749704959	2068.2402220356453	675.2251712523345	13.962369569944167
?	125.13757286085465	-66.55734029060137	74.50820438159923	-61.4659919550163	369.17644329787595	-251.32140420760808	2089.9074051345433	360.4002230498658	15.144135001294728
?	120.5316222117221	-170.69381201226693	73.76627641770415	-187.7632867478949	360.0544021345516	-1403.5648259779036	2086.2602331881385	-240.43762155181042	16.681246858199753
?	116.60288226024133	-97.32222083331698	65.12004004420452	-157.01126767579296	298.998201998981	-1313.434295927241	2077.885524056953	1215.9224710828173	5.342096392276821
?	115.66551117005626	67.5258362021432	65.91571303391453	129.16995422035842	294.3826873381898	824.5654003669536	2147.056356742279	1860.289268711401	12.99208937898226
?	119.97917407034848	14.044753216676945	71.57853775522241	-118.57595359246872	340.22647201732855	3087.6724513732183	2170.8999874925225	45.21053624301219	14.180225604330778
?	116.36774883089011	-2419.583481406978	59.98691535429111	-266.11086879914194	448.76630990685015	24413.47161936605	2149.3168835544298	5814.581495472951	6.087841342659802
?	-1	641.0880595203756	58.272994315265365	10.520565924121465	1560.9000529856266	10291.31901702152	2461.629062266169	3878.187317028228	-1
?	148.42215180690877	2895.8153560230467	60.512943650497185	287.04634447559346	963.3322607579243	-25150.831503069567	2343.2262494058405	-11145.823267096055	-1
?	143.79076780115182	-143.86866848003814	72.62531153904499	308.4652374498374	303.3584778321528	-12202.322015456983	1904.3378989113683	-13588.667825272318	19.23067012249236
?	141.2287183829069	-147.76157803899588	75.936205522989	43.10868361148623	353.21615998507724	5381.176814347702	1663.792858142227	-18555.878024423488	15.062365661391834
?	136.40268889920205	-175.6716714437585	74.78074571961929	-64.31039836313909	572.417318549537	6120.878642332503	976.5439976901971	-16.30067759243508	17.232125321908907
?	132.445134810719	-209.196624853022	72.72068560483206	-94.51002081434558	659.2600921017013	-72.57932104903401	1662.9778242626053	7247.460898288489	18.138497904240456
?	125.94285765655098	-316.2194791350299	70.05524467890203	-167.8433912901966	568.7883524970853	-2129.9833592064065	1338.9170426046203	4433.271795636699	11.048782208248817
?	116.63416085396756	-2538.8571531310286	64.32851604032226	-288.2915921157525	552.7609241413813	1991.6408377134828	1884.6414140444394	20153.962145856112	7.996670658684824
?	-1	8.888084573804097	55.640665073114455	-59.366249504349256	668.3703943827591	-1865.2540829735287	2346.6151498974223	2752.592214211255	-1
?	117.07856508265776	2286.5865233167456	61.360203565104804	332.33669370106315	459.49821999270523	-4715.378153970885	2022.2710247550017	-10767.622572689386	2.65354298338318
?	113.32932616583687	-188.8077510007143	72.25749975816756	186.35468594360214	432.6014866842156	-523.1314228481524	1808.234021262955	-3400.987253950833	10.607207599899908
?	107.63817753262208	-210.5024242143303	70.67793786228488	-77.76266495090879	433.3416488502977	-847.7222570533259	1852.2216620574607	-1288.6056893190744	16.863478120411113
?	102.8042049551204	-184.19055684732265	68.36936651062213	-178.0540848224516	390.21537383154947	-2261.542349199846	1743.8037367970014	938.3449344043162	13.365607449321743
?	98.42864969025598	301.0098731010566	61.77523362116233	-36.58237058013539	320.2645313903058	7347.737712489113	1899.1389087776763	3210.139731071274	-1
?	117.85469861017317	244.3351798678893	66.54024798161537	217.75796792288324	757.6022594560038	4153.15473177027	1904.3107233505646	-4584.117127676375	6.119669333251875
?	110.6454086836504	2040.7339966600348	72.66313201730645	-49.35384505248084	527.9222679788186	-5349.582717358581	1669.9330523938584	-1669.4548662002594	9.214392765810644
?	219.89139844317455	8842.883232547292	64.07255572899133	-301.26245042216306	490.1231235880757	163.03678937239567	1820.8379800405519	5033.458216676545	4.956697518329371
?	552.7895703110135	-1666.0945698556284	57.60000949619835	46.93643760764632	536.0741074474383	-2304.3180879025344	1921.6059632276847	6171.036874568357	-1
?	136.58666995039343	-11075.791406220309	66.41937760937364	-8.813389164237183	374.9072191929494	22437.678523265018	2129.3898237689687	18055.784878177947	11.48986575848777
?	-1	574.8437457503164	57.159340037986496	-19.87132008821085	1657.9580336106853	3791.0774707958294	2824.395207136579	-18718.50488795534	-1
?	165.32885723790915	2855.541916174813	65.4258116049631	200.92191740325447	564.4610927327402	-21150.205738115987	1193.464579371205	-10235.520571106226	10.620724645247696
?	141.77709580874014	-3326.5771447581947	67.20543590814918	-238.38161399972705	600.4477467048898	2390.16418588945	2312.6191785812694	22100.692156005625	8.734774757058368
?	-1	-422.2595057805774	53.50673090497679	-84.92373055695539	683.9693020272123	-4238.5859954432835	2298.4991871714824	-11426.463476130024	-1
?	120.66412051971135	2048.0684164064005	62.95924938030143	197.69313339290278	388.5184469327264	-7366.994057020873	1741.2960047747702	-8963.93589104181	11.22374725438872
?	101.40342082031967	-196.0355868669201	63.391387574621895	-90.1860674658163	315.61959917616997	-1615.438835039788	1850.3023926193935	1841.0274709007465	10.262636932624712
?	110.86234117636538	852.6766493369129	58.44994600701063	98.14841651441604	307.7465051807373	-254.02921063083545	1833.3473783198071	2669.6683152643304	-1
?	144.03725328716516	1649.8468501500327	68.29880840034268	208.42786729474372	302.91813864462824	1563.611801332356	1983.7858083826095	6557.767032686216	6.43741165969432
?	193.3546836838667	990.9741252800076	68.87133937174778	-293.07288292518314	385.9270952473548	-570.2056678934262	2161.235729954117	3978.230673551821	9.580577860477254
?	193.58595955116536	-3887.093673677348	53.645164254083575	-335.70369922353865	274.40785524995704	9427.667455255025	2182.6973420602	-267.6889789747393	-1
?	-1	-3891.719191023321	52.086154410570906	13.3789378955854	857.3104680101044	24103.954108820206	2147.85128100538	406.3929481798837	-1
?	-1	0	54.31411114886284	20.384763845964997	1479.605560690963	14248.75296704402	2203.016989469194	7742.672209679222	-1
?	-1	0	53.10539260286915	-81.21433345014552	1569.7481163623029	-6292.625510356147	2534.9848914893396	-680.3672977722387	-1
?	-1	0	50.25339447635558	-160.47144288382825	1164.9742851731569	-14062.149301410856	2168.998624580582	-9343.88244049094	-1
?	-1	3019.8606896295046	45.08182045867777	31.870560794928736	866.6406512917625	-7470.351428910319	2067.7907694647943	-1911.25481000651	-1
?	149.9930344814747	3170.6448652873505	51.84692251610201	613.1555888212571	791.4567137276423	-8361.162023317222	2073.435884080257	-18079.84788170595	-1
?	157.53224326436697	350.85988603396356	75.73959989974051	311.55290097271484	448.5825501259029	-5041.314269189102	1163.7983753795	-6002.181690430014	12.266622883310884
?	167.5360287831728	783.0543166264174	67.4245675647377	-290.2133700772382	539.3910002681881	737.5560355694191	1773.3267995587573	26319.67933338557	6.528481142555686
?	196.6849590956877	508.8223993688912	61.228931395878654	-13.085818340580364	485.46035190437374	-2790.27498194966	2479.782342048774	11356.63038060019	-1
?	192.97714875161728	-3953.699181913768	66.77027664770868	22.76285564151487	399.8772511707056	10818.204986127195	2341.158318588765	4509.290973540008	10.22474740666093
?	-1	-572.2612284743233	62.36707417795439	99.90690564237163	1026.3706012107316	6222.358669051176	2705.2468907257735	-5140.307160672764	-1
?	164.36408732790122	2665.2029950395377	71.76562192982725	144.24964181497182	710.9951846232633	-8360.134189187544	2084.1429605551275	-6409.132904667026	8.689538828477584
?	132.2601497519764	-310.96689736567265	69.57955626870296	-175.05565363208254	608.3638917513559	-1827.607206621776	2384.7902454924233	978.0109140616186	7.817684893149926
?	148.81574245961764	240.43483233008402	63.01283924822315	132.70140731773117	619.6148242921748	-11.981269328898676	2133.0435062582083	-16178.970081711253	4.549792615759837
?	144.28189136848056	-270.18071639416615	76.2146266345895	39.21505120298093	607.764828284911	-257.5807006674072	1575.8417414068635	-10828.972816811067	7.161547209486829
?	135.30670663990938	-2905.6378273696214	64.97359180837219	-318.5162656594336	606.7357892588045	1225.4967555424876	1591.5948654176568	7378.314919382823	4.934189909343027
?	-1	-141.5770150889494	60.28881335161787	151.02960287888376	669.0396660620352	-967.4446542913609	1944.7574873760034	5713.733147657601	-1
?	128.22785588546193	2480.165544182467	72.52507195231635	274.03099180008866	558.3635565442366	-1778.1417530631775	1877.2815228005359	-3249.077910044605	1.9263703503829983
?	123.00827720912291	-131.31048917959237	73.99036294162225	22.38362434861707	580.1325784088766	699.6375365981523	1782.3035918737737	-2462.0842527860846	5.586036191765457
?	121.66233142648234	-28.669124253760106	73.6442531697472	-136.89938472464198	593.3454333741441	-532.1896089146613	1754.177310161232	1611.3098204163418	7.304630089746466
?	121.57482099643491	-2453.2466285296555	67.14539370539018	-349.04873984418	553.5230979631436	506.15541358524706	1862.8690828945905	2381.246276211313	7.369337512216208
?	-1	1533.305803190128	56.191816177538264	58.95948283484294	618.6532040534064	-1367.3974020286973	1873.2396239717973	4844.70231090242	-1
?	198.24011115594104	4403.804975951569	70.09336784713231	314.98474197102337	485.153227861709	-2789.1524172499735	2105.1041984397107	2135.304511987218	10.228622250571341
?	219.19024879757768	419.4906896865448	71.94105327608938	-183.5265062775799	479.1955831909082	1480.6658740103076	1980.0048495711578	1292.1635894394467	10.276107124109807
?	219.2146456402682	-4403.804975951569	60.91704253325335	-369.60734454890434	559.1865215622241	1167.5906098761466	2169.712377911683	2684.9785870569717	-1
?	-1	-4404.292912805379	53.46068604864423	-127.6506074831494	537.5751136847154	-610.9343563589117	2114.253778924006	-219.16688552430136	-1
?	-1	2799.8379328408105	54.534512159095904	176.8174636789208	528.6398037442787	-1203.4851138181873	2158.7540336354677	2276.6054307013555	-1
?	138.99189664204002	0	62.301559232590236	41.111504808404796	477.4008579938062	10443.400706893068	2228.0840504590733	6243.894421787558	-1
?	-1	-2799.8379328408105	56.590087399516136	-90.9716025780826	1050.8098390889302	8947.477071311461	2470.9487547248445	-1114.916830789438	-1
?	-1	3698.564222179377	57.75297910368612	300.40269147011196	924.7747115593777	-11331.867157900146	2172.3382089196016	-10733.543084551207	-1
?	183.92821110896818	3531.2777051288385	71.61022197302168	52.391902959663	484.2164811939249	-9346.09313612791	1934.271600497286	-4763.59810093781	10.617383967920585
?	175.5638852564413	-3698.564222179377	60.37257425166926	-347.9534799012867	457.47005475298386	475.84755958983294	1934.158303872712	691.5436889924492	5.041468956260248
?	-1	393.6464675123804	54.212547977957406	24.39577200155236	508.00885917341645	1582.619256030324	1968.8487849469084	-702.5109828515931	-1
?	195.24620863206025	3620.9180883004665	61.59236285174688	379.34005816759174	536.6010175544998	530.2171627396702	1899.0327547301324	-15666.720674540626	2.530813443987042
?	180.04590441502268	-609.4489906173321	73.17955088633693	208.8115087760585	534.5197173103999	2610.0884317971236	1185.5127512198799	7488.316620584696	9.241375209464326
?	164.77375910119375	-434.29572300481067	72.03293829054977	-38.189641363239126	667.1054391443555	-1894.8669404728616	2273.448585759366	10867.459614058924	13.340634621361355
?	158.33111826478222	-313.94204399975536	71.27006881817498	33.533943505104965	439.7763702867571	-5947.090799013582	1728.885731922824	-9243.480168015	16.41009646858474
?	149.07665690120604	-369.0382481429954	73.70963546580501	78.09695545618467	369.75089919367747	-2702.7431699256776	1811.2745773586175	-12275.104983826906	15.951490815862712
?	139.8792058576325	-309.2267705231472	75.1749165909842	-25.313555723550767	304.6392117904737	-1164.712434374563	1115.130482731481	3875.965919360956	20.97686006073253
?	133.61531837504873	-278.480855279718	72.44395767962747	-96.4023068049338	311.5152774749495	4016.417607972132	2005.0728733266646	603.6826349863871	14.642558595572416
?	125.95516309364666	-306.5292556055996	70.35480125073752	-65.68667355845287	505.4600921890796	5060.852206117548	1145.3146144808002	-13739.356021049323	10.308665566834126
?	118.2888555947688	-278.35929360048266	69.15962400170484	-169.7671275623077	564.557887780826	1073.2107130078343	1318.105072274201	21575.523009802742	12.085072732343244
?	112.03719841362258	-2385.7771118953847	61.86644487262217	-374.2827407632105	559.1206278394711	1375.1540373184346	2224.0907649709334	9474.752548996732	-1
?	-1	-2260.7439682724594	50.44548696354438	-194.55889315374375	633.3155896467475	1933.104871855312	1791.8426997240358	-6530.025492490714	-1
?	-1	0	52.138500214935014	12.525332071315392	655.7758714322364	-788.0277367468108	1897.5894903463989	1236.0668312593496	-1
?	-1	0	51.07175356711015	-51.46343805468025	593.9142028094071	1365.676322156742	1853.646041287003	2036.7886580240684	-1
?	-1	0	49.56532831220101	-39.574458984976246	724.0596875400732	16227.466545670413	1999.428923247602	12010.855571067834	-1
?	-1	5171.624683225473	49.093030617861345	166.93656084598774	1405.287530092925	441.18641027652006	2454.1888198403926	5551.827903914888	-1
?	257.58123416127273	3865.8655859649616	57.91215635450037	368.92486621400553	746.1190080538992	-17284.461053657054	2277.0203184433453	-5288.094972578762	-1
?	192.29327929825084	-1652.3789554170432	67.53927392856188	25.6255232881299	541.0644774100599	21168.090770296156	2189.7840712114507	8632.505969191676	11.324806992758738
?	174.9622863904194	279.537750505807	59.19343251890688	-52.89956110732571	1804.5235465687222	5315.2097565283175	2708.645616902935	-12659.32539248716	-1
?	206.2701668235414	-338.9589058944594	64.89429587319556	315.9888390890057	806.8249652364796	-27463.79371693467	1556.8178015870837	-39757.77545008893	6.536193429654704
?	158.01434109569618	-1391.4638734440202	74.99287447335739	-36.29595811768217	431.3338607219692	-7682.76102352753	720.7568443984607	-7733.680152500014	8.073535134461773
?	136.6969731513394	-3180.2868219138786	63.079497967311426	-406.5876809333553	422.6869140600976	2940.0154900644525	1170.1337939620776	30163.00714171659	9.984774609999501
?	-1	1044.9748194778556	54.663490426689336	-160.7887333651317	578.3346352251939	2325.7765446995163	2228.9072014843114	23819.951914330846	-1
?	188.9457141252329	3348.162521822677	55.04006129905473	252.7221335536849	538.9757412950751	-5089.987324939732	2361.131389678637	2774.7898249215145	-1
?	166.4081260911362	-897.8637985237359	67.29959710437376	72.3157974601406	323.83526897820366	22312.439420332918	2367.646692730389	8588.36857096942	10.396076256622454
?	144.05252419904548	388.4565056756266	58.65585117206181	-104.49193220090814	1654.5977123117368	14468.640900767163	2790.549818227114	-8729.700563185632	-1
?	185.83095137491782	398.60918880228553	62.07500049432828	83.05691687238958	1047.267314016572	-24785.44716818509	1931.1616645711013	-31615.078330704488	9.632137051683102
?	163.98298363916004	428.96689791903117	62.808697015681346	-49.86342742875195	415.32535390246466	-10771.146933060072	1209.7959016918671	-5192.635132308837	11.839372860026526
?	207.27929627086968	1037.7296414499472	59.581829122890646	180.3795659971695	508.70996736356085	3021.1494709420404	1671.5299079556557	13848.990119562703	5.705050455200411
?	215.86946571165814	467.8369115244705	71.82767531553995	224.3358421858944	566.3828274495688	-697.9380235935483	1902.2454076700121	2669.2750629827956	15.152290075738318
?	230.67114184709354	163.35670583473183	70.79862123218553	-48.5646388462199	473.81306618388294	-1397.2283744527654	1804.9936611047974	-4962.885362297358	10.852551347208458
?	224.03730100339484	-874.3226222510527	69.39944337322892	28.197498408929274	496.52140872692956	1682.24285893736	1654.1011395551407	2654.7682429339907	14.025093117676189
?	186.95501073454028	-2052.200678969284	72.20849615263201	-61.74982348044578	557.9252091307521	-1243.1732073150947	1937.7320732514988	5195.864975564358	6.491067172006436
?	121.42726705492919	-1294.1381162774785	66.31195219920659	-130.60728265838563	434.36274836117394	-2012.6474724939292	1913.8943883333623	1699.2828853691285	5.001511152763447
?	122.24810492066544	68.32901239173924	65.67813201971264	-158.40022753394084	457.29283550605425	1857.5593421102506	2022.6962175199565	1254.000178029924	5.140900433506278
?	124.8437176745162	439.4552069440874	58.39194082250943	-123.84038925068361	527.2407154666878	13335.60652463537	1976.5943972348593	5176.323786392967	-1
?	144.22086526787012	143.1958544834199	59.486112557178366	156.11391936127907	1124.0731617378322	-2868.689470059293	2281.5124068396085	-1074.1895821742066	-1
?	132.0035103986873	-2904.4173053573613	66.1976367905735	175.17696341145714	383.8062419637211	-8177.304886094021	1922.8849181261482	-14355.89930858681	10.64792394028478
?	-1	-2660.070207973708	68.24496072775135	-50.17846180961797	715.2079174331253	6613.560752262283	1563.7174414102578	-4123.929310522359	1.2607734179158037
?	-1	3635.8723053423887	63.68871370009256	86.08465694187706	714.48427957684	-6274.679718167632	1716.6884526000274	2695.003294607366	-0.10967585587913811
?	180.79361526712202	3721.384570219356	72.54919357484526	241.79957438136879	401.47393152473927	-5621.777258513699	1698.467606140628	1920.8947033648064	11.273320380788158
?	185.06922851097045	218.338613848201	75.77869241916118	91.85811861812294	433.39541665115104	3327.099115695905	1812.733187768269	2976.6884868737666	14.376409043133965
?	191.71054595953223	-80.67663550938447	77.14209950575147	-22.95746848011784	567.8288873095369	3437.300777127273	1847.3020304843185	-4190.830969528388	11.100398758854087
?	181.03539673550117	-551.2870669118639	74.63081899515527	-38.42063745789235	605.2604555075171	103.13185898916653	1603.1916392918467	-4638.544766008293	7.415347960292982
?	164.14619261393864	-723.4656726693254	75.22106763285683	18.549504514061276	572.9854802589953	-1317.2789537975968	1615.3747921839006	2215.9594297121935	7.172234037042671
?	144.86211310203439	-667.3612159194439	75.55829422085834	-15.099987183748807	539.3965078176364	-852.6796363196096	1713.989610777458	4067.2138530198313	6.614248814723456
?	130.77813181796597	8076.684866679858	74.46606827366938	-254.86297334760715	530.3514984430142	760.8258508850491	1818.735484834895	2576.4223007891446	9.070012027142692
?	548.696356436033	8430.050589914625	62.815145553477805	-339.927245782352	577.4378003618893	1499.5334701712468	1842.810725816917	1691.6983978490075	-1
?	552.2806613137032	-8516.565552758402	57.46970598455154	-112.18975091826235	605.3281719515776	1108.9858189989038	1903.3204047273466	5781.62742880947	-1
?	122.86807879810688	-8483.142242887605	57.20565800756461	170.117785910344	632.8870913118353	1237.4339475916765	2131.8920972573947	5080.187875065986	-1
?	128.1235491693169	187.2720727035129	65.97559528006886	235.29490803990603	667.1998693311623	1352.7716579710466	2157.3297984806495	-3307.559448022497	6.250164597343626
?	132.23168243328266	503.7853660326996	68.97040340956008	-53.75138384203291	700.5256742103886	-1861.7692574626003	1966.5141248562675	-1475.0019463391409	4.71325010382752
?	153.31281747095224	532.0746214568826	63.288026087967175	113.66506076521924	574.111406458031	-4466.884047350426	2083.5797011636914	-4697.068329831943	-1
?	158.83541350612717	95.07094965939224	74.65365644782112	144.21132252790878	477.18147184286414	-2842.6533823938707	1731.660708364667	-9317.876435783437	14.009229909537847
?	158.06636495392192	209.61440109103862	70.49859221436272	-102.41832058525458	431.9787373383354	-1082.6040183984712	1617.685879374513	2967.040865166117	8.872662055745696
?	169.31613356067925	279.7725018769245	69.53274041855832	-68.30063589247959	423.0512709229398	-183.55281569219608	1880.012751622975	8934.114044165932	9.368967799408623
?	172.05499004776834	-27.84669840234716	67.08356041973869	-187.64417481581876	422.8010965537255	-986.6970925784036	2064.391581582816	1617.1677602239467	7.108058565672125
?	167.92379864056187	-99.9558280513881	60.15053167776725	-75.49140339950519	373.7164162940189	8457.551419418025	1960.8711396341735	-1397.4396534486852	-1
?	167.05719864519887	23.9234300416083	63.308990249763376	131.6564288408777	845.6786675246327	5159.4319578644845	1994.5195989103806	-8209.038539407153	-1
?	169.1199701426423	990.2407296984337	66.73335311981123	121.16664336132557	631.6880141872468	-7615.959444951292	1550.41921266381	-482.9819357559813	1.7930197557176373
?	216.56923513012126	835.2301044128678	69.36732241782974	42.66356623072905	464.88069527706267	-3766.0016829393326	1970.3705021225812	7580.650909091498	5.234309283836608
?	210.88147536328628	-4351.384702602363	68.86653143134771	-123.21350834108198	443.3879300402775	2627.0750552980826	1929.4517581183902	218.0833959154339	7.587349499937907
?	-1	-1085.8862220096767	63.206647000775554	-119.25706858804874	596.2344480419687	109.42456994164517	1981.274671918353	839.8023394746696	-1
?	156.58716426280168	2948.1753556808508	62.90367800194519	180.65282925543002	448.85915853735986	-1446.567987825406	1971.4418750921243	-5917.530326566683	-1
?	146.40876778404464	-3151.7432852559887	72.23928846354718	147.02249949389514	523.9060486506974	3499.6666541277787	1685.3981555900148	-9392.498952828599	8.306549606104685
?	-1	209.10014739235905	70.25480297664005	-114.79806007388966	623.8424912437513	976.2519184172809	1501.8169274506877	-1179.8065800152121	3.221485406502663
?	156.86377515366274	3211.568835412023	66.49938545985262	0.574840676790976	572.7186445715621	-2382.3508894378633	1626.4078265892533	5259.580340302235	3.3751107066674972
?	159.57844177060343	-473.4337713448475	70.2835450104796	141.09409847021536	504.7249467718564	-1981.5300692522626	1764.7959444658031	5785.2778707875905	1.933274092691111
?	133.19208658642003	177.74052495441228	73.55409038336349	113.25394672616322	473.64214110894756	281.7311906895105	1915.671720128637	3183.703945966968	1.6733971184159393
?	168.46546801832417	26.433238097834725	75.94624234678784	-40.81054201865042	518.8115063063322	-584.621155562107	1923.9811417641538	2594.6574459406106	4.07481345397086
?	134.5137484913118	-150.52428998033022	71.51356328243094	-94.67666366146808	444.4110833308418	868.8020782585467	2045.4045924256693	-2589.6264950556765	2.406943881808183
?	160.93925351930756	1018.4753094419589	71.21240916371437	57.606870606254894	562.2516102192601	613.7745780120318	1794.4998170113681	-1986.53978125319	3.039906409082715
?	185.43751396341045	448.4840624732958	74.39390681274372	119.36127985143601	475.0998122314438	3851.2620903366337	1946.0776033630084	4691.732199257296	6.486577917378189
?	183.36345664297266	680.0055819215754	77.18047315628625	-13.01301645667148	754.8147147360945	5471.514660805357	2029.0864269742362	-6730.892692118987	4.991633394415308
?	219.4377930594897	-157.06870181898526	73.74325598991014	-43.51326517034148	748.6755452717156	-5334.443494367972	1609.5329687570543	-2182.1791797524893	0.5226180194885381
?	175.5100215520233	-782.1092563452023	75.00480989776915	89.36494179145187	488.09254001769216	-3691.395136819335	1919.9774679866102	4636.900162850964	2.5596241748590383
?	180.33233024222903	215.22453423268053	78.2115030794828	84.05457972416565	564.1057884307462	3706.9956785619906	1841.3779768996058	-5295.73113730222	6.595039678564443
?	186.27124826365747	145.41703328654498	79.20753888397749	20.7464447934825	673.4423239457943	475.42950706516655	1655.1909111214954	-3571.2130500665435	10.81081981869513
?	187.6031819065564	-3745.424965273096	79.24882531915694	-105.63189968756765	587.8772637840049	-1440.5426039457143	1662.817324396276	-1234.5223187059453	7.501736456650943
?	-1	-3772.063638131074	73.92594389959903	-181.11254271072536	601.4151937485076	1395.554334722163	1593.4647951861973	1166.6469869194195	0.0824266317598901
?	-1	3439.1695910861013	70.19319818362054	40.254441704298635	657.654980520114	2721.762112121355	1721.1496737422478	2674.466325811607	3.723014223722822
?	170.9584795543075	3465.93743351165	75.938665984814	236.82837669873783	737.5032993545773	172.24776939981422	1727.1881114767796	2291.9339649760004	2.1251217791171455
?	172.29687167558495	338.84624405778624	82.0346170185576	96.84814969674652	666.2673689901048	-4553.847229838111	1835.7463719910495	-1194.3258728320336	6.2586103384973075
?	187.90079175719706	335.8934368966127	80.78107346965139	40.92610034264281	509.8109378626685	-1376.7530605289185	1667.471817835177	-7365.375576177848	5.479313870038012
?	189.09154352041583	-1560.5035069020937	84.08092203568977	-7.610518158144719	597.4297159636579	1791.388009357823	1467.4775931821518	-6978.373176424462	10.255342476541415
?	109.87561641209126	-1836.3937916405994	80.40054756174415	-152.10515594815502	599.3803383305609	1613.4113366198605	1318.553159013949	-5702.874246160569	5.258518517679662
?	97.27185393838455	-113.72476536482915	76.47566423828191	-210.0610348328867	678.1002827946521	1983.0749257592029	1182.3338808741194	652.2480196970034	3.5515423817270517
?	104.18937814384972	997.5194332036441	69.89749582009966	29.86613094120131	698.5340846185225	554.4289846088385	1351.1655599987996	6958.985223569544	1.536204986237324
?	147.14782559856747	1782.4289139153009	77.968970785342	230.20015849171855	705.8217320250944	-2994.5632956061813	1530.2831420526015	5723.139396334478	3.4105067127287114
?	193.31082383961603	1311.1440531983278	81.40750374468576	80.20031424754393	548.8059198382113	-3108.3054333123814	1637.3225298155276	1570.769495951868	5.269768188198616
?	212.7050282584848	-517.4855527147304	81.97898649771925	17.848909921784216	550.4064603594732	1460.087847617767	1608.821616850196	4043.7624958615033	7.705064622876604
?	167.43654620387915	-2338.7088785305186	82.29994924077498	-74.52446922857838	621.8103122191006	844.6980235860603	1839.5106546086056	2202.9878105429775	5.096343629325868
?	95.7695843319572	-2.7010150863878453	78.25276303629028	-88.76748571999131	592.6413615387768	-1411.1989497748623	1718.9710073773465	3699.004350365046	1.201035549746384
?	167.30149544955975	1688.3304047722597	77.86157495477535	19.596410928850794	551.2503647303565	2031.8533292542595	2024.4608721268605	6014.461780158932	3.6556797036367477
?	180.1861045705714	997.3625774548259	79.23258358273283	89.5620327265631	694.2340280014912	1933.3549995637484	2019.6940963852974	-7263.8117059362385	6.84188279295927
?	217.16962432230176	867.6335590180937	82.33967659110357	75.8632451505506	647.9181147085453	-928.3717428509299	1661.2702868300435	-8312.367313028095	4.573012508990141
?	223.5677825214767	-798.8941994002499	83.02574584026041	-50.32777506145904	647.815440858944	-408.1905157448647	1604.0757307338868	-5164.2724434901165	2.3347568915679373
?	177.2249143522887	567.6422974402339	79.82328783803058	-112.52929071550152	627.5085889213018	-2047.2156217238426	1403.056664655534	-1034.7348762458512	0.8826731367834795
?	251.94989739348878	1463.7461750139003	77.39928130448526	55.913340580741306	545.4546597727505	-1771.888237140631	1552.3389869215935	3905.746447932728	1.0318543410906311
?	250.41222310298474	-118.39939735190458	82.61895486706769	96.88527018048977	538.914177064269	2597.783110703278	1598.3439870521731	-1492.7612353576312	7.58638705576408
?	246.02992752589347	-811.1729512468081	82.24354481350981	-85.44456189921839	675.3438153079162	3813.0616716008403	1477.7009251537108	1609.412486723945	6.650789149633215
?	209.85357554064376	-1393.121374814354	78.3467267721067	-58.605874606039116	729.5672606443137	463.1974643014976	1678.8146113883715	-1580.4255589747074	1.063136714598936
?	176.37385878517478	-1049.6359215167977	79.31325108320782	11.573034841653799	698.5036885229914	-1839.2872084614953	1398.6796472049743	-4267.863899409697	4.257446471703859
?	157.37177946480313	-403.19259032473093	78.9253785141894	-147.6035727407383	637.6029002212376	-981.9839278076753	1465.4214164178836	1323.6132720298876	6.5094433931143145
?	156.21422926893794	1136.6524659388213	71.9330724461708	-139.5950255837218	649.404492132607	-1082.815345474326	1464.8603108064697	14772.961888042295	-1.16831740646545
?	214.204402761745	1010.6534826939019	71.94562723500322	56.761208668600645	583.4621329475206	-2893.2509082084152	2204.069510820009	13277.222717526955	4.613156463586126
?	206.74690340363375	419.0765031628669	74.77113287960087	193.31798741650553	504.74194672218414	1451.817680148067	2128.721446682827	-15478.776359306274	4.441028116224127
?	235.15822791988865	1298.8357166937171	81.61152660582863	223.31507296277744	656.0530169549249	1767.9372249887206	1430.1306928546842	-16143.69016125959	1.6860657318605932
?	271.68868923832053	791.9074415703041	85.9368865277399	50.50457556399365	593.1388079716214	650.5813925700703	1321.5369386198358	1943.6840708180714	10.66775887576246
?	274.7535999984044	-304.49032339642054	84.13675538402835	-60.73010239891175	688.5820865834289	2349.3889787328258	1527.3148963955891	6544.684568684304	11.273287817072674
?	256.4641730684993	-1313.4939451285652	82.90038140779427	-35.27805143916459	710.6082569082644	-1549.272744066289	1648.7711670540557	8695.799200866613	3.2218095891448435
?	209.0789027419752	-1351.5961993945502	82.3728528120701	-145.2233489119353	611.1184493801134	-2987.202095826268	1962.104856438926	8897.948324356421	1.9220546232850375
?	188.88436309877082	-992.3474268133965	75.6392139621974	-164.9134224541981	561.2481521169489	448.18979585486704	2093.668583271883	-6493.509181208714	2.543393345099381
?	159.46153140130468	-698.0023663752647	74.12718168936007	67.29881880207746	633.527939172857	1254.6470574675964	1637.4293973784856	-14130.72281989433	2.9121706079604897
?	153.9842447800071	463.10802565459164	79.00415490230132	81.34423881807292	623.9805049903296	15.63148863035372	1387.1324422771565	-559.3417933315152	2.8944537715254106
?	182.6169326840346	368.2761903040465	78.19439363026378	-28.258216210679333	634.3095136043747	-73.35552126604067	1609.4623077119095	8438.377254054383	1.976290557829803
?	172.39805429520968	-724.3390773652895	77.59124409176734	91.22823976460764	620.3127289270275	-99.30923629998775	1809.0513049798817	1540.659060809954	-0.5280993870006295
?	146.3999788157696	-505.5110845689321	82.75580561849422	35.80871185135953	629.3440517893753	1056.7786167055406	1686.4952607524083	-8722.60093402985	9.880311936943244
?	147.1225000667627	104.18942683659759	79.38167968433534	-111.97769830396152	673.1516597623053	1418.71216890263	1372.921258278383	-6071.796889945194	5.7927683564052135
?	151.60945015759955	255.77563525650567	77.15692070329607	-104.47958466496112	700.2796602345078	901.4068032590566	1382.9054162551442	623.9637393889009	4.091720834550204
?	159.91128182958818	334.3564829918788	74.15770045108721	-87.44642257480412	718.2219999252587	803.5745380165986	1404.1194452478285	143.45055546629987	2.6971046309048377
?	168.32727430719373	1419.7195177839897	72.7845995745558	16.678862997539785	740.4583871353383	-2296.0342448381803	1390.0779440284593	4543.159717629177	3.0307168690342356
?	230.89725771878867	1958.6725005818073	74.99164360096421	132.91850369280792	603.4202876833481	-6517.315263649604	1631.2774311292906	11362.185436536876	3.479406443420421
?	266.2608993362855	159.69908111038876	79.43052475919629	-15.966917447744947	414.59262395285344	-5910.904278317631	1958.1872158553113	6100.565043339398	14.531649939534685
?	238.88221177430822	-648.4936334710925	74.19329772857695	-155.41291271476842	307.8750737674623	-474.3999283518486	1936.3056832962648	-3317.2539205071716	11.332404655832764
?	233.8362176627304	261.6160161303256	71.65987912345776	21.999924903127493	390.8726275352607	3233.7379067920115	1792.3245198299503	-17966.156516636984	13.004929075348448
?	251.96301258082468	-158.93205627768853	75.29329397373334	-4.483239489377915	469.5619691070652	2786.245483838326	1037.9978574644028	-11515.722412103905	18.48950692044684
?	225.88961484884587	-645.0428107457849	71.43571714898886	-313.78421836640723	530.184901727179	5554.165905864146	1216.5383992247469	17199.9410363857	12.888803605479644
?	219.71087204353498	441.59298348682114	59.60408305541276	-98.40198352692684	747.2702644002765	-220.2579152772924	1897.9949092837	15552.913767796656	-1
?	247.96926402318724	-435.6103091902066	66.51561797264245	318.06170655443395	519.1720059633142	-5491.3418821772275	1994.1840876145907	-2226.956217695315	4.97904360668361
?	197.93035658402434	-1196.432826931615	75.50716838313468	280.9837337678701	472.7031702914112	1218.0041393802535	1786.6470983989327	-3301.387800764113	10.852573892821969
?	188.14762267660564	-986.989932198123	80.56480466103615	91.11623372381486	580.0722129323277	2237.427261417886	1829.1146975763827	2226.6751667418703	7.425868367966482
?	148.5808599741175	-1113.9077418470902	80.06298006932549	-149.04383634048472	584.5745333623071	-1241.527527967342	1897.9808567360278	664.0865655319927	4.050499938448923
?	132.45223558425033	62.18825526096137	73.1126128440118	-71.74994427043299	517.9958365339597	-2341.1777949020798	1862.3190258529828	350.81420275587743	1.714399110514043
?	151.6902727371656	482.9906151866873	76.47548285580379	62.66066174453098	467.5156436172014	-1057.9927828725702	1915.521566873822	3635.6165832263905	8.287572004994868
?	156.60176634358504	139.81935097827744	76.2456459312384	-64.12213956913541	465.0961973903305	-181.3869191485227	2044.099855014305	3556.403135094665	8.196894668276503
?	158.68124028607957	266.46689972599876	73.26937587734697	-62.834480177486356	458.44629765977515	-1506.4631701447322	2093.3417236285577	438.21393716982413	6.4828789856958355
?	169.92511132988517	402.4834376677608	73.10392192236404	60.37003637244282	389.7730388830928	794.4292053979372	2066.0105518727964	-5003.964543926433	8.686559813458796
?	178.8054121694679	157.37897410742394	76.28787769596916	108.95807541455655	498.1677579296726	3063.0520731008023	1843.1434964322325	-3707.310158608704	9.414682336997316
?	177.79406003525648	-25.08052234160992	78.55182569309194	-77.30979413249206	542.9256425381351	-150.2352478138802	1880.6450439423586	753.6488682530564	6.455830495254998
?	177.5513860523874	-116.43942096707184	72.4223879893445	-163.0551189586023	490.65599553897846	-2149.869717346734	1880.8259398448859	-910.4869855346312	6.491153427395952
?	171.9720889869028	-53.64302337426276	70.39906974516171	123.86607182555872	435.43215667079687	355.69992606945397	1835.1206946656264	-670.3216103781956	8.635658689685622
?	174.8692348836742	450.54924463368803	78.61569158062252	192.15961409390684	508.4409918424514	2556.5557380651444	1847.3098593259756	0.9430303998578759	6.255137703104133
?	194.49955121858753	-730.2836327821494	80.00705044985719	-73.52898617591714	563.2599435740559	612.2711802601285	1835.1678461856193	-3353.893249899372	5.904302203668443
?	138.35505324456622	948.8353364510659	74.93924227182662	-93.8175237163251	539.0545508554583	-751.3431061335002	1679.6151968310046	-1130.2993931433477	4.142802428723362
?	241.9413180411415	8736.092656301384	75.31617426404087	-120.1929040586009	525.6927882673804	632.3847361212826	1778.652876528451	3313.1505270140296	4.4257422895127885
?	575.1596860596416	42.45414699277145	68.92959706889648	-29.338202673037454	570.6737876615229	-232.33338039388525	1845.2727231817084	5.959036124436268	9.633236755249117
?	244.0640253907801	-9060.529665552078	73.84926413038897	191.41328521954546	514.0761192476859	2173.3396518418917	1778.950828334673	-9861.926534968294	3.791986383977285
?	122.1332027820312	-2538.8814282964145	78.5002613298739	40.23770360506688	679.340770253619	696.3053762077803	1352.1763964332868	8048.622896197411	2.617973990887454
?	117.11995397595759	113.01280561935509	75.86114931064235	-22.02444343836018	548.8913880580755	-2034.5484502018355	2181.381973144549	10609.877005566444	10.026668550494168
?	127.78384306299904	483.3971905378453	77.39903915795587	-54.51080751767514	577.6133477435258	1754.4550041441948	1882.6702467116165	-10975.608517855942	6.8859198060067355
?	141.2898135028502	-2575.6768612599444	73.13560893475855	-289.2879120156286	636.6141382652864	2868.5312105278445	1632.6015472517443	-596.4185786242848	6.891704989448815
?	-1	179.43107352809903	62.93464355717423	-100.93440067158666	721.03990826992	2911.795160334843	1852.8493177804019	3232.2237272040998	-1
?	150.26136717925527	2952.4836633308046	68.08888890117915	350.2923481053804	782.2038962820307	-1794.3271752201367	1794.2127336119515	-6961.181040551888	2.12597402611551
?	146.62418316654234	-174.6320342147565	80.4492609624435	78.43548791770306	631.3235495089119	-1729.2315869341705	1504.7902657528025	5128.984199391098	5.85476607177638
?	141.52976546851733	72.7818070283963	72.01066329706436	-37.92857373488434	695.7423169353209	107.3042832641507	2050.66194358151	-1474.2405206008352	1.438376107743084
?	150.2632735179622	461.21835199542403	78.55283227569926	161.4274439972098	636.6887636721195	-385.23086128584873	1431.0782397227597	-8476.003398107816	9.177194038512694
?	164.59068306828885	412.4752439034482	80.08203549692496	-42.145786317738015	676.4807738710282	-808.8332670196268	1626.8617736761132	6985.444250745373	4.222981247319955
?	170.8870357131349	-939.1471106466523	76.44554295981233	-189.1799886401826	596.2471003211376	-3024.8319732289247	1780.3504522600333	2352.7706565233875	6.624494487438035
?	117.63332753595557	-1089.1029514644079	70.6230360649157	-57.99500022128828	525.2391752095798	-689.5425870201727	1744.5003065022843	607.0634380810957	1.8777967056290825
?	116.43188813991374	1194.4268943768402	73.54579294874787	-38.893265720496416	561.7699709701285	49.879737199538994	1810.7036241640885	2569.3397430695586	2.3484883567744106
?	177.35467225479843	2128.3004725758497	68.67837277889085	-59.590347544527454	527.7331620695568	-3728.570217923473	1872.967293655764	2638.136068853836	5.0971464369135004
?	222.84691176870774	724.075524318847	70.56627557152146	136.847403757613	375.3414600739522	666.7507251673279	1942.6104276067822	1005.4404919919527	7.952799281936059
?	213.5584484707413	-1584.7016267663687	75.52074296677159	233.88848546344585	561.0706983279237	6253.234295719895	1923.2393182553624	-372.5016218862167	10.156038252046763
?	143.61183043038818	-1185.0966810675802	82.26069984469392	119.65591728453518	688.0031748599514	2963.6746619674054	1923.985346512471	-1580.406713181192	12.137033008222222
?	154.30361441736144	315.751729275645	81.50353883099844	-94.5812582953716	709.254431426296	-1541.7246011121356	1844.2189825963017	-10026.579877702978	12.6482865616245
?	159.39941689417066	-26.707633356209232	77.53163692992527	-56.1961811633538	610.9169448043435	-1230.0347346817405	1422.656352627315	-7100.625260112887	5.79845669738423
?	152.96823274955096	-591.913365242092	78.69372977283071	-6.823534604424327	647.7526946922081	-88.6919478935498	1489.1877195906523	1267.9219281655835	3.1937404319443568
?	129.80374863206563	-562.1066041054442	77.19046019970405	-177.0694776386239	606.482347409666	-1811.8606910996043	1486.0524490355951	1989.8947190034542	4.467925032162853
?	124.86290254427836	-106.6763645891199	69.84025589089939	-44.89382103660368	557.1596601372266	-3471.299337681782	1588.6824555408264	9858.882747195863	3.383918718957464
?	124.46993040260956	158.6711071180483	74.94576914787383	87.94720296435702	432.9173805255744	-2728.5825607754064	1978.9965863953953	7777.716858197121	7.810207651611168
?	132.79645790018088	270.3490143240104	74.2376160391173	-95.0204114594343	420.7305320984544	-410.15321984723965	1977.568298450688	653.188684831375	3.713933617211475
?	137.98738111881028	-83.93012214020013	70.19474857490205	-29.717702952388695	412.4097195332121	-851.2594135447437	2011.6560206369645	4619.166918437793	4.925251336297142
?	128.59995179317082	-203.4527224903851	72.75173089149784	-172.3090212097274	378.1675614212166	287.16857680618136	2208.526644372581	439.8126265859156	12.684955669013275
?	127.81474499429088	-2591.9990358633795	61.57929751441556	-337.418868662425	426.7681483735214	1367.5586061260356	2033.6466519662606	-1738.0983119035343	5.847202589425015
?	-1	298.3191516979853	55.88078745837635	173.942315131697	446.54549172751933	-133.14588261584674	2121.621728777403	604.4114323478053	-1
?	142.73070257918982	2829.7892280312417	70.27641327100022	360.15283023203847	420.1108542427292	-569.4293094540113	2063.8672235836502	-3045.5578933192123	8.703215829232224
?	140.48946140156409	-145.3467480076849	73.88842896997853	-161.262977596738	418.07402625481836	-122.36159961700022	1969.3438341114402	-2597.169314530906	13.535210024442955
?	135.46336517880547	-527.8758991678617	62.21326439116321	-153.78302651582922	413.9927742618791	-606.8793013050565	1934.008757857103	-4570.188304168213	-1
?	114.09566644317063	-804.1195105266481	66.19927764418696	-21.366698727753413	387.7300611895651	-1719.7230414863902	1740.8344189030263	-4316.820968487298	3.324566340661997
?	95.2573896524725	-46.306677262889956	61.14492945477552	-86.1823717379412	328.0066221875584	-421.5560787721151	1718.1677094327351	-115.81439820733812	-1
?	111.7803325800261	505.24096132950484	61.89015905728984	242.68204080873116	366.65225725095905	2275.9729007473634	1735.0436989926593	-2271.1819950981267	5.665357958527714
?	120.5194377189481	387.8153795166496	73.27903149521225	217.0413840298703	441.8052672249282	477.3189967141548	1604.6086096778272	-2220.489734418066	11.534642550731146
?	131.17110155585885	183.80437986311358	72.74222825878351	-69.37114131649098	390.51820708666713	-2083.3447712036127	1624.0192122717544	-49.65110203261177	11.692557633571727
?	129.7096567121039	-127.68786704738022	69.81047442938765	-45.10210211177615	337.63802866474606	270.20419353750026	1602.1260545761966	9894.452320764372	16.988323184394098
?	124.78670820348975	-240.41603993332131	70.48712315319467	-39.917830900712374	404.02841676354234	471.98322944099016	2118.74182830998	8684.69808426149	11.615085285797136
?	117.68885471543767	-208.52758250149338	67.814582884352	-101.65822254999594	361.2371901367959	-2017.0181848007949	2036.3609587892772	-3584.101700573723	10.283583688692984
?	114.36032907841494	430.86432429164614	65.4042120256948	60.40593565369988	303.17750752350116	-1097.442577519254	1939.5367432812914	4696.1530668954965	-1
?	139.23207093002029	1092.92758012634	70.83487966703704	240.70951639369497	306.3650612608324	5503.27326893961	2271.1686121340554	-6772.1284091987345	10.134988070580757
?	169.0067080847327	647.2362571349332	77.43968784537972	102.10400351306558	578.3411709704856	6856.199748280614	1600.9303228213498	-10629.639142284608	9.32425381400879
?	171.5938837867674	-105.47493641513448	75.9400798426904	-66.16952788913741	649.175048674868	-1062.3945116362174	1739.6866550198174	7574.148935095656	8.320602583006245
?	163.7329612639759	-359.95688558311144	74.1312114509228	26.956595042073744	525.2214453886739	-3227.538146201374	1979.637769576138	4584.585302397357	3.2478860602303903
?	153.59603950761158	-589.2501574096236	77.2879095947941	40.15980881710419	487.798141364797	-3388.5145303534305	1968.9159201396885	1697.9059306196755	2.9745219521338973
?	134.2704533934943	-456.8118218736706	76.13920189177804	-35.19054121570498	355.795718871	1977.0896241256858	2064.533066107123	-2485.5153893284896	6.984645766891894
?	130.75544841392772	-248.96584897900271	75.52838253400883	-82.85118307930925	586.6526225710827	5753.260740708475	1844.6401506732623	-4011.402631785388	2.8871877126440797
?	121.822160944544	-2635.108968278517	71.99664273781252	-175.23323427972008	643.4587559064279	586.6425301083958	1863.9629345178507	1546.7120549271983	2.8307429177773313
?	-1	-2456.443218890845	66.7667208200227	-215.847951191705	615.9847490765029	-575.1631653126387	1921.9757534196233	1713.5267287602967	0.081316199872849
?	-1	2550.720676833689	61.20424517822712	27.60276042180113	614.7005976407955	-430.95878676580764	1949.6392709558668	-3268.0543834068785	-1
?	126.53603384168626	2689.857964730855	68.14685884111277	285.12730247386975	594.4368097382122	360.2704954016298	1758.573034249277	-11070.924877490845	6.107480406981039
?	133.49289823654468	551.152929409668	75.46061030192081	248.162297643204	632.7141224108773	709.8064495186021	1396.0930270813167	-301.8501083989352	10.111569049967772
?	154.09368031217005	626.2658956705385	80.55497372327315	80.11659111630536	629.9271322141428	-1963.6497713286342	1743.48052882933	8931.357088758337	6.750611906845398
?	164.80619302007204	399.80043871860346	79.46643985773613	-230.78548922556436	534.5316338444442	-1403.5576656210064	1842.6608815192399	2824.5304922224987	6.002643598512249
?	174.0837022481005	323.1778808439656	69.01569926199477	-170.46648262519128	559.7492489330915	2395.8690913138594	1884.707053440457	-4704.601140842375	0.3509558060907128
?	180.96508706227056	702.1762204017304	70.94311572647645	178.51705360291336	654.3250884101389	3085.3387029909295	1607.4308244771178	-10224.37258492762	2.772874974294973
?	209.19251326818753	-54.92814803958687	77.94155194214056	93.09379807257851	714.0161840826402	-1645.772719366966	1373.4884241940688	-1038.5928238341319	8.698101275934667
?	178.21867966029117	-689.5042105366439	75.59780563010544	77.54313890724265	572.0364524417894	-2669.0891655680102	1555.5011832854104	8657.42433209381	2.32950447954709
?	174.71730274135484	-592.8222103927346	81.81870888750275	109.52321728422177	580.5617258042378	-297.2613064488613	1806.3596407987654	6142.401032573174	8.806780537306091
?	148.57756914065402	710.1848959313794	81.07396649431661	-105.33309330645231	557.1733871193461	1858.5682018801444	1862.6212349140735	-1146.246341688172	4.4963158202990146
?	210.22654753792432	1129.0134704799127	76.55205422218006	-151.8268020851006	673.4901358982463	2041.2934588967714	1749.047323714356	-1001.9920558852613	5.231171197011833
?	205.02824266465046	-1384.636147638716	73.48262639006147	10.380253139799288	659.2380600641861	-958.6638605875669	1812.5216321198097	-10090.991254453409	6.982216095467914
?	140.99474015598753	-1454.2964668490729	77.07106687917003	124.30177646778782	625.5569428688673	-682.936328400512	1244.4977609916784	-13818.659414858184	2.317343850627023
?	132.31341932219578	8.524601633998707	79.69771521345095	-75.17112243403467	625.09124364416	1054.844292584372	1121.5886613768907	3353.6414324530483	7.039126258256863
?	141.42097023768747	-32.0205691525133	73.31251075746825	-257.8135537675434	678.2991574980866	1667.2079472921941	1412.1798326143332	4699.174890577985	2.170091566711377
?	130.7123908645701	-26.738671516519236	66.8070375250736	73.0595888095193	708.4516410087709	2248.111232352485	1356.5474059057933	-2833.3839540399917	0.006054015237144575
?	140.0840366618615	464.5875274935528	76.96549019794426	289.64664112542994	790.7047191157125	831.2921191939126	1270.5106349123316	2026.592126039712	5.673726150761896
?	153.94176723924807	987.6823734957375	81.2893695813453	8.644065810810437	750.0162469684672	-3088.1613288131816	1457.8770122077804	2892.769095383469	4.419636174963932
?	189.46815533664906	296.48618731430054	77.39769348848479	-167.57867317105354	636.2966526750512	-2897.573436152199	1415.1490896815071	-10.155392471315137	4.993808856350451
?	168.7660766049633	-574.274616618653	72.9104359227925	-80.47935565610146	605.1375751608551	-3571.4961406080333	1457.3692425842146	1581.2118902139084	3.3207370524873645
?	160.754424505716	-285.35010395785827	73.37372570567966	93.21987739785509	457.721845644647	-1127.0014365406996	1494.2096841922037	3046.7422574901116	4.1489680409204075
?	154.4985714070702	-271.9043433976169	77.57142979268532	149.54896777012877	548.7875033338194	2785.0309901648848	1609.7063554587223	5607.70546178345	3.588764550839514
?	147.15920733583496	-67.69431127632419	80.8511740941862	84.0455231171	596.9733951528932	880.3367706958886	1774.5949572813802	2650.215441105173	12.677618653255834
?	151.11385584325393	106.89091284464571	81.77370594854038	-185.09426368855847	592.8043418686144	-565.9116047410986	1742.2171275139829	-837.0682729234903	7.163300008921522
?	152.50375297806733	18.676086042958975	71.59646090975815	-318.1982457006228	568.6778149158379	370.52770625506054	1732.741543635205	1541.7414960957385	7.508473355402103
?	152.0476601454019	-3070.075059561303	65.86379366350901	-174.57447008197016	611.3307271813677	2561.3269757720786	1819.3042023187709	1526.3208578747265	7.254119151815938
?	-1	334.61508847680454	62.86773740565952	-2.952625942680485	696.7441637044436	-3433.5462983843777	1809.0575865289425	3418.321462568307	-1
?	168.77841456924236	3014.221113657301	65.71616236637499	105.19227531507063	439.6534122621464	-6475.0251291534005	1990.2202754471887	5092.697189256996	7.9070963130309595
?	149.7110556828672	-1034.6727250190236	68.12735117141313	88.70095362277839	372.992907246769	-1489.3229726953205	2063.692445991796	2801.238112601064	5.425258736817087
?	117.04477831829044	-824.33533211036	70.15121004751397	-131.65960655867164	365.1872636273793	-1156.6380457223813	2130.282181077244	-44.16675319632242	5.309181953999464
?	108.49428907734861	-2360.8955663657753	61.54437084347945	-206.15433279191	315.1610049606491	2814.046540592445	2061.4841083319798	-3562.760219293677	6.334181846070016
?	-1	1295.7117798252555	59.843493407918324	267.481991370176	505.88959065700357	6123.465579366212	1952.1441701125575	-5722.153323946373	-1
?	173.2798780686123	3547.5685235460164	74.91847041198844	302.0198841450296	621.334283928964	1690.1785527373042	1775.376442134657	-5652.346616798115	1.474419862253972
?	176.37842617730334	-3485.5975613721967	74.94448761517002	-121.93026085974705	590.39851829387	1084.6118828407502	1669.5268392726477	-948.3328853915692	2.283595650417878
?	-1	332.0456811121015	68.821957369001	-75.37721277873267	675.5648780710023	-2763.315593021409	1727.959797865078	5307.366921113864	0.9300164576360102
?	192.98071023290865	2763.1418981829524	71.17562697623333	179.70755327205922	452.2327386427976	-2963.926984053645	1934.8951853283447	1565.301541178133	2.6451661663010513
?	137.15709490914958	-537.5541453655629	77.80733503260409	170.40382691792374	527.368528868318	2756.2645401423874	1806.2248749239857	-5122.862759192039	3.643894479943809
?	166.10300296463012	743.6582979734683	79.69581832212964	20.97654443455609	590.0459656499189	-1489.6318574746015	1678.752047368739	568.2376519185629	5.549789274125891
?	174.34000980782352	-890.3489186520584	78.8561622543319	15.716118574671388	452.88693599458685	-180.9690889466944	1834.6367575199142	3674.615167791096	7.855112926695277
?	121.58555703202657	-923.9455570283025	80.48162425086322	13.517615082944396	580.9975112025841	3443.20192671463	1862.4828057582965	1906.1811900121668	7.894050248973542
?	128.14273195640774	-95.23432260021146	79.53204300847914	3.4356574936674145	625.0470323303208	1163.5362157784282	1929.945817020524	293.94572198698864	15.671552813140554
?	116.82384090201593	69.61697117310237	80.6534071255466	1.3267165852505325	639.1743219915063	371.22615403694834	1877.1800918576462	-2451.7187527030333	5.53777201039741
?	131.6235805150629	379.33576265833153	79.59837883774166	-35.663175364339345	643.6083400321685	-1082.2150457050548	1807.3598793853705	87.07342765083344	3.040237138595561
?	135.79062903493278	501.7641779989768	78.8702483573296	-9.22154520013451	585.0635697062528	-2644.9950146437877	1881.533763240188	1819.9140162435574	1.7504200266411782
?	156.7117894150121	767.227780667386	79.13730157773493	-43.119416605318534	511.3585892999772	1379.208997882748	1898.3555801975497	-3990.8010225185785	2.7013122826204214
?	174.15201806830262	129.1532190632141	76.71427752706364	7.724467795043385	654.0240196003912	3135.668104981945	1681.9937121142561	-3176.6103321151654	6.0770487956977535
?	163.1694503681729	-721.0477062395069	79.5235249674871	55.07720256582424	668.1419945490767	-728.9896763878061	1739.5250635917891	2938.3546129281776	8.632342853663978
?	138.09963275632677	-357.3303680784563	79.4681376553549	-60.98230062041806	617.5745357810004	-2429.5782760907305	1828.9114427606671	1776.3823689127341	4.162284594458202
?	145.30293196424984	-36.39775126111663	76.47440993646616	-156.87058968560314	546.6630807445384	-3055.6063956195408	1828.3441820374271	-1242.136757440076	5.73774644641175
?	136.2797451932709	-212.2248985106857	71.62460817107463	-162.79309131105092	464.79421600002115	947.7442764932905	1766.8046048886624	3901.236295315379	7.830643940864157
?	134.6916870387154	-811.3176033246139	68.3347553709135	-63.0515336068586	594.0502945692036	6188.294499800848	2023.4059968031988	12023.9761484512	2.988624550611438
?	95.71386502703965	-786.5878935663584	68.47203149073165	99.04575307129592	774.208940990068	-3703.9656682174846	2368.003412311231	-818.1119395935659	2.2071280626048133
?	95.36229236039692	2.185709277622405	73.28704302447837	185.16910338921994	408.8520111583268	-6747.528650679062	1982.50039982352	-6926.4038265258905	4.473705049486654
?	95.82315049092077	11.475967450295578	77.73048666019278	54.0950899812436	436.8325084561101	1387.9217249693643	2021.6832209849315	2732.565196032258	2.5748418577190706
?	95.93609073291171	147.77935300124642	75.99179752354058	-23.045892222609965	478.248097406796	1571.324753919535	2119.128659625135	760.4891462210736	3.3476503580977583
?	103.2121181409832	698.5328106417209	76.57819204906227	19.170678866338744	515.3987461520879	-182.55882324395398	2059.7076782959857	-5213.525725841995	1.4968373494207912
?	130.86273126499825	81.24369159628797	76.95033146685753	-15.43312756476332	469.12015624459815	528.6847199924653	1858.4523733330313	-6145.998974690537	7.177266017803684
?	107.27430272079765	64.88263531311212	75.80653567082409	41.95059052024757	541.8329821517116	506.49694741868603	1752.4077295614545	-423.90656292223264	2.8872472802622395
?	134.1068630306539	2623.5678494990307	79.04786099286994	9.09520077417214	494.4450036155328	-1127.4685376871776	1837.2570451869194	7333.20620182164	5.150540472115028
?	238.45269519575103	248.72963084358037	76.2612957095327	-39.66965333822686	485.4595552673519	5229.379145643206	2119.0680396525418	-11467.375926830637	1.219840868744463
?	146.5433445728331	-2322.680605667269	77.06437832595857	36.07305738170828	755.9139608976968	5906.5063215213495	1263.8882488453794	-15464.475087051604	2.5062924604449535
?	122.31866491238593	-793.0046852248939	78.06494857861814	52.3596688125728	780.7848713434236	-3006.251675655779	1345.8442852999506	8897.00823447145	3.411085789362218
?	106.89311031158783	-2466.3732982476836	79.68236176658725	-172.0196972703634	605.6013771149057	-1642.1377361852676	1708.7386605689583	8163.247180614073	0.9038840438628846
?	-1	647.5441855704064	69.46396371509985	-116.34969725908894	698.677984534159	923.7378485923892	1754.00664433066	-2405.9292830119034	3.648479999526053
?	139.2703195901086	3264.6213226282493	73.86487690363272	239.98547225256686	651.7882695445259	-763.30150042443	1588.4421964183614	1275.1170012836428	6.121706680200206
?	162.2310661314148	963.9611292734963	81.46323732772837	17.98609815611374	660.512909512937	-1089.3223702442883	1817.762494394843	8828.372109692402	3.4536928673112
?	187.4683760537841	-3264.6213226282493	74.76418181143842	-284.48164538058074	597.3221510323107	-437.84069836036514	2029.8608019029878	3918.892179294634	2.1408319041441244
?	-1	-907.0489414103971	67.23915505869913	85.92581760927507	638.6208745949184	1540.5843396920031	2013.7071033595776	-7658.652170949454	2.2413811189458386
?	142.11592898326361	3402.2258175131565	79.06047269190223	209.19170805506027	674.3513680169119	1926.4615955184581	1646.9281933555096	-8768.952798675047	5.190840342938948
?	169.11129087566025	1053.9032057007294	77.69874046145229	-192.8463071828598	734.9439543708427	-2390.393611108152	1575.259463425819	10233.476375779133	3.1128544073167856
?	194.81108926830083	-890.7558305520978	69.41815733275911	-166.58173022543414	554.8316874615026	-4213.412874634368	2158.6020121444735	12810.001956885371	6.145314481782535
?	124.57349934805472	-1577.8475773506957	69.36965395018046	-19.907683676476324	524.2733106391213	7269.560970064041	2215.7595612700966	4710.638406700697	6.6549224177275095
?	115.91871040076492	1228.5760154773006	68.42277314893528	35.13599951790134	918.3097359647098	14584.172793055815	2394.1339324795117	7434.318339461983	3.498059887539998
?	186.00230012192063	1350.029274987822	71.12645392607556	79.78748959579349	1253.4819502919224	-10828.100533483781	2587.475478243201	-3275.7515520542884	1.2712190279580433
?	183.42017415015698	-1691.4545514643085	72.41214762872501	94.72082263577086	376.90470929051304	-12766.945520964398	2230.346354876795	-16648.945237502863	7.824939985355131
?	101.429572548704	-1990.0385519656693	75.86249505786417	-31.670107189913043	615.1346742436934	7109.662521719027	1755.028216368046	-10145.265320172617	1.3099892710175194
?	83.9182465518721	-2048.591450974051	70.82864226922933	-210.4068549764058	732.3878353764694	3798.358729503953	1723.083088868157	10682.49211535667	-0.0429027634657833
?	-1	-1698.3649310374178	65.34215230904373	-165.93677879400167	805.0526107188938	1336.335974841892	2289.152822135887	15024.481964771585	0.537348125270384
?	-1	0	62.53180332952913	-127.97789779387318	799.204634118565	-2233.445978291661	2474.307187106747	-1505.3303478272906	-1
?	-1	0	58.943257419349976	-174.50542224636686	693.3803118043091	-6008.57351960482	2213.8863047445216	-12629.42263767937	-1
?	-1	0	53.806532217210666	-53.62995806374793	498.7759581383197	-5996.4724287532645	1842.8360552227693	1249.6781535289488	-1
?	-1	0	56.26175951616254	66.93846296645835	393.55669036664165	11592.035161092652	2276.37021242097	12387.856396632134	-1
?	-1	0	57.15345536553363	69.8559735990429	1078.3777161929606	15047.67353226028	2462.228875054385	1590.0057686012908	-1
?	-1	2708.2706246368953	59.754558196114736	257.7888465432691	1145.9403669796664	-13854.881211173586	2355.8705008510356	-7268.03141233098	-1
?	134.4135312318467	2476.7999553978593	70.04289769269727	62.75261733565709	385.6336556342714	-15926.243299420614	2098.8273044378307	-5041.539556268118	8.674637760864474
?	122.83999776989474	-2708.2706246368953	62.892189062897636	-320.3945799414519	349.62820200862444	7526.03898123325	2103.793523037626	5007.560765276332	7.361375719542198
?	-1	1243.2618534480448	54.02316869562444	184.96261539213359	761.9356046959392	4572.760512163718	2349.205342701651	-5034.208146393895	-1
?	185.00309044229786	3836.1118585893387	72.14031983250445	422.91170023301913	578.2662276168136	-7148.063747991379	1852.0831157179277	-8909.809665764906	12.522216468750905
?	190.80559292946967	429.02329510001454	75.1687537072757	-20.091928337605793	404.53241729636517	-1858.8411462705003	1903.7148594133992	7571.711500537587	12.853052542302915
?	206.4542551972989	74.31393618004401	71.13572341562414	-64.92330284666473	485.32417030328725	2611.396265198803	2230.6686907448125	2458.3457467825397	13.295675962831709
?	194.52128973847192	-522.1490627583336	71.92258856494242	-201.10642437686818	535.1022305563072	3031.2917038778482	2026.632146752528	-5875.678344230076	8.591734496855876
?	180.34680205938184	-3910.4257947693827	61.08040219678059	-324.7590509786651	636.8887554971818	1882.0906890023257	1936.8847735333045	-1335.5632627250127	2.376947783470052
?	-1	-3626.9360411875855	55.68463601600893	-177.9403402982466	629.2067650064248	1403.645418174413	1959.8539836162763	-164.67990512708406	-1
?	-1	3998.561159535374	52.18338518186813	294.372501150635	707.0710264059035	-1450.510890107755	1928.6507782769502	-14652.852626945389	-1
?	198.92805797677153	3694.70673141759	70.40326107354089	444.4674451880237	556.681220501036	-2278.500343159696	1227.2113522689965	-6266.157430671012	7.889925297366979
?	183.73533657088214	-470.7485583292829	74.40675744126963	87.38030407543523	593.146009247917	1517.7373160647187	1615.3429067433951	11997.171866014958	17.15658024500267
?	175.39063006030705	-571.625266553118	74.77227627731271	-57.21260577273317	632.568086304273	-1727.0341201053513	1827.069945569753	1462.370295175617	16.853396683223025
?	155.15407324322584	-1145.8475309595285	71.54612715263293	-170.08984303639053	506.79430324264825	-2967.785961331632	1688.461421502177	1852.943446693108	7.573455493287798
?	118.0982535123298	-917.7411813865289	66.26778412549307	-57.74816573982097	484.17878823768933	-1194.5433841047497	1919.7171179044096	-2715.359463088114	-1
?	109.26701417389874	-227.67856023245332	68.65871886564185	6.73758200024783	447.0671340374099	-1054.6449323966804	1552.6934483477694	-2119.1711212846412	9.217410666305513
?	106.71432550070698	385.1098685373261	66.60466322550546	14.86019168983866	431.44654161785456	1040.3001051772026	1813.758561840176	137.54845701164672	8.51199129946275
?	128.52250760076532	1369.2312567342358	69.40172845013379	112.53634902563913	499.0821392962708	5512.2892359269335	1559.5708711983518	-6063.180813706931	5.887639962239946
?	175.17588833741974	1956.5032279739291	72.2314806767875	14.801529702145121	707.0610034142052	3159.08203113659	1510.5995211548252	-9272.1862541159	3.245302601034381
?	226.34766899946317	1135.547017655383	70.14180493524106	-203.84886612216485	657.0362408531025	-765.6975622515556	1095.9615584925502	11427.821147703937	8.099659363743575
?	231.9532392201897	626.4125837157737	62.03903737067911	-134.99052712251492	668.7761253016269	-297.82858612180496	2081.99057854003	15347.437098575938	-1
?	257.6682981852523	278.15063392734885	63.392278579115214	197.91686845973007	642.1448115470121	-1845.7438003748564	1863.333413421358	-8878.488686265551	3.476472794783737
?	245.86077091655733	-307.28819715023707	71.93488079366576	143.57525991639756	576.4889352828827	-3851.754920088242	1638.0661442267462	-3075.680728383838	13.244823009154633
?	242.30388832774022	-337.04808194524537	70.5710415749352	-104.58614878571602	449.55706554259723	-4272.331187765765	1709.549377002164	6752.815079843439	19.28270865406041
?	229.00836681929482	-688.0868006421069	66.70557335437988	-151.44107092118102	362.8723758945914	-2065.59567140415	1975.706898218923	3980.885337939483	15.943961772814275
?	207.8995482956344	-269.717792457155	62.998988028876035	24.531867365423288	346.27728197238827	974.6225341279771	1908.593643899141	-5288.998195677379	14.247458239823303
?	215.52247719643688	160.36884688449163	67.93216672265106	208.6617721806306	411.60350260099096	2054.799967627154	1711.2569884350503	-6315.719761098427	13.813474497971283
?	215.91799063985908	-275.60493989820037	73.43207663790771	-115.67333035267913	449.0172803537474	9663.114195612154	1592.807655844215	5439.839202405742	19.85875191104315
?	201.74223020152667	-4338.35981279712	62.14850020501702	-244.8057030274169	894.7592123816055	5015.424439087271	1983.2489485553413	12693.152940803026	13.307544112445985
?	-1	-4054.8446040304757	61.191791486536694	-71.43553297709828	699.7885023081145	988.9010599123294	2227.4653028843754	12058.862687972283	-1
?	-1	3623.5293364887193	58.57672355616206	171.0118361630654	944.2042653772227	-6863.996523287345	2586.192082953964	-3062.8031308057525	-1
?	180.17646682443853	3618.650775683963	69.74238329469009	352.31895276289544	356.5886761437424	-11566.095284499854	2074.3251463440856	-11077.218309475325	8.997709889347181
?	179.93253878420072	416.1099543377876	76.19267119430708	125.32764780636562	365.8995011522218	1063.9482711926244	2032.3311674801898	-322.71234044483657	18.50235572307435
?	200.9819645413282	436.36053265979746	76.00876568500846	-143.80966702336644	409.7860897033744	821.1522449828416	2058.1895293218436	610.7436417247122	13.342924335336244
?	201.7505654171909	-409.7645400112258	69.00218784313866	-310.6348535506494	406.95711340136444	-901.2546046256974	2062.868349566426	380.48676887816697	14.248996025692215
?	180.49373754076663	-1162.7222453929976	60.477023007475765	-146.593871898958	364.7233594720889	-679.7996267400953	2077.213867765752	-397.65123245147043	-1
?	143.6144531475402	-403.2622533111941	61.67249424819065	194.29479415243813	372.9671320643592	1515.8994668354717	2042.985787943852	-4648.681539149772	-1
?	160.33062487520664	216.4906829415961	70.19176271509781	39.96691880813643	440.51833281386354	8873.504164381486	1844.7797908082603	2230.5199663818166	11.431587053209356
?	154.43898729462015	-3226.612497504087	63.6708401885975	-245.89637300943116	816.6423402834398	21242.742103686618	2154.5117862629445	14242.322355696486	7.090607053284797
?	-1	-3108.7797458923587	57.89694406462608	-242.50372449411753	1502.6554379982094	5421.4355193305755	2556.8959085930946	5956.896425704051	-1
?	-1	3483.437816171866	51.54565396389145	-153.36300352933927	1087.7141162499724	-20886.5004879756	2452.3566075481513	-9645.645371691126	-1
?	173.17189080859578	3567.4380605216024	50.228793888159004	414.56934232491284	458.33041359941444	-13741.813810510645	2074.6136400085315	-7390.3624784057365	-1
?	177.37190302608266	-488.36849709591365	72.27412108013739	521.649977380581	400.62342572443043	3405.5672986350437	2082.838483627859	-5725.781971762591	8.135008624393073
?	148.75346595379975	-888.8864864629942	76.31129275718843	21.13187468653022	628.608778531169	3094.1078802365478	1788.324541420398	-8710.009125005594	5.387365303183899
?	132.92757870293232	-579.3687968234883	73.33071481446392	-208.3478031302143	555.32881973626	-2326.3059361396868	1647.3380273775733	-2819.4953159362567	7.8921177490953385
?	119.78502611262492	-297.7980709159062	65.89390260067756	-20.69775124832943	512.293481724183	862.4749199349699	1647.3497756235831	2334.0736061539505	7.253556667488698
?	118.0376751571368	-39.52685630383599	72.29582725204743	144.35968706123072	598.4525657330091	3949.9812209554157	1764.0417076852725	-393.7631285506076	5.078908162793426
?	117.80868329743309	533.4979827782634	73.1118869537392	46.889390365315265	709.7925427719566	2145.067484963396	1627.6616191960525	-3915.4179825106385	10.031614822016232
?	144.71257429605035	1089.3620417823902	74.64029677031323	-33.2194411557587	705.7059399811805	-2570.055355383747	1568.2708085597378	-4679.408531799683	4.4612984124691355
?	172.27678538655337	724.3138948315861	71.45091489595124	-162.99248487641447	581.2897750027674	-3712.7192258489476	1393.691192606065	-4776.5183806117375	6.093881109007119
?	180.92826903763017	445.0272897161403	66.49067252649239	79.35227337385443	520.0699786887304	-2350.766184100274	1329.4448895291475	-7520.4663517995095	11.513453118335704
?	194.5281498723607	585.3997951479001	75.41852856464402	118.44342035296225	463.7514657977521	2939.7118181887904	1017.6678750160842	3307.0378523124177	17.5520124413176
?	210.1982587950256	916.3539912007428	72.41284354414059	-125.319164069954	667.055569598172	4749.646887860948	1494.7967821447708	16165.021384680804	10.180792116060859
?	240.3458494323985	622.3034401327944	69.15257036114623	-308.1166406929208	701.2338101908028	754.299970157527	1825.9189442501358	-9236.123482358808	7.932962610743565
?	241.31343080166576	-4826.916988647901	57.007011509494326	-297.70363856365014	704.7705681060489	536.2234450889074	1032.9906080268238	-482.78646058505495	-1
?	-1	-4846.268616033246	54.267388432963514	-77.03576070930201	728.0449824452486	1030.6481117431726	1801.7796212208827	16318.431695204195	-1
?	-1	0	53.15522347402917	-101.48307634558718	756.3029736932083	-349.0329184449111	1848.9121927870451	4155.756211215266	-1
?	-1	0	49.193234615684084	-101.93158356960663	710.5933365230028	-1632.421424250078	2009.567431781649	2450.8739847606525	-1
?	-1	2845.0660744008132	48.05864429554877	377.61209481536457	674.6819024807032	-6106.591812614627	1971.4558920250795	-1478.7946135439888	-1
?	141.25330372004268	2878.8113580698728	68.07383935645258	352.12823340568	405.2637458922671	-8049.144916203554	1935.6277011044485	-647.308274847678	4.239755981907979
?	142.9405679034957	438.55267273352126	65.66505596583302	113.25243934428879	272.2246566705198	-74.3888742172795	1939.0904782826951	-1596.8637143185151	7.430137696367405
?	163.18093735671906	414.0781056061875	73.7364613236671	-19.854298364928415	401.54430218140305	5348.538570516284	1855.7845153885216	3121.6324874062148	12.085310605578819
?	163.64447318380536	-3283.6187471343346	64.67234104758659	-294.10540137622286	539.6515851963378	31270.30043728255	2095.172102653008	20340.96998583989	7.096847041984011
?	-1	-3292.8894636760606	59.03119125485575	-238.21054350744393	1965.0593240455528	14507.743818553678	2872.8330146805306	7523.38466410418	-1
?	-1	3688.2990441221737	52.76181387221422	79.30226381803466	1265.038776124032	-25458.32165046867	2471.3413358582225	-12333.570009979829	-1
?	183.4149522061113	3314.250284164938	62.99630444575754	293.76221180903525	692.143241522101	-18393.83294973561	2256.1545141815304	-8718.328522798636	14.103101371175894
?	164.71251420824925	-668.331451065571	67.44992446266619	-15.713831572237982	345.3471286372385	-6257.6596142846265	2035.4249097182844	-4615.933190162348	12.672880433410256
?	149.99837965283228	52.24594773451753	62.21061286714563	181.88569560075106	379.2602608078652	4482.694144411341	2025.3578546734097	-9826.614743563901	-1
?	167.32481159497516	160.76687895002124	76.54420924270387	282.11114876556076	569.4818358578087	4937.4490349552725	1544.0941725400824	-8895.726336776266	7.983199557664163
?	158.03672360033346	-144.8638518037634	76.31617030542387	-221.07467974886046	626.1327125556323	456.74214201536677	1580.5715378345901	-644.5320972616081	10.273857413260611
?	160.0816190047869	873.5161110336715	65.49047525526069	-136.93411364085853	592.3189429585774	-3529.537273938998	1511.8675676770015	-94.42128778287818	3.949109291174983
?	201.71252915201765	1417.62586097311	69.46946462338084	124.8011191533319	449.6558488586799	-1938.5195754694766	1575.8504734454461	12829.416635236506	9.995488650699933
?	230.9629120534434	695.7975956032013	71.73053121292737	105.21657896541107	495.3929641851022	1904.3885875875108	2153.338399438836	10686.272854789948	14.649467520103766
?	236.5024089321782	-373.4090283127737	74.73029357165147	-94.13309942887773	544.8752782380568	3100.883510173161	2110.164116184951	-9366.012919304456	13.211080991279925
?	212.29246063780445	-769.916398693524	67.02387624148342	-236.62339700274023	650.4371396937625	4767.2212501556	1685.0377534736065	-11794.864038345773	6.101703357121976
?	198.00658899750147	-884.2969466207295	62.89912372151429	116.71786679952537	783.2363407458402	2986.9694651839004	1520.420914267654	-4706.153310608184	8.854142658395164
?	168.07761330676735	-728.0826420663168	72.85976958145977	202.99900555381055	799.7856129529596	-1953.8179830031545	1449.730087943194	-3413.492577450185	6.144418095664141
?	161.6024568941851	-106.85192171941613	73.04907399920496	-253.1843778965125	685.545441595681	-1678.044404760684	1349.7462853951424	-2851.132816519012	7.568947622049497
?	162.73501722079646	-3252.049137883656	60.20055068663397	-344.3944050178643	715.8833927149242	2276.548290632756	1307.1734471172413	4472.0489726971255	-1
?	-1	-3274.7003444158827	55.829353748311505	-150.49173317293082	799.3728561273205	5852.6216749776	1573.3487340300019	4283.913451222095	-1
?	-1	2559.4910663209835	52.67596402798732	205.36533660737794	1008.5144764638084	-3910.0833192608993	1521.369119678349	1109.4853016284767	-1
?	126.97455331605099	2276.3812009226926	66.09762057868055	317.06790183144085	603.8686901642727	-10323.476444979813	1628.8229991114265	5813.415790609423	0.9160046900922249
?	112.81906004613624	-354.47101350259464	68.52935911955959	46.75282361629503	492.34065421481034	-3113.2502623998894	1812.0399092088244	7192.013413542643	6.413705311703161
?	109.251002640921	-111.61956903408407	68.43526175949533	-147.92477647616667	448.20617704427605	-773.4340442993622	1988.4236697885638	4369.396460787568	7.832529083580249
?	107.23808159443196	6275.458512700833	61.13312029575115	-201.47299565646006	453.6689519998417	-33.81952806261958	2030.5097322482059	1976.0760320016143	-1
?	423.02392827596714	1048.2394794278543	58.36161197667219	131.3593648772675	446.51520064114504	-886.628011092573	2087.227471388646	1581.1674012297956	-1
?	159.65005556582543	-5633.215253629885	67.70108853961462	270.8816672328919	409.3375514452124	-886.5028772308891	2109.5681023096968	-1907.6354275153246	4.908403577343179
?	141.36316559446885	682.5162925458113	71.90569533831697	68.19421621394457	402.19005677959996	1692.994730064847	1991.8457000128783	-6458.351973130174	6.205060776402986
?	193.77587019311648	2167.9964004438043	71.1107993503119	72.44156017253556	493.98728794845596	5255.2750042497555	1786.6505036531835	-5974.933855030601	4.7597759563445
?	249.76298561666061	1494.2839296129675	75.5277733469438	-51.973507202492726	664.9538069920915	2373.217255180647	1693.099007261344	-98.66302284515173	9.207292113464579
?	268.4900666737659	-5015.259712333141	68.51212399018722	-275.57885989476495	612.64815070749	397.88674628460404	1781.7173525109258	9849.373708916051	10.860304238412487
?	-1	-1521.7863556072962	61.74883035220536	-166.25813123542846	684.848144306322	6675.603750751086	2185.5676927071536	11356.470194052607	-1
?	192.40074889340002	3793.713140539894	60.19921742841568	129.28625324988204	946.4283382450491	597.4987576475138	2349.540862213564	-16421.382355063815	-1
?	188.6856570269974	-670.6782334795339	68.21314301469955	251.3992806567701	714.7230821886981	-5367.46931079333	1364.4985749539512	-14868.911026746026	9.611901630106177
?	158.86683721942285	-911.2548547055515	72.76918146125436	66.06012854041458	678.0548727053788	-4653.3293253318425	1606.0953108762524	9901.659955207784	7.215468273197283
?	143.12291429171918	-476.607484476553	71.51614944172033	-262.7452248476882	482.05661592210265	-1677.4183122494867	1859.5815727143474	-2369.739862212603	9.996883117205185
?	135.03646299559486	104.30749918715344	59.631920218869766	-151.8358348437644	594.1839570929033	2945.2243949120875	1487.6083177656205	4436.054111833215	-1
?	148.33828925107693	146.9642195561672	63.924357699532	280.9098798974213	629.3178356677091	-304.6208561527876	2081.3842783060113	8806.204625713515	2.899637101089662
?	142.38467397340332	-193.50884573280788	73.67741421374103	99.28767368455867	578.9529142852637	-5436.058874458616	1927.9185490513025	250.75162072933026	6.077958905503773
?	138.6628469644364	-90.20376101842587	68.88874138376	-323.3509179611331	357.5148919447745	2.83630587399553	2093.921859342478	945.0921934658575	10.3011781693199
?	137.87448592248197	-2793.256939288688	57.509868315684145	-314.1100781224424	579.0947295789634	4163.722335127854	1975.173158724596	-3900.726483987213	-1
?	-1	122.84908405024449	53.18323747763766	59.609375068738764	565.7010087011702	-3659.7521466038793	1898.8855351431146	-1259.4352842406354	-1
?	144.01694012499428	2641.1715606390644	60.490337069121125	353.5847369634358	396.10712224876687	-5393.981815473859	1912.2013945125634	-2733.5600672565192	15.232638147678825
?	131.0585780319551	-501.82854956248946	70.8624743258097	146.8541336506856	296.0019179274734	-1218.3784975698584	1762.2075317802867	-3184.375469944721	16.202540700616577
?	118.92551264686945	-464.5166565921462	67.83304375165551	-147.6262750697187	335.1881973702731	691.8433431511135	1752.982621015325	1071.6858876702083	16.782355935952097
?	107.83274520234747	-359.23209670975126	63.48116057232366	-213.1001029032985	330.5940850850296	-351.9325028646001	1815.7918261637979	-384.0071885763509	-1
?	100.96390781138163	-2176.6549040469185	57.17803860649043	-298.13553942378195	317.59157222704283	3505.699230046545	1733.7822615865073	301.1916791641218	-1
?	-1	-2039.2781562276036	48.57438360113435	-138.2572813567039	505.8790465873593	20760.91101677673	1830.8514101220042	13302.115898552063	-1
?	-1	0	50.26517453865514	2.4504990064263774	1355.637123065894	8421.177129535532	2398.88805651412	3949.036056655112	-1
?	-1	0	48.69690855145567	-63.22759492095268	926.9379030641419	-5890.867714386775	2028.3032129547626	-5959.199041473264	-1
?	-1	0	47.10379479260746	-41.178369634278326	1061.093737346551	1344.1369581541508	2100.9281044404524	1006.0638625471977	-1
?	-1	0	46.637990069741726	-86.61149379280293	994.1447509718504	1005.3302174286857	2078.606406082123	1078.014686580994	-1
?	-1	0	42.77322010296725	192.2261623240618	1111.360248217986	7547.732133777408	2154.828838769503	11449.645127709065	-1
?	-1	0	56.24929818594495	407.00128050435654	1371.5313576607261	11058.264718692133	2651.0886624675845	8244.852322260269	-1
?	-1	3755.047755358076	63.12328412818537	194.76627849247032	1664.2734841526005	4797.522655279363	2567.071454882522	-7121.071997901835	-1
?	186.75238776790647	3698.0771409640424	65.9876121105686	250.6111362780834	1611.4074904246977	-25928.133140326372	2295.0350625724877	-11395.204089296545	5.684919363938937
?	183.90385704820474	-311.1335588617261	75.65384094208972	182.32185479009073	367.8668271362635	-24302.6631929391	1997.3112504176868	-12178.756562388156	13.850382952507278
?	171.19570982481994	-689.3036275012337	75.10370485007327	-179.383974583817	396.27433077772537	2124.347350596815	1686.0972344530712	-6262.571288766914	14.647727419585223
?	149.43867567314257	-3443.91419649635	66.68464221289874	-330.9309808416782	474.08419466610576	3734.390861643341	1684.1826859793366	-4430.749355537347	5.868576405824072
?	-1	172.43617091403888	58.557155807989126	12.706142248612583	582.9938738598951	4948.0521212676495	1464.5597666762008	-10024.421576079061	-1
?	158.06048421884464	3320.8784111664454	67.31994932532938	301.9151647033591	721.4868007294917	-1179.1318946689207	1182.9616071753765	-2630.180403953417	5.443828867087642
?	165.04392055832463	51.00196086366891	73.6529140431573	-41.93710890151178	524.0372791264482	-3506.2247014917716	1333.050746478528	7575.4583294403365	12.347273389251157
?	160.61058226202812	867.8214815705186	65.22309388025376	-215.0749807111402	546.1755656549007	2635.9010938054225	1561.7345236473986	14201.691378408375	8.350547952533745
?	208.43499463685117	857.7313454984782	62.89916500760013	82.50176170156688	655.8323338167212	-3491.301906164595	2043.135315398957	6155.12699924674	-1
?	203.49714953695263	-159.55999403079375	69.34818196533216	232.24952499067382	371.6104703466684	-3704.802936099092	1869.49087360974	-5188.603924033895	15.46053784909754
?	200.45699493531137	-69.34015855178375	74.51164125713399	94.33092370039853	470.59218701176394	4915.241701343576	1783.7051191972585	-11916.575608842353	16.57649040972592
?	200.0301416093634	-212.79381044154871	74.06472815035215	-203.84996443922228	617.3725554138507	2791.776993042462	1273.6620931676139	-160.80900353490733	18.692478087404886
?	189.81730441323378	8.26247102827028	64.31914303517273	-283.1157407128486	610.181036663889	1975.6060614391088	1775.664669020513	18777.57848168382	12.860823545590545
?	200.44326516077692	-253.10796012610447	59.90894111470952	-129.74408315441067	716.1528584858075	388.7940807470081	2212.541017251818	6834.1362875379245	-1
?	177.16190640692838	-355.20830332725274	57.8319388774521	246.341369162377	629.6207407012397	-4240.082348579475	2117.371483397414	-21896.157983398483	-1
?	182.68284999441403	6.8225709840679825	72.22600957282855	379.0191667624245	504.1487410568308	69.12634825025309	1117.7331180818785	-25151.61614253389	14.735034974366144
?	177.50303495613178	-528.9354981721776	76.7828972155736	-4.894551121370727	633.0770581137524	-448.68677267031603	859.7906762707016	4189.588332467774	21.505440431333867
?	156.23607508580477	-948.5762153353876	71.98128201676	-132.72514053872908	481.71440242331465	-3941.8009889932464	1327.2125347052702	13481.739671929654	7.22677904691011
?	130.07422418936173	-710.5882238346253	70.14664018863705	-166.99085917299064	435.9870086640873	-1164.217604287051	1533.8776598671939	1173.5208750201643	7.970193414320231
?	120.706663894073	-2621.4844837871974	63.631739058110355	-314.72881376080517	423.5035222089613	2705.3670276458365	1385.8885784562792	4310.089627260666	10.669167187371823
?	-1	730.1089075333841	54.41019950059657	149.82306675250996	571.255360046381	3420.978518255221	1749.3821412302302	8558.525512604461	-1
?	157.21210927074273	2976.504220790121	71.12289239573596	332.73888171432185	594.5524481217248	1889.4802458713052	1813.8148540865084	-6589.1344902401825	3.3089041402753385
?	147.82521103950816	-110.43438434454643	71.0471435863129	-139.18725669660262	665.7293723399476	1717.3141321280816	1419.9254167182164	-7753.205969165064	8.107835185174581
?	151.69039005351533	270.33374653203293	64.16352956090573	8.580686805450332	680.41815472813	440.43235230721905	1426.1545556282497	5059.382275537265	6.838387030999664
?	161.34189836611	78.98561572058215	71.47617792658542	135.62333332269026	687.7509899553089	266.5367115293755	1672.8945304950832	15731.704196116862	13.489735795544657
?	155.6396708395445	-428.79335575294436	70.94469622704034	-124.8706668439089	693.744990304599	-1323.3724957933457	2212.739765434104	-5864.960440926487	13.885332363667278
?	139.90223057846248	-3132.793416790845	65.23264458438989	-221.75955915625136	621.5823651656407	-609.8197956420249	1379.6465084487547	-14086.287354640775	12.161807461955174
?	-1	-153.81159184504392	59.85671826922761	136.05051272921918	663.2540005224973	-649.9958550830614	1508.425397702055	5477.206208174979	-1
?	132.21165098621017	2469.4222495494373	72.03517022085094	106.18098714769948	589.0825724114872	-2217.53113377147	1653.5068188575076	3587.349538062298	7.495151553593308
?	122.47111247747362	-2664.2330197241654	65.16576762661266	-203.56558464246442	552.3774438339223	469.61632213035745	1687.7928746051725	4007.155770788379	2.9478300673963327
?	-1	332.07106955723714	61.85689098872758	22.410400869931628	612.5633885180054	651.0486335005747	1853.8646073969294	-1471.7558023084457	-1
?	139.07466595533572	2420.7717657637713	66.28628767010926	97.8460250206162	584.9298755089515	-1272.1664953163577	1614.2050844897492	-3758.9996261513775	8.09512089993684
?	120.0385882881903	-633.6889034235319	66.74919223975846	-172.3518444615068	548.9550637521866	-1176.6993595577164	1665.9146260893579	-888.5427462728568	6.177110593380097
?	107.39022078415867	-20.051858310007162	57.6686954470338	-110.95083206935057	526.0949075310648	1245.6823891693311	1569.7779471761057	-4048.280732150944	-1
?	119.03599537268992	81.16340047892093	61.20165063629085	172.46054648171463	611.239183210654	1135.3420266871465	1463.5005894818078	2975.349489050803	-1
?	111.44839080810478	-187.28165988382887	66.29172277111965	47.472920684840894	582.8620088654229	1678.599848914281	1718.545421628648	10519.12444522768	9.831674276973654
?	109.67191237849835	-174.5768075870064	63.57529667053293	-228.13763501267192	695.1691756563693	1621.480533605595	1989.4568117431993	5611.323208474752	-1
?	102.71955042875433	936.8483715242136	54.884841020485894	-150.26466285611562	663.9360355457038	4580.170131657493	1999.1115820523896	1677.8272828979686	-1
?	156.5143309547097	1199.705126635883	56.06206352772704	381.50431596980013	924.1776822392471	-3160.361412173925	2073.348175888099	-14818.11224701249	-1
?	162.70480676054933	858.2765683878492	73.96005681897617	344.6432403579366	505.9179649370053	-5521.031123166876	1258.2059697017546	-16415.618270285097	10.999262403284428
?	199.42815937410276	1826.764429765064	73.29422554562412	-65.16947897467667	648.1261260808994	345.785149870812	1252.5672623738324	-10146.862217290542	5.625446615100426
?	254.04302824880384	1334.0315378067485	70.70158287024229	-283.4037130942081	523.2072224305462	-1407.9052182079458	750.8628588372203	-3651.9987510273613	8.858559114003196
?	266.12973626444114	-5100.860564976004	59.12403989091351	-366.1558537979443	577.7308651705012	3897.464960629931	1069.9673248224617	15837.845260505781	-1
?	-1	-5342.594725288747	52.393790180344816	-191.39579422334546	718.0804704620455	3088.403979153128	1542.7551218625206	14423.403621774809	-1
?	-1	0	49.5542501797461	-38.41913116952798	732.1510641281598	160.5782757144152	1791.1375059112124	4052.016108133454	-1
?	-1	0	50.47283362186839	42.13340334612792	726.1093842477663	498.7662463782337	1745.3559272691962	-744.5702676296454	-1
?	-1	0	51.660920347052524	-20.42984403928073	757.0893764470718	2589.3810589841446	1753.9089925297296	2249.1292367345977	-1
?	-1	0	49.45134141990434	-107.66266457988809	855.5784371969754	3970.805224697595	1857.8123891059277	690.8854186614865	-1
?	-1	0	46.27778711805804	10.087829601712029	955.6296376819544	2874.6326742029714	1788.4532634628044	3596.2473528629916	-1
?	-1	3529.710819833764	49.95573289998995	559.6751746396573	999.310070907126	-5005.524082701915	2037.6247567490798	-2590.5412316894576	-1
?	175.48554099169073	3778.3566566524664	74.2615458500413	542.7771601961133	705.3534335468551	-9142.328421760292	1658.9262018783297	-7685.97765666173	3.516852486621804
?	187.917832832626	199.30589511835933	77.094590909796	-87.71244464932454	542.193649819105	-4902.127363544728	1653.3258739159878	-227.98580850544244	7.775351622058109
?	185.45083574760883	59.05828070593459	69.87592361757501	-92.16422881496567	460.2470653696152	-1909.198318555557	1647.5269114530574	1439.8004689423783	11.15481322834628
?	190.87074686792278	361.6597943915025	72.48637946904765	194.03449204738914	446.73373389132576	1562.8176050338259	1725.3158973631078	7146.957319623096	11.065079724755085
?	203.53382546718422	34.953467371864875	79.5776482199446	79.69949517637502	538.3879456213076	459.2135819843614	2004.8747774342173	9427.731053675805	13.08651571749321
?	192.61842023651604	-109.62857995249138	76.47135422786646	-349.17346420414833	469.69441299054415	-175.09475935986507	2196.7024500469047	2122.0597125349077	8.177726238321203
?	198.05239646955957	150.36566869156516	62.11897500973694	-380.00256727520974	529.6332076533142	1826.1960901395346	2110.977763060964	-2093.0284924900184	-1
?	200.1367036710944	-1394.6142874657307	57.4712258641057	-118.10060496204446	561.0042174975222	-1299.2484693106528	2092.0510254224023	1006.3300210554046	-1
?	128.32168209627204	-4002.7340734218315	56.213944761634636	-1149.4245172820977	464.67078418778067	-11220.084349950284	2161.294264113735	-41841.02050844745	-1
