rowLabel	avP	dP	avI	dI	f1	dF1	f2	dF2	h
?	211.51490485116634	5068.083151589292	67.0821862051043	1335.1663413935046	593.8228812073376	9612.600062603322	1513.482155565574	33317.50787682991	8.74882520406018
?	253.40415757946465	-4250.298097023327	66.75831706967523	-257.4819049155739	480.63000313016613	-591.7780455820957	1665.8753938414957	3054.2392200066615	12.916533016898024
?	-1	-5088.083151589291	54.20809095932561	-324.5038828130857	564.2339789282328	2714.073734447657	1666.194116565907	-418.9781549578082	-1
?	-1	0	50.53312292902094	-64.21814977624977	616.333689852549	1340.7513299799123	1644.9264860936053	5177.418014867654	-1
?	-1	0	50.99718347051312	87.11703322242501	631.2715454272284	3641.758751421972	1925.0650173092897	8821.464547524172	-1
?	-1	0	54.88897459014219	42.583565343738464	798.4216274236476	4598.658166811155	2085.9997134698137	4417.589620320474	-1
?	-1	0	53.126361737700044	-36.949951703118565	861.204453767786	4712.862544169162	2145.9444983253134	1495.0654573867453	-1
?	-1	2584.8146472909752	53.04147700498626	258.62521261719644	1034.0647546321056	-11230.02757731766	2160.752986339151	-7338.025898047355	-1
?	128.24073236454873	2793.3112349248386	66.05762236855986	531.8086142065424	299.70307490190316	-11214.398869575796	1779.0432034229457	-4374.868737928165	1.8421752859138123
?	138.6655617462419	264.3262568774532	79.63190771531338	157.19621326113273	473.34481115331596	4298.268783600234	1942.0095494427428	3329.2514076050074	10.444713159042738
?	141.4570452084214	-2793.311234924836	73.9174330316165	-98.92783192054671	514.6165140819148	2585.980250527948	1945.505773803196	2612.90631903006	8.68961815100889
?	-1	-38.2659637754659	74.68551611928604	40.69522186428198	602.6438236797135	-2301.6924966575893	2072.654865394246	2147.655586472918	2.2891915569097985
?	139.5437470196481	2563.8023620315107	75.9521941248306	-169.37324711224576	399.53188924903526	-4214.219714515728	2052.888553126842	-1216.0101565410957	7.07464698948044
?	127.19011810157565	-2810.8749403929596	66.21685376367374	-300.0817098792186	391.9328379539269	10561.358997025782	2011.854357567191	-2001.5659580890342	9.50731462725649
?	-1	-2563.8023620315107	60.948108630869655	-84.15901043393625	927.5998391003247	7339.076543074893	1952.8102552223902	-1828.4249593398074	-1
?	-1	3372.3958121500536	62.008903241976924	251.35218075587267	758.8866651076719	-7604.749859977422	1920.4331096002006	-16758.884089103365	-1
?	167.61979060750284	3387.381423800021	73.5157176686633	211.38506011977094	547.3623461014533	-7500.270525225666	1114.8660507672212	-12709.450480927397	10.348313390011878
?	168.3690711900012	-159.47415051622997	72.57815624796548	7.074961053835119	383.87313884638826	-1911.296731971973	1284.9605855538302	16182.959312494917	15.907465738144314
?	159.64608308169133	-367.71262982371377	73.86946572135506	-281.7384724404629	451.7975095028546	4112.589378183729	1924.0140163919677	13116.261068670845	14.334692949286753
?	149.9834396988155	-3212.921661633831	58.491232625942324	-188.29205873495565	589.5026077555749	4621.336675069878	1940.773638987373	2507.2772552746605	-1
?	-1	-3019.668793976307	64.45486278460729	223.17182095152071	682.8643432563482	6482.829998410676	2049.3778791557006	3283.6366852118927	-1
?	-1	3438.0797762950547	69.64982367351837	108.54798668441067	913.644107676109	-2150.554472304996	2104.955473247968	-6587.704670348857	1.1157739211755762
?	170.9039888147529	3840.603025621754	69.88226211882783	74.01086345325801	575.3366196410983	-5954.375401660929	1719.9926456382575	-8823.679026131224	7.1824454243825935
?	191.03015128108788	1202.717237781197	73.35036684618127	80.55404599456715	615.9253375930623	-875.3314267139891	1663.7715219414063	100.43415087414806	8.215761843263314
?	231.0398507038128	730.0780734188236	73.90996441855619	-88.30706316614587	531.5700483053988	-840.0683931098835	1725.014353181965	2168.0505896869618	13.513699937251829
?	227.5340549520291	-4640.797014076252	68.93501368787398	-169.3994960662296	573.9219179375681	4818.25019048664	1772.1740514257544	8456.145090378597	1.707239234245126
?	-1	-4570.6810990405775	65.4399896152447	-58.194183413248716	772.482557829731	13998.716358097266	2147.821607700895	17946.033154109547	-1.4604416409715884
?	-1	3053.8615694396926	66.02530451721154	248.11043008723465	1273.857735842432	-6124.020512985946	2669.4757091312326	-16728.966521916253	-1
?	151.69307847198476	3353.0238939192836	77.84551111960644	150.00046690171828	466.2815321804335	-14514.084276624775	1311.3732816050817	-20076.59313693393	8.933328183245077
?	166.65119469596434	1360.4587281870595	73.52532786229746	-190.14244299734696	548.1535220111927	1662.4882529641068	1665.6460522845352	17569.417855766984	7.892417908834624
?	219.7160148813378	1850.697471541548	68.33838896973909	-317.9190139706167	549.4059448286389	125.12936581515066	2189.844174393432	8173.126426141441	7.707222612696403
?	259.1860682730418	-4414.320297626752	57.62937716376661	-337.1875892337725	554.4099903019502	929.3484312239813	2074.3023735916076	-6036.683109519453	-1
?	-1	-5203.721365460832	51.479009508050446	22.9508863602747	595.873366389838	25540.743080666576	1888.0100189174589	5189.35910335395	-1
?	-1	0	58.77692148178035	307.991644365262	1831.4471443352802	26104.638865169512	2333.7703287593054	7213.506941990761	-1
?	-1	0	66.87859172631356	176.95001214821286	1901.105309648315	6511.964657294547	2248.6853660169972	1347.4295894383692	3.592125484949035
?	-1	3840.93730424356	67.624422089191	-23.03923859365424	2157.045377200008	788.0024522221031	2401.141808231224	6111.747035331686	2.227874324186996
?	191.04686521217818	3670.49834274143	65.72662979663085	196.36292131212554	1940.50543225942	-30195.007855042077	2554.272717783582	-20031.558202996777	-1
?	182.52491713707167	251.85493329688006	77.44256815479729	227.44107315176714	647.2949844479025	-25262.859957711407	1399.5638980813842	-23916.742447199955	10.663158300605618
?	203.6396118770222	821.8916431153928	77.09868345421921	-189.16337405101314	677.3624343738486	693.3055091802652	1358.435595423583	-464.2605777292461	8.326706428331042
?	223.61949929284134	-4092.7922375404582	67.98439945224662	-333.2986445354019	681.9602599069158	1476.3503739986443	1376.3508691949219	3066.5068219600125	8.87253265687789
?	-1	-4492.389985856843	60.43375122744918	-251.4134021380288	751.1799530737806	1659.2537339902551	1511.760936521583	6326.694247009755	-1
?	-1	0	55.413729345345224	-130.33577687190518	764.9229466064282	1334.528561017801	1692.6855815454085	6753.611642558486	-1
?	-1	3699.889306234011	53.91696238385394	-13.74227001564852	817.9063811246704	-2060.2723161957515	1849.4415186495062	856.0353637948386	-1
?	183.9944653116999	3474.5256766719276	54.7266158445628	411.7317584616402	661.909330796641	-4312.011651370328	1735.4873497351502	-17095.9220601265	-1
?	172.72628383359577	-316.90559937432	74.50355030693588	296.8632244420726	602.3057985561547	-144.42959202842582	994.6454156431843	-5523.477406673143	10.002259738438578
?	168.14918534298397	-36.17871477386656	69.56977706666638	-237.28786507021113	654.6878511952198	4589.999452651644	1459.313479401494	12487.015956045818	13.321729478336493
?	170.91734809490245	-3382.983706859691	62.639157053425365	-205.30731036049264	831.8057711887361	2852.8465940918463	1618.996213445473	1748.2170379980123	-1
?	-1	-789.8010559786661	59.30441154864178	39.894494538200576	797.3301808998116	-7856.116460259575	1546.7243313013944	-3768.25892734776	-1
?	131.4272952959693	2344.072639138664	64.63388178033539	219.52119618146375	438.99994817575873	-7852.233660375945	1430.5832670780856	-2542.806403853533	13.405496921177567
?	116.20363195693278	-308.60552628673014	70.28047135771493	103.52101110293867	404.7184978810157	2415.5665387039535	1419.5840111087182	8056.755370521329	13.573255705164913
?	115.99701898163283	562.7390585628749	69.8099323354823	-20.094146776347444	559.778275110956	1674.5253709460771	1833.4210356041506	11651.217601705599	11.431256070062288
?	144.34058488507642	1451.1154882290566	69.27576401889756	-66.99712719914426	488.44476642831927	-2594.958111602268	2002.144891193996	3111.509550877451	7.101867802556104
?	188.5527933930854	1348.3510166425126	66.4600759755251	-139.8729184949453	430.030369530843	-1333.2645368815386	1988.9965131480226	627.4421420920794	-1
?	211.7581357172018	965.5455929059832	62.28211809415032	-258.15937038829	421.7815395842426	759.5188703327669	2033.5169982986	-5430.5252799339505	-1
?	236.8300730383844	-4255.162714344051	53.55210745611065	-277.9498605090339	468.0063130474812	2914.6756747719996	1717.470249151326	-3051.8670544186007	-1
?	-1	-4756.601460767705	48.384625068698675	-121.42701020162889	567.515323322842	5848.674607224832	1880.9236455776704	3731.9006450701677	-1
?	-1	0	47.480756946029224	-93.13087822553972	760.4400434087218	6113.945079729902	1904.0652814048337	4534.320210256126	-1
?	-1	0	43.728081157421705	-78.9692267597539	873.2125773093361	1419.114377658696	2107.639656090476	2744.314202918718	-1
?	-1	0	43.532295608041544	52.993093791884476	831.3957622916563	-2485.7873192899087	2041.2809915507692	-4301.572627662574	-1
?	-1	0	46.37773584701592	127.47845462045436	748.9232113448411	2784.559664003792	1892.561024707348	1338.4700861998729	-1
?	-1	0	49.90621833906424	73.05390941248913	970.6237454918454	1641.896119323259	2108.2044958607626	2538.793894044343	-1
?	-1	0	50.030431317640364	-67.92244620725835	831.0180173110038	-785.6047032579255	2019.5007194095647	211.14264513319614	-1
?	-1	0	46.510096028701334	28.940704441792878	931.3435103289493	3794.404634792743	2118.7616281174223	3808.7735009700145	-1
?	-1	2331.8700840352462	51.47746653973	229.56591605813924	1020.7382490506402	-5212.21291235981	2209.9393944580647	-1700.9946798216395	-1
?	115.59350420176189	2777.7597900577994	57.988391831608254	332.15645452715796	670.7328647109597	-1982.3635243207038	2033.7118941263407	-5261.123281765364	-1
?	137.88798950288947	1151.7368750501962	68.08528926608784	391.9096938852726	921.6200728346054	-245.97394566687714	1946.8832303697975	-8555.547422197655	7.033081298344142
?	173.1803479542715	1227.6417743370296	77.58387652587182	146.5125552729935	658.4341674276159	-7423.662230331325	1605.9345230164595	-4527.273245571171	6.7200240536422156
?	199.27007821974072	492.4859966549531	75.41091702973749	-275.4714233750583	550.4369613180404	-909.320751198969	1720.5195680912398	577.7950214601353	9.182098380808473
?	197.80464778701906	-4005.4015643948287	63.81030535711895	-315.1658263072923	612.9681298676676	2298.2380399938475	1634.8242740894661	-745.6596082975765	8.312072980975762
?	-1	-346.6583809421861	59.65262571437293	184.6898679663577	665.3488633177324	40.879093569781304	1683.236587676361	5575.779862360507	-1
?	180.47172873990982	3438.919148504909	73.0447987554368	133.40297605711035	615.0120845461566	-1298.5419151164501	1913.6132672074905	1147.549437779248	1.5924618404442203
?	170.94595742524484	-3629.4345747982093	66.32277451722842	-313.3671859572514	600.4217675619101	1904.623552523367	1740.6140595653233	-1139.5605120288333	9.11425839085241
?	-1	487.23273513349	57.376439457574286	-110.81841125252606	710.2432621723247	4241.253268948057	1856.635241606049	-705.3065035804618	-1
?	195.30759418191926	3682.656119875061	60.78185395460214	363.9353453823074	812.4844310093122	-3782.1900666610395	1705.3487343863003	-14073.93482031714	-1
?	183.13280599375238	-554.5502630395756	75.57320672668959	115.45319800754966	521.1337588392734	-3533.2577238336867	1152.9385005901945	-6658.6603628176235	13.212472641331932
?	167.58008102994057	-3682.656119875061	66.5545138549796	-206.47156515532362	635.8215448176285	2425.81897535475	1372.4157162454203	12127.244935579172	8.95556032592268
?	-1	-3371.6016205988235	65.24962846892345	-55.15496719502272	642.4247076070104	14384.386758413573	1759.300747369151	25677.112610256063	4.522561723249857
?	-1	3586.715880929948	63.79676549522848	100.86033937139497	1355.0408827383046	-3845.1215822303825	2656.271346758219	-1120.238961342629	-1
?	178.33579404649677	3025.9931437706355	70.29264543749318	23.471836711948068	450.168628495492	-19116.645883971803	1703.2887993020197	-21707.66555007398	6.952990424487426
?	150.29965718853123	-636.0566922309056	64.97035733082588	-49.72860348043344	399.2085885397179	2216.9991655623403	1570.8880692545238	-5872.3080446695285	10.97893053677026
?	146.5329594349516	-68.25959020053939	67.80621526347152	79.95984659849825	561.0185867736086	1860.3133146599996	1409.6733970685443	342.65620639023047	13.079467209803243
?	146.88667767850427	-71.74796117810186	68.96834966075078	-3.3002537957614324	492.22425427271753	-4030.054094995125	1588.0208795740352	1231.7233984043876	14.306357467622856
?	142.94556137604653	-312.08698969225736	67.64120257368344	-253.4489665917278	359.51588202385307	-1760.1768067400037	1471.2595669887635	853.8946299301309	16.62381778554234
?	131.28232819389146	-2878.911227520941	56.29590133116443	-136.10238504337252	404.21541393571766	654.9108200275248	1630.7156110705416	9154.742040098481	-1
?	-1	-344.84456271492616	60.83608332151484	257.6565176519521	392.2614230252292	3886.6433311882124	1928.996668993686	717.9064868290222	5.401047901214961
?	114.04010005814521	2694.260324098237	69.17872721376199	146.70060557854734	598.5475804951276	4804.262857469684	1666.6109354119926	-8062.7086887691585	6.285479914091953
?	133.71301620491138	854.7506981990139	68.17111360044218	-197.16813935549155	632.4745658987125	745.5736032055169	1525.8612345552294	-516.4236582626854	5.025175266652606
?	156.77763496809575	-2694.260324098237	59.320320245987446	-287.60199085011993	635.8262606554033	971.3860635463368	1640.7897524988584	4507.10675715726	-1
?	-1	-3155.5526993619264	53.79101405793624	-89.57468036427048	681.0438690760292	6267.2622863601755	1751.2165724130916	1606.270195551989	-1
?	-1	0	54.84158622777394	34.30568258863145	949.189374973411	4441.117051488604	1721.1032622764576	-5411.492498594458	-1
?	-1	0	55.506298187367804	-34.27283344573153	903.0997216504586	2086.707016612873	1480.6419474833697	8646.761409005165	-1
?	-1	2415.1428716899595	53.12794455548737	109.3842746873167	1053.5247258040542	-12604.288925544524	2153.4413327267143	4498.207623622746	-1
?	119.75714358449756	2631.3075192464503	60.97551192173362	249.31157859390584	272.8852753732346	-15110.003902510034	1705.5523286645061	-4222.153690674682	-1
?	130.56537596232204	128.30212601196325	65.59352348518262	158.9876459221226	298.02453067855527	4428.498710832251	1942.333648192981	-3969.6477502420116	-1
?	126.1722498850957	-67.09922367296481	68.92489421783972	50.56261153770652	494.3102109148464	5805.567530790843	1507.0699411524063	-8182.204407167221	8.843636520207681
?	127.21041477867381	213.0385719567686	68.12165406206793	84.93638999375749	588.3029072180964	-2594.2067308068	1533.2234278346214	-4741.02197334288	15.36506728746105
?	136.8241784829341	616.3611152879056	73.17171371752758	74.4452776841291	364.59987437450684	-3724.0113542358968	1270.0188424852631	11688.907622964758	14.538827861228423
?	158.02847054306898	327.0274744669018	71.84391794627437	-186.13283904034597	402.1023395063022	2867.552432621519	2117.668808982857	17925.561077496997	13.612754396606249
?	153.17555220627912	-3180.5694108613907	63.865071765510315	-39.328774506900714	507.9774960055823	23180.184326377093	2166.2968963601097	14512.706775211469	6.118821264135916
?	-1	529.4863281705093	69.87747922092935	74.82070193688016	1561.1115558251527	7534.734475828657	2843.304147743428	-1591.9387638779847	2.239516702437574
?	179.6498686148045	3280.107821543589	67.60610686235431	10.759244221816044	884.7142197970138	-22893.245833999634	2086.6999581662108	-27390.211360368503	4.077032860277454
?	163.00539107717887	-540.5137183666718	70.41544143202015	70.60578295396849	416.44926412517503	-8815.818152787566	1473.7935797250077	-7795.140961238426	12.743773059148904
?	152.624182696471	-457.78784037983934	71.13639601005272	7.049398648000842	443.92331215763704	169.28740948076725	1696.9429101042908	-2372.1868694299924	14.717786123699216
?	140.115999058187	-343.4228621137573	70.76791136442019	-27.57274104583398	424.91363459921337	363.2379382672595	1355.1842362535085	-11639.759975962952	13.125827116353014
?	135.4530395907832	-80.67997475707017	69.75775895776103	-80.64916583315608	462.08520907099995	1848.5484553396677	1114.9549113061453	401.0544735566023	13.959700620935587
?	136.0820003203335	-2729.0607918156734	66.7354530727624	-302.6669381739368	517.3410573661964	3063.149900181177	1375.2369599313386	12050.528460683565	16.06450494620163
?	-1	-2741.6400064066797	54.62441204906424	-191.18875923523473	615.2427040800583	10156.668312626814	1717.4813343403214	22910.373598036826	-1
?	-1	2748.7622539149884	57.176015111000694	141.5357632161048	1025.1744729975353	-2949.3223805514335	2520.755639833176	4832.131468377328	-1
?	136.43811269574894	2733.8140406088764	61.701200209869455	219.30747503435802	467.7765850524871	-10974.226385966958	1959.087907759187	-10887.10513230042	-1
?	135.69070203044333	464.27881681572893	68.14138886271856	165.97925341834443	476.4631536991893	334.5469402713355	1976.4003832181568	-529.864257995716	12.405711323630019
?	159.6520535365353	672.0311363414221	70.00016288078665	12.617341919555587	484.50393206605384	1055.0301930569926	1932.5946948594012	-5322.509898356367	10.9797623101562
?	169.29225884751432	62.10804685878394	68.77225595869633	-300.1303932946683	529.2146633520388	3683.964396182914	1710.2748883003394	-7267.116194343101	13.611818932520068
?	162.7574558794745	-3405.8451769502985	54.993643216053286	-382.20597301683506	668.7021518751989	2705.2686801950317	1569.2388851422475	-107.15785662835098	-1
?	-1	-3275.1491175895017	49.66195730785465	-80.39648641499284	664.4780973617899	564.8992982316256	1704.9169954689219	6454.477842044203	-1
?	-1	0	50.97381889530366	28.78866861893609	696.94711678678	3372.1961570853255	1891.9627772444564	4569.074443285979	-1
?	-1	0	51.10139073880145	-6.728934721726627	833.0879052160556	1084.2878204398396	1933.37071763322	1740.1884677557262	-1
?	-1	0	50.63737215921733	-35.46966426431068	751.1615078087718	-3535.0842927190947	1978.9722006322424	855.307238651811	-1
?	-1	0	49.32790752558592	-37.59537724815487	656.3336905801015	2336.5211988901174	1976.1360795658104	1076.666091766637	-1
?	-1	0	48.75760329680959	-30.661200322640493	867.9875677532773	4618.000915558856	2032.805505220574	-4285.746575428281	-1
?	-1	0	47.7948475094539	95.05554686942466	887.2337363580434	2076.637978673985	1761.8487507943971	-1356.3193900690478	-1
?	-1	2624.319360134365	53.51038064028081	438.6145091426813	971.8194666869762	-987.0011692865195	1964.989535717122	-2864.3774106987903	-1
?	130.2159680067178	2601.508500913504	69.72557296658789	389.47550522939804	837.8836778937176	-7291.15658585723	1618.629880259458	-1750.4297715793944	1.8304197558982378
?	129.07542504567473	-27.297201517863055	72.98415590175064	-54.70526433630388	607.261637394116	-2805.6400252482476	1877.4680471381525	4987.392122706837	4.281951935817308
?	128.85110793082464	292.2532579791714	66.9903097497727	-144.27842983200145	697.6016766313057	216.38766295109085	1867.999486394799	-263.8874554847516	-1
?	143.68808794463325	1393.9392781031243	65.7702344101506	60.21828787640139	618.0810205416705	-5466.746247943318	1864.273674363915	6129.870599786294	-1
?	198.5480718359806	2101.4783048966547	70.00122414359277	272.5684295721477	424.2643642341408	-5644.4362601383755	2174.4930163841127	12323.319054158386	9.657108014628733
?	248.76200318946562	1041.8046385431946	79.39865588875793	91.60152409438841	335.85920753475267	-2499.09972621527	2480.439627071832	3128.149306216512	17.84164877886797
?	250.63830376314016	-4995.24006378933	74.58130034831217	-255.99773282939003	299.3093779233778	1807.6757221802104	2330.9004816949378	-3146.117227868092	13.555315495613797
?	-1	-5032.766075262821	66.59876924728847	-316.4977543056838	426.2429936437629	-542.3387420908156	2323.133765678428	-4532.666278686309	0.47908558173681925
?	-1	0	58.756412633028035	-279.5728653770264	272.1924408188371	2956.91184655457	2104.267167760623	-6038.843769906183	-1
?	-1	4043.149443368681	52.6201259784372	185.2634085747878	574.0885859714908	5100.791247688359	2021.19157718312	-13113.717662348601	-1
?	201.15747216843334	3681.9236301396454	68.01958306176739	463.6214796229751	527.2320032032542	-4124.567155130594	1448.5812846431954	-9717.181742661926	10.958636108209673
?	183.09618150698162	-512.6051176958454	75.80119995958587	-48.22719331082925	367.86022821496186	-2213.949286951657	1535.3324900500254	9446.466407159907	19.51185913541496
?	175.52721628364117	342.55337933642016	65.60822339622594	-250.3985138771137	416.5345388556717	4565.797447515512	1920.904605001189	17583.455952801734	9.459954591539361
?	200.22385047380257	10.939034700489895	63.28127426573023	52.63336126450885	596.1501005907367	-1788.5633448509504	2414.505287690109	5904.290562589793	-1
?	176.07416801866566	-4024.4770094760656	68.23989145945137	126.24509619647188	327.1063716131245	28760.12221485565	2216.1191331306777	10806.799422836613	10.45641210193422
?	-1	-3541.483360373326	69.5935290755538	23.716584372447272	2034.1562113335142	36684.909141342316	2954.845258831938	13734.384279804584	-0.9528470267755926
?	-1	3783.7703247137965	69.42572067807373	-138.38918295532898	2161.3518286802337	2032.953682020664	2902.8383471209045	-3270.9079447418417	-3.273546017286341
?	188.18851623568915	3371.9781232706846	62.67406992778738	104.93365695286067	2135.803895434547	-34342.35701363853	2791.2998615948463	-22884.3895925798	-1
?	167.59890616353363	-660.6190665118954	74.67240352571675	279.7112030739652	444.23397799831326	-32489.825570389756	1758.6188674919185	-31360.02305302659	8.063491578990934
?	155.1575629100945	-156.1767563823406	76.65963008148559	-55.985194363130034	511.312616915065	2469.281779165477	1223.2987089435223	-14115.04562268438	15.241219409628386
?	159.79006834441662	41.614042190716	71.87314380756025	-135.53989310663403	567.6980669565867	443.3498786997443	1052.866586357702	-1293.0806325428694	17.137578691051772
?	157.2382650196303	-80.46098483157124	69.88263542615391	-293.08303779914957	533.4801108500521	-24.26549921769046	1158.644677316379	4226.731850644025	17.8597142951894
?	155.76701910283808	-3164.765300392617	57.21899191760283	-342.9316429190461	566.4847919957022	2004.4279636803142	1264.2031788899026	11534.634641080038	-1
?	-1	-3135.340382056773	52.736053280201666	-108.70019121580721	633.7015090340675	4117.102087344682	1735.376409370379	10181.67415098318	-1
?	-1	0	51.78398235681249	-54.119086926438534	772.3398963629355	3507.0284308152222	1773.2868864390598	-213.92656680384866	-1
?	-1	0	50.03009893387975	-93.74114830877052	809.052930574828	-403.492850747015	1724.6800810301866	-1067.6176479370354	-1
?	-1	0	47.09692494137398	-76.4007413682502	752.1652538255848	-1087.2420164311204	1719.9060040422082	3759.0311141177103	-1
?	-1	2820.48759822368	46.21006186546725	311.6771124907559	754.6908297532722	-4521.214845058175	1912.6316367360714	4004.631239531241	-1
?	140.0243799111835	2740.334587229724	62.68078056591172	602.3714761583677	526.1045115726769	-7244.684926118354	1920.1375660187696	-5509.356643473877	21.244751607631667
?	136.01672936148572	-114.03715087661836	76.32863567338553	258.0315878374828	392.45658344735574	-669.3835086346895	1637.1638045623786	-6676.500932656705	9.46986476283649
?	134.3225223673526	-66.19240698172884	75.58235995778581	-196.43901434443578	492.6353361409425	2722.954071264391	1586.3125193859355	-3413.2722627837834	6.729051286535826
?	132.7071090123993	250.96991865585355	66.50668495616378	-259.0017089745839	528.6042870105748	1464.676620485023	1466.50019142319	-3911.7828648286745	5.102668264290759
?	146.87101830014524	125.2805601650043	62.632274509056664	-109.00801941230507	565.8691671651934	-760.4878317473178	1390.7233761445025	-3479.599171398007	5.239860491090984
?	138.97113702064948	-2957.420366002915	61.056283985548546	-69.9816887042331	490.57989542320905	2573.9406579223555	1292.5202328532903	11747.20092212178	7.935890986801207
?	-1	-2799.4227404129997	59.13319007384502	19.466409229887983	694.5662000613107	8275.438555672337	1978.0834222505894	19991.459342530536	-1
?	-1	3780.764249777735	62.02960444704294	147.9894590763366	904.3518232068244	11471.639843512123	2292.0931999798136	4998.079161901592	-1
?	188.03821248888607	3457.5608462338355	66.53266302766183	159.5474080352983	1268.1481922369148	-7973.7317919485395	2227.987380345668	-13711.483200525125	3.161473947333173
?	171.87804231169116	-922.6664746496634	70.00697484880783	-209.78398665864052	505.66523360939885	-13009.160925726874	1606.5190399535597	-2423.3783021666745	10.384097086089806
?	141.90488875640307	-469.6361711483575	56.04346369472984	-146.10326586060916	617.6901459505734	1851.1742974951117	2106.8184652373347	-1361.051812819542	-1
?	148.39623375427337	114.28204819162269	62.7018115557774	144.7392945632141	598.2239484841541	-174.5040886332661	1538.4664493125829	-18370.43675683262	7.707276566712137
?	147.61899116598428	-2987.924675085425	63.280428422890644	-97.33920936800008	608.96494151891	9627.534641454471	1188.2966273956906	15602.978456981142	3.4818979170941846
?	-1	-2972.3798233196435	57.834851087377324	-291.5031959669656	1079.6006805568845	5113.623586997558	2318.615372161651	11160.101134625456	-1
?	-1	4425.729729750349	48.70526862454216	-84.48797528667762	864.6461208687915	-732.9212487928076	1746.3016841269714	-7208.280203773581	-1
?	220.2864864875206	4061.81515564315	53.61045232304338	449.51533917074175	1042.9546181172436	-7315.157703189378	1958.2013619729669	-4995.874076144698	-1
?	202.09075778216038	-777.9825005043845	71.18103558307956	350.77317985281013	498.8882357093174	-2904.6564891197063	1496.507980319733	954.8916256331678	11.330267080935652
?	181.38736146230082	-4061.81515564315	71.14911131568414	-93.89680920442439	897.7217936612562	24376.496881918018	2005.945943254626	20445.474693269593	9.385163291534555
?	-1	-3647.7472292459647	66.48619512285828	-352.1840693805654	1717.7130798052358	490.6513120597172	2518.781714983227	4556.599069155208	-2.144676631811283
?	-1	0	53.539907846655616	-200.13024047043885	922.2543592642425	-22766.035352373405	2233.7758967123896	-12179.529703346607	-1
?	-1	2851.0755030380406	56.47968309933619	270.37240753550776	579.4113121865495	-12745.44219431566	1909.8052298158882	-2353.6876948841864	-1
?	141.55377515190406	2539.944791930583	67.0585282234312	-71.23838054016586	284.98224954845045	-5127.276695499231	2116.0915119681786	876.0897379240817	6.702957436977171
?	125.99723959653096	306.0989172019869	52.91776407232785	-68.91512322993067	323.0474774115843	4953.087585057715	1953.609716712093	-11374.179276116382	-1
?	156.85872101200363	280.93127280043745	63.61277206193461	433.4139463109923	532.6366288013397	1104.9538887702286	1547.3825481623514	-18599.10984195606	13.81341152700667
?	140.04380323655303	-481.0578049506438	74.58846138787777	217.60177481173048	378.2951718500965	-2775.412318284158	1023.6542246142767	-7166.129569443427	20.06359737380229
?	132.8058307644711	-220.87745969824851	74.49286080252129	-9.768462256500218	393.86601288712984	207.25129231566984	1189.076069690175	4210.485317771203	19.473022681567162
?	128.99993025164045	4949.094886277132	74.10003827505275	-106.98682443638025	388.65773646588013	383.59860095981185	1234.1784905028398	2212.4002659875173	18.30040635011695
?	380.2605750783312	5995.636024340178	69.1435195807022	-259.49417478496827	413.0459429351207	649.2983751864641	1299.6960829895525	1556.1107633627269	6.361650297326272
?	428.78173146865356	1933.222266804971	61.125329535804156	-221.26384530630543	421.1226552252038	1457.4207857472888	1311.9840286709773	1750.3780928573976	-1
?	476.92168841858114	-8595.63462937295	58.080327315386775	-143.1432176678343	485.9169822224862	2320.580612589697	1387.2149876324236	3032.241383271787	-1
?	-1	2066.1704738344897	53.96816865241234	14.040112631011198	537.1516858546903	2843.3658622560365	1463.5960978345688	2111.545223502987	-1
?	580.2302121103071	7562.527920731062	58.782332946937345	143.0615668367586	628.08527533529	3772.585125761626	1492.7922488075744	1296.400905537848	-1
?	377.1263960365585	-9125.392804072615	61.12124699425037	153.96984079040217	725.7809421427743	355.61828212289987	1528.4161431114621	1531.2666880241259	-1
?	123.96057190666981	-5124.779420703372	66.48082498645756	99.43074535891783	645.8661894414353	-1359.621498208063	1569.3555832087818	9887.120204919534	6.551204785686006
?	120.88742500138623	-11.437207338679636	66.09278426219633	102.03307939854196	657.7998672323702	-6203.060200705789	2022.7721533574459	14910.408464974178	8.264291104972166
?	123.38871153973582	-17.195603529213525	71.58247895638473	89.08218614714984	335.7131794061414	-6709.282807562349	2314.8760064575013	2492.399990462328	17.05442947532347
?	120.02764482492555	-20.194893991882164	70.54689356955389	-19.60984908038342	322.3357268542479	584.7597565710927	2147.392152880564	-4817.942873196685	18.57210665573077
?	122.3789668401417	-89.02614518491349	70.60198650236555	74.91412457944144	364.95116723469647	1721.8037319398677	2073.9788627976636	-4753.266275844022	12.962560852163966
?	115.57633756567981	-143.73941755676634	74.29259979852601	-149.37056959212143	408.42591345124254	-13.627617071532347	1909.7288390883596	-3648.7457947383	10.837477913969389
?	115.19199596230328	-2331.526751313563	63.13345802275937	-317.2263884416288	364.26978638111984	-928.7758105176993	1891.541573060746	1164.2262920876708	-1
?	-1	-2323.8399192460324	58.43128037644435	-98.77081042687267	361.9871229253569	11733.541861798367	1967.940153692744	6387.693195742795	-1
?	-1	1938.2509588195799	58.19491750141567	86.62222976232035	950.9468794710465	4911.92960607211	2210.9262328478903	-13820.599114463676	-1
?	95.91254794098038	1809.4042054582617	62.76239186456043	129.5804329177247	607.5836032289659	-5530.756826618186	1276.9101979695504	-19525.09065562224	10.030558017500457
?	89.47021027291437	-181.06977321358752	64.673939147302	2.846119078905604	674.4090381401333	-24.790457083613195	1234.6717000667645	301.74792493364777	11.234562779703102
?	86.85905928030087	-72.2014854632975	62.90469781850571	-178.33951228672464	606.3440803747852	-1115.890585400864	1291.997594216233	3206.354014172066	9.00785075732802
?	85.86013599974945	-1757.1811856059924	55.756963532965635	-290.4177198105695	618.6145088700893	4023.06371676545	1394.98940077537	7285.542620727284	-1
?	-1	-1737.2027199949641	48.38381182797703	-201.0326000799972	807.4972662130606	2728.2129459378734	1656.2747252526024	6348.574869881596	-1
?	-1	0	45.70533352896563	-7.046206222979278	755.0251561669849	-1984.8028083199406	1712.4181442694544	7827.092446254695	-1
?	-1	0	48.03150151682806	108.89547710645873	708.2571257970621	-1591.3681680504808	2047.6293475653426	6632.118192622052	-1
?	-1	0	51.150107384288646	84.57893948402024	675.4567477644597	784.6364413648169	2044.0240539005617	1952.7415613909075	-1
?	-1	0	52.26044849102913	2.9758695052111794	747.4889478653035	1940.093310461766	2145.2664256348894	1929.845813440306	-1
?	-1	0	51.29890085954921	-72.5026076222667	772.4614132875494	-1243.6829501102789	2140.5163445725784	-1091.2373496584523	-1
?	-1	0	48.635318109915744	-110.32437872002419	685.3048003597887	-2086.600397878665	2090.704558151966	-3569.903065426578	-1
?	-1	0	45.78268192354792	-82.28722392593338	668.1313933936146	2221.028880530835	1962.021191301247	-3206.5047418466975	-1
?	-1	0	44.52095691361902	-25.91946242640651	796.356244386332	1984.2830910520902	1930.3793210596289	-1046.153156263639	-1
?	-1	0	44.486708802227575	39.65670741119184	767.3455479462206	1900.360406214427	1909.7135334880643	1859.8914519975287	-1
?	-1	2411.6818574070603	46.50379228417864	519.0161500382776	891.3742646970547	-5580.487283094849	2023.3738936595066	-4079.496349230218	-1
?	119.58409287035474	2355.8903231939807	70.43751630414182	597.9704802236741	488.32118379147414	-8284.876665524507	1705.7387160265505	-6915.521674710496	2.5220433186928286
?	116.79451615970072	-198.23604544060376	76.40231629536277	66.24018829041765	477.13043142082347	28.133610418221505	1677.597809923977	-1359.5722584379962	13.101450400822106
?	109.67229059832441	5896.4257520962965	73.74952571866275	-176.0851729938799	489.72786431238524	-145.7939408000461	1637.7601031046497	-954.118153188656	10.110587559584827
?	411.61580376451974	6783.903738331874	67.59805764566865	-149.11804011763067	469.84073438082106	10468.687117101648	1629.8919022645434	13253.715361072529	3.809365975709245
?	448.86747751492294	-8252.316075290277	66.29362371278111	173.86968474717585	1013.1622201674751	23782.055010249886	2300.4458711582856	20039.953241698888	1.3056428699268139
?	-1	-5687.911464393632	76.29154188302756	180.80506277920165	1658.9434848933322	-1224.729539230603	2631.889564349502	-1369.4635685316903	1.7464615107395791
?	164.4719042952373	3110.279377227004	75.33387685174132	-77.80365394444348	951.9257432059441	-24067.097362987686	2231.9726927317	-15471.932324969637	2.1358410576424425
?	154.5139688613524	-132.36181847197525	72.40135918580533	-305.6592906421691	455.58861674393074	-9326.120446839947	1858.2929481010092	-6283.492127441184	10.262221728839926
?	157.85381337163844	-3110.279377227004	60.05091231963265	-155.99835795398127	485.61972086394013	19735.515548396397	1917.7980863596365	16605.148387883928	-1
?	-1	-745.7076336272072	64.60144128810616	257.65458304594506	1442.3643941637647	-3528.5725440199903	2688.5503674952174	1159.8393656181242	3.0099267022569625
?	120.56843169027755	2126.9555261467394	72.93364147193009	78.12826245522703	309.1910936629381	-22096.734040358602	1975.7900546405435	-11051.10418925209	11.00779418406236
?	105.34777630733849	-457.9997840235146	68.50785441086757	-127.16159259736646	337.52769214581906	24555.652515530765	2135.995158032605	5780.460987447286	16.494347591263473
?	97.6684424891015	-2126.9555261467394	66.57556184206167	50.65150580240512	1536.9737194394938	32579.44601434332	2264.813104012912	8087.719642520164	-3.143356337601078
?	-1	788.3638734975626	71.04042970098786	63.47724919413162	1966.4999928630082	-7123.773110920623	2540.381140158619	-1110.081272038026	-1.7533905642032228
?	137.0866361639802	2604.5158854707092	69.7494243017683	-34.61641528922038	1180.7850638934576	-19927.87735601246	2209.30904041101	-8284.65590859606	3.472717390776074
?	129.2257942735373	-264.73298876992794	69.30960893652681	-145.46389237312545	970.106125062371	-3425.884911640659	2126.14834472881	-1534.573716834926	7.493947541542759
?	123.8499867254836	-380.19511503916846	62.476229683111924	-43.890065063309805	1009.4908183114222	-9398.356003425059	2132.5803545692625	-9153.599081799153	4.008704651374997
?	110.21603852157861	-549.804665567765	67.11510568336129	2.5522659769987035	500.1883248911114	7238.899730209795	1668.468390638846	1472.2174634261019	7.453235144294911
?	96.35975344709496	-219.17128784858932	62.60384298196186	-43.29846397732917	1371.4358048219171	10244.620215254472	2206.1912277405686	5329.090444974415	-1
?	99.25747412914899	-53.48516716038868	64.9501824844948	139.8453324357638	1012.4193356538423	-18881.10240285158	1934.9229128875704	-12520.413649324204	12.192119700228169
?	93.68549508907549	-152.49491072592787	69.59610960375015	94.70122992829154	427.3806846793247	-11361.461653657563	1580.1705452743495	-7498.993168583323	14.473386987386078
?	91.63272859285249	-26.479565342589716	69.68524398090945	-21.12114696197436	444.346252970956	584.4417240084939	1559.973254458399	-905.7676906546166	17.49840753316646
?	92.36151682194598	17.11148716053121	68.54005225565142	-203.7354924408073	456.6027708797498	204.26739188282392	1534.882160741618	-1166.4588161353884	8.004577856659989
?	92.48830295087906	-1867.2303364388931	59.49846935886894	-389.7123156951402	454.55962256509736	710.5653380376795	1501.6503136516287	4703.247614141184	-1
?	-1	-1869.7660590175547	49.05443647089413	-254.40600175002595	492.1310377816343	5039.037844971918	1770.0445414486805	5146.049277927341	-1
?	-1	0	46.77816927136746	-49.53225858055561	706.5115148136969	1836.4692549252834	1758.9527775479994	190.87138509860964	-1
?	-1	0	46.577823541866316	13.200003055637477	583.9545005278998	1861.822733020757	1779.5881107036112	3828.331240781258	-1
?	-1	3537.350756088492	47.43816942414934	528.4389926379723	799.602651464736	4139.897589373848	1950.369339587065	-7514.462691694928	12.772436521180808
?	175.86753780442712	0	72.9997731737653	423.24858339994574	790.9493799965951	5625.760671652813	1403.8649761188594	-6284.969692583611	3.6571620241654297
?	-1	-3537.350756088492	68.60059859414693	-292.10284014588564	1080.8906850473807	2852.9752774247827	1636.12085495788	5789.374939401059	-1.4748634013393593
?	-1	0	58.394631166470816	-261.78330459281864	933.5981438678363	-3252.943548883501	1693.3337230889165	4483.425566623255	-1
?	-1	4104.358884064022	55.51143336450581	182.17649906045662	918.2435076032033	-10308.974734778089	1860.292133289046	12269.196491401015	-1
?	204.21794420320404	3560.9258802302047	67.50345611949378	3.2052599538712454	418.14940712892445	3265.6406584663514	2306.793547658976	8446.70500632217	8.998968733119488
?	177.04629401151277	-4104.358884064022	55.67169636219938	-272.7674519607495	1081.5255405265232	8558.536636874149	2282.6273836051605	-1554.304730827476	-1
?	-1	-281.8375876449727	53.86508352145611	317.0169494318377	846.076238972638	-14237.427894142416	2229.078311117601	-5415.74965690711	-1
?	162.95441462926394	2868.889839237621	71.52254383379149	301.1985469571128	369.6541458193923	-10145.071341397577	2011.8399007598011	-3439.2748980413185	9.313808128949686
?	142.44449196188307	-788.637558458746	68.92501086931196	-8.104287188456167	338.82267190275184	-1682.9122654107368	2057.1145662155327	-13835.957784529468	12.139776407902517
?	123.52253670632608	-657.5357426148597	71.11732947436867	-26.419976515282336	285.50853254885425	988.4403040353295	1320.042011533318	-11138.541427738224	13.537633804480132
?	109.56770483113962	-482.33019071523523	67.60401204354783	-138.19669336243666	388.244687104519	7564.240712733602	1500.1874948286136	7873.348931138109	13.381123966219203
?	99.40602717056397	-203.29469426636672	64.20749480624674	-79.83373730626155	663.7205681855397	3265.3737599192837	1713.709458090229	363.94796465087376	-1
?	99.40297011782114	620.898973701407	63.61232517823469	22.52407526465074	551.5133751004855	-6461.423758552619	1518.3848930611575	-9386.94998678206	-1
?	130.45097585563477	2488.022652576095	65.3336985694793	70.89308722965795	340.64938025790417	-3338.2826819610104	1244.3619587511193	-7874.355151352817	-1
?	223.80410274662765	2840.1217265723662	67.15697953971764	-17.7888792241686	384.5992410024326	1725.1736307650815	1124.667135493511	-8767.085963355394	14.047001074911403
?	272.4570621842551	-4496.082054932489	64.44425460827085	-204.69163725284852	426.9080617961595	1937.5237963585537	806.0076605833434	14037.915398334144	16.346597328716022
?	-1	-3359.0387825704643	56.92239767707507	-2.0169400174509344	481.4754308203617	-492.6663042651533	1826.5629054102283	11175.965228672214	-1
?	104.50512305572951	2017.028228270039	64.3434076073983	180.47489268123485	402.27474658290146	-1006.3035548498299	1364.805922016962	-5966.747682220664	2.666102517723825
?	99.85141141350339	-204.3369481526812	65.94614231113694	-115.74960234474224	431.16025307786947	1413.2636056327788	1528.2255212991909	4847.591102233363	10.390792976818686
?	94.28827564809531	-2017.028228270039	58.55592749016111	-313.76005954823864	472.9379268645414	1812.7876236764012	1607.1854771286337	3995.93687791639	-1
?	-1	-1905.765512961879	50.258139333724785	-195.3351985765372	521.7996342616908	2514.092678913244	1728.0223651950132	6843.441574951942	-1
?	-1	0	48.78916756133411	-33.36979644348583	598.6425608102054	2902.4026172818317	1949.3575558762357	6196.143433840896	-1
?	-1	0	48.58964951155047	-25.33184293932045	666.9197651257845	1036.8685053302409	2037.8295368870624	1307.1819126308578	-1
?	-1	0	47.52257541436807	-30.959979847633136	650.4859860767182	1247.9264277859902	2014.7166515077795	223.1687052442535	-1
?	-1	2486.014206212442	47.04165051916879	461.3669826840204	729.3160865150849	-4659.9483578473455	2048.9879721492753	-6483.708281180706	-1
?	123.30071031062386	2362.7765419048096	70.59092454856942	528.882424339215	417.48856818434757	-3889.805577578383	1690.5312374487396	-18711.09095605071	7.225178529098843
?	117.13882709524216	-134.53956477277566	73.48577173612992	-191.67411973994075	534.825807636163	7144.85685329747	1113.4334243467265	4160.72416323007	12.644754845698188
?	116.57373207198498	10.283260789232568	61.007218561572245	-316.1357957167045	774.7314108492261	5929.294971417949	1898.567445610246	15635.654223683683	-1
?	117.6529901347038	2457.7772174376387	57.67898195029447	399.6672299340261	831.2905562070646	-4094.266303862747	1895.2161355309217	-8045.408861014079	18.61541935928225
?	239.46259294386866	3001.291709212819	80.99058005827384	482.0876479791533	570.0180956560859	-8987.714685595836	1496.2970025595364	2869.9158877887567	11.296829149861148
?	267.7175755953469	210.0945932584385	81.78336434925248	12.31456835982055	381.9048219272664	-4742.7553708362575	2038.7119299203616	11547.096133306595	14.544408917718465
?	249.96732260679073	-845.5964741094111	81.60630847626487	-60.178089429082036	332.8803271142696	-180.9404658001617	2073.6518092248743	-13440.726453132102	17.790695895540175
?	225.43775188987573	-1237.5078012038484	78.77445987779834	-34.75449316184786	372.8577986372582	4568.480381006254	1366.675607263747	-5402.139027369691	16.37102109799974
?	188.09193254659743	-1253.7401627531901	79.86858381817245	-98.62438621935071	561.3043461645856	14844.599848413643	1803.544857856386	19392.935107906305	4.883624936322651
?	162.75074375221533	-755.9374622022496	73.84324056683073	-153.64520156092206	1115.0877910579509	18110.85331610281	2336.322362659076	13714.836573893823	3.509292685851071
?	150.29505943648442	-236.5279356083568	72.18632374012624	-37.45901653834412	1466.847011969739	-15554.00117815851	2489.286686551087	-2.938780074591663	1.5879657401783729
?	150.92434697179732	-159.174347830359	71.9702897399135	32.53404918389588	337.3877321500142	-22973.585405799724	2336.1754236553465	-6864.371794711108	10.815684908130308
?	142.33634204496636	228.2597249903775	73.81302619932106	116.71398503614374	318.1677416797366	2114.71066763809	2146.0680968155266	-6547.243190377915	17.520435204477753
?	162.33733322131636	2052.0934453032737	77.80598899172077	45.25687299842438	443.1232655319202	2477.2193613394043	2008.8132641364462	-832.5342289000737	9.390352834219954
?	244.9410143101315	1900.4995654551826	76.07586984924231	-289.4093556783571	442.02870974670856	60.0497393517324	2104.4413853705223	2784.1505275018712	8.254367188304308
?	257.36231149407683	-4918.82028620256	63.33552120780271	-188.27215176493968	446.12575249950686	13014.715984796205	2148.0207905115417	5238.787977695545	7.262125196655202
?	-1	-5167.2462298814635	66.66226226099519	229.65504028268953	1092.764508986528	31320.268600693857	2366.3807842553033	15335.152545753908	-0.6586447976955457
?	-1	3780.9664017552122	74.81827322193735	-19.65143696305802	2012.139182534222	1170.202723019044	2914.778417799248	3179.4129984040414	1.5494311760137593
?	188.0483200877633	3472.1876998338566	65.67969041284228	-353.9389913019911	1151.274645137481	-32391.031456873538	2525.3514341755076	-17315.003276805426	-2.4521749184623687
?	172.6093849916953	1444.8614066491375	57.12132365683754	-182.82418406893225	392.58760969052224	-5487.583691403537	2049.0282539589643	-7243.164308380262	-1
?	260.2913904202212	1601.3460760137468	56.538481209395535	408.4079039084824	876.8954605673002	-1222.48918100787	2163.1932187564894	-21455.474010406866	-1
?	252.67668879238377	-752.5921601663476	77.54171885226195	365.2921867709947	331.4631506401279	-10223.345617977717	976.2545534386059	-13868.390047303023	21.071242756624784
?	222.6617824119033	-776.8558309677994	74.80309054794553	89.00173951255896	365.7281796684071	3769.0309213910255	1469.7737163913284	10312.508201531049	11.631342628247985
?	213.83389724399325	-501.0914912064098	81.99180582788996	55.228245834021905	519.9146967096818	2994.338732357098	1491.8799635151656	-503.8035143393673	12.644618266821377
?	197.60720785158244	-245.0316955499391	77.56450283964666	-402.05275896803397	515.4451162862641	1495.8495235169669	1444.5835406743597	-794.0960016175337	13.568453739890618
?	201.58231246649612	645.6528287347708	61.88916787948798	-191.01976378694314	594.7071728855312	1905.7942853810985	1452.1751634342884	-5330.485345254289	-1
?	229.88984928832144	139.40519436078802	68.01351465029937	307.21538899043856	610.7348305553204	-3985.2721358194904	1178.0592734116415	-3001.7221758602573	4.595545824019777
?	208.55257218453562	-736.8353658534674	77.24993732901012	57.196323519190216	395.4435660945539	9774.540364196313	1302.0890546412734	27751.63712920986	16.16710932011439
?	193.04808099564755	-4191.051443690653	70.87333082625892	-129.17148821761785	1099.461848765143	20466.969817268433	2565.641129872154	25167.358749768126	1.6291316771964959
?	-1	-762.2097428477389	70.79136291812914	-12.84224689125533	1418.79205695799	-5332.333582130276	2560.4569921296975	-6700.85849818322	-0.07359686816579969
?	154.93759385326007	0	70.23121848169615	-8.315353444534305	832.8451696586254	-299.7030588184728	2230.5982049629883	6410.378906599217	3.7714844286082747
?	-1	-549.6196083060626	70.37559524590242	84.57388499144336	1403.8069040170662	-1382.5396822329626	2880.975937459663	-1822.9053676649087	-1.2781882638987532
?	127.45661343795655	2406.7878464342493	74.45991273126838	-158.3268162748057	763.7181855469763	-22107.08895231779	2139.4529365797416	-19748.28513630101	4.2134569009207645
?	119.33939232171417	-2569.1322687590946	62.45925443216202	-277.42436671651893	298.45245640116104	-2033.3225047080425	1893.5616806445985	-5735.754966784307	7.764578185063982
?	-1	646.2245976648835	60.58869439544223	120.41887941245776	662.0520603115728	7209.934400113334	1852.6651882405222	341.03627207985	-1
?	151.6506222049588	3067.3309686270786	68.48019840278499	281.1670414822177	658.9491764068329	-6030.7947804718015	1910.6134942485912	-12484.484220378026	6.294009542769498
?	152.3665484313561	-84.86136091249527	74.64704646955332	192.61587220964867	360.5123212879784	-5047.483921380335	1228.440977221612	-2258.050819360478	12.434825924273607
?	147.40755415933398	-406.61547999280845	78.11099201326756	-207.61099796865312	406.5749803378125	2741.7745065196104	1797.7109532805657	14814.728396199338	13.54052878479941
?	132.0357744317154	-2968.1510831866376	64.26649657112051	-199.30915991451116	497.6010466139609	801.9740012681803	1969.1773970315894	2662.7615118592425	5.60984236414069
?	-1	-2660.71548863427	68.14553401754186	142.80402059252677	446.6736804012221	19763.69062879828	1930.8490288735297	13829.971419400503	2.2725908205910734
?	-1	2967.9680651054296	71.40669760074695	153.7309296646513	1485.785578053889	4341.936431651325	2660.6759680016244	-527.5911047595189	-0.3307844887730903
?	147.3984032552736	2633.1484012668484	75.83208050077454	125.07844315506553	663.7705019837914	-19669.934768556326	1904.4694736355534	-14639.739626609591	6.431272633625717
?	130.6574200633443	-605.3460739800447	77.66061975850032	4.120876322866648	502.2888396260586	-6024.309783461094	1928.6889866711344	6502.414150191401	10.562197553944804
?	117.13109955627093	-388.24504176191215	76.03812431691787	-88.50711934360037	362.5550128107324	-1016.5454425167551	2229.590181145128	2502.881496227511	14.642095239660947
?	111.2451679752484	-278.8149059479403	73.23526379132024	-103.2732754886626	451.4615675002201	1179.8995285654669	2053.8330614825118	-9366.976341136146	10.059082459531997
?	103.19035425887371	-324.5595348387797	70.87446054248467	-65.23676785260811	421.5499892390066	2942.872104416448	1761.2413640883142	-8341.1266766402	7.708269419437675
?	95.01719123330919	-277.0990559677802	69.97342539868978	-158.62660776969025	598.6051727210446	4741.5234543336055	1636.7767276504958	-4954.7019343843	5.120307288549268
?	89.3354014604845	-1920.3438246661565	62.943130154000045	-298.67190741516566	658.6261619556902	1385.9618989527787	1513.5062673690957	-1201.3731495395325	3.8861594028029067
?	-1	-1806.7080292096643	55.03983002793129	-168.35003735196767	667.9032676686845	-919.8580586674808	1576.7080701735183	1037.60883496759	-1
?	-1	0	54.52562828640154	-32.754071793867425	612.6332590223155	-12.227380759945671	1565.386709117476	1751.2760550277087	-1
?	-1	4100.7596519421095	53.40212643823789	301.66394251368047	667.2918986306872	1589.227256309471	1664.271872924905	-6268.920281113557	-1
?	204.03798259710837	4474.015966219273	69.60882541208578	452.71322898488074	692.0946218377902	3286.2318600312606	1251.9406950617936	-7323.7158552762285	5.673578670330012
?	222.70079831096683	32.86340684866285	76.03778788748225	89.35614727348865	831.6034916322526	-1498.9165807472605	1298.0860801610884	-1269.8489959814835	12.775901582428059
?	205.68115293954153	-4474.015966219273	74.07663277576027	-192.14623637452786	617.1487928004261	-5983.872269874904	1188.4482452627185	-2341.5391207210255	6.334264625489821
?	-1	-4133.623058790772	66.43047606875572	-341.0905839298721	532.4098781385031	439.70723343265774	1181.0091241250354	287.44485186847714	5.205106115956245
?	-1	0	57.02210357926643	-266.0429474227361	639.1341544720593	3155.1339225510383	1202.8204878561426	1999.8366602078102	-1
?	-1	0	53.12832869761873	-192.61182718656255	690.1665742660573	1204.135189073064	1281.0009571354274	2586.294518023405	-1
?	-1	0	47.391512219938164	-125.12468255837312	699.3409139257134	1344.8839138662643	1332.1352137573147	9056.837120877675	-1
?	-1	0	46.87209456969998	-0.7884700823048151	757.4107699593715	-701.1876979254489	1733.8428131793175	7184.708890391428	-1
?	-1	0	47.35208871582292	58.59301885682557	664.2815290294404	-1710.1039572739462	1691.3706582768912	877.4539398525724	-1
?	-1	0	49.8017455125413	-28.252742614909927	671.9055720956729	587.923533267691	1777.7155101719468	3365.092051214214	-1
?	-1	0	45.93945158507746	-70.79669623923961	693.6777056928244	25.25505352890114	1859.6252608375983	2484.2970414448255	-1
?	-1	0	46.26191070057927	-3.4675023520252997	673.168324772118	7764.825030542052	1901.9303622441898	-1982.3057387747795	-1
?	-1	0	45.76607646747619	-45.79513608664462	1081.9189572199325	10056.056806107834	1760.5099738988579	4105.859707308378	-1
?	-1	0	43.97215389624701	-9.012760098959248	1175.9711650775168	1245.44469984734	2107.2233476096117	5760.486091914017	-1
?	-1	0	45.31543846252822	23.15802693648602	1144.1911922123004	1482.461685992336	2048.534278494563	1982.5540257593993	-1
?	-1	0	45.130055243071325	183.864375634248	1250.0942493771347	-3764.7728714652826	2206.351048897583	252.83611048856625	-1
?	-1	3458.5020641671094	54.50865724424075	366.1916187773867	955.9525486390336	-5289.784101087312	2061.1760840189913	10482.508506880691	0.6166479707277517
?	171.92510320835794	3136.3017329984777	63.43963618194092	423.4015405050581	985.6050443227654	-12497.436860482703	2730.476474241625	1639.830540399002	-4.570205166754814
?	155.81508664992612	-549.2893022462517	75.67873426949396	251.28534311623665	331.08070561488955	-13512.586720406978	2143.1676110389426	-11195.649507317554	13.595241261074596
?	144.46063809604496	-348.68005693627896	76.00390333775293	45.23613742144725	309.9757083024068	-825.2121792112038	2170.6939988757395	684.2809348375606	18.694978677950377
?	138.38108380311192	2603.6413452592456	77.94054114056635	-37.99724947411963	289.8200966543288	283.9359256048561	2177.381657780821	-822.8968109784429	20.846266817134044
?	274.6427053590091	3969.6746304941803	74.10404086404692	-326.50772189163763	324.1725045826498	1242.2111893612969	2129.5491583268167	-1843.4302895800568	14.205401233103155
?	336.86481532782375	294.627363808867	61.61515504598424	-352.30548833957295	351.9306561223945	-212.29027345100502	2085.210143301817	-3105.233714033476	-1
?	289.37407354945265	-4090.3694619595967	56.48876644706802	113.14811037587542	313.5579909100994	3292.390664218317	1974.2874726251407	-7954.538524144587	-1
?	132.346342229841	-3346.7191317092847	67.27256056477809	332.45216734247884	516.5501893333127	4581.907421146035	1687.483217094582	-7224.069022469336	2.6118537823317096
?	122.03811696398603	-379.17647722937886	73.1113748141922	164.090354120602	542.6533619674044	863.6379781180872	1613.0840215016688	-1520.9148071166521	8.624153562878218
?	113.3875183683718	-265.22892001672597	75.4770782708083	75.8345278779064	559.7320882392177	164.27966138641517	1611.4374767387483	-873.6048577747364	14.880921047304179
?	108.77667096314954	-160.96509742449996	76.90310120808758	12.773576887097239	550.8673450367253	-573.6085515252271	1569.4037786129313	-1335.5288320500897	19.63757027123186
?	105.33926349714669	-116.39753174212848	76.11575711516318	-55.11915411387356	531.0516606629559	-631.1626653568693	1544.6610351362428	276.2378564772286	17.074519834639837
?	102.95679437604304	-81.58628851377696	74.14714350239386	-78.38039682850595	519.3092117688814	-373.14303849405104	1583.215671436793	1.908256338879228	17.213077205162044
?	101.25994907145778	-63.74084738206984	72.19673727373782	-75.4354737256012	512.3945087382531	-171.725656532585	1544.7564479531868	-241.05506268463725	15.646494915891552
?	99.7697520069395	-45.11027748707413	70.37536981611375	-73.10957378687287	510.722928942252	-87.64672772086203	1571.162918302561	720.4100087000495	14.098119029399083
?	99.00443519710404	-0.5859418103139463	68.54125858439413	-13.118317914048516	508.0121723522099	-80.48628537046739	1580.7769483881898	-404.88590988041204	15.976345714861774
?	99.7404549164238	-35.84367183036824	69.71945392041131	17.585011492984428	506.69861467372857	-47.98248915799081	1550.91862280854	-1759.9838005252582	18.395348668954206
?	97.2122516055856	-94.48029571057086	69.42050915904336	-68.29714034978724	505.61304789431034	38.24621429065306	1492.7777583619256	-721.1733432171911	15.469159389411915
?	95.01644013089519	3081.1612214870324	66.3045969029219	-28.756458592213665	508.61092538826125	-43.27786428193287	1514.85995564768	-672.1993711808223	-1
?	251.27031267993942	8280.567529059726	67.98268622943266	24.736972889084473	503.44915468021367	69.02767794495519	1459.167789802884	991.958272083179	9.902732598831008
?	509.0448165838874	4789.330167971335	67.54144554737614	-151.18508057911353	512.0623092855091	-213.09668419298796	1564.4578692518396	2885.0153369398913	10.14673196235821
?	490.7368210785096	-10200.896331677603	60.423432200476874	-200.73132069087293	492.7943204705641	-1229.2186436287973	1603.4185566498807	1195.3569562389123	15.520057767916116
?	-1	-9834.736421570053	57.50487951283235	-249.06509532715106	450.6013771040683	281.9859195080659	1624.225717063786	818.9549487637098	-1
?	-1	0	47.970177434119144	-6.237869123232596	506.8936164459676	2087.6116024739645	1644.3663040880667	1654.664946706843	-1
?	-1	2001.7380322281228	57.19298605667072	335.5436455173267	554.981957227768	1407.912815777816	1706.9589643991294	14907.460421382204	-1
?	99.08690161140757	1852.6651325331075	64.74735970998572	143.47683620490636	577.2892572348594	-997.4491850328167	2389.7393251571875	10165.465216430695	6.724921615888805
?	91.63325662665669	-249.38609095054105	64.36682786691614	-70.9702614765156	505.1094979761265	-3049.9843292973205	2215.2322252206714	-8192.38883904966	3.7030924175601454
?	86.61759706388034	30.853747420331803	61.198846636159885	6.421134476198255	424.7900407699912	2968.849118527681	1980.1198832046987	-15990.460447744672	-1
?	93.1759439976733	335.2347684843324	64.68788459072606	67.92014219387386	653.5519539025127	1452.5041853702053	1415.7092028334264	-10705.177517029708	6.989406682562954
?	103.3793354880972	724.8488840944707	64.59485374585363	105.3778378412644	497.4152500385025	-867.3337755944399	1444.8610073532057	-88.60571419778226	7.582685182158774
?	129.41838820239735	2235.31166413817	69.95677648278935	134.1290694014689	610.18526512279	4624.778796683546	1411.2789171235372	-1281.0974836923242	3.411461521197167
?	215.14491869500728	2584.200477418728	71.30130721592717	39.8156205340905	728.6541898726831	-14.455331767173696	1380.8061331685885	1208.9680188461316	3.9001267474391677
?	258.6284120733356	711.4770673600522	71.9475575094939	-114.05510484437949	609.4624985344314	-1258.939510189505	1471.7273180658447	-1155.7037075952321	8.803955590894955
?	250.7187720630104	-5192.568241466638	65.59855197370811	-206.64044315662017	665.707214363207	-992.3596920891255	1323.020947788826	2383.488221909759	7.799732634883901
?	-1	-5034.3754412601365	61.61553535166275	-133.1527490355942	559.8445139299744	-1726.7874323645997	1590.9017291613343	7834.719330706883	-1
?	-1	0	58.940914521928306	-177.09054949878694	579.3678427449758	974.3070069849225	1714.7569143241758	1645.6918694082372	-1
?	-1	0	52.761007876723276	-101.73374461095972	608.5598642792212	4563.615713662053	1673.1863226317473	2909.5996368123356	-1
?	-1	0	53.85422729138025	16.18732293989643	807.5486284280817	2927.554025530407	1860.2368961647946	7222.286810044313	-1
?	-1	0	53.57037402371811	53.0393401626733	754.9375655557436	5651.791414128913	2034.300663133968	9190.775128824918	-1
?	-1	0	56.50619429951395	16.268527433634343	1090.1381991345313	3188.0088126003193	2319.775652606047	1050.2131044496614	-1
?	-1	0	54.38380039539984	3.5472301033513025	914.3380061857619	5118.705008166662	2086.811318356452	2344.907226246181	-1
?	-1	0	56.68355580468152	-28.86036424837558	1346.073449542868	5088.163762439674	2437.0210139183578	1490.0262759449076	-1
?	-1	0	52.94078218298104	10.890308585618827	1168.7461943077492	-4431.1208796797255	2161.3126321536984	-1164.760180327368	-1
?	-1	3639.094015312433	57.22807123396247	466.2465791687477	1124.5174055588786	-15572.228299117083	2378.7830049019885	-17822.990286310975	19.757056466343354
?	180.95470076562424	3353.4293650472523	76.25311114141876	451.33640207114735	390.1347793518839	-15009.740723191462	1270.163117838137	-31278.065013438496	13.288213305601957
?	166.671468252365	-606.0864409718572	79.79489133752016	21.139422682968227	374.0303693992948	-497.7778337507775	814.8797542300415	-13136.592958353685	23.56205020641406
?	150.65037871703095	-816.0133223211631	77.31008227556718	-274.38040992359794	365.24588766434465	626.4743450683968	613.3334699204434	9532.115319060418	14.081688445871876
?	125.87080213630627	3.078707210926224	66.07587084134006	-362.16123284871526	405.35408665271507	2092.9039350398466	1291.4855201830692	19921.684845652693	5.158210365734571
?	150.80431407757726	-2537.4160427260895	59.20202063313116	-251.86373914060607	469.89108441633846	1940.9429178608887	1609.4177122030922	11991.17927347668	-1
?	-1	-3036.086281551502	53.48268388430958	-221.3545570047624	502.4012325457609	963.2825891058997	1891.0444838569117	4811.227487326669	-1
?	-1	0	48.134292782892885	-74.5857171648921	518.0552138716341	9067.526076535545	1849.979086569429	4668.54000824612	-1
?	-1	0	49.75339802606492	-7.715155948419896	955.7775363725446	13843.160849426316	2124.471484269221	10048.77019737359	-1
?	-1	0	47.748534985471885	-34.007495750099764	1210.2132563429598	5412.2464166821555	2352.4175964381157	1982.1433071219408	-1
?	-1	0	48.05302323855991	93.88050149913846	1226.3898572066562	4740.207428591685	2223.5786496253195	2924.532445933141	-1
?	-1	0	52.442560060428875	298.8609100351265	1447.2236277725474	4833.5390480865035	2498.6442187347748	6443.814493833351	-1
?	-1	10997.646664035909	62.996068740316446	254.82516875535035	1468.0668096109848	-4728.765909227387	2545.7693743169916	1987.8532052890832	25.32600706336789
?	548.8823332018033	2642.119397098756	65.18381849819657	210.3760870087477	1210.7853323111747	-23299.343366598117	2598.0368789992303	-5963.224133516266	6.672171130536663
?	131.10596985493967	-8548.876464389645	73.51487309075398	182.85691315241306	303.0996412810623	-18259.50722777676	2247.608167641174	-7089.337752612008	8.906119888501703
?	121.43850998231497	-360.0041446042488	74.32666415581736	-10.520787533716451	297.8099709223237	368.847707921572	2243.569991368625	-152.72051756667463	10.87105694995905
?	113.10576262472698	3987.093606158779	72.98883371406815	-148.17510015828577	321.54202667714117	1513.5895895997737	2239.9721417628402	-2266.093241629955	10.622001268372625
?	320.79319029025675	-2282.1152524945073	66.91790914790296	-308.6900348726262	373.4894504023135	2858.192220313107	2130.2653292871255	-5839.302368984649	8.561720636786717
?	-1	-6435.863805805044	57.55433197043662	-223.08792269524724	464.45163769279856	10432.67049607583	1948.0070233136037	-1774.1256161114572	-1
?	-1	0	55.76351301314044	49.339916368761585	895.1229752061124	14265.63772361829	2041.5590484815514	5769.513848255442	-1
?	-1	2643.540322214751	60.021327788874736	330.3848317916775	1177.7335238737232	-4760.9575230321125	2236.48271572638	-4289.415739478148	-1
?	131.17701611073943	2455.4500728405596	72.28275460272455	286.3111641834539	657.0750990545034	-13027.05673245056	1827.088261507641	-23299.118594416224	4.069236622036649
?	121.77250364202972	-188.03578035421071	74.33688599804763	-14.556054894977784	526.380687251186	-5870.987468171843	1071.5267860055521	-13393.146011895406	10.32794278532184
?	121.77522709302876	-14.496171495480972	71.55495185797565	-166.86580610335503	363.52572564590713	4877.174683954264	1157.430960912861	16266.601026719496	11.5142511691988
?	121.04769506725566	126.86733805372644	65.99359569287977	-94.7556303525105	770.2394214489027	8441.638510442026	1884.8568373415385	18307.97965416591	-1.4558798646942068
?	128.11859399571517	-129.36008565401792	66.81717034035006	96.0873273739549	785.6076511680144	-5239.984406416001	2072.8299436211696	-19935.52444755534	9.555853783188713
?	114.57969078455467	-493.3932444330038	70.79796206157758	-142.4817349224787	508.24020112809893	-3673.2561241840062	888.0806149637573	-3814.740200000497	9.810930503477051
?	103.44893177406463	-326.63630639885	59.693083594226025	-10.498646542704783	601.9448449588115	-462.78737446274044	1882.092933621142	22258.59681770164	-1
?	98.24787546461194	-129.59586547177238	70.27302973444233	107.0106961315371	485.1008324049616	-3753.6265917906317	2001.0104558488551	3137.3835429656456	4.81431791082663
?	96.96913850047592	41.23844944316885	65.04361840080296	-171.06348264915096	414.26351536927723	-3302.833463729947	2038.9621107694265	-1381.1550034845673	4.091892318644488
?	100.30979793677041	194.44580337578864	61.71985560198466	63.57048109943742	319.9591592184619	-1499.204791422816	1931.9527056746258	-5733.37767108897	-1
?	106.69142866926549	604.8598993119159	68.22214245577487	251.2221072967331	339.30327579813536	1975.2142169102403	1752.293227214974	2214.784431018002	15.710786903925301
?	130.55279290236663	1771.6700311634506	74.2809609668215	197.09716808727396	418.7198700639753	3155.450350716678	2042.6919272255275	5490.336349349267	10.198632636823174
?	195.27493022743928	2999.0829249678995	78.07700086013871	48.13803802657321	497.0757933339715	2762.5717720184916	2026.8100446824412	783.3055113592789	4.851847869987813
?	280.50693915076374	2350.6997124247596	76.68786286815019	-273.83905698091735	556.8484586649018	1737.4978187561387	2081.857202793492	894.1230996968634	10.092753755123502
?	312.80991584867894	-5630.138783015195	64.38504801109265	-378.20754404978175	583.9506842717797	114.70894378515887	2071.516199667285	-417.3421920541509	8.7514437178544
?	-1	-6276.1983169734895	57.77748566566083	-160.01948549661563	562.5839058541599	763.9416502901128	2060.990093190784	-1402.9759675145697	-1
?	-1	4256.702081927133	56.384073736261755	151.56289144353605	622.1477667862858	141.8112598852306	2001.3674012915556	-7715.50376138829	-1
?	211.8351040963597	4007.8747656589444	65.35563023783774	199.10001158412598	569.6744688484215	-1763.3003523875095	1675.2149051213642	-4757.817482899846	4.624078625118376
?	199.39373828295007	-156.90452283154235	66.3390743154682	-33.60872267363826	533.9827491669091	72.61479405656142	1763.4765271465599	4926.728497379138	5.74807968439112
?	203.98987795478246	-20.066680842323592	63.67519410415581	98.44930154606973	573.3052085512496	-2501.140171875453	1921.5513299903246	3857.3977354538097	-1
?	198.39040424083387	-101.17303716653196	71.26153939277175	133.79802150584234	408.9257405731347	-3408.525859089123	1956.346413919253	3379.5382357868193	14.815059047659698
?	198.9312260964558	36.44313312276329	70.36509517944802	12.076413011287	402.87891559679105	1180.3776845332825	2090.528241779668	2943.4111685862526	14.3218223262604
?	200.21256089697206	5341.12879147565	71.86536004333611	203.47232940931173	467.94462479979967	1267.9037798029835	2103.516972348568	-2991.7961994895118	1.5514726711609998
?	465.9876656702421	5062.817547444664	80.53871164991375	115.98022391578701	466.2741045869411	-473.169016303117	1940.9384318051902	-4140.400694466225	4.0078244092579665
?	453.3534382692089	-9339.75331340471	77.66437123912554	-177.3466023202815	444.2861739846435	4309.395957591062	1896.4969376252536	8595.880343069863	5.9626420212323445
?	-1	-9087.068765384049	71.67138153389955	-62.39577062667589	681.7439024664973	36497.34711473192	2370.7324489586895	18136.93299125336	0.13909457443674028
?	-1	4252.778364381194	74.5445827077917	69.1518587762353	2269.1535297212654	7336.736125097386	2803.3435871879346	-8107.075065824859	-3.210965813270671
?	211.6389182190627	4431.65383592582	75.12897447271136	100.742500034776	1048.5807087213718	-31718.471368801216	1965.3786956674408	-27689.136619356264	1.5563700524973885
?	220.58269179629417	325.9966301654088	79.58170770953058	-51.48129892116015	683.2299612811821	-9081.976794377984	1418.8867562201017	-11687.427925073824	10.722776927373095
?	227.93874972733337	-4431.65383592582	72.55490952665332	-197.82837332658235	594.4818690024662	2284.2901640720806	1381.0072994137413	18276.104952004538	4.813002700931021
?	-1	-1135.4302059116171	69.69028904320132	70.46957337550722	797.4444694847878	-1527.158932349281	2332.6920038203416	9882.874260378554	0.29401468883297843
?	171.1672394317517	3047.619566262117	76.07838819542873	139.8460157719066	518.123922385001	-7814.371254669207	1875.151012432676	-12462.608485742358	3.6417154672358456
?	151.38097831310802	-599.5300815525269	76.68258983179675	-4.790098734636319	406.7259067513219	-3899.790585442735	1709.5615795332149	-2840.7215761927505	3.8591038343751833
?	141.19073535412494	-380.16994850480074	75.83888325869691	-4.208820040046757	323.1343931128615	-1624.6858770486695	1733.1149336230364	200.46471973280575	7.712886916605899
?	132.3724808878677	-205.18857910451734	76.4721488297944	-216.48889176552962	325.49161289888724	84.97126880370381	1719.5848155198553	-1449.585569115554	10.81250610812045
?	130.93130639889893	92.80829289704552	65.01443867042028	-300.9400514346187	327.38295655304677	1011.1963815618747	1660.6356551672577	-3042.309019102838	4.964248186658171
?	137.01289553272005	-195.16190401217563	61.42514625806326	207.74910726471137	376.0514319769817	1114.2413685613997	1567.4693645647112	-8002.088209367789	2.675606006921616
?	121.17321119829	1410.1566179201266	75.40189403365599	74.17215427434252	383.09502498111755	1453.9541245657651	1260.5312446988626	-3970.519805610823	5.458186397593577
?	207.5207264287274	1599.3691273455563	65.13375397178044	-180.49987228000305	448.749138205271	4569.693901178518	1368.9433742841672	6499.355505802517	-1
?	201.14166756556895	-49.3321103377177	66.37690041965571	-72.14903769881983	611.5797200400467	4504.335521614237	1585.499019988993	8497.9675653751	8.953969080916849
?	205.05412091184147	192.0002866078097	61.526302086839394	70.4838073348624	673.9659142859861	-852.299668931286	1793.8417525529283	299.4300572394471	-1
?	210.74168189595957	1103.8148778297702	69.90109078639888	324.90135861944105	568.9647365934818	-7720.8034716435795	1600.4705228509656	-2706.835510665603	11.780540427323754
?	260.24486480333076	1692.2040886640011	77.77137001781168	285.47729698900577	287.9257407038016	-5358.661652782631	1658.4999770196462	1780.775515212615	15.97390224810799
?	295.35188632916083	1295.8990434334996	84.17495563584937	63.851239753616596	301.03165395434644	812.3831244541393	1689.5092986115976	-1432.7327772950389	29.086779730279737
?	325.03981697500666	2773.653497516687	80.96393200549255	-238.2039422754548	328.5448969265091	3281.318634489554	1586.8633381548932	4366.211471198869	19.556292171833377
?	434.03456120499715	-2090.8721219147506	72.26475852207646	-97.89351169002632	465.0975856788265	3585.4456318566713	1907.8198721715441	8648.007527702906	8.38464565959867
?	220.49621087926764	-3348.1128699451483	76.06925642099117	-60.65410707072402	507.81717851934525	-44.67451109018776	2019.2637145400447	955.2406980375828	6.442830556135786
?	266.62891770773734	4322.590923893118	69.23205316854022	-236.88599950573212	462.86386012431706	4678.639253834075	1955.581907073424	-4766.683317441112	9.310988515240792
?	436.6257570739266	-2110.1110876658254	64.2249564457044	-77.94042396953219	741.7491412110524	7915.411387369053	1780.9295486679857	-6223.790799690503	3.524151349365141
?	161.12336332444457	-5695.018992404438	65.33503197006355	255.32471247890078	858.6344294927753	-530.8873479666765	1644.3923670888944	-4343.884730408724	2.8704584447006756
?	151.87480745370067	-316.1416624586264	76.99119206964961	100.89758444830635	715.2047738127181	-2810.3290729627734	1563.7353121475464	2327.9850492677983	8.443566804642131
?	145.31628020151302	-3057.4961490739697	70.37991119247894	-185.6245718987818	718.1179758446347	666.0570823460372	1760.791619552286	3561.8819734666836	2.5266846882040817
?	-1	-2926.325604030219	67.70996347471039	-49.13297224172497	748.5076279300205	5405.735966005766	1741.8294108208831	16988.036863141606	2.3583145555322633
?	-1	3227.549888535174	67.92326258039266	16.684095912058343	988.4047741449268	-5651.464904480562	2610.1934627093783	12677.630382328221	0.6372198296751226
?	160.377494426761	2925.96004179536	68.54416827031332	83.34282207552884	465.93438270598836	-13101.683109250827	2375.7109299373033	-16179.059681033006	10.961322269866136
?	145.29800208977008	-114.94205418251632	72.09040368416916	86.21960614548974	333.3206186823761	-1914.186469209593	1801.2404786577165	-19587.59243924845	16.91188864503126
?	154.6303917176351	879.7433171186384	72.85514857758787	76.7571442394581	370.22505924550734	2514.7327004945014	1396.3313079748668	2830.325934701187	16.17323478608359
?	189.28516794570263	1794.531821802285	75.92826089614212	105.31194485358803	459.057253707103	2239.0817576978307	1942.7567753927779	14898.412664607793	10.907329867523204
?	244.35698280775063	2390.554842313324	78.12074582026735	-116.66049128660153	482.17914713040045	2362.5654893215374	2141.251941205267	4675.0895868479865	11.998264635324576
?	308.81291006137053	1767.6781047078248	70.09523633181196	-383.73756573681896	577.1855281731815	351.6740408306755	2176.5112547351805	-3023.620893731748	9.91907887715279
?	332.7408880431431	-6196.258201227322	58.933867533426124	-312.6144387972577	499.7628491719345	-1025.0181500904037	1990.0708965186775	-9978.773959027421	-1
?	-1	-6674.8177608627675	54.46451439194885	-174.59040789274448	525.9346206686606	2067.962290742264	1677.5725567838024	-3659.0951153611722	-1
?	-1	0	50.204347138788776	-118.36913304706886	603.1609637090492	3395.1891719641794	1807.1161407506163	4632.233130830403	-1
?	-1	0	48.54605773959533	-60.380119524757696	695.694079266872	4636.418514456395	1909.1842133253258	3884.571296030435	-1
?	-1	0	47.18534116255085	37.754184602057876	834.9818894318722	5670.606114945084	2001.3447055521408	3103.239288663091	-1
?	-1	2711.3213888041196	50.43376696969825	485.8090955274438	979.2243850141302	-848.9264276442048	2064.3461777584826	-9469.238486961274	9.507510009813721
?	134.5660694402079	2436.0661742570232	71.47579593892338	357.73787935223896	792.5355680496614	-4708.2840819445155	1527.8827812040704	-8222.021270286525	3.0382727843564434
?	120.8033087128529	-586.3766950804412	68.32066093731045	10.399781109657761	743.8101809169011	-7326.47126517413	1653.2451142441505	6047.159718907265	4.980208625085522
?	105.24723468618544	-457.1573357180842	71.99578499440628	84.10569946895572	426.21200479094966	-7098.978600532077	1830.240767149438	9872.61626927621	6.232403662177157
?	97.94544192694836	-154.09986831922888	72.5259459107583	-169.98227530600062	388.86125089029224	-1093.9141253196253	2146.875927707968	4151.220966328465	11.77302038937671
?	97.54224127022388	515.3042342358632	63.49667122910613	-132.05696135539324	371.5162985249676	2513.150188668472	2037.8018154658641	3230.790677307295	4.96332147759838
?	123.71065363874189	1181.0049728401136	65.92309784298854	324.75531804016236	514.5187603237176	328.36694078348717	2308.415461573335	-9091.897519978646	8.142365150939263
?	156.5924899122304	1264.3555995408344	79.73443713111448	328.2753958612067	387.9346455641422	-2723.341760043138	1583.2069394669254	-18786.274513888726	14.003231595028945
?	186.9284336157845	484.7921676901199	82.3368676360491	-76.32067413198547	378.3516723215588	-369.6585159837871	1369.1017358788854	-118.41000760993498	17.284743114689032
?	180.83209829673675	-704.629407491574	75.91840342451515	-247.32545556730588	369.4517197649526	230.9709720819741	1577.2864390864286	6390.494464242111	12.737667365570402
?	151.6969632412053	-751.7793856836569	69.97059485768364	-28.2449941311292	389.90022092565766	849.3997641397259	1688.6264590909955	-10042.545579946898	8.617715567808258
?	143.24312901255337	-254.50564223484415	74.50615371795867	73.65871737664159	411.9217079719395	264.31463288975885	1075.1591600890765	-15106.183142951148	16.27908934397674
?	138.97168112946292	-210.91697342694417	73.65353072651577	-251.93847543112352	403.1159525701458	1368.8199650416332	933.3173019434273	7430.168086065404	18.21727158946718
?	132.697280341206	-2799.433622589219	61.90922994640231	-261.5407959635641	480.36270622402213	7427.002542825133	1446.667564392352	16904.837483117768	9.55647589263873
?	-1	-171.20469819343452	60.57649092833738	-86.91159526819082	774.4660797114077	4250.552638053629	1778.5591760993277	-3028.410679308056	-1
?	124.13704543153416	2236.0865899810774	57.56365018299271	121.88900453790578	692.8903381267066	-8624.671446759463	1295.247030426947	-5819.40270322992	-1
?	110.80432949905546	-385.4343592126838	66.67094115523275	148.59640289212965	343.23250737342846	-5743.02991054581	1487.5890409378276	15146.187237844404	8.397442232110349
?	104.8653274708997	-113.688313749309	64.9934703275993	2.922996381257648	405.73884259941207	1106.830268522439	2052.556392319178	9809.501820246407	-1
?	105.11991381158992	58.446788106977884	66.81709097429564	-195.72033277226544	398.5740207995512	115.87297851635589	1978.064131950155	-120.81525637586138	11.32821638115084
?	107.78766687624864	-2122.3982762317682	55.207453688985886	-144.45335552760292	411.53249152522994	15361.823454548121	2046.5156295003849	6812.985674319852	-1
?	-1	2457.145122642317	59.59442319791539	140.53436491121886	1166.665193526968	4687.45251732432	2318.7134156661523	-5383.179895288286	-1
?	230.64492300836622	5036.701422213436	62.23417193454693	213.27596265714996	645.9051173914493	-12517.953203026595	1777.3566347359667	-16907.376059443763	-1
?	250.8350711106754	-807.3771873568153	70.25822133077304	176.12890017032916	540.7675333756295	-3128.6381532106634	1473.344612693952	-4717.36490665624	11.761457034533178
?	190.27606364052488	-3141.2107256072973	71.04061694306351	-136.43285385843873	489.4732097309139	-2820.63666206545	1541.4883894031514	5142.679004540655	11.176136864753527
?	93.77453483030828	-1420.437074635006	63.43657863785101	-221.7803480759255	399.73570027235496	-1112.5801316118066	1730.4785629209885	9003.99250503644	-1
?	119.25420990877357	2898.284339281924	59.95159953926708	-32.084063295778094	433.84420315032276	-558.3272837400864	1991.6880146549797	3391.1811958406242	-1
?	238.68875179440656	3164.628771607922	61.83237547306208	73.75490641024834	371.81933608535024	-1622.3440922553275	1900.037622713022	-1488.63102974961	-1
?	277.4856484891719	1834.8094356836402	63.63934485977955	-68.7204909335985	352.72699853755523	1053.5338536002869	1917.2564631674982	2015.1874061996646	-1
?	330.42922357858987	-5569.712969783359	58.396350926382105	-195.2739359563926	424.49602876536534	1645.8455211950563	2000.7969930230067	-1024.8929495871826	-1
?	-1	-3934.8704781558604	53.87564806195978	259.7210521444417	435.0192745973092	3261.4940219177497	1866.0118156881383	-7736.52927921988	14.757017772401921
?	133.68569967079407	0	71.38240353360438	447.77594670711426	587.5707298612551	6793.412705025962	1613.9705290620072	2602.1366808722446	1.583776515413032
?	-1	-2693.713993415843	76.26444539731581	-89.28829826449446	774.6899098486122	7883.75564671397	1996.1186497317524	10107.506262594845	0.4061187070410268
?	-1	2508.6273791794297	66.91798862037959	41.791186165921744	981.7585121969593	-6133.105489123327	2119.3458421917567	-3541.7088514355914	0.7072608844664632
?	124.43136895897327	2480.7482908045868	78.35400470561193	82.6905345589068	468.03463539244143	-12948.90915639009	1819.0332071599703	-2993.766329685898	4.589370580132361
?	123.03741454023111	87.65221203012987	71.05251534832499	-49.4125629447909	334.31305437744567	-2137.7466249047193	1969.6575257074596	2317.394358258629	9.63416853346775
?	128.81397956047982	-25.068402652811912	75.88337655837235	-13.628783185678037	361.14730414720395	-36.402693426168234	1934.9029250729034	4471.68915868464	11.208784485439633
?	121.7839944075905	-57.17295779006268	70.37107618904108	-81.45708992467063	332.49291970613723	-684.4538895841213	2193.241983641695	4125.229798447454	10.820683508297918
?	125.95533167097665	239.42287932281744	71.81052206213876	91.47286539286525	326.9246096679974	3847.104963075345	2141.164414995279	-5831.022610716222	11.945885014241503
?	133.75513837373154	255.47835147068417	74.9447194586844	-74.17020803879134	524.8481678599072	3499.4032209239326	1901.6908531058796	-6334.027323409001	11.683264524023755
?	138.72924924451104	553.0848998568326	68.10201166019914	-191.8840196348823	501.8947707141965	3256.696636636583	1824.4630488248245	-7578.744435255218	9.313332389807664
?	161.40938336657356	1047.0467972240037	65.35051847694015	67.0591682450969	687.6829996917387	2550.8176319319523	1522.7536313431133	-8487.786456583828	2.3630409867411264
?	191.08158910571197	541.0569175492915	71.45497007245403	-120.26481818709101	629.435652310796	196.38058440422304	1400.073725995627	-1917.688708063456	12.397016797894672
?	188.46222924403853	-3841.6317821141847	59.33727756758552	-199.34424972793366	697.50202891195	1032.7358631928712	1426.8691959399391	10982.170914157872	-1
?	-1	-468.6164139038353	61.48775758605721	46.31724464073235	681.0724454704402	-2609.0762997929223	1949.1822717035284	-1545.5501966370418	-1
?	165.03140854884643	3226.9457903997227	61.65313979962217	266.46132204736153	567.048213922302	-5450.131245308307	1349.591686108086	-22739.931921060564	10.616932324403974
?	160.34728951998844	483.72538351683596	74.81082368842547	191.51879247829424	408.565883205021	-4004.9412137781756	812.1856756504839	-5926.452358987819	14.130620101441675
?	189.21767772468857	1826.8194776064236	71.22907942353702	-51.71125540742151	366.8011532333904	-771.4679094740545	1053.2690681586907	351.88446745466945	8.069459668729024
?	251.68826340031092	2075.2493069979387	72.22526091805436	40.765362095256975	369.99248773131774	231.87707713912016	829.7798990232176	-7806.792320625739	11.654874713985487
?	292.980143074587	550.3636390205658	73.2673475282999	-85.12582366750813	378.39500709034655	1824.4676518952124	662.9294521273982	27662.21857924749	17.6063281090985
?	279.2064453513396	-96.67296960672933	67.9689697346789	-222.76883472882884	461.21587032607965	86.71334888187506	2212.890827985612	18184.185032266436	16.476001435458425
?	288.14649459425044	-3358.926063039021	62.128905791858294	-61.28252521961256	382.73067453444037	-2019.987722949928	1572.138703740733	-10147.226172826064	4.210426162367667
?	111.26014219938617	-3740.4103669911833	64.90484347369822	70.65194713935226	360.2164841785818	552.4860962991296	1705.5295193443014	82.2165074711381	-1
?	101.1259762446886	-243.81943542189128	65.66150314882596	-41.23394744227524	410.35497934939724	2937.5816034316827	1576.24952911429	-3228.2841660321487	5.599896146587952
?	99.06917042829143	-2042.519524893743	62.84314610158443	-231.79018409916193	507.09556435016805	3581.14634631315	1544.1153110426917	884.3692617405769	12.8976571967092
?	-1	-2001.3834085658002	54.071993943867696	-203.229802205586	589.4122966650573	5819.338597907951	1620.4679922013195	9504.738780844147	-1
?	-1	0	52.681655991304986	-86.43310783463127	798.0624942455697	2483.9697227773454	2019.3522500849058	5372.403649776062	-1
?	-1	0	49.75033855213607	-69.09382314937461	713.6107828039263	-1510.530519323312	1889.0881746901264	557.2465523894846	-1
?	-1	4460.164153937742	49.226964833836206	170.42260850346437	722.535968279403	-2533.708531400901	2047.2145777043804	-3453.856527303775	-1
?	222.0082076968903	4363.557596614741	58.27146897730941	164.34652800510926	586.9253562338795	-2822.84925755917	1716.3953483249352	-3188.2996667920042	-1
?	217.17787983074012	-4460.164153937742	57.444291234091786	-84.55721133533523	581.3935054014426	3469.686664917036	1887.799594364778	1144.2270220233895	-1
?	-1	-4363.557596614741	54.04360841054259	54.13743684392239	760.4096894797337	2509.6282029526615	1773.6066994261055	-8263.238052862225	-1
?	-1	2180.376612596469	60.15116307628794	361.8465927208584	706.8749155490774	-5725.585387106931	1474.6376917216608	-5889.913756188496	-1
?	108.01883062982499	2391.226646823228	72.13593804658576	238.030419084148	474.13042012438314	-6636.508498044063	1479.1110116166765	14671.17647481703	5.255996523820861
?	118.56133234116308	1018.9522153549996	72.05268403049551	53.30451045405321	375.0494906468695	-2617.6319934065696	2208.1965154625227	16120.89555537618	7.376841598678729
?	158.9664413975757	1827.6269768143784	74.80116356928846	53.46885534504944	343.2488204540528	1014.5601600985041	2285.155789385497	18.207217284461617	10.526585643807689
?	209.9426811818833	1407.0740988945568	74.72612679774802	-163.86608856186223	425.77749865179544	2038.1374957193664	2209.106876326746	-3457.7853758638103	11.778247206443119
?	229.32014634230453	-4218.853623637606	66.60785914119524	-413.3385325322909	445.15569524002257	830.8128106724378	2112.266520592304	-6799.22533867857	11.101650981388076
?	-1	-4606.402926846025	54.059200171133185	-264.52655181734406	467.3181391854179	518.1705531976292	1869.1456093928125	-4315.23150461602	-1
?	-1	0	53.38153155032784	-72.83560732485763	471.0642228999044	2312.8046087725943	1896.5049453615	3209.89765466024	-1
?	-1	0	50.41741980489025	13.897001622070151	582.9583696240493	3413.7238298257616	2029.6404921258268	3732.630239620636	-1
?	-1	0	54.07638163143136	45.39666015404996	641.7504143911949	6146.065316235782	2083.1364573425344	3670.1239950539934	-1
?	-1	0	52.68725281259278	-60.50056171530513	890.2616354358428	6228.513261334299	2213.146691878529	-1657.2572737405144	-1
?	-1	7284.257282096039	51.05135354566606	77.39142916342662	953.1760774579143	2240.8837665860824	2000.2735936555075	-877.7827866401606	-1
?	363.2128641048071	8672.875875217063	56.55682427076417	298.3215791952608	1002.3058237651485	-10238.820583945173	2169.2575525465204	-897.7803349714359	-1
?	432.64379376085935	3186.3597906308555	65.96743250542932	146.9045404399521	441.2350482606484	-9253.291242774294	1955.384576906935	-2855.0354876581973	6.045611407688835
?	522.5308536363522	331.29221758116483	63.902051292761875	-15.814687760699885	539.6412616264272	667.0355849855215	2026.5057781636085	648.7674797909948	-1
?	449.20840463991783	-5715.674416425967	65.17669811739431	73.10712924726938	474.58682750992494	-1662.9233062936592	1987.8229508964853	-2415.14863783392	-1
?	236.74713281504972	-4035.1357419118017	67.5574077551254	115.69211612265923	456.49509631174305	3609.2047232282675	1905.7483462719108	-2245.2745849728444	9.930206143985355
?	247.45161754432488	245.7378593744311	70.96130392352735	-64.47507546100178	655.0470636713409	2679.3235056437043	1875.5592216478415	-279.24703091269805	10.225405568433606
?	249.03402578377145	196.7819612400138	64.33365398207526	-175.30116520840983	590.4612715939302	-1166.1132129769765	1891.7859947262757	-824.8488702544202	7.890533153441719
?	257.2907156063257	1317.4487600984082	62.19624566310674	43.337409160870045	596.7414030224912	-3438.0471750073607	1834.3167781351199	-3859.430423765611	-1
?	314.9064637886928	786.6162888419447	66.5005244401188	-14.673957091197215	418.5589128435597	-2519.778664960267	1698.8144735379924	-2411.6605029725747	9.870480650926305
?	296.6215300484235	374.2499227591967	61.462547808546866	-22.360195480587176	470.7524697744761	-70.67343419100793	1713.7337529864894	5927.032999926029	-1
?	333.6189599266529	493.7026185245723	65.38251466608942	147.57851645529317	415.02524113400926	-2406.882434896955	1995.166123534298	8777.49697151755	8.913487602941034
?	321.30666097465246	-66.59901353167147	68.84147363131163	-77.97517925411472	350.4083480296266	3.1220502625501023	2152.608601562373	1315.5224560173424	18.046782691826746
?	330.2890092500693	167.18039231327555	61.48375570338363	58.79730083092626	415.18134364713677	333.55618079713605	2060.942246335166	644.7178877310215	-1
?	329.66568059031636	-647.9918240395306	71.78133867285798	241.74439824948263	367.08615706948365	-1633.3858013661013	2184.8444959489248	-2349.704737046935	13.697368958738341
?	297.8894180480923	-986.42473735224	73.57097561585793	21.490548893881375	333.51205357883055	1354.998251594908	1943.4570094828177	2652.1464439533324	15.298822644831734
?	280.34444372270366	-877.4807908274647	72.85586611755207	-75.73968025873603	434.83606964923	3517.024179290869	2317.4518181465933	8967.354759716545	14.934655236721406
?	254.01537850671843	-862.0961456260576	69.78399160292108	-89.25442944928436	509.3632625433765	-2567.784493645952	2391.8247474686514	-273.10999770712965	10.522805256236781
?	237.23963644140017	-302.8041201509225	68.39314464508779	-59.02326445811697	306.4468449669306	-4357.124699739749	2303.7963182612366	1140.585493379824	3.2712346900531952
?	238.8751724991721	211.23147667939503	66.83282838001519	-135.27418992471303	291.50702755638594	6099.487632873925	2448.8540221376434	-2464.3329065742196	-1
?	247.80121027537007	1076.4897596493422	61.62943514885204	49.79951272010041	611.4212266106312	6635.709463947369	2180.579672932524	-5829.564458976055	-1
?	292.69966048163997	230.81472060629736	69.32280401602024	244.74381104186955	623.2925007537591	2499.7249932543887	2157.3757991888365	-10166.531982410203	6.013682231408357
?	259.3419463056851	-873.9281959274451	73.86662570094569	20.80311986187694	736.4074762733524	-1720.799230340304	1672.2530738120065	-9293.95266758911	8.75371871186819
?	249.0032506852671	-417.15642297903605	70.3629600091141	-99.22361929716944	537.2525392367427	-6170.715878504251	1692.6781658093744	1255.4263066061644	10.390151400584486
?	238.484125156733	-619.3818101699251	68.90544473608715	48.703140945997795	427.87168234813544	-2090.357545210818	1735.0243891423156	2557.639348596049	12.364193470053909
?	218.0341601767704	-662.643318561364	72.79811705641403	64.6104605376069	432.7346619762003	842.9890781741921	1820.5601332391786	1412.1132539015189	12.944404308449856
?	205.35195922866433	-320.70417892439366	72.13596776296754	6.244449735370292	470.02113625684564	411.69853563854514	1805.6300518373926	-679.994419191716	15.617688677766077
?	201.9989512305505	-109.67612514731755	73.11033954318255	36.16063250861265	453.31958875812785	-797.1923264498616	1786.5604122795924	564.732815411695	18.091513354097195
?	199.86815297129837	-68.23569431258835	73.9439993883982	-136.7263303617455	430.161519934352	-289.4832894916674	1833.8666926079777	906.1339693020735	18.855060888616332
?	198.58716651492102	-15.622506817846107	66.27402302509518	-231.54094350652525	438.8454242835443	-427.84228839542226	1831.8671107446967	3079.689580604747	12.903141649817691
?	199.08702763040606	-78.00252893809275	62.36695221307177	-61.86207214417789	408.76940551458057	-1525.8498253322318	1987.8511716382172	4048.1848293462567	-1
?	194.68704006801633	41.38983955463912	63.18091941788624	75.92755846864696	362.5529330169316	647.0157751380519	2034.2763522120124	-4091.152636396456	-1
?	201.15651960813804	284.54221006218285	66.16333013650417	179.16242828055928	441.1201942714836	3884.4547671553305	1783.2935398183915	-3139.697923181521	9.926933027452709
?	208.91415057112567	643.330982904348	72.13904083191433	74.49042091213053	556.7756713747009	1006.9617236960544	1877.291456052934	3293.6598637556867	16.03455711653941
?	233.3230687533559	1371.3514650304624	69.88785118211075	-30.11856566304644	491.46828045628706	-1179.546113196101	1947.9765330061782	7725.730501626798	7.7543509654337255
?	277.48172382264977	818.3407676348887	70.63311254876199	-167.17712457401763	497.798365714895	1268.9356274439276	2263.5779811342795	5649.843284101309	10.02972538963145
?	274.2401071351009	1230.8337596146198	61.52899495340975	60.18768085097719	554.9150618284843	-1105.1305408107637	2230.4686972112477	-774.7775754923968	-1
?	339.02341180338163	820.1259135463348	73.64249659131089	77.35799314234957	442.54183867435603	-2509.7980695654733	2224.839102359659	-2066.2010230861483	8.756098440294897
?	315.24640281241824	-272.8547549082198	65.39689461052728	-279.96910337079584	429.4251583502089	1487.6698291950156	2127.158646056939	-2485.6125344018265	8.658157456398875
?	325.38067405797045	-116.00498549072375	59.6440414227709	168.98202079678515	516.9253301341079	1962.5078323042924	2100.558475639566	-3774.3750606932017	-1
?	309.44615353788197	-682.5264596720507	73.84599565036666	116.54563803950258	527.5505499654249	218.12766016999748	1938.439893022276	-3591.9871076572135	7.923787034392278
?	291.25435107436743	-137.94081429009825	65.47132332474611	-274.60881229419806	527.8317131426079	671.0045258699524	1920.9591202567028	2183.9666651005937	5.427571855449697
?	302.54911282337696	-627.3683983249796	60.11555503565656	-5.858201979367751	561.100776258923	600.1783017392046	2047.6382262773072	-7057.525552026614	-1
?	259.885931158118	-1274.7234143078704	65.17841322577772	170.3746485013346	557.8406282295686	-1237.730489922929	1568.0828426553671	-6545.719339457253	7.856645246739724
?	238.81294210798254	-489.23712683730616	68.63428746072341	-143.33997934407543	499.2142517627757	180.8815083088686	1720.35225930444	7889.5187916515915	15.387045583647847
?	235.42407481625236	-185.92929318667663	58.01141425857384	-175.669556268704	566.8847036450121	1154.0203105947303	1962.5587822379523	-2153.291400670329	-1
?	229.51647744864857	-103.13737433730718	59.85080964728809	305.09462040269517	556.915267292513	-2378.4128734238075	1612.687689270922	-16015.018100934021	2.6867375847150496
?	230.26720609938693	50.35799204993267	73.26614527870882	157.63531644644533	447.96405997382004	-2641.9652626745174	1161.8078771912399	-2983.7907161765347	20.046856784367733
?	232.03437705114524	-4625.344121987673	67.73257546961047	-342.2661837018668	424.81700415878527	1864.581990493186	1463.4981534620931	8463.55748475987	16.013689053831282
?	-1	190.8621943710274	56.152836093615235	-4.085294899212442	541.1931594984807	245.45770835820795	1584.9857514292394	-1946.7549885792182	-1
?	241.57748676969675	4089.8093726587854	67.52831072464984	242.3237397886737	437.08988957669584	-2821.5162812874028	1366.1604040331308	-5014.0344865579	7.035579629087995
?	203.49046863294217	-1169.3590437353405	68.26902308304909	-106.71983162880271	400.11734543410853	-852.6178798938091	1334.2840271013408	8834.793312485068	12.969407358317644
?	183.1095345829289	570.7446979126796	62.19231914320963	-204.71592328631837	394.4589955820048	2184.014618783825	1807.9000696573905	11984.420405290028	-1
?	232.02770352857655	473.8317324332804	58.03322691873303	164.96851835793643	509.3180763733013	153.554261862812	1933.5050473658507	-6541.210303476021	-1
?	206.80112120459324	-725.069881598116	70.44074506110657	197.33551152824634	402.1367086751455	-2499.1324880386364	1480.8395544835848	-3334.267894626162	13.78230897340542
?	195.77420944867023	-221.2200992935183	67.90000249514549	-99.413972886548	384.3614519713677	-535.4273173297705	1766.7916526345402	6109.947398253557	16.546745103135414
?	195.74011623991717	-41.32187738088985	65.4700464167791	-152.3773466082086	375.3653428086566	-572.2536866265202	1786.336924396267	6323.494845505557	-1
?	193.7081155796257	-3934.8023247982874	60.28113516473495	-183.40202414830011	355.7487676400413	2179.420743341079	2082.9663949098226	13611.90597308984	-1
?	-1	-3894.162311592459	56.29994520936396	-83.50167248773255	484.3363799757121	13741.525590690508	2466.9322230507687	13179.824793288657	-1
?	-1	4031.7696227955125	56.10605154034826	274.79348730131727	1042.8250471745764	-1000.9155920724407	2741.957634574265	-23974.534955536234	-1
?	200.58848113977848	4022.681791566367	70.03961957443002	282.26975749939436	434.29060037208933	-12268.029619627867	1268.20547527394	-36199.51808358196	11.80783111617981
?	200.1340895783212	185.66900877798807	70.21953941531818	-177.46195876052045	429.42356619317434	530.3794423989	931.981730395141	-4684.6350570468185	17.60287386578039
?	209.87193157867802	-4022.681791566367	61.16652163640387	-273.7195637226044	460.8095724920347	989.9998764588925	1033.9737224215958	9808.103104204678	-1
?	-1	246.14238432022992	56.53356122918777	99.26048772088792	478.92356001611967	-30.503963961518387	1422.3868856053818	999.67050303348	-1
?	222.1790507946897	3949.7770558135603	66.12954602244834	256.81067129705843	459.28437429395876	-940.1087371282531	1083.9572475732705	-5888.6424143770255	10.119965799207378
?	196.48885279068082	-730.8398525899814	69.37409479404087	-34.54901690292822	431.91812315970634	675.4282168534264	1127.9547648865264	10206.100858178866	14.17365377978844
?	185.6370581651901	-350.04255020956816	64.4020951773019	-152.11745327800782	493.05578513663056	-873.767546240772	1594.262290482221	16012.988480322592	-1
?	178.98672528020217	58.51071434031925	61.76822213014037	-65.94087293731454	388.2297458476671	-2027.079371093143	1928.6041889026674	15096.832319092795	-1
?	188.5625938822061	144.2829399368403	61.10505153043613	102.11292883293933	391.70181658197197	1373.0613783528438	2349.1039064368715	4684.5207713169175	11.081571620620442
?	186.20087227704428	67.71448485277477	66.87386857178741	-10.809522934704166	456.8828147653103	5051.042477096041	2162.8302274685166	-16097.627804058664	16.55351107780885
?	191.9483181248449	289.06174262998536	60.56457538370091	-101.79431710082324	644.2539404367776	2383.4943981813426	1544.2225162339269	-18152.678234493244	-1
?	200.65395940854376	-3838.9663624968434	61.78415271674618	-1211.291507674001	576.0575346743791	-12885.078808735369	1255.1963157438415	-30884.4503246781	-1
