rowLabel	avP	dP	avI	dI	f1	dF1	f2	dF2	h
?	77.27928203923629	2309.094558928398	67.29981678826466	1345.9655780478322	421.393420515083	7869.837679587231	1968.2593858051862	39031.50588545076	4.755120745002097
?	115.4547279464199	1462.6898423135146	67.29827890239162	53.21525210466916	393.49188397936155	259.65551650694465	1951.575294272538	637.6174251812427	4.5220803825412705
?	150.41377415491203	517.2583009548371	69.96057939349812	86.43021672978759	434.3761963404302	485.8583082316714	2000.1402570642483	3064.4927625138635	8.7169346297966
?	141.31764299416176	-540.6878075734282	71.619789738881	-48.591979769379364	417.7847993909451	-1561.2213373133345	2104.7999323982312	-794.1950878739137	7.944097745000367
?	123.37938377624063	-223.471058432873	67.53098040502916	-155.9520529871266	356.3151294747635	-775.5814915854242	1960.4305026705526	-2121.765572191703	5.249225240319849
?	130.1440900725181	374.0685609062044	63.82218708952467	-158.79861556264547	379.00572481167393	2005.4104532261515	1998.7116537886461	737.1546484848478	8.453548481713549
?	142.08281182155085	-43.56961487671612	59.59104962689688	202.22496867460697	456.5856521360711	339.21605013106506	1997.288235094795	1761.0475831296349	-1
?	127.9656093286823	-344.9309893346862	73.93343552325501	191.62887589029526	395.9665273182272	-1663.089213926184	2086.764032945128	4506.900311539963	9.880062046818505
?	124.83626235481654	-56.445570884302484	69.17249342141164	-266.4208669198715	373.4311914397619	-354.96075285913895	2222.633250671793	2156.8937891945375	9.136056327348362
?	125.14333078446718	57.126200293899686	60.61239217726144	-13.243722291705073	378.21848967527023	794.3091420251394	2194.6087224048547	-2811.7987509894288	6.984451022116275
?	127.69257236951152	4.698968901974179	68.51030730682639	243.42609658844515	413.14664854101886	4152.599044020791	2082.0433131223217	-11312.693303430522	7.413574666718534
?	125.37827922956589	-104.74822154865554	72.78369700668371	127.60623460746064	585.84844187631	4128.265192814882	1628.974057233328	-11801.932479226383	8.909019964867353
?	122.45516129207874	-233.90062162271911	74.89061903719943	-2.6260913795482543	619.5599081817632	-961.0024292583935	1491.946689161002	-2227.177057263537	12.094022284338749
?	113.68324814842993	-134.05320162819112	72.6523924377063	-129.06231753542033	537.7983204133902	-3104.431266076237	1517.615204370151	339.5314875980918	5.399954896413453
?	115.75250121066918	153.38287851089135	68.4375031604284	-237.79819573708687	464.33834487795116	304.2502247059903	1508.9232635409066	-524.9658843216953	6.820788937418493
?	121.3523920739745	244.9890725203503	60.76248265085194	-79.04747494084027	553.0108316486898	-453.0992262746698	1491.3669101540663	5819.68514912708	-1
?	128.0019548366867	147.43854301858775	64.48512941338639	179.65327247913106	441.68338356421765	-3051.518475858396	1799.907520997261	11728.455519841726	1.193727186430898
?	128.7243192249039	-130.6463437695429	69.7451462748085	-95.73203661091148	400.43490785576984	-651.5909202082793	2077.789686146153	4231.786014200785	6.375352418096233
?	121.46963764820956	-71.51408768657001	59.69852758284081	-187.93597147481674	409.10383755380366	2157.275785445202	2011.4968217073003	-7277.233063009801	6.527157009510061
?	125.14861484057539	407.8722507390802	60.34834770106766	289.30214339044693	508.29869712803	3046.9966936980136	1713.9280329956628	-13139.491819406216	-1
?	141.86325018516354	55.00683416346187	74.16363475236314	269.03376594847816	561.4536722387041	309.66541702371245	1354.5222307369904	-5647.030228703406	6.748224750279819
?	127.89895654874849	-311.0861080335266	73.80003599849158	-173.47593711810433	523.7819679792157	3575.973273791766	1431.5765215604922	8694.816145628058	4.833620384280782
?	126.30894478348719	-203.75354114835017	65.48983789645791	-246.73533477113614	740.2523359282926	5076.683113031711	1789.2630380183937	7230.722923943702	0.957958958563398
?	117.71127949133097	-20.143635274270917	61.46326925993476	123.46059456169843	777.6161236308014	-5388.236587560893	1793.1126677576776	-9079.738631814755	6.271444380935521
?	125.30176301977365	55.417497205212335	71.66286762454284	135.97978364043502	470.8405065502477	-5418.221563476829	1335.2761064276556	3829.2376621966982	12.839795917580691
?	120.48215435159159	-47.563688917994924	68.26225844195652	-90.20112444380905	506.70504545695974	-911.3041374335481	1984.5745508675127	3850.3164102160426	7.356824962079639
?	122.9235785738739	105.95901268498484	67.15281140235238	106.35421462492918	425.27529967857026	-552.8170024797892	1527.791926938458	-19563.733945737113	4.672935932877145
?	125.78010498584084	-22.093021983398536	73.57996917320298	120.04661631712554	479.06419533297026	2050.2684731345225	1006.3878535806562	-2373.694395728446	7.094789184220803
?	121.81892747470397	-105.23075701904692	73.15514221820867	-161.88266056238191	527.7887233352965	1207.7957277862731	1409.1072071520355	10278.580128559346	11.4727270763538
?	120.51856713488849	-179.85758754100726	65.48583614508388	-147.88853975636883	539.453981722284	388.1095388030868	1520.316860008624	411.92647712113705	2.9029198704808623
?	112.8260480976536	-342.5780560408245	65.76071523039022	3.928621627216554	547.1942002754508	1848.6893362466715	1429.7035310080923	7753.187965798981	2.777957285222557
?	103.38966433284725	-193.96086815090126	65.68226722644471	-65.27745668970348	631.8884485346176	-660.6974084896564	1907.9762582985734	15905.632485671316	7.831978028791914
?	103.12800469010853	99.25820006015178	62.49684239590504	15.460191555295339	514.159329850968	-4467.5272958676815	2224.985155291659	1187.8013668382562	10.173986113294173
?	108.35257433585484	71.85546041955115	66.45527680420948	-86.00282565442463	408.51208374123337	-2140.3908783640636	1967.3663266404862	-3144.5871750342912	11.602106106822562
?	106.72077771108609	-2187.051486717095	58.196701113183806	-257.8881146568928	407.1397859327647	3988.3482372993203	2067.755796539944	977.9557744519334	10.806646342578292
?	-1	5159.536735492657	53.56087107136482	282.87264645857	607.9294956061996	3528.0571866513405	2016.264115363083	-9933.284763141455	2.8734980294886214
?	364.69761448571916	1984.7939700677518	72.34033343611232	258.610289759731	583.5426452653319	-573.81076059632	1571.091558382871	-6496.946369006572	6.223800969577972
?	98.23969850338769	-7313.952289714377	66.49138555935139	-158.91772883221122	579.2389575763835	1458.0506820631272	1691.416796912754	16347.75732419855	7.4293874784250065
?	-1	1809.615171726633	64.39444699450175	71.17110134816238	656.4451793684883	-3062.9101617364663	2388.479424592799	19754.976785600105	-3.089570238219703
?	188.72045708971942	4031.6027753832877	70.04994062675951	207.88192166597344	426.0934494895601	-3252.7831025658747	2679.1656361927603	-16284.990530838484	1.0238556793660862
?	200.58013876916368	390.063770381665	74.78854307780038	191.33415746079817	493.80602424019514	4215.878199154545	1574.2298980508779	-31127.330416045712	6.491737890823624
?	208.2236456088026	725.1439239619893	79.61664849979938	55.23765818048807	636.8873594472866	3457.8807222462738	1122.7991153904802	-14086.945842302137	5.525268724466605
?	236.83733496726302	406.82980325663067	77.55042598682478	-122.16111790463275	666.7000603525082	-765.3666883478177	869.8826059357735	-4600.092367329066	7.403937331087803
?	228.56513577163406	-1531.1411607419675	73.50859260456777	-177.7238469783348	598.6190250298959	-3963.296372944101	892.7944970240277	3934.8501497610396	0.46854085205750035
?	160.28027693016492	-1132.2417138208352	68.66423363790807	-4.849198930011499	468.53524170530386	-1844.9281249304986	1066.6251134238248	9785.405924198985	4.3434423274032
?	171.9530500805925	-60.14324373262944	73.26613265806719	67.3862472136869	506.37261878337125	3005.8668371919216	1382.0647932339753	5748.0728761844575	8.857237820588487
?	157.27311474353345	-605.9620593746563	72.0335459985924	-143.7316677389304	618.8285835648994	2556.3765831422174	1354.0287572330467	3253.7278754835165	8.47685923839678
?	141.6549471118598	-160.01326726787852	66.0795492711207	12.934773552096647	634.1914479404817	-3336.966424654193	1544.7511870081505	14696.86474107966	0.9814401534061684
?	149.27245138013956	520.6703785515721	72.68028467619723	273.72069265562413	451.98026233219036	-5374.761955708487	2088.871994287027	13348.809769417228	8.235675795004308
?	167.6884660394383	107.75974087582806	79.76558390390186	-116.59806530167215	365.4533501550583	-994.0334535323315	2212.1916754790095	4796.405959383827	16.288122687904924
?	154.66043842393094	-676.0440669031614	66.85038141111365	-279.3202569904376	402.27858965557397	543.5583725994862	2328.6922922562176	1290.9196284977452	9.64447451810589
?	133.88626269428036	337.10452769081434	65.79957105438002	261.9039753436042	392.6312687850325	2334.5421779571443	2276.7376569038965	-11518.672323221721	5.307448657667432
?	171.5156648084716	733.4624402209065	79.94558017829381	241.22731810345726	519.0056985534308	5188.722767043414	1752.7586760951335	-15210.743716691331	4.636224969012403
?	170.55938470532556	-30.024218909158655	77.86093695955285	-61.45635027517266	652.0674071372023	1313.963956514813	1516.2004710693327	-3233.735684129799	4.996753564991525
?	170.01445386301367	-169.51256040706883	76.87276266453519	-99.73722192672575	584.7038963791712	-2776.0370825590494	1591.0718918886441	278.0604554009106	4.203600798942324
?	162.08375668497214	-3420.2890772602855	72.87407586321658	-213.85000607239382	513.2655530092503	-72.33809372809472	1530.1034938393782	-1264.9125011574915	2.3767823531513033
?	-1	-3261.6751336994544	66.18026236091554	-280.839240465006	581.0869916927665	2097.675244559967	1527.8262668307698	914.7088637827015	0.975137431607258
?	-1	0	58.832113839966325	-264.1057991358411	618.1493152372483	1690.0952176662454	1575.838937028513	2370.136358581271	-1
?	-1	2774.7352539286658	52.97497240412353	-118.25839131642454	665.5917525760784	-656.2769693113161	1646.333084759833	1736.9219698038767	-1
?	137.7367626964328	2809.996613844208	52.91919427414512	359.82754063166453	585.3354667716826	-5458.502042955597	1662.6850355187066	6338.0445690007355	-1
?	139.49983069220988	115.461649770031	70.96634943570669	450.6423400284749	392.66665042829953	-2690.9925353180797	1963.2353132098685	5977.358886705368	9.451166963525658
?	143.50984518493433	2193.3066700634076	75.45131127556878	76.79321218570662	450.7858400057791	642.6221621977288	1961.552979853974	-4870.325446568899	12.706147214538586
?	249.16516419537987	1909.6929333673484	74.80601004499201	69.70994734280505	424.79775853818586	1972.2517396372282	1719.7190408814245	-3481.455301482209	7.1088882576809365
?	238.9944918533014	-622.5523611136525	78.93680864270903	-25.36248317040597	549.3984269876402	3456.141811948005	1787.4802147798641	4078.303489914534	7.787809371654224
?	218.03754613969735	-4799.889837066045	73.53788588647171	-175.86481543085375	597.6048491355855	948.7717306603975	1923.6342153771504	4680.6172254658195	1.8513148961718453
?	-1	-4380.750922793963	70.14356787116637	-156.50274288926795	596.8370135206599	-424.8903414238218	2021.5110760531543	4349.792603985099	4.355132006469571
?	-1	3088.5195088132646	65.71274874200834	116.53489656600682	576.3603320643945	-276.8373233099747	2141.1238455764046	-19492.240746611085	7.016005232985336
?	153.42597544066268	2964.66763850803	75.97031269946669	162.82119227293066	582.9951473551612	640.1796642876161	1046.8990387226036	935.7451731762409	6.298120922433165
?	147.23338192540098	-38.812893112058894	73.85380835565485	-124.45860181948363	608.3693152787752	1259.5857678116977	2187.9111042352165	25344.825384518543	7.1738891315767885
?	151.48533078505974	42.265757997353866	69.74738260849253	-235.127498308926	645.9744357457458	744.5982744669053	2314.1403079485262	4257.266330853942	7.199663373840444
?	149.34666982526866	-147.70436105075015	62.09743344020859	-91.26255798114134	645.5992290021203	-1362.8113537587503	2400.774420777913	-9047.046389769312	-1
?	144.10011273252226	-296.620737471768	65.18425470943548	242.13935405641877	577.8338680578086	-3778.24176004681	1861.7879884600623	-13777.848772349465	4.246439316994744
?	134.51563295168032	-406.58185329430694	74.20440114302949	18.895942861912612	456.68714099978047	-2807.1631047352453	1711.881982160442	931.5901760397525	9.93410811800386
?	123.77102006780699	-2710.312659033616	66.1290518525311	-223.26321340997987	437.4757128210468	560.3526774830127	1908.3674972620497	5389.33618986484	5.65426157736101
?	-1	-97.65303931582798	63.04124047253053	201.6147112277794	484.704774873931	3247.9610315969344	1981.348791653683	-4593.317499439643	3.846598102036306
?	118.8883681020156	2352.4006071153403	76.20978741392004	49.417578911443236	599.8737644008929	2657.848768801694	1678.7016222900684	-8212.864351550386	6.180734302092038
?	116.6200303557666	-44.36626295923831	65.51211941810269	-359.312408289168	617.5972133140152	1006.530490380709	1570.7055740761652	922.8039117525929	3.807908795355995
?	116.6700549540537	235.25188482790125	58.244166999461704	-83.74962527131304	650.2002889199282	-1281.3026636405198	1724.8418178776978	8638.177145044736	-1
?	128.38262459716162	-1.4533055071015661	61.32463815453705	-24.02763378914949	553.5320801319895	4120.010281963113	2002.6144313284005	7557.331959102557	-1
?	116.59738967869862	456.4466251967843	57.042785310004234	270.2745472077816	856.2008030180831	-848.591968941574	2102.7084158328244	202.52368453740544	-1
?	151.20495585700075	423.83383652331224	74.83836551492608	347.1751964155804	511.1024816849109	-6111.974817180852	2012.7406155552708	-7505.374646620916	3.8850400695652425
?	137.78908150486416	1625.2099221847216	74.40154513078319	-169.00636252271684	550.6020621590416	41.60525945560736	1727.4396835017799	125.23398383725679	6.433967059623685
?	232.46545196623654	1997.2192432348218	66.38804738879027	-5.973924060859893	513.1827446576913	-1460.758330483339	2019.0023147471336	-4112.762730773626	2.005786067788898
?	237.6500436666049	7.495095397687832	74.1028489277402	214.96309431172895	477.5641456348749	2103.0062566813062	1521.8015469630993	-4624.928533771711	10.684833155750749
?	232.84020673612093	-1007.9302779405613	77.13620210437668	-67.88012528074769	618.3330574917562	4350.166659366168	1787.7558880585489	6312.37823863878	11.866128794540634
?	187.253529769577	-1462.7803754899776	70.70884266370283	-43.42768261036541	695.0724786031825	272.93253968859614	1837.4204588950372	1824.4319091171676	4.461330978530027
?	159.7011879616223	707.9425899201751	74.96481797385842	-27.59006129899727	631.979684476186	-1470.0439459855381	1878.977483514407	3367.4689363426232	2.8532855421700654
?	222.65065926558563	1094.4498230454246	69.32933959875297	-95.64022025245441	621.5702813039059	-3668.3674682409714	2005.7939057121678	7175.276193672228	2.6705457116013482
?	214.42367911389334	-692.3967560422786	70.18280696123571	-82.67441869210559	448.56131106413807	-4241.461947419878	2237.741293198017	7760.030188277719	8.797282626032507
?	188.03082146347182	-1124.4454730360872	65.1956186641477	-184.0380980795171	409.4971839329127	-1163.1497757272798	2393.7954151260524	1019.5734846816631	6.278383413881012
?	158.20140546208918	-806.3069675019239	60.98090205725989	30.77581443532591	390.4038222777743	5474.558167507837	2288.7199674321	-5958.507389976233	6.4537956410706885
?	147.71547308837577	-3184.028109241795	66.73440938591399	244.70943721584337	683.2250923083036	8717.554624243869	2095.870045627242	-2841.310513965519	3.614557890471795
?	-1	1999.3961370058933	73.21637391805201	118.79730838538208	826.2815534899662	2059.169700103776	2146.6544417338246	-4553.9200291272055	4.917893423712223
?	247.68527993867008	4802.122232724825	72.67427480518307	-110.89009693575446	786.183577313492	-955.1518156619989	1868.1740441708823	-10542.823196470437	7.57229641010822
?	239.1061116362404	-138.20044495804032	67.67186907126431	-288.81598918274096	778.5239627068664	-2045.334589298241	1619.5132819103046	-2364.9942003386686	8.922205943502494
?	240.7752576907681	104.13524562914611	58.23347534604608	-233.36894030182177	683.9168478485804	-349.0581900001474	1749.9243341539493	9528.004488402055	-0.9068580477303977
?	244.3128739176977	372.67131162848574	56.003422056173264	100.48883640309505	761.0710532068591	-1869.6984557404742	2095.9135063304057	-570.4923289503743	-1.782882960489516
?	259.4088232721923	-37.81775247437067	63.25791716620081	405.04657878215056	590.431925061557	-4339.190323921315	1721.3997177064307	-13211.343316756007	4.047837145879709
?	242.42198629397916	-318.69550263256315	76.25575099528072	202.1090269960122	544.1115370107941	1808.16622691565	1435.3463404926076	8029.440566932218	14.14944203499762
?	243.4740481405642	165.97673289326	73.36336851600139	15.843000288114183	680.8402364073392	337.10367202569506	2122.87174605304	-4177.218039701262	14.419895079433113
?	250.72082293864213	-156.6650858903023	77.04790100968643	-34.512189334614455	560.9667206120788	-2119.50925960367	1226.4854385075453	-4256.737834424036	14.31541599910491
?	235.64079384604912	-369.82191944562277	71.63775904927067	-19.313438750767272	574.864773427156	-1364.7653848896405	1910.0348543318391	17266.403258261038	6.7848562802522
?	232.22972696636106	-417.7393356895252	76.08222907214807	23.554519580013192	492.728451367597	-3261.7414571707845	2089.805601420594	4679.430762295004	15.162417574092142
?	214.75382706157293	-3102.8382165416715	72.81548502827133	13.829835319002989	411.7777005686174	1176.319762586822	2144.0063924465885	-4106.801650218264	5.835777706156717
?	77.08781613927803	-120.90064711589363	76.77372083809821	7.145275306539273	551.5444394969379	532.1568963700164	1884.4655189096816	-5942.038169789005	4.063806456759297
?	208.70879470577827	2483.8089405968944	73.17274879359829	-74.98076909600313	438.3855453871181	-788.0262358756551	1846.9044839571393	-7181.080593663144	3.814191899414678
?	201.2782631691223	-614.784183739868	73.02468238329807	5.373855048306116	512.1431277031553	4221.37151867072	1525.4114892265256	-18843.181487336497	6.348424479157664
?	177.96958551878498	389.0783566189966	73.44144154601359	73.08593460188658	649.4541213206534	1020.0966986636276	904.7454095903178	1332.364255290304	10.888194513252031
?	220.73218100007207	1196.6260354890014	76.67897911339239	61.88944252663156	563.1479626363365	-1007.8972567017457	1592.0297019910406	19637.987107791356	6.733000354714245
?	237.80088729323484	-1669.170714943784	76.53591367234516	-133.53397873845856	599.0592584855663	273.1378649314625	1886.644764979882	8694.628818168034	7.4320132789926365
?	137.27364525288317	-2371.600100955254	70.00228017646948	-116.06963691346648	576.8048558829096	2276.933178384926	2026.7611428994408	4600.9168397992	4.32876563644105
?	119.22088224547254	-2765.4729050576734	70.73243182667186	45.29527512471008	712.9059174048122	6690.650429848662	2116.690606969841	9746.89789485304	0.7622940964334627
?	-1	51.485825640667045	72.26704393270498	-117.30431212136621	911.3373773753415	1289.7666712598243	2514.106037642091	2220.104682426489	-3.4741656190697823
?	121.79517352750588	2214.649394069245	64.86721622060357	-19.711132954466635	777.3942509678032	-10511.439848183914	2227.695841091165	-14294.633096891463	2.170271163587467
?	109.73246970346185	-427.35674677534416	71.28148728498165	115.85288569255466	385.76538496614756	-7180.649233461538	1799.3743827975204	-10586.479136824742	8.60197587699082
?	100.42733618873875	-342.84109942570785	70.65986050523128	-136.9022149420953	418.36178929472754	1028.8492380215919	1698.37188424993	-3543.2084219529806	13.313151255450368
?	92.59041473217651	842.7201826399538	64.43637653787691	73.25865253316405	437.207846867227	115.64297151095657	1622.213961699872	2775.6524398433985	9.723000379241672
?	142.5633453207363	1079.4028534401816	74.32279313188947	325.0186216074849	424.14393787027535	549.946811711861	1837.1545062420994	-14908.941967222703	9.417734247640462
?	146.5605574041854	-3.9222767538064	80.6873076182511	-195.25033109408196	464.7051874528199	5112.192827052205	876.7668633387395	-11705.643569911808	13.924280772732605
?	142.36723148304597	150.306589341788	64.5602765771854	-115.7918112122074	679.7535792228847	5627.272399139176	1251.872327746511	12911.33663746046	-1
?	154.07588687127478	364.9583679682657	74.89771705764075	199.9825164447556	746.0688074097777	-3517.6886026393877	1522.3336952117602	5770.982771730212	2.910642311278269
?	160.6151498814592	165.41927678595815	74.55940239942315	1.9028137532026856	503.8691490909159	-3449.0030136466894	1540.4214663330206	1317.4489677835438	7.755762885534414
?	162.34685071057265	38.17235069240055	74.99285774530088	9.376427662599019	573.6186567274439	1561.0859267463034	1588.2061436009371	2002.6473716451644	7.390015983639225
?	162.5237674160792	425.97109963729093	75.0282237825531	-33.367380254114615	581.9234454282308	-2873.4420944988847	1640.5538349152785	182.75080403851072	10.085497234695447
?	183.64540569243712	1621.0517652289134	73.32448873259516	28.878136936061015	429.94655200250014	-1266.5810247732861	1597.3436838028626	4090.0632527673188	7.1691075931431
?	243.5763556775246	1651.8088774295884	76.47213062935614	-66.41152378961716	518.5943941895667	3146.846838221755	1845.0569975536437	4869.432558079956	8.214715084051713
?	266.23584956391625	-4891.527113550509	70.00391254311431	-250.9368264932971	587.2888939135873	2024.4321037656578	1840.8153117068596	-1170.192029088293	11.064093844496997
?	-1	-5344.716991278344	63.92528930469133	-135.9346559489723	619.8159993778493	7156.481757713486	1786.5473960992292	-274.6033574398835	-1.133384512580356
?	-1	0	63.20717974566572	-190.25974013016904	945.1129817992604	3046.7609712015583	1827.0851438348654	-587.3489558332014	-4.009929567010524
?	-1	0	54.412302298182915	-84.29989109839441	772.1540479379266	-4559.865624567265	1757.1799483075692	-1788.4518618997454	-1
?	-1	1758.4085544500626	58.992185190746014	349.8866962533867	717.119700570898	-5380.697603076696	1737.6625507398785	479.20432016814345	-1
?	86.92042772250282	1709.8771834681747	71.90663711085219	421.2427824444504	503.1191677840928	-4872.795739522996	1781.1401643159763	3298.2208488318865	4.479709011908315
?	84.49385917340844	5802.65329069276	80.05432431296846	102.34258009691652	473.47991359474906	-1376.231242380349	1902.5735931814722	3373.2349595305122	7.584587479720281
?	377.0530922571398	6340.7352969028225	77.023766115698	-128.72465085354082	434.3076056650756	-1168.7056115393439	1949.8019122925014	1736.0235303654524	3.6543353148606363
?	401.53062401854845	-4917.433534102583	73.61809177029144	-59.69659947756007	415.0446330177821	1465.8913548267988	1989.3747696997445	415.4336580520354	5.338200753433949
?	131.18141555201152	-5047.035065374357	74.03893614182	23.537280760165885	507.60217340641526	2915.929824266881	1970.573595195103	-379.5319621046624	5.709801395641699
?	149.17887074983147	510.8241538871887	74.79495580829973	-90.00697603785118	560.8411242311256	-959.4872168137772	1970.3981715945115	-2179.272410884904	3.461253453152552
?	156.72262324637086	194.65060670087223	69.53858733992746	-75.75189205777433	459.6278125657266	1686.9529622658151	1861.6099746508582	-8737.63087614307	3.9784667268970324
?	158.91140108487505	-232.9026263272598	71.00736120541103	74.52576567567517	645.1887723444161	2289.498996765184	1533.5166277873595	-4350.777799428121	6.6971730978555
?	145.0774919300079	-926.6388720495881	73.2648756237112	56.30241724869157	574.1027624039854	-2565.5486148692125	1644.071084679453	4786.0460022765565	4.04123846687812
?	112.57945748239581	-1133.1126648314196	73.8224820678456	-16.68793887814792	516.9113416009559	-1614.5712023149724	1772.8189279011865	7207.448763396413	6.063705144554829
?	88.42185868843713	636.7213174078279	72.43047867980381	-17.43189110636712	493.37420228823703	-2564.2728402214802	2004.4435228492723	5134.1836545385695	2.9345874991636958
?	144.4155233527871	1855.271969781022	72.95088751252725	91.40058900626546	388.69769958988235	124.95496546368189	2029.528110628114	-560.8584403118286	4.391387069148236
?	181.1854571774879	797.637813828631	77.00050813011707	10.615568526970984	499.6219505614211	2545.0027361931448	1976.400600833681	-11695.09726908177	4.071682509987644
?	184.2974140442185	62.67521096664063	73.48166593887579	-118.25136968191245	515.9478363995391	-652.9866494608007	1444.7732471740276	-13005.316510807243	6.26671030694016
?	184.31921772581993	-264.798983059088	71.08793964602147	28.715954370270072	466.9726180883812	2241.681323664235	1326.1347752933211	-290.9691288195937	7.66332301439221
?	171.05746489126415	-492.59952266214503	74.91746365738929	-36.145165334997515	628.0319025827505	3321.4853707151296	1430.224790733048	-1075.5809378390761	11.86164834437858
?	159.68924159271276	-237.94365355574058	69.2806813792716	-235.2866558151376	633.0468866241371	351.92370024693344	1272.3557284013675	-3627.3990713400863	4.612565180823251
?	159.16028221347716	50.50627096478269	63.15313086663245	3.770900868307492	645.6280875950971	-2660.819292843403	1248.8548371660443	-1690.6973765842954	-1
?	162.2145551409519	158.91012583996257	69.46922642268697	238.77365383684975	500.0059219819674	-2607.7682296469675	1187.820859572153	-3639.8545846459265	12.590802064255351
?	167.10578850547526	71.60881095612095	75.0918135584749	16.562480735711976	515.2396761127492	1246.911078079513	1066.8621079337486	-910.3050215312428	18.869913422325613
?	165.79499568875792	-98.11920419533159	70.29735045947257	-240.870944076609	562.3514758859428	1968.6661172133952	1142.305608495591	4625.579866763831	17.53005364414102
?	162.1998282957087	-665.2409876893746	63.04826635464449	-77.88936132352914	613.6729819734186	189.68711302087354	1298.1411012719393	7068.604666878039	5.54439447107227
?	132.5329463042893	-488.8564770334029	66.40288239329613	162.3922202295644	571.8358315369865	-2049.7716980697082	1495.7358418394917	10426.670187711343	6.6919841404460305
?	137.75700444403864	-93.32352322932256	71.16787736612268	110.41601234074716	511.18439706993354	1619.3941082598292	1819.4746106575046	-6223.506830943533	3.581858871539822
?	127.8667701428232	-151.27417083381144	71.92368301033346	-103.38198005085312	652.8055369499776	3893.7168443428322	1184.5605002923162	3707.18102670452	2.2928723622772833
?	130.1932959023481	-2577.3354028564736	65.99877836358004	-296.48043486939565	705.8702392870745	1364.3575784311636	2004.83366199273	10670.488397119481	0.7583439077257522
?	-1	-119.28680782850378	57.099661266863734	-52.658675865890146	721.0234158715356	-5006.997816803046	1718.0849201482883	-1252.8879186706808	-1
?	124.22895551092293	2668.8666211663394	63.365844570285546	319.91739773273054	455.5203484469231	-2515.6821473030186	1942.1892660591961	-4923.19584618995	6.7659447322495545
?	132.4433310583165	-2504.5791102184676	73.0955311535002	48.88392394143597	595.2393085063851	5010.460418161667	1471.9251278387917	-11233.896294970895	2.4213935780734723
?	-1	3766.2796544344037	65.81004076735734	-284.4576886204032	706.0433693550056	1595.8411851972505	1380.4944513106534	293.9226806057017	0.5692974222290009
?	320.75731378003934	3677.8444720668467	58.87264672247984	-67.65768173357489	675.0313677662488	-1459.0498870087229	1486.621261869077	-1034.6521124424487	-1
?	182.89222360334495	-4323.887970290455	62.42715668067854	163.48761859744053	633.0908750045684	-3373.0479885355953	1328.7618456885302	354.05734815935324	7.241098596716593
?	104.56291526551351	-438.3460369760644	67.04702765235199	191.2007663754923	506.3789683394666	-4215.734540160559	1504.324129277045	8615.053500244849	4.487782123587029
?	160.9749217545414	538.4425641161696	71.9871949994533	-31.731908951897882	422.30414799653744	951.3450053718635	1759.5145207007788	5018.793127353426	5.484218393558621
?	131.48504347132237	-717.2193106380852	65.46043220475707	-42.22648025508332	553.9462186080605	2081.4300508824713	1755.2637856447197	-10262.33171013508	3.2117662949180166
?	125.11395622263665	263.6206430096612	69.8758709866991	158.8815462332315	526.3756505406625	771.2959279040779	1246.3979351940175	-9320.086378031429	5.0170296822962595
?	144.66607562180562	-2522.279124452697	73.40450951641876	-141.59561838175773	592.5110150032649	1617.933618121758	1289.2594667431417	1169.7439781575001	2.6285144768021054
?	-1	-75.3181297458395	62.79609006761111	-193.00853329080832	607.2723314467515	1793.7486036679088	1304.8851341018933	-419.5502730729899	1.3673013160992387
?	140.9001691345136	2639.879110758651	63.7540828518782	165.89507040474194	682.1984451866616	-641.399240565986	1268.281953089492	-7457.954767477987	0.5672664270713967
?	130.99395553793443	-392.3080158712311	71.09084358784833	83.36337332356844	575.2023694184518	-2271.8123906757974	931.9873957279887	3016.672613984463	10.733395182569007
?	121.28476834095176	-2639.879110758651	67.92225151805668	-211.2904439647387	568.6078256528701	802.3800795569059	1419.1155837887172	20069.629810797673	9.303613850773557
?	-1	-2445.6953668190004	60.52632138961124	-247.3517952890626	615.3213733962976	2462.489475817464	1935.4688862678865	8811.396055284087	0.5508150140157444
?	-1	2784.615589615725	55.554661753603376	157.55832948738546	691.7322994437451	-4849.64157120853	1859.6853865529279	1325.8674750326047	-1
?	138.23077948078824	2262.345774488086	68.40423786398063	130.33136499397344	372.8392948358677	-6758.142571027167	2001.7622600195177	2169.573386873886	8.944010384461429
?	112.11728872440592	166.5293566398474	62.07123000330214	-223.47125901899952	353.82517089238195	6316.96144574532	1968.1640558966237	7460.144641515911	7.8026840746852475
?	146.55724731278073	248.15912146709695	57.23067491303049	141.32520033417802	688.6873671231382	-168.92992666542557	2374.7694920953186	1507.3131888106823	-1
?	124.52524479776095	-727.5238024166762	69.13749002001114	173.75268714789564	345.37867455911055	7826.010774380984	2043.529715337159	4587.903907998332	9.527891911751516
?	110.18105719194641	-2510.504895955183	65.9183092704254	-58.68420260667394	1079.987905842193	42489.587600064515	2604.1646874952385	21414.738834590084	9.558907304181652
?	-1	191.01757827355453	66.2032798896774	50.20141014888068	2469.8580545623663	-942.212757423272	3114.2666570666784	-7232.668267451197	-2.2410520089444628
?	119.73193610562427	2074.889913403752	68.42837977786947	147.69688205532464	1032.8772679710287	-39805.46647649225	2242.5312741226735	-30818.03371379482	2.6684744722797458
?	102.74449567018907	-509.76947028218905	73.58812399244374	-54.49883025714748	479.58473073772575	-12342.315660661481	1573.3649713769155	-12604.225430647242	3.1987663018172405
?	94.24346259151446	-126.11191118894757	65.70343826501205	-56.461456954039356	415.7614849379458	-576.7738859282586	1612.3200025903025	5441.106819458473	3.386661320627197
?	96.4389001107416	-76.24278561482703	70.76505114474173	147.45532050365415	450.7460364413124	3998.8270824709607	1845.420312349843	5183.861049914061	8.345732259416186
?	90.43132331077305	-147.94310017712309	73.07620429019487	-43.59716918540551	615.7028390614967	1276.2337420134668	1871.5130550860092	-392.85606158227336	7.904754502253972
?	89.04174510188534	-1828.6264662154351	68.58519268547143	-173.60522526144402	514.5577235419867	-2664.2977198015633	1825.777509270729	-2510.0815900887583	-0.5550890092395486
?	-1	-1800.834902037681	64.39594302712254	-151.77595672810295	482.4879530714166	5721.086587857329	1746.0089755815695	-4525.911520722019	10.86006522513072
?	-1	0	60.99639484906617	-26.382385320357052	800.6120529348572	1105.457438025875	1599.4819332346249	-5377.343368657185	8.262435763349721
?	-1	0	63.07682376110467	-138.27426087988076	537.7608249727111	-5203.318861070562	1477.1418071487064	-2737.866202868342	1.981570183120862
?	-1	0	54.082681805072035	-329.41390273445865	540.4461098813254	1396.092407736215	1462.5886230912058	1551.36030205988	-1
?	-1	0	46.606128624381505	-75.4862700170677	607.5654453595229	5061.154981606397	1554.7098222517016	7556.561517228308	-1
?	-1	3933.6836640731767	50.3083683042186	347.23344482625254	793.5038589616488	-1385.4117725077033	1840.4166989526266	-9005.800336485576	-1
?	195.68418320366163	3862.3147537113455	63.96780086569438	236.87423909168734	538.2948567341367	-4964.860344334881	1104.4198054274163	-16868.654622154125	3.1620476029590585
?	192.11573768557002	200.61278049855787	62.15208025880313	-49.26501455479056	545.2608417449012	1537.3543779347992	996.9839678449084	-3543.1619821118165	13.343529885327916
?	205.71482222858967	926.349146225296	61.504550137954816	205.57594144517913	615.1625756308778	-1497.6540841380997	927.261706321823	3989.365903401292	6.280588429231573
?	238.43319499683548	584.0124375376583	72.43087733106223	54.10852321379048	470.37813753799514	-4014.9198218213064	1196.4522630149759	6695.187580284917	18.03234708115793
?	234.915444105473	419.6990227193609	64.20997629864438	-119.36280645698362	414.4165845398096	-1448.3491861251136	1262.0210853360736	5372.670629977966	13.513203050135864
?	259.4181461328038	690.2749300535634	66.46273700821297	144.4388886413608	397.9606782317384	798.0589966868263	1465.085794513878	10069.928871516011	10.620837355834395
?	269.42919060815166	-1.01147957865804	71.43192073071252	98.61749644293214	454.3195343741515	1525.2753542975017	1765.5175289118813	8180.035154947752	14.415035196455866
?	259.3675721538709	-526.3024288142258	71.39361183035965	35.5747223262157	474.2244459466146	1517.8448895030897	1874.0875522612714	-8459.694274766054	20.05512480279213
?	243.11406916744	-666.7190892553585	73.21065684702333	95.85298510957222	530.211778849307	793.6559564037897	1342.5328151735725	-17410.118865184133	14.422169174979606
?	226.03161769110253	-776.0422902410799	76.18626108583833	73.51218669242209	513.9072437668046	-1127.3202834458732	1003.5816090020525	-9696.284996367274	18.47037969774125
?	204.31195465538545	-539.1638672254104	76.88626618164449	-41.071388988032126	473.8457646770126	-1414.164774919722	857.7185653552019	-1607.020251736576	13.266046319878281
?	199.07342432983162	-294.7468942641834	74.13269163643669	-31.0304074756216	443.19900502081754	-1656.7231313777384	923.2305964152225	6997.475775490526	7.498966381781768
?	189.57460994217607	210.01007611883537	75.33474580786339	-160.8511427737855	391.0096081081245	-514.2927209610441	1207.5923541297332	7191.095023880325	16.015949353959762
?	209.57392813577354	4809.399999880672	66.0901344977473	-167.44369176957423	417.48436897276497	1204.300264444347	1282.785347609244	8148.506399613346	10.883244965771993
?	430.0446099362131	2429.4690145031573	66.96256121938455	47.70514116864451	451.2246213303427	222.0206804693967	1615.0176741104062	-489.82301087696885	4.960903823171924
?	331.0473788609331	-5194.884448651972	68.47539155617956	80.29699021915121	428.58540299623496	1247.4664114925183	1258.294197065395	-9978.274421100317	4.096515233701523
?	170.3003875036108	-2988.6609338589974	70.97741073034217	37.48198783826556	513.5979419049695	2157.548320559987	1116.1039530553833	1889.5390477983624	7.52289360304388
?	181.61433216798113	224.88080027207695	70.34949094809286	-130.48516778091184	536.4628190242358	-502.1531314407317	1352.7711494553146	11838.491961909276	12.212959145076564
?	181.5444275172148	-3652.286643359571	64.45315234129649	-181.73736558905742	488.49028533293256	2770.0451886064993	1708.0285511508555	10584.299455561313	14.33842082409355
?	-1	746.2503022080991	61.262622668639864	-26.037406179043415	674.9650784545628	1059.144731380462	1881.9861222333877	3433.1821557668004	-1
?	218.8569426276203	3821.066627545933	63.1512820323443	51.896827017521304	541.4475219019564	-6037.238536854715	1879.687658939198	-3914.5942085178367	6.6944659908403885
?	190.05333137729937	-458.8228775950077	63.857464019515966	126.3040330687115	373.10315161182274	-2845.694850802509	1686.2564118074931	2807.37178610697	11.371206457030812
?	195.9157987478696	257.0338243223771	69.46648368577996	253.1590020842608	399.16277936182894	646.1267353008906	2020.0562482445484	6397.89745610783	13.840427450852827
?	202.9050225934184	-0.4695045353133698	76.51541412372919	-119.1267381783429	405.4094883768677	-226.44220094258705	2006.1512846128892	-4604.746390281764	22.37297727205279
?	195.89232352110392	-79.67284838174749	63.51014677686273	-100.56051020678039	387.8406693146994	2600.0977989784205	1789.818928730457	-10606.339269895634	11.57698127526018
?	198.92138017433098	-122.52254998163603	71.4873886133901	151.70653054930054	535.4143783257906	6198.81244896513	1475.8343211181	-5425.046299854389	9.218597707998068
?	189.76619602202203	-175.35578535218042	71.09547330432787	-154.56905784602037	697.7812917629603	1464.6061161181428	1518.5666137377336	4873.510657421279	15.681415023021339
?	190.15359090672183	-34.310463363219206	63.75893572108897	-187.8960894341839	608.6446841316988	-1231.8419257787566	1719.5098539891674	6451.355599744051	13.236303704866131
?	188.05067285386104	-3823.0718181343823	61.70066883261854	16.793202147932977	636.1891954740216	13300.318505794596	1841.1343937249408	13985.890449636201	-1
?	-1	193.0432337564333	64.59859582848563	133.45865928358813	1273.660609421438	5156.969868702847	2418.8043764709873	7943.8641402480025	-5.457229900013952
?	197.70283454168285	3757.532829118049	68.37360179679804	89.25181103159945	894.0376889091676	-14138.77175339669	2238.3276007373465	-11602.022518900716	1.0273699924249515
?	186.87664145590512	-457.9712363322344	69.06118638006566	-7.246288987845059	566.7220217515935	-9228.564464936146	1838.7032505259433	-9714.84346218136	5.892631195507352
?	174.8042727250708	-406.7124491843855	68.01128734740578	-18.85318670517565	432.6094656623538	2063.2636797453056	1752.5854276282716	-6288.938761055562	7.615884616005459
?	166.54101899668555	-232.5787541671407	68.11852704480687	-76.80988626985486	669.8852057388602	5430.372833758648	1524.2563124731607	-5791.743252350552	10.61515867062794
?	163.1753350167136	-1556.246098880714	64.17079303391299	-118.58003574811862	704.1281073502901	357.693420639418	1462.99826501074	1994.2582472469337	11.20381342461654
?	88.72871405264874	-1723.6757919682793	62.18952525740085	-11.958822212183094	687.7698767708314	-1895.1694968647012	1623.9692248355088	6997.02386114218	8.151896675326443
?	76.99154541829842	-215.13707482677154	63.57285192330382	34.593414458705716	609.3696325070537	-3755.334213948719	1812.849458067854	3279.956287196873	5.477745688514322
?	77.97186031131001	10.71770198419684	63.91919598033616	-39.20517791460527	500.0031660733928	-257.2437859956026	1787.9670391953548	-583.81918297258	7.273802328973504
?	77.52743051750827	-1579.4372062261778	61.61259302757353	-67.76884273701813	596.5074432072734	2837.721920776267	1783.6584989192245	-511.99764868674447	-1
?	-1	-1570.548610350143	60.53075384348521	-30.210067636246546	641.8892621122081	108.25879300500293	1762.3671567610172	-1362.3541275109926	-1
?	-1	0	60.10208964576118	107.34360014402147	601.9203828575236	-933.0906540336222	1715.540792543674	3440.5110669270343	-1
?	-1	0	65.89793385068636	164.59886434050355	595.2347294105264	-1680.9396642818126	1934.3927101073714	9154.245250105929	-0.1119529742203984
?	-1	0	68.33203286278648	-43.18843076118394	517.8733996434318	-1258.0331319177142	2173.253055048977	2202.445214699151	3.5952122087464344
?	-1	8220.92233774735	63.73851231262713	-128.66159742225437	532.3330728146398	-890.740687967277	2044.5149708423305	-1428.0906906793714	-2.2069285799413096
?	410.04611688737333	8239.457904024665	61.89895299167367	-90.48395901421927	473.33636524506727	-530.8870111999709	2101.8485205150073	-2442.8395235087437	3.941870432944425
?	410.97289520123906	-5791.768941586565	59.2143143619161	-60.35959998130635	505.78872225464085	1307.9215130845894	1922.3729946668916	-5187.938642007133	-1
?	120.45766980804095	-6484.066722836928	58.88097299260831	91.69554841443738	538.7324408992977	-1415.9044461722924	1842.451588414647	-1956.8563976219452	-1
?	86.76955905938803	892.2616656575756	63.79909178263804	276.8393764297256	434.9934999460252	-3713.270041284456	1824.530174785793	-3185.467168523396	8.226738605055093
?	165.07075309092036	2106.3537558330654	72.72294181409478	184.27054561216048	353.06893883507223	2458.092700691546	1683.1782299884749	-2956.842422626072	15.368075516671741
?	192.0872468510428	627.0241158946353	73.01261906324619	-73.0352535492896	557.8981349806043	3815.228763091266	1676.6880536544872	6970.219115762435	14.220162928034716
?	196.42195888565257	72.16773660074364	69.07117913663025	-327.2649919752307	543.8303769896382	-590.2490784620848	2031.6891857766016	4274.5636323218905	12.463296607980816
?	195.69563368108004	574.9354915849526	56.64936946448442	-100.72635275261801	528.3856810574996	-893.2563287190519	1890.4162352705848	5781.89074716131	-1
?	225.1687334649006	152.86386392236648	64.03486149899928	227.65544853150533	499.167560553685	-2573.6649653818595	2320.783723134671	5133.842610155343	7.745432731347609
?	203.33882687719847	-4523.374669297948	68.03214189105985	-54.02603992933757	399.7024327884048	-1183.839887484751	2147.1083657783556	-6008.836052908601	12.216791155528139
?	-1	-4086.776537543911	61.33355950253236	-252.6026736432932	439.9755661794466	7614.529305015228	2020.3419204892368	611.3974018843696	-1
?	-1	4494.817760334693	55.40200820889501	30.68773247064313	780.4288980391716	11089.332040794703	2177.6782358725745	5356.274772802609	-1
?	223.74088801673784	4027.648023574013	62.86794612606454	394.5401068355358	994.4421682191897	-6940.613836300439	2288.155659129371	-22529.159654698302	1.2033025131602093
?	200.38240117870353	-878.3795916392	75.12901355067208	175.93167641702172	433.3982062241447	-11835.16290448426	1051.2202531376433	-26129.112144765142	14.478974263217438
?	179.8219084347772	-704.3071528343207	71.66452994691575	-290.381157525057	402.68402299496836	-254.6005519770811	981.7000518910955	3958.137301147065	12.853906917319966
?	165.167043536987	51.993693481739285	60.60995567441903	-114.8230563317393	420.66817862529047	549.1075118967343	1249.1271181949994	14814.075171302831	9.89449718234825
?	182.42159310886422	962.3568667720497	65.9233771303287	334.37629311236924	430.13939858980547	248.41421565638018	1722.4038104562476	10398.000656163656	11.132743401390286
?	213.28488687559016	770.0140541107298	77.32877033003773	93.06412894801763	433.08888940810965	700.2656667029273	1769.0271510031896	1983.745066707469	15.441529421875362
?	220.92229581440125	7.173917159471341	70.57658357772965	-145.8899628755224	465.15268192495233	4730.670964015621	1821.5910637916224	565.5317531831053	7.1012969535972745
?	213.64358273356373	-213.09295123666325	70.0342721862615	-223.66485548826128	669.6224376088941	2934.6898970576176	1797.3037386623453	-588.2464897925008	10.771379252262568
?	210.26764825256794	-4292.871654671214	59.39334080331643	-324.7344406225142	611.8871767778353	-542.6108732227035	1792.178739301997	876.7745109014879	8.23446408365268
?	-1	-377.58928225599084	53.79755015513556	97.07428407228737	642.4918939477585	305.0723314827226	1841.1424642074203	-8025.9049968112	-1
?	191.38818413976813	3349.7892106624727	64.24705500693086	196.345029314377	627.1407933519716	-202.21752027965462	1390.8834894614313	-18262.8657987551	2.9936640681687936
?	166.48946053312602	-388.55352992763886	63.61480162085455	105.03630553160114	632.3810179337756	-4943.537499190118	927.9991742696523	-1219.8032817390967	2.4551162831063165
?	171.9605076433859	204.64828112153208	69.498870283511	105.76978627782145	379.96391839246223	-1888.0726615006647	1329.8933253744756	7388.732271074209	16.125001497304602
?	176.72187458920277	-11.744607535692754	68.9032909347457	-119.7634103380615	537.9773848587411	3616.3205723357473	1297.435787823368	10503.896477961762	7.905547316702003
?	171.37327726660126	-173.18214355334285	63.510699766607836	-224.69960933593606	560.7799470092522	247.6315034577202	1855.0881492725712	11528.861069065524	8.230020787823584
?	168.0627674115355	-3447.4655453319765	57.668310467948736	-30.41929463297165	550.3589600316273	2882.241234938831	1873.8788412766523	10452.711106204812	-1
?	-1	993.4863360462931	61.98973503495923	114.44698636215472	704.8920087561958	61.42752073222167	2377.723704582819	10947.460376839203	1.3232262552546445
?	217.73708421385086	4309.841572202803	63.39065978605655	319.2150428792384	553.4303360682384	-5287.091768141973	2421.2518601186202	-19406.68331906199	4.78238901041246
?	214.4920786101432	58.998383522402676	77.95048717892138	277.9453517579235	440.53742034909334	-697.0508944001214	1407.3895386297058	-30023.013249856504	19.270981788093998
?	220.68700338997104	657.2180681929414	77.28792737395293	-131.89648638050937	518.5777913482318	4426.175131116806	920.1011976257737	-9175.157743386573	17.733397705830164
?	247.35298201979074	373.79546450289166	71.35566285989582	-302.48358604868326	661.8461769049368	1872.9038507882826	948.6316514603707	12685.29999707832	7.767555424385438
?	239.3767766151159	-4967.059640395744	62.16374807151855	-326.6296588963353	612.2229838876473	487.6707592221418	1554.3661974796987	16402.57105470003	3.5405836439948946
?	-1	-4807.5355323022495	55.02417991507882	-192.61114351601276	686.2297148660442	1427.7835208548347	1768.760204195384	8073.1206767912945	-1
?	-1	0	52.53319089571777	-48.110636039576804	683.61215993039	-546.1410168107491	1958.0222313192692	3571.936733425572	-1
?	-1	0	52.618648113099944	-7.493497146559669	658.9226640255064	-819.7876635001464	1947.357040866665	399.571925860904	-1
?	-1	0	52.158516038389784	-46.165207159220984	642.6227767553821	1850.2002405177232	1978.0008276123147	774.4050288546149	-1
?	-1	0	50.31038775513886	-148.24585809506618	751.4326760513939	-214.3701774428056	1986.0772923093964	-869.7268095318681	-1
?	-1	1566.940641571307	44.74622313363637	-6.640585956935231	631.9042678832417	-4464.50782336179	1934.5144871357206	-2196.3318884589494	-1
?	77.34703207856646	2559.7736307913997	49.978358457292096	493.95831277253274	528.2072848833012	-5249.23878832801	1876.2606978864474	-8070.01943782387	-1
?	126.9886815395718	2006.0702429658181	69.44413877226336	553.08980969213	369.44232846683747	-3395.69927438805	1531.0135152445214	-5039.994214790309	4.2300217397886
?	177.65054422685878	882.5253635009173	77.63284894189899	68.96729186292377	358.4223211638963	-378.8287489093014	1624.2609871469283	3326.5625294206966	20.037206152716863
?	171.1149497146183	-211.69559298608004	72.8925033654096	-158.38459222298215	350.5008910213721	-65.66551148097707	1697.3416417155586	4201.410593617619	21.87821915304115
?	167.06576457755463	-59.582005344173304	69.71361933074977	-223.8585988402472	355.1390455898474	5453.3470895079245	1834.3315168278123	16104.59585941613	18.87321206737564
?	168.13584944740958	714.6571055058923	61.69957342339708	-101.16908660536721	623.1682454967722	2890.794393803611	2502.5714346863765	13482.537081952787	14.033052534161978
?	202.79861985284975	671.5279957884742	64.65516500048133	267.91369615901607	499.67876528003	-4199.717508017855	2508.458370925461	-15690.570655548172	5.993707350278852
?	201.71224923683377	61.53495257466742	75.09525823134807	66.57554154065043	413.1823700958765	-1223.805230786256	1718.0429019089568	-22786.15690099912	18.528435355757065
?	205.87536748158317	-44.777769406156764	67.9839420775139	-199.90088467164867	438.48850374071634	2444.622171589547	1369.150525875489	-6054.29571568679	16.264857585045533
?	199.4733607665259	-157.51533908343052	65.1002139977655	2.5918727122504124	535.4134786753556	38.22678053161499	1415.328116124613	8195.569667280375	12.28000403716609
?	197.99960052741153	-101.10185400765629	68.11353571312642	152.24124873738003	440.3998427672971	-1440.2426406868904	1778.9290092395136	6470.4249850711985	14.588264897392254
?	194.418268066143	-233.3426762814282	72.7122764346346	49.01827422367789	463.40134664101004	1780.82200111358	1738.8493653781775	-3909.150077273347	13.495478681185492
?	186.33246671333995	-305.24610930679637	70.56444942431035	-136.34501821678987	529.4409428229774	-788.5291658745304	1583.4715053758434	-4839.402486832818	10.391281924146345
?	179.15596260080298	-194.74917827841134	65.89502552379501	25.330966236083935	423.97488834728296	-726.2904641654756	1496.8792410365331	-9062.782135410596	11.271439304134121
?	176.59500779941925	-88.82323174908935	71.83099773611457	62.26640512179497	493.1264196147031	2130.249448720438	1130.3323986053072	-8127.002900820851	17.537427195652867
?	174.71480101334845	-105.00348800257562	69.0083457798848	-169.09278377972555	530.4873607833064	-744.1331761582088	1090.5290959954848	4879.4955105101135	16.85978450594523
?	171.3448333992904	63.533445868924	63.37635854712817	74.62471657532554	455.9197608067921	-3127.4057445970584	1374.3071741308163	10720.254563881474	9.728518794757198
?	177.8914733067947	187.48315307390402	72.73958160865114	192.01662606701146	374.11707355345123	-1691.8743148506574	1626.5418241895661	8672.334975971166	21.068918709959103
?	180.71899105298573	155.20523292800084	72.97718985047888	63.089530049496105	371.32604506425804	41.70047026729376	1807.9239229293808	7160.137661808529	16.053506921048694
?	185.65173495319485	-50.89043528247869	75.89405811112599	23.760987307896304	376.20209706681595	-104.68315956478214	1984.5487072799976	2530.622340311434	21.757207290852353
?	178.17446928886176	-337.73332437413876	74.16523921587371	-144.36967362496853	366.09188708601886	3626.639320417482	1934.4550399449543	-4302.5311051589215	20.3679098444126
?	168.76506873448767	-236.73266629601306	68.67557442987746	-299.9290340749106	557.5340630876926	3637.8151300939994	1769.4221520220485	-4622.254456819031	13.784934385820474
?	166.33783597406094	-3395.301374689705	59.16878751212797	-307.93712255895787	547.9826435907214	421.17184509080147	1703.3423171039994	-2064.232111749136	11.120470815070771
?	-1	15.848559422995892	53.278718301929345	100.33750333420684	578.592655342233	3533.4906815414547	1666.2105464345902	-8405.368363834035	-1
?	167.13026394521074	3414.5718806236173	64.18566267883838	-25.11529038903852	724.6571776677967	3565.608487083966	1283.0738989122917	-7729.95760181081	4.110899997387426
?	169.7285940311833	235.69035304755863	52.0229537824774	-73.84515531887297	756.8730796964338	-2620.9331776711624	1279.7126663440442	-2840.568464049625	-1
?	178.91478159758884	-3.254774060139834	60.49340491289468	280.06546106696845	593.6105187842367	-5911.141069732408	1141.0454757098084	6787.779246598028	13.69347566616893
?	169.5658553281763	-314.94854092022086	66.02622683582602	91.65531989077974	461.3160262098092	-2767.221053898865	1619.1016286739505	11196.246871623161	12.682386455652045
?	163.16735455157757	-341.7487145952944	65.07617090743374	-70.9543445215162	455.24946608929145	6507.481794727389	1700.8578192909745	1026.0218500028386	13.847397940188154
?	152.47841959841134	-232.80255527161626	62.47850960975016	-93.02343878860835	786.6901159461833	5549.381371934326	1670.4027211740931	-1522.5742374906179	4.697347365913843
?	151.5272267879966	-3069.5683919681833	60.42499896800325	-103.82902821396479	732.7185346860117	-1460.9887942642306	1624.7291074164425	-2586.4050106454347	-1
?	-1	5108.970477701832	57.28705819905185	-60.78394199622237	713.6406762329707	332.2476023253692	1541.0824706418196	-566.0367834232112	-1
?	406.97575067309185	5462.798965493445	57.38580186819209	41.326805362014035	749.3309148022804	251.4149625840069	1596.4272682452815	1486.9045452070684	-1
?	272.13994827467616	-4853.414439622226	59.35339846715258	155.94002309196986	726.2114243621712	-6304.843205099308	1615.427697902174	-1082.38949907003	-1
?	164.30502869197707	-2043.0693069022539	65.1828030227907	158.95258846415874	434.08875454731054	-7449.650624465288	1542.3077932917793	-167.90693377555942	14.09416751206805
?	169.98648292956202	170.91610844994804	67.30102789036063	-101.56129134129725	353.7288931389015	-1577.189084923357	1607.032351213396	2676.3240868431767	20.22594187932488
?	172.8508341144746	109.91496092228729	60.10473845572576	-242.04795974936528	355.22930030114156	6094.577737656114	1676.12399763394	9586.84411172142	-1
?	175.48223097567646	-3477.0166822894425	55.19862990289219	-38.814255969225556	658.4577800217115	6329.9957568299005	2086.374556799474	11513.617814544074	-1
?	-1	-3529.644619513479	58.16402565726445	22.51697934059319	671.7290881426411	6632.333525298455	2251.804888361152	11417.732839075436	-1
?	-1	3521.704162730921	56.32447886992187	190.8158900722296	990.074456286639	-5348.798427805453	2657.2611987532537	-7678.874614529218	-1
?	175.08520813654854	2733.629048729675	67.70482016087607	188.741012209714	404.2891667523647	-12089.391454386325	1867.8611576346855	-21028.572090100915	9.526783344221096
?	135.6814524364857	-1914.480442912868	65.7615294804077	-13.435672886821331	385.60488356731423	-293.7227386093893	1605.832594248193	-8112.249968919858	13.536446483311446
?	79.36118599090378	-2733.629048729675	67.03303651653499	-115.4763207468951	389.603029821895	6389.366123888138	1462.2486591886868	-6036.7840841497045	5.9958336631983835
?	-1	-1607.2237198181099	59.987713443062866	-286.9489571959076	705.0731897617256	4591.027653809297	1303.9933900407034	2594.9483969505864	-1
?	-1	0	52.68558865673992	-113.89460615683797	619.154412512355	1952.9289348561197	1591.9960790362134	10021.757309737011	-1
?	-1	3516.397193875368	54.29298313522089	132.45354935766653	802.719636504533	-1216.3314699835755	1805.081255527561	5989.2073046920505	-1
?	174.8198596937709	3564.198524365127	59.30826612462334	142.4919255124669	558.3378390131753	-8362.290820313807	1891.4564442708202	1786.93906000881	6.499148802581967
?	177.2099262182589	2965.6144857971203	61.41757941084433	-27.74917348232083	384.6050954888367	-3480.4653047635925	1894.4282085280029	-152.36282777829058	12.855116512886767
?	323.100583983629	3379.9722891566576	57.920807450507276	109.95200498164394	384.3145737749932	-33.48903720444307	1883.8383028819055	-1102.8791374724303	4.7848686274468495
?	346.2085406760942	-3910.1993272889617	66.91517965992661	234.41720791927617	382.9306436286145	2590.323356472396	1839.2842516543806	-1896.031392570649	6.351216896066716
?	127.59061761917816	-3014.909702657022	69.64166784647125	36.87129671328283	513.8307415986149	6044.183733329102	1789.0367332533717	-1278.7938784340304	3.665805876837022
?	195.46305554324093	1676.5013883110519	68.75874449559078	-152.59943480530322	685.1398302950739	1740.6356042866903	1775.3445577326781	437.3751439542122	5.773202911926949
?	211.41568703473195	-3929.2611108647625	62.01169610620598	-212.08462644656674	600.8625218129506	-50.53373364107457	1810.9054904510826	973.1159480714584	-1
?	-1	157.9685360287539	58.15451317326229	152.39971667049585	682.6131436130202	-1138.7725868232244	1824.0003551362518	-8896.246448614029	-1
?	219.31411383616975	3978.674327696732	69.63168193973088	211.60766376468	543.9238924717886	-4456.3422161031785	1366.0931680203748	-7786.606625730281	9.994755093052289
?	197.9337163848394	-503.25733913141755	68.73489636149644	79.72584880064773	459.79603280785807	-2994.5710848001904	1434.6700238497322	-2516.4491052048747	9.288422443310079
?	194.15124687959852	-251.0391163729359	73.61797437976333	130.53519158350795	394.19533823177693	-1680.310597123481	1240.2707127601293	-6927.699502147349	16.10594962804675
?	185.38176056619244	-296.44966317232195	75.26165594067193	-181.44582862834764	375.7805029516828	11121.079146917456	1088.2850487423598	15846.064742856595	24.058179454762275
?	179.3287637209822	-28.622235366869	64.54568294834581	-198.0561178224963	950.2492955776577	5160.827245674543	2032.5739499029703	25836.51313832335	18.154394244713536
?	183.95064879784897	-106.90168788858632	65.35885004954697	107.00625609535582	633.8218652354136	-12096.78045481346	2380.1107056585456	-442.3281346759159	11.885987494583361
?	173.98367932655282	-187.00463504366115	69.89599575311368	-161.01427854753948	345.410272836976	-5583.366483982043	2010.4575431691742	-8370.968688815901	17.813628001970194
?	174.60041704566578	47.08348883809823	57.308136122169884	-161.96796555973418	354.6535410363075	-190.81699735792725	1961.5622712177446	4189.898629533186	-1
?	176.33785376845776	98.64456963700691	61.79759747512686	0.5847960171642713	335.8694229690795	-118.10047250926974	2219.9524746458364	2979.1196512366364	-1
?	179.5326455275162	-3546.7570753691048	57.3373759230281	-316.05700205687145	348.74851741084393	4729.514198890012	2110.5182537795786	-1623.0825394439532	15.52838105900465
?	-1	-3610.6529105502727	45.99474737228306	-33.69748508340928	572.3451329135835	5264.482213443397	2138.7983476736376	1562.0381579734253	-1
?	-1	8102.945207247351	55.65250166885761	442.67402049852274	611.9726280830175	-3128.4699724161474	2188.620161678251	-3151.5620621372054	-1
?	404.14726036237334	9053.727231916433	68.12844839720951	239.68809036782403	415.9216342927739	-3188.169879973581	1981.2202445667751	-4395.702972167788	1.0345002359740227
?	451.6863615958281	-177.87077851956016	67.63690618724898	-94.2013872552412	452.5641340843362	-265.57875346996946	1968.8350130698584	1533.0827041346502	6.6171700478325715
?	395.2537214363952	-4013.170516962897	63.41837903444738	-2.8885811671286934	402.6426966192752	-2058.68810606002	2057.8743797735087	4573.812783730449	6.857885914110187
?	251.02783574768037	-4643.447233632624	67.49247712889255	60.454807618964985	349.62972878133377	-1157.4876864669177	2197.525652256384	995.4290416149838	4.767135273992529
?	163.08135975476068	-1459.5960784526628	66.44111941539568	30.480132255298564	344.7683122959285	602.4800192519984	2107.6458318542586	-3633.5556037217684	10.795946896117197
?	178.0480318250462	329.68765778874956	69.0164837416575	30.737740735163033	379.7537297439341	1958.1276234415607	2015.847872070293	-3284.8929834609985	16.86225373911044
?	179.5657426441984	72.32532218140204	67.97800645215385	-338.53036118373967	442.67469346800794	1018.8589527844798	1943.4011826812064	-2560.268358606286	18.50169856319367
?	181.66429793411635	409.33334077745246	52.08996568247027	-157.90645959806614	430.69667738315883	1140.4458223119136	1887.834454139977	636.4091813939467	-1
?	200.0324096830713	-78.21255358702334	60.08268347225043	266.36401293543094	499.69698458360443	-1123.5961263883678	1975.2216417509042	887.7017756383622	4.541322747661265
?	177.75367025476513	-4020.648193661369	65.40816632924201	65.35318193754002	374.51687106373964	-1176.8878295928564	1932.2195429218957	323.64977724571867	13.051171637932109
?	-1	249.32415599435487	63.35034256912748	-50.628891388484895	440.85259310396077	399.6715754510649	1991.4041306131903	-1396.1428616682163	-1
?	190.21987805448305	3758.1367417332594	62.87672175981773	-12.009412305992669	394.50044983629317	-794.2425268044918	1862.412399838484	-3503.464069609677	2.213341793287043
?	186.90683708666563	-3824.3975610896064	62.749871953827835	-122.91086826941178	401.1404667637356	4231.604878576559	1816.230927132704	-55.68210771628322	6.877458584713107
?	-1	213.40183831649918	56.73117834634705	-135.14099578621034	606.0806937651241	9732.014432243765	1859.6282944526697	976.910339553219	-1.3189687611101688
?	197.57692900249074	3689.5122029849235	55.99282216451722	151.5100506782964	887.7411883759307	-2857.776497609928	1865.0764441103656	289.60187579765307	-1
?	183.4756101492488	-3971.5385800497584	64.30668088026198	-144.76763490339033	463.1918688846257	-9312.40347910274	1874.1083882425526	-655.0824299673238	9.172788327360026
?	-1	-3689.5122029849235	48.7544404193476	-256.10133253211023	422.12101442078705	2721.7802155884056	1832.322322611999	460.0549001140351	-1
?	-1	3768.183570477632	51.501614253656285	417.3116529512294	599.2808796640479	2448.6490052307254	1897.1111332482546	1005.0256293560044	-1
?	187.4091785238843	3737.669628289357	69.62002306690937	352.07843952622807	544.5534646823251	-176.01927744546833	1882.5736040798	-2209.1630674429375	10.129043133650345
?	185.8834814144705	-120.47433352310577	69.10553622996794	-140.6653969695128	590.4799157917744	-333.7476185844683	1786.6529798761062	-5943.870388644866	17.62886316150979
?	181.38546184772892	-248.38032663417937	62.58675321843363	-122.42390927454875	527.8660837531014	-1055.429286107113	1585.3800846475524	-6149.908094101542	14.89568328151943
?	173.46446508276136	-88.60013377939411	62.984340766240415	-23.614279019221506	537.708451486418	-467.52145327410193	1479.1575751710247	-2964.2071881213756	11.733081137383243
?	176.95545515875915	-3489.2893016551775	61.406039267472536	-234.40563043615336	504.490011089396	2870.9153210825616	1437.1697252414815	6193.382187959126	10.67432135059773
?	-1	-3559.1091031751325	51.26405924443258	-175.8550907732256	681.2542175405481	7370.701647011228	1788.8266845689855	13283.881910067905	-1
?	-1	0	52.61328472881113	11.606867783930118	873.0250934399626	6271.5392105821065	2101.363820744886	7801.775718169318	-1
?	-1	0	51.844402633629095	-87.62456697820755	994.8311780696579	-200.9826841695252	2178.915470477457	762.0196645376001	-1
?	-1	0	48.23205637990069	-51.53905910333831	862.9759592314862	8318.009850983235	2139.4648039717667	3976.796188796132	-1
?	-1	0	49.26744967846214	280.5032944277059	1410.7316706188255	-8078.827244717357	2377.7552799172663	12266.189953515757	-1
?	-1	3758.2351474959323	62.257221101286184	554.5440408974495	459.0345969956126	-20656.778138469555	2752.7743016475633	-9279.90379958852	-1
?	186.9117573747993	3835.973360117759	76.99465172333501	271.43276539149724	377.89276369533303	-1497.1689085676476	1913.7600899378338	-21677.22170058504	16.490138360554482
?	190.79866800589068	98.73801516494014	75.82885937086124	-42.261901246142735	384.17615156722917	877.4660290528789	1668.913216618296	-1990.100534033476	19.884432959464338
?	191.84865813304637	-125.08606976428943	74.88155666102784	-94.59242417497968	421.7660651479776	2269.1484707436766	1814.2550632361585	3720.4917818272697	16.154156196317025
?	184.54436451767612	-165.31073590219583	71.09923816211219	-293.5885107230014	497.6335751044146	2928.5575353865493	1854.9378057096621	-3759.925320515296	13.837931969457582
?	183.58312133793646	-58.11905473288593	60.20213112487757	-50.58833735947771	568.1939419173071	3478.2657528196073	1626.258797210391	-2355.3236677516115	4.4542248155669
?	181.63841178103178	-99.22847693134175	68.56982129413827	123.75586618449512	671.5468627453975	-3699.747841774541	1737.1716223220799	2476.464037960483	11.28374381813049
?	178.6216974913693	-44.778703457803246	66.38992443410241	-236.53139940318118	383.20654982857747	-4582.735811002697	1750.081999108417	334.840444475685	13.318542355409031
?	179.39947660814158	-76.69373917848422	56.74325132397904	51.11198634681399	442.4100721952593	-498.0631429493266	1753.9136445458644	2748.120173773543	3.376841764287824
?	174.78701053244504	-173.56475607269581	68.94552375144315	153.7163582088497	358.3033926811108	-2105.164799911566	1887.488007797096	5421.5888421089085	13.895908948259718
?	170.72123880450667	98.05209242465455	64.42906923442163	-8.261660896080112	337.1518321996795	-51.73099809921536	2024.9930866513137	4665.681017197473	17.42408585915725
?	179.68961515367783	343.8069796530058	68.53244070663914	124.42615990884798	355.71684277615	803.0486055182155	2120.772058656973	-500.5697981645491	21.894263659530765
?	187.9115877871572	172.87225450706597	70.65037722986412	129.3437894934216	377.30426247559086	614.9369231135805	1999.9645967430858	-8034.634542679263	24.633731303889018
?	188.33322787903126	-209.76549783737013	74.99963018131031	-76.65286203299193	386.46368893182944	1070.4138515384689	1719.0403315230042	-17368.853796270854	18.354572549243716
?	177.42331289528855	-186.40398298339014	66.81773412821447	-331.55416713428946	430.82495505251507	2483.913593289677	1131.5219069295308	-2648.1400532720304	12.507297035586374
?	179.01302872986162	-146.65177901052195	58.4219218245956	-21.17837492103318	510.65936859631506	3700.209176013006	1586.6333288594008	12514.691902490935	7.041110749721077
?	170.09072394476235	-273.07513891410576	65.7588153821628	136.57142955684014	615.835413853168	-2157.7384707098704	1757.2565020540865	5974.6211661393745	10.625426015217162
?	165.35927178415614	-50.95982517369505	65.2504933024377	36.98538989728665	402.77244506082	-3676.755370397306	1885.3643871663737	7437.119632511625	4.611608645860341
?	167.54273268607756	17.615213529043423	67.60808487702715	-90.30525342282445	431.9976453333001	154.46724172688968	2129.112483679673	1187.5215232766063	15.541941762534572
?	166.24003246060832	462.66987876262215	60.73523063129642	-169.3452142576851	410.4958071471646	1421.931131894494	1944.7404633302049	-3362.273168011918	16.392439013474505
?	190.676226624209	198.11690389621847	59.14082416414278	183.1439872160774	503.0942019280258	4231.180067614459	1960.9988252790747	-2521.195299294532	11.082229815506075
?	176.14587765541938	-532.0222114955644	69.89242999210042	171.3555425519027	622.0548105278906	-2080.7817515876695	1818.6806983654765	-5484.18228282549	10.137758711818593
?	164.0751160494304	-339.31245071240056	67.70860129173803	-169.8602769177809	399.05511434864087	-4562.535119796575	1686.7897111377963	-3783.8644594764137	13.284550940487785
?	159.1802551197991	-204.2940888373044	61.39941614621125	-208.64164347506377	393.92805453805863	-1329.0445000603625	1629.487475391653	2575.205129155488	-1
?	153.86041160756503	603.4841747430903	57.2765191179847	-6.778010404370793	332.6028893456218	4458.054802942059	1815.5499675955725	10945.158338697605	-1
?	189.35446385695406	783.2685351810974	61.06051562599271	417.503127409547	616.8307946851647	1099.8185651342103	2176.745392326541	5489.2388346498265	10.440269847221264
?	193.02383836662045	-33.52122765232773	78.15167548846235	133.41615121779066	387.5938176023331	-4838.204865988424	2090.0119093280678	-4734.499464747397	24.755228949191352
?	187.67840247433764	-144.05174689305704	67.73132318688234	-205.20404559067592	374.9205513857401	1734.4922590734022	1940.020419089168	-4452.100160769696	12.334454992438804
?	185.8212510219675	-236.48568844985851	67.8914732089284	-51.568552306653835	474.31843055600444	7187.526391115051	1867.4069012895798	-5995.810259330102	9.5522590040147
?	175.85411805184455	-149.04256784998566	65.1528955715496	-221.5089478832132	734.2968709414978	2054.936811066406	1640.2299061226586	-1654.5819183831502	9.995657336251897
?	178.3691226294681	-101.06241426800777	56.816025814767585	-113.39522502671424	577.0652711093262	-5648.630147335673	1784.677805370421	9336.705212726487	-1
?	170.8009973384441	-321.94446982938416	59.483134320213814	161.22049467203934	451.8653635747101	-4700.888017778582	2107.0651667589896	959.9958840956469	-1
?	162.27189913799867	-249.2069346063316	64.87705054836967	161.62541414484548	342.02087022039376	-1762.03188985334	1832.677599575204	1332.6191488357465	14.137300070085999
?	158.34065060812733	-45.68312503284111	67.5644050274562	-73.23243763904539	363.76376908204185	394.9867673847951	2173.696124200778	7198.428846390687	11.933627288945468
?	159.98774288635659	-3186.8130121625013	61.215428666417345	-307.2011076248976	361.7702085896338	3098.4083480929285	2192.5990418947436	-58.07485351862769	14.34561596695169
?	-1	3040.089245277324	52.20434964621111	115.72050672401693	518.6841864866905	1502.9648239433382	2170.7923815248464	1909.2220043403452	-1
?	311.99220515022495	6545.559383449203	67.00145400261827	271.6221394635852	436.9184497868018	-1010.3455878758375	2288.060142111762	2074.262061520319	4.887230629770177
?	326.2779691724648	142.0315434230852	65.78545661939056	-211.60604165484355	468.1669070928979	5725.885934803627	2274.505484600864	-1215.081293600134	15.052731470558307
?	319.0937823213793	-6545.559383449203	56.421151919875946	-213.98888019846532	723.2127465269872	10210.393315439453	2227.3060774317546	-5332.021105270657	-1
?	-1	-6401.875646427495	55.08601260946714	-64.95676715014973	978.6865728648778	1190.1543918189182	2007.9044293373272	-8200.41803308971	-1
?	-1	0	53.17331356236841	-77.05226312919213	782.7204661179339	-2337.4096353944706	1817.2851757772632	-4624.393705299506	-1
?	-1	0	51.23339945300748	-83.2607885611446	861.8160910951526	3525.742300393663	1776.6847440723486	-1654.102222943265	-1
?	-1	4374.614816188255	49.010274134311125	264.4672750057219	959.0075811376196	-4371.212859379206	1734.5800646300988	-11392.733694625527	-1
?	217.73074080941586	4557.788276253787	64.45676320329376	572.9391015555606	643.2554481261892	-8821.464153682446	1207.0480593410641	-9309.58965821359	3.921867511771597
?	226.8894138126926	110.38246650532145	77.65722921208956	205.70695117258984	517.934373453491	-3511.56887500075	1269.1005817194127	14478.508474362055	14.242824342117725
?	223.249864134682	-476.96236035048804	74.7421107619234	-335.3165650824726	467.6770043761492	531.1065961675984	1930.9734830591772	16443.887025110154	14.638388066906876
?	203.04129579516785	77.27008426517959	60.89140095796569	-398.5057947007897	544.4897032618713	3579.7341315919043	2091.294932974932	6085.29912357415	4.439118010507437
?	227.11336834794105	-4080.825915903299	54.81682102688363	-79.49449791692773	646.663710955747	4572.655384944147	2235.238439237889	5990.426633494777	-1
?	-1	734.1140495483646	56.91667606211925	233.46917741551758	773.122472509082	403.9534071551031	2390.8162646496753	-1114.4193178667888	-1
?	263.8190708253598	5271.901132560979	66.49027989765968	416.6921432804566	666.8613813135024	-5913.743367482208	2179.5174733445488	-29838.143366456163	9.467779084259162
?	262.5950566280527	-142.2662424291539	77.75128322614238	212.68666484215782	477.43530413496734	243.6063389163598	898.9090963268458	-20268.803560419772	17.905748753124104
?	256.705758703902	734.8988081205605	77.12461313976772	-103.15422039428593	679.0416982593206	5763.014400481892	1166.0772953235457	8821.03660677429	15.532519086311746
?	299.33999703408125	3090.0853155799646	72.59357220642801	-74.84865195346693	765.586024159066	2962.4924435669445	1339.9609266655666	5166.058056808646	9.224825211459663
?	411.21002448290244	3268.309382684571	73.38218054209432	-221.84130813370086	827.1663204376699	-1390.7967662993572	1424.3801981639817	357.8027548228369	9.14172595465396
?	462.7554661683121	974.9336143999537	61.501506799742806	-374.46765893536815	696.0461858440972	-1067.2219268691135	1357.8510644067087	439.73647001436177	7.858782601861374
?	459.9567052029008	-9275.10932336611	54.658797595325645	-240.0497954025812	773.8052240942135	4452.089682185581	1446.3670216647001	5269.550665188338	-1
?	-1	-9219.134104057885	49.499017029613576	-104.9700966771777	918.6506699533794	1653.6795025908139	1621.3285976661293	7453.915711341323	-1
?	-1	0	49.410292761466685	-55.24122108228106	856.4891992237554	-1738.4573776305776	1819.0628072317716	495.28834530755125	-1
?	-1	0	46.736955975499484	-72.20210991813997	831.7278010718493	244.91085038917498	1646.0930149315072	726.4956620577083	-1
?	-1	3743.2240809427904	45.800187265559636	304.07398641668044	868.7347417432143	-7351.729990426366	1855.3875903346575	3594.0696004356723	-1
?	186.16120404714218	4072.869580067443	61.94065529633372	527.7217050118486	464.1413015505257	-8627.786137844283	1825.7964949532934	-7703.925021384634	15.999460422926353
?	202.64347900337506	331.87024438660313	72.18627251615244	239.85712889164304	437.345434850994	-580.338006949091	1470.1913392654203	-7545.877791448508	13.680752350248644
?	202.75471626647257	26.939016632004112	73.93351174091605	-239.67616446274448	435.12440120307076	2366.7165351276394	1448.5026053808626	3605.619926886596	14.968834377231284
?	203.9904298349753	-4075.0943253293935	60.20246429301505	-241.8204456856071	555.6812616073777	7948.282411552698	1650.4723356097527	6056.519440916427	8.30744903386584
?	-1	231.14915295796675	61.84248945663552	198.51706383599992	832.5385217807113	1237.7504741612445	1751.3285774266883	-7393.9157022102145	-1
?	215.5478874828738	4051.476109673875	70.12831748481518	223.61732333420798	617.5687853154408	-6224.910783354947	1280.7765504992367	-14121.37001666214	9.984019791422629
?	201.57380548369662	-473.71281310505265	73.02335562334608	-148.27932536745183	521.2929826129596	-2291.8669313800324	1045.2600765935713	1829.6766785066907	13.58518184892309
?	191.86224682762082	19.005825496884952	62.71435121644249	-88.44501423974054	502.97543874643753	1049.7471178090527	1372.2603844245725	22748.08173009784	8.107424995985987
?	202.52409675854088	-212.47065907763937	68.60110491135899	228.0241191437145	573.780338503413	1827.6914742972965	2182.6641630984795	13296.582023449011	5.964834058454355
?	181.2387138737387	-425.52438603331916	74.11555717362838	100.5835940292968	594.3600124613037	-3294.32130489988	2037.0894855970325	-2821.6675566713966	10.513796167106095
?	181.24787745687462	242.84208007099207	73.6302846128239	-21.654727964388176	409.0642732584166	-3943.381777750321	2041.5807852649077	-8548.496992714023	10.449308740396834
?	193.38081787728848	517.7009324332892	73.03282077540895	0.09515800707020937	397.1909235737848	153.96906493522474	1609.6646359613253	3155.1930899167933	15.793176801111395
?	207.13292407853945	1004.4039317660144	73.63504251317741	-42.76328163145844	416.76272650517797	743.8877556818849	2199.3404397607496	14816.138087576677	18.14893189697808
?	243.6010144655899	1378.6451528138846	70.894656693836	-109.14444458341806	434.3853113578796	-99.27345647894727	2350.4715403401697	3526.3077096172265	12.197109199049283
?	276.06518171923466	1412.6806740423176	68.17782028400643	-60.38607242207802	411.79905368123053	111.52372476286087	2375.6558252416135	-1847.711759702671	4.8119517279225
?	314.2350481677068	-92.84549766832792	67.87535307273205	-25.488081421912263	439.9614975960227	-316.8536642415757	2258.085952355035	-4202.707421786576	4.72178099190709
?	271.4229068358182	-2428.18285126831	66.9034162129108	161.44048449107427	395.9563704691515	-1102.3025918707824	2165.5204541522817	-9541.373716275153	12.054642312581368
?	192.82590560428957	-1855.7515711145452	75.94737729728588	18.79965543182239	384.8463680024828	-487.8207106245553	1781.0172665412704	-8125.005248549162	9.991600710997158
?	178.63532828008962	-225.00848750585837	67.84339898450193	-241.81395847249303	371.5653349379234	649.34788080938	1759.2701917248178	3921.122636995418	10.30184188063443
?	181.5754812289965	-3592.706565601741	63.85667937366106	-47.51793612597556	417.31376204295225	3446.2272802889333	1977.073398391044	4368.616517708167	2.018660839037937
?	-1	652.5028274353296	65.46750217820312	221.4367345148865	543.8766989523725	3346.9665381080904	1977.7010176102292	-10132.965912754318	0.9017278496873591
?	214.20062260076344	4047.760993260477	74.92851609940554	204.7597073035967	584.6620889483592	-393.33731584855866	1470.425102753321	-14719.894043278951	7.958598537173463
?	201.38804966302672	-291.1258978868606	75.7054875433831	-241.6142924072626	524.2098331599443	-1254.8507802622184	1241.7063154462712	-2981.658576165308	16.582172781737565
?	199.6443277064202	-20.46766327807432	62.84780147904224	-434.9827387115139	521.9195499352474	1256.6812566521573	1321.3421739450534	2152.5205880364742	9.089680712346155
?	200.364666499123	516.9975884628707	53.956350607807096	-76.85589438042119	587.0438959925531	240.74930222689886	1349.3323448480965	16957.167661299227	-1
?	225.4942071295641	398.19688457464224	59.005006760021125	387.6436213920225	533.9570150465925	-5880.969133500332	2169.200557010027	16836.74026829095	7.504766117272249
?	220.2745107278554	-245.02781746647477	73.3385316774085	191.18221011056445	292.9954393175323	-4224.975783681164	2191.169358262656	2995.7086933656074	17.269147182699875
?	213.2428162562402	-134.47854234375123	68.56411726554948	-360.8040578549379	322.70822586253126	4497.718771822943	2318.9859916783093	672.9315811648753	17.92483015376409
?	213.55058361066773	-4284.856325124743	55.298328784661344	-240.07345986339516	517.8813779086827	5458.102786334373	2224.8159373209	670.8300198162847	-1
?	-1	-578.3177440488496	56.560444272379556	252.60744110829646	595.6133651792538	-3618.1234476030645	2352.527492669124	-5497.8066514198	-1
?	184.63469640822484	3700.882006917019	67.92870084007635	445.0830207771434	336.9752055285269	-4282.8123319410415	1949.9256047499061	-20433.885023052575	16.352822051704933
?	184.0441003458536	-79.33762792330585	78.81459531123704	58.73783468498973	381.47274858219873	1385.6020788088535	1330.8332415164807	-17442.504346324473	17.95618336318779
?	180.6678150120595	-61.73899890175645	70.86559257432587	-306.9382273196577	406.25530946897055	1954.2141863959928	1077.80038743367	13048.387132718337	17.400151916164372
?	180.95715040076573	-3633.3563002411383	63.46768394525394	-156.76265148894862	479.18345790199976	6146.341439142575	1983.2525981524068	22136.2837924067	6.854551466541393
?	-1	12.897807003174465	63.02745999987833	143.53819951020336	713.5723814261037	-1884.4721421035654	2184.6145770540206	-6293.585040441382	-1.732297420934858
?	181.60204075092446	3478.9705728688723	70.64459392076421	40.53898464119839	384.95985079682015	-6896.773478872748	1668.5733461303332	-10059.522906086548	11.252730542672403
?	172.94852864344608	-195.30263333423994	65.05440923193828	11.068898371234026	368.7337074824614	-435.5760958986429	1681.638431749686	7430.664539449121	11.6455999857301
?	171.83690908421232	57.88807819816358	71.19803883932592	163.06187281248918	363.1810460018877	-65.0606617515259	2040.1065731027945	7122.969001057435	16.346794996300567
?	175.8429325533543	58.542516256871714	73.20750287256286	-196.59751153237158	365.48067439488506	-300.0739127906152	2037.786881802563	-2149.277406816365	20.82495844710038
?	174.76403489705595	-179.59805678362926	61.3681632627072	-159.21288243296289	348.1773503623567	1692.3925582576985	1932.6427027619748	-6864.366486219786	-1
?	166.8630297141727	-1863.9562983624805	65.2468587509146	183.6683808248173	450.1003023077712	6862.944965415427	1694.5685574915688	-12444.949574981189	2.1103298180278274
?	81.5662199789306	-1417.0232589406442	70.5515823039482	34.17395893641222	691.324598633133	5048.547653720348	1310.3952240129065	-9601.697062603662	2.9659637788371436
?	96.0118667671395	2002.4446908764219	66.95555669773523	-155.77361621606477	702.5276849937922	-4104.213325463486	1214.4837043613788	-3154.2846858431135	3.1307716775196095
?	181.68845452275312	1800.2810197853958	62.762901493144845	-272.5125956620067	486.1139323599557	-3603.2099225508123	1152.6809897207486	2166.785782971566	6.152767314393489
?	186.02591775641056	-3653.7690904550104	53.329926914634704	-276.60128620124857	522.367188866249	4142.936712953165	1322.8229935099587	12707.1161820705	-1
?	-1	-3740.518355128158	48.93283718308222	-133.4027624354561	693.2607680076169	5476.814777642168	1788.0367988242826	10815.56347109574	-1
?	-1	0	46.659788792861804	-67.58257153622583	796.2079277483613	532.6556971750657	1863.6011670647533	-1774.237754498415	-1
?	-1	0	45.55370860627088	-52.16843153379412	719.8935528663706	485.29180297297665	1699.3249110993606	-1849.1540741780373	-1
?	-1	0	44.05136721617206	-16.447000624419466	820.4725178970105	-502.2418358799288	1771.1434633558501	3693.8845386729213	-1
?	-1	0	44.731358575049896	15.78925604370659	694.7814610723738	-1826.980801193139	1884.0191380330093	2365.344453069504	-1
?	-1	0	44.8408300183574	63.35901010907899	729.1234778373522	-122.15246574015336	1889.410686009327	405.54180147556843	-1
?	-1	0	47.89930908050389	178.25823031839707	688.673837785366	-758.9806733560027	1904.296228106788	947.7585951438234	-1
?	-1	0	53.75374153427738	165.20384646363246	691.1744441695515	3504.10109129351	1936.7986157665189	2601.1970911897192	-1
?	-1	0	56.15950140368563	77.5723770584695	863.878892350044	5686.69550332584	2034.3560826662758	1098.9178655972798	-1
?	-1	0	57.63236038720091	108.63779035592133	975.5092193358476	831.0114687692949	1991.7445090463837	2123.5463097217707	-1.846672780161177
?	-1	0	61.591390921481775	105.222820050733	905.4294657885093	717.5388608510241	2140.533398152366	4158.721718848947	-3.269516373395896
?	-1	0	62.89350138973764	-96.26673504307524	1011.3861623783993	-5393.701821531734	2199.680594988834	-735.4018396868364	-2.940533406405878
?	-1	0	56.778054169327945	-256.7791855797343	635.7443747119188	-4647.986964257431	2103.7633061680235	-1912.8290082584954	-1
?	-1	0	50.05454211075074	-204.41965435318474	778.9868141655244	3350.6632921701635	2104.039144575908	-3395.5391834828124	-1
?	-1	0	46.55707145166856	-104.96305355277094	803.2775393204294	407.14930501081983	1933.9863469938805	-5623.427182057164	-1
?	-1	0	44.806389433112116	-23.75434569920353	799.3442794160657	1104.936383331449	1822.8677854730456	4954.355121037527	-1
?	-1	0	45.36935416670837	11.88043855245593	858.5243584870026	2808.4746518929646	2181.7041030457603	5749.015365636337	-1
?	-1	0	45.40041136073492	-40.42128773065726	939.7680120107159	-2308.3411310998704	2110.3185537548666	-2813.570716956361	-1
?	-1	0	43.34828978017548	15.343433258590048	743.1073019320074	-4033.6033363934525	2041.0255671979403	-2537.140271247136	-1
?	-1	0	46.167583023664434	53.34181164546687	738.0878451910404	7491.23294680029	1983.461540192508	5975.10314251848	-1
?	-1	0	46.01538036244886	50.68775543336371	1117.6689492720272	11082.753794551172	2339.7807243238685	8610.88994565847	-1
?	-1	1877.0330370828874	48.701970795332656	365.28254241100973	1292.2255349186069	-13194.745977737537	2414.0060374754376	-6948.974688575946	-1
?	92.8516518541457	1775.096023027699	64.2795074829996	444.57961565073725	457.93165038514104	-20350.827376082645	1992.3319898950663	-2295.1905719847073	7.120400108505383
?	87.7548011513862	-207.61970337466	70.93095157786983	67.42164557228865	274.6841661144601	-3031.0965003594324	2299.2465088762006	-1609.268189301906	13.408606644065506
?	82.47066668541255	-173.97478570389475	67.65058976161409	-186.1754866181048	306.37682536716727	2061.11684496294	1911.8685804299698	-6271.417531640288	11.498679207145823
?	79.05606186619134	181.99766046032462	61.62217724696446	-1.241117456417822	377.74000836260853	3006.9440041588014	1985.6756322941817	-2869.6486351342946	10.012592532083342
?	91.57054970842891	63.24278074317046	67.5885338887932	157.0423555928473	456.72402557510947	2045.7964859145345	1768.386148673253	-18165.762503546917	4.800541994072328
?	82.21820090334991	-329.13894019262204	69.47429502660694	-151.79585159509313	480.0298326583367	2740.9962016908876	1077.387507116823	-1295.8967130874223	10.089690118540982
?	75.11360269879758	377.5233388509827	59.99874130903843	16.492762396984283	593.7738356596558	674.431365028757	1703.591313018881	7190.474124399778	9.316566464791082
?	101.09436784589931	478.5341795840637	70.29893314645616	227.22396194514945	513.751400909775	-3613.8296671416865	1436.911213336817	-3044.4839595495137	8.507343175193316
?	99.0403116780011	23.21118353165043	71.35993940629606	38.84922381092737	413.0823523025689	-3507.424397952492	1551.3671150414032	7827.218929438666	13.78330887797182
?	102.25492702248185	-21.409360510935166	72.24139433700256	-131.518346977992	338.38018101214794	8975.423430872279	1828.2721598087558	14575.676840270706	13.565411275144545
?	97.96984365245433	-2065.0985404496078	64.78402205739637	-190.72892209762387	861.8535238461892	19019.80135267858	2280.150957054949	17029.150875934436	9.198591681005263
?	-1	-1979.3968730490585	62.70494823212123	-210.00452959924033	1289.3702486460904	1015.0086832402477	2679.7297036054897	-4065.6009008147034	-3.095819590226455
?	-1	1680.2199804156908	54.283795577434205	64.10821092430902	912.6039580082023	-18529.868080416327	2076.8709120142107	-16365.6763981048	-1
?	83.01099902078573	0	65.91035877833673	133.44135513129297	362.87684462526096	5542.586457227909	1861.445883700238	8095.666138892069	9.541641306867204
?	-1	209.32242028225758	60.95586333399895	64.56580338441448	1189.7332808696017	11109.486868626496	2481.65421895882	1372.0004648843756	2.7945304769023767
?	93.47712003489876	1715.5512195591625	69.1386489475575	273.9502168032494	918.3511880565937	-12355.640112938087	1930.0459069444578	-16321.670790823558	2.482371553873977
?	84.77756097795934	-259.8062185221346	74.65337417416161	-166.7807722418447	571.9512752226885	-6927.507605558884	1665.5706794176303	-6280.402292353808	7.776455844709358
?	80.48680910879185	-1715.5512195591625	60.79961033546515	-391.1703265235162	571.9758077786446	179.97509303706892	1616.025792326763	-412.27609025829094	4.571604176981642
?	-1	620.6504362903299	55.09485784798552	172.86838703015445	580.9500298745421	-4967.680961129265	1644.9568749047155	7667.557551503155	-1
?	111.51933092330879	2053.066467138189	69.44302968697299	128.11544210631882	323.5917597221778	-6049.5936940746515	1999.4036699019262	5712.39947429172	5.878550343982437
?	101.65332335691092	-418.04771426381336	61.500629953301555	-80.00281586144752	278.4703451708052	3377.4641675021617	1930.5768486193056	985.7348054383916	-1
?	90.61694521011782	-2053.066467138189	65.44288889390056	182.9983056210693	492.4649680972883	5238.797335948864	2048.6904101738464	2504.569994592076	1.9103318209362021
?	-1	-1832.3389042023302	70.65054523435515	-152.55972462849297	540.4102119682522	1246.6696175279212	2055.805348348911	-201.35533302892495	2.6774973823456625
?	-1	0	57.8149026624758	-280.335903141158	554.7984489736853	-370.67203263711843	2038.6226435224	332.57828652975587	-1
?	-1	1620.3827144481547	56.63375007729705	138.08052306981412	521.876610336396	-3750.596056722063	2072.434262675399	-7159.554194972869	-1
?	80.01913572240889	1727.6443571128796	64.7189288159666	142.16744483179437	367.2686461375794	-4172.079976822507	1680.6449337737515	-7234.6883297831455	1.6649554308584023
?	85.38221785564521	203.56746510729062	63.74212231888687	170.62679564019518	313.27261149526765	225.9658519067286	1710.6998461862368	4968.361818168498	6.160779049855067
?	90.19750897777357	172.92568461552304	73.25026859797649	188.0777068495367	378.566938732916	1822.5669397376796	1929.06302468218	4845.784952041712	13.495858744126703
?	94.02850208642148	50.78230151544928	73.14600766136384	-199.009994186019	404.40095848215293	-32.30218483136422	1952.9890937883258	-818.9286880413349	14.07796772055838
?	92.73662405354607	-1900.5700417284027	63.299768888675395	-362.6145623050925	376.9518294913478	5406.189938968552	1888.1165902801126	-435.01155125821987	5.933167225450604
?	-1	108.325682407952	55.01527954610896	-99.22475722093354	674.7104554305844	3203.8649202397073	1931.2385162254145	1512.5693944582201	-1
?	98.15290817394374	1948.3377136863774	58.33853102762865	355.97823392545996	537.1450755033354	-5977.567335254924	1963.7450600030247	-1069.589412159515	11.657697641690358
?	96.41688568432025	-88.92119248147269	72.81419124238221	130.83488552142612	375.83208866783394	-3258.359344696833	1877.759045617438	-2472.128161850534	12.90179750878553
?	93.70684854987005	155.27233567489537	64.88027530370005	-14.352258733880854	374.22710826849146	2873.032968929141	1840.1386519104963	-9745.371066513155	3.6765117095257858
?	104.18050246806513	45.78903614944798	72.09657830568816	217.00761136492335	519.483737114293	4979.103091281864	1390.4904922917733	-13025.686516066658	2.5628564888731646
?	95.99630035734248	-264.8931821799976	75.73065587194637	-147.31003978436053	623.1822628325882	1857.1053717640766	1188.854326107154	-3488.9719338484297	7.5619157825316226
?	90.93584335906506	-325.9122764020051	64.73107631647002	-189.70119081280487	612.3390057024982	490.4404784212873	1216.0418955993493	2223.7049237104343	2.579916344482865
?	79.70068653724199	-269.6381959638889	66.24559633130599	-55.21866110611647	647.7042867536529	1554.8233428912142	1300.0395722926773	-2150.494697079777	7.351868144941133
?	77.45393356087043	-1614.013730744817	61.97014326116416	-199.6759092294971	690.08017284706	2964.1666522368528	1108.517160745359	12815.04682647816	3.5284425511451682
?	-1	-1569.0786712173863	56.26180086983099	-212.5426159310288	795.9126193654977	685.4302553186533	1940.7919136165945	13970.285142655744	-1
?	-1	1858.2596206021408	51.34301246461257	-0.3162044816410469	724.3516856129932	-4523.812216950813	1807.0314178781562	6998.502750915492	-1
?	91.91298103010836	1677.3300736458737	56.24599064574894	272.99750805442284	569.7220085179538	-7726.382172587858	2290.717051162374	4159.817701843303	-1
?	82.86650368229488	-264.382382303695	64.9928878673339	171.29355207284303	338.03257698359477	-4636.217335080026	2015.0223029703243	-6400.278957756177	4.973892380376937
?	78.69386191492342	-95.73980052409615	64.81066824939121	-124.09537748723943	337.9111417639492	6345.1109536689655	1970.7031032745606	3557.459373989172	9.083156936774621
?	78.07951365609	121.10787419852299	58.788118992971846	33.99434237186236	655.2881246670476	763.2001807750231	2192.8952716697854	3439.2732454349803	-1
?	84.74925562484965	93.75967699535019	66.51038536798436	247.47075817589848	376.0711508027009	-4186.625291005333	2142.666765546312	-2051.879795516259	8.107514112805202
?	82.76749750585758	-68.25531364403634	71.16165690176695	-63.821646094973175	445.95686011677793	630.8346078018122	2090.301281893971	-1370.5455692418113	13.158974922741294
?	81.33648994264779	-1675.3499501171277	63.31930306323565	-434.5838054403702	407.612881192792	339.0447363795235	2074.1394870842205	-605.7647932131026	4.903706573026694
?	-1	-1646.7297988529324	49.43246662974813	-90.83380778984603	462.90909693575435	481.78560552928275	2060.0130422333154	-3417.1222727242016	-1
?	-1	1806.6275793769366	58.777612673743285	375.7122429038207	431.70216146925645	-2968.8237669025134	1903.283373448008	-12845.93264416998	1.814131419810161
?	89.33137896884811	1738.0981121764648	68.21807877493943	246.47493300945746	314.46790859062656	452.0893419137637	1417.7164100248074	-1118.9090274770228	10.774269576537794
?	85.90490560882448	-200.86946813136706	71.10135932421633	9.757304261833472	454.30662856494496	3944.7356870333188	1847.337922074156	-12579.024734023147	10.491966157552305
?	79.28790556227962	3669.1217528673283	68.70594398803111	-252.5242073957089	511.7046929422953	1426.4531851786503	788.7651733236411	4564.194043554684	6.9267282825718794
?	269.3609932521935	-1605.7581112455696	58.47514895443071	-280.45185073473857	525.6292878238785	2509.281835310727	2075.5476242518935	24858.672910712077	-1
?	-1	-3773.2244913155055	54.68335145129398	130.67586547184945	637.1687847078334	241.0144397101919	2031.6988188592625	884.2214278867742	-1
?	80.69976868641555	0	65.00894222802327	76.64551196613009	537.6800098093883	-536.5376445453663	2119.758695646233	-442.9851142649596	3.6727949575936587
?	-1	287.8162135443772	58.51562704960054	-111.43026752065792	610.3419024805647	2060.9522078990794	2009.5495631460142	-5827.350854301884	17.442915983945532
?	95.09057936363462	1904.966628201727	59.4374288519903	275.9869797846691	640.7276202043437	-2298.8675340637114	1828.3911529311345	-4466.350388923124	7.024013616199969
?	94.2483314100877	167.48722224210002	72.31497603883419	200.058828070254	495.39852577737753	3224.118636836144	1786.2320436998548	2515.7397965565638	6.86610359766951
?	103.46494047573974	798.3925558072468	69.44037025550314	6.888399702015606	801.9335520461532	-2624.3908649920922	1954.1781427589644	-4939.373887730883	6.769118950913336
?	134.1679592004506	922.3289176980833	72.65939602393497	80.6501256962383	364.17898252777104	-8068.8271411942915	1539.2633493133071	-3093.547197516424	12.467101012012225
?	149.58138636064456	197.9410212791618	73.47287654031511	45.56170209768559	398.4921949864329	728.9645448159	1799.500782883141	9443.390122067993	16.68319677912937
?	144.06501026440884	-520.6029834857907	74.93748112881929	-36.61689515317453	400.62720976856656	-1290.1269701407612	2011.4328554167134	4018.0176152587383	15.937678510970063
?	123.55123718635465	-958.2127693252238	71.64203178265636	-157.87229782673026	333.9858464793939	-1956.1342367150332	2000.4016636460808	-1603.848517041638	10.795934138961588
?	96.15437179814697	-863.1997881112621	67.04386623748266	-52.3508776356125	302.8204979328135	84.72395697975905	1931.2404295646304	-3258.1473050843206	7.038733988964987
?	80.39124778079093	-367.2558542883327	69.0244879008757	74.23836725976807	338.2220443283819	1955.4008689308314	1837.4942983918625	-8838.67692401933	8.82571787447348
?	77.79157908373007	156.66611378000545	70.75578460047112	38.6249035871049	400.59054137935647	2359.087111084304	1489.3065833636576	-4347.198677076123	6.107758428589696
?	88.22455346979132	202.3091611590422	70.95573308023097	4.825370802003522	456.1763998825988	6310.670443739007	1620.1343645380532	12122.834764581527	8.365580032166669
?	87.90703714168232	-57.87208909175237	70.9970531405713	-95.78388878599361	716.1240635663113	-1469.3364107708676	2095.4483215927426	-5606.418202728248	13.389340901618272
?	85.33094901520366	-1778.1407428336213	66.16653864093122	-339.83831599946274	382.70957934405436	88.36099983525503	1339.8134544016368	-6901.198544204141	10.580534389298322
?	-1	240.80402516150627	54.00513734059792	-35.956375350547546	720.5421135580741	3053.1644074972232	1750.3883943825306	8369.955351138746	-1
?	97.37115027327914	1607.445052928904	64.36871987340382	313.8732139809857	535.3677997189177	-6823.294779349706	1758.31122195858	8.745490332034809	3.1864440087627077
?	79.37225264644634	-1967.423005465555	69.69879803964743	-228.44088531511477	379.37737459058394	-2028.566025666965	1750.8256688991323	-1534.8554204311504	7.696987813638503
?	-1	-1607.445052928904	52.94667560764792	-353.6514970567722	433.939498435568	14823.935160888008	1681.5684509370215	14.231160819553931	-1
?	-1	0	52.01622318680857	7.665069710961096	1120.5741326349948	8374.535163628783	1751.53722694011	2465.7236079030067	-1
?	-1	0	53.32992909319598	48.215274159144485	852.6662566170131	7814.018683386524	1804.8546313321735	7349.990249203042	-1
?	-1	0	54.426986894765825	-19.883853962298303	1511.2750668043266	9470.575177952118	2119.0367394002674	8037.822635078732	-1
?	-1	0	52.33573639508105	-139.2388027910701	1326.1950155146258	-11407.572916447267	2206.745763086116	-2033.5280725362584	-1
?	-1	1681.0011624786682	47.46504675521222	125.62827197573858	940.8964209819551	-15836.901355851778	2017.360335773453	-5271.559590262603	-1
?	83.0500581239346	1756.9025825710385	58.61714999386807	464.2536833223901	534.3499477220256	-13644.331249354993	1943.167783572982	3314.9463724810385	6.187495694327094
?	86.84512912855317	29.54184396414363	70.67773092133206	289.44095195853424	258.6798585141958	-5743.046513496511	2183.1076543975073	4846.7680206584955	13.984188013846147
?	84.52715032214181	-68.62097098213455	73.08919759179499	23.739601336323748	247.19762204719598	-388.2089332819165	2185.50618460591	39.19417298023235	22.284302846863806
?	83.41408057944639	-25.477077917183443	71.86471098814826	-47.195400679865614	239.26941185009971	-256.23175622761073	2185.067363046519	4.511337648391354	23.87103074014513
?	83.25329642628262	9.946388251704121	70.72942755780167	-39.43071855386763	234.38603423581526	1092.6833124341235	2185.73175148833	-3515.67357873148	21.23873685407961
?	83.9113999920316	-50.07330061461701	69.89317506045485	-184.42802647572017	293.90357747180667	1399.8806413982056	2009.2836841099424	-3848.107224069636	12.518328864709668
?	80.74963139555173	744.2345586377626	61.50802623401553	-247.3612254991433	304.38006630572653	4599.568329276964	1993.3263902848453	-3675.54353076451	6.794493916530765
?	121.12312792392026	287.8168491766043	57.52511378549751	173.4178229852865	523.8819939356581	1414.4329026678433	1825.5065075717143	-5086.356348613118	4.61256834042195
?	95.14047385438215	-639.552503051439	70.17891738327998	304.13778714162754	375.1017114391197	-1758.9444151463158	1739.0085728541858	-5993.143046488186	7.311068132025194
?	89.14550277134786	-208.3858029959892	72.7320031425791	-15.269349991611204	435.93477317834106	-1834.5365182399973	1525.8493552473008	2793.3342795313697	11.468528116534824
?	84.72118370458254	-133.90030378539998	69.41544988369941	-93.11769221147709	283.3748855271185	-3554.2763936118395	1878.6752868307562	10167.470384300355	14.020606317684662
?	82.45048758207777	-124.61674751815472	68.07611853200518	-83.95547326297839	258.22095349774656	-204.70028999101652	2034.2228744623258	4899.492486604889	13.721608267646962
?	78.49034632867472	-1669.0097516415317	65.21767622055043	-157.85704044400606	273.13987102756755	4049.062510102852	2123.649911161004	700.4827589910283	12.112580163488154
?	-1	-1589.8069265734719	60.18326650980477	-51.0320317567931	460.67407900289203	8686.928630723514	2069.2470124118777	-135.1664121134653	0.16412146811262354
?	-1	2092.834035554344	62.66607463271074	118.07001887590505	707.4863025637494	4053.8532952035853	2116.891590555331	-1589.0356907866183	1.2320756895055924
?	103.6417017777187	1960.3706983393715	66.0867674536001	267.4177582071355	663.3667437630742	-4840.4838599536715	1989.7952278725456	-7249.663655360307	3.291666410614811
?	97.01853491696997	-194.1709850969364	76.0369625430677	216.35879823794602	465.4621095660624	-3978.702124316781	1754.4084077873104	-3727.404708592946	12.887500173839499
?	93.93315252287174	-147.95698298663171	76.90470736549756	-81.51286756688106	464.4316375472323	-476.29281085039	1803.4249924428957	-960.0348803981387	17.41824806866203
?	89.62068576763828	-164.7037393442272	71.96131916472359	-144.3983320314842	441.64746902354256	-3543.4937558622	1706.4066637674027	-2225.2268426910405	9.143538452713484
?	85.69796555566026	-76.96641404612426	69.68479076392325	-44.59985672852178	287.2569497541198	-2838.1238628265164	1692.163650308342	1534.754849621223	14.561529142112303
?	85.77236506533201	1711.1657969866624	69.73132632829747	-84.01317728303604	299.7412758822147	3228.553600888035	1783.144406248465	-1138.6184863586843	13.237086878285899
?	171.2562554049946	3331.7981478925403	65.48413189977138	-191.6907984914901	448.6846297985238	3467.754510475556	1635.232725990407	-1463.4273238139551	4.1314267327711836
?	252.36227245996142	236.5781952955445	60.14678640372283	-9.552040532010587	473.129001405995	537.577487343198	1709.9730400577662	3049.0268507762926	13.000890112675279
?	183.08516516977198	-5047.245449199157	65.00652987317085	-1202.9357280744396	475.5635041656841	-9462.580028119764	1787.6840685292239	-34199.46080115484	4.670988725968692
