rowLabel	avP	dP	avI	dI	f1	dF1	f2	dF2	h
?	-1	4028.2262103682233	68.09407467870052	1421.898518925434	905.9233581535897	15980.97575092142	2006.7373843577047	52192.280805007926	-0.5172405162251753
?	201.41131051841117	3814.3703827593376	71.0949259462717	128.79214607834228	799.048787546071	-7877.277979758453	2609.6140402503966	13525.095308583432	-0.2965902704850436
?	189.7185191379669	-912.3291739603089	74.53368198261764	91.2277081904625	512.059459165667	-4647.221292489245	2682.9921497868763	-20908.98536549999	5.3401645741407915
?	155.7948518203957	-811.8005611452352	75.65631135579483	30.92978801469571	566.6877229216087	2051.2183189881857	1564.1647719753967	-20009.66446584619	3.98104200313202
?	149.12849108070515	-210.73510885382183	76.08017138335242	-66.42152986507939	614.6203751150763	1352.9478023266304	1682.508926494567	15726.170268374943	8.221286906079094
?	145.25809637770462	-3002.5698216141036	72.33523486254086	-145.25031850835464	634.3351130379402	5266.00634098255	2350.4732853941437	17487.41990100331	3.416867268813725
?	-1	-2925.161927554093	68.81765545793469	-21.038079479198476	877.9206921642037	1656.3662262118219	2556.8799215447325	3412.562625678721	3.1690383153819957
?	-1	0	71.28333088858093	97.65887546777239	717.1534243485313	-4757.571203566368	2521.1014166780797	-20677.555555792318	1.7512283534515547
?	-1	3143.553985367605	73.70059923132331	154.98181285661505	640.0421319858854	-4293.528677216799	1523.0021437551168	-17509.62254059632	4.088830905546031
?	156.17769926838022	2688.267956501888	79.03242153141169	2.765175065654262	502.4769904876914	-3842.4457562598714	1645.620289648264	3374.0217880160853	6.719877911766396
?	133.41339782509436	-877.2136784092596	73.83885798460602	-278.3173146771225	447.9198441728918	-382.4287935861249	1691.703233155921	948.6383644386516	4.685061500614773
?	112.3170153479172	-502.1190120684467	65.11655579755555	-48.177470988819906	483.35555080838515	-578.3937325050187	1693.0522078701965	3904.2574833109084	-1
?	108.307447221672	-128.34302704059485	71.42998443516503	88.67365667218357	419.00015754764087	-1157.0540396569345	1886.9161073214666	5056.028653248654	11.20989361404828
?	105.89986399588746	176.1258783940333	69.55023863116473	51.37587861883755	425.50284882553836	1836.312402916105	1945.8536405326295	-7568.050161966815	11.557116351755147
?	117.11374114137368	724.3713599099842	73.9987783661069	115.832725360596	510.8157776934462	3651.2158468790517	1508.5135992231255	-18953.798048355264	2.734498274120854
?	142.1184319913867	400.0768218152725	75.34187489919454	-49.754460934193744	608.0636411694911	860.782967439499	998.1637381148654	-9028.08857147793	8.411566194229675
?	137.11758223213732	-363.4186578143825	71.51105531939722	-109.01929997602072	553.8549260654212	-651.425934334772	1057.1091706492286	6395.569402468646	9.02134807664431
?	123.94749910066756	-455.13141123029203	69.8909099003935	-256.4230641747574	575.4923444527525	4501.240458234844	1317.942208238298	18478.142234720854	6.620854682048288
?	114.3610116706227	-2498.9499820133487	58.68990211065933	-273.703333848046	778.9169489771635	4674.576859938625	1981.0162823852722	16987.565651854915	-1
?	-1	-2307.220233412457	56.20574320799118	220.8458571213518	809.221187449684	5525.929890481108	2167.3204908310445	9959.629341484833	-1
?	-1	0	69.73219496672691	205.2933975844496	1055.2134435012185	11045.741319347964	2478.997749459513	5652.429579452522	-0.3276423742667485
?	-1	0	66.47041308721367	-303.2684464504777	1361.5082534170826	-4070.6746624477737	2449.941969803671	-6247.488802175752	-1.2699699865641636
?	-1	0	54.56877264420301	-316.34076273583247	851.6797103788297	-3506.0865183353885	2166.6233093507253	-5097.0471387033695	-1
?	-1	0	50.653374950422034	-46.70397726079865	1186.203927500313	1180.8031668265028	2195.089612868502	-3825.4936460866397	-1
?	-1	0	52.233573781163074	30.217878929509936	910.7198687201549	-5615.0003918732455	1975.3486270463932	-2800.834780745761	-1
?	-1	0	52.16426889689753	34.17629400959595	905.4539079066506	-4637.8628573364385	2055.047873831214	-485.3764393599563	-1
?	-1	0	53.94238848164287	92.82086350761566	678.8267258533327	2539.4936241209166	1951.0798050783953	-4306.651516361263	-1
?	-1	0	56.80531207227832	60.09905010115227	1032.4285891126965	1859.5550361154876	1839.7152980131507	-4075.905068484786	-1
?	-1	0	56.94734098670049	-54.47569973663216	771.8044776591072	899.326624559507	1747.2845516541558	-57.79502265172136	-1
?	-1	0	54.08152708544671	-89.32853895148332	1077.394920340672	3985.741654332106	1836.8255468805646	3735.9840168159612	-1
?	-1	2200.7901654428542	52.48091403912632	23.309876595932458	971.0915603757127	-11295.292633988722	1934.083752494954	-1611.1161783780094	-1
?	109.03950827214281	2118.688477675021	55.24702091524333	297.65523633179185	512.6302886412353	-13009.272471303546	1756.269737961664	-3902.3107175091864	-1
?	104.93442388375115	4.340153248437272	67.36367585571593	313.4902001178519	320.6279368105349	-4023.380338100619	1738.9682166194946	-148.32237703608357	19.02659002179406
?	109.25651593456467	259.1569242707005	70.92153092113594	105.81517222344861	311.4612717362042	23.852427895532152	1748.85361910986	-3063.0414555652505	16.299755286368075
?	117.89227009728619	125.32868293646305	72.65443446688836	19.328602277776934	321.8205582053115	1469.6705880863826	1585.816143841232	-1447.4048418403968	16.731635380995904
?	115.52295008138783	-178.05734540273374	71.88796103502479	-173.75693241481372	384.9448011405234	8544.57961728071	1676.48337701784	13230.79622334267	14.153620903882887
?	108.98940282714949	-2330.459001627755	63.96658784614767	-72.1962341444037	749.0495390693474	13502.937892844217	2247.355955008366	6651.575619668282	2.4659986810620245
?	-1	-0.9260468383484969	68.2781493278046	21.030307946841855	1060.0916957827349	814.0257504564299	2009.0621580012544	-3695.092116012153	2.673349164520087
?	108.94310048523207	2187.354161952111	65.01810324348976	-36.71661499643417	789.7508265921689	-6652.023580710496	2062.601349207758	7793.767675199571	7.437024451102549
?	108.36770809760566	-2198.862009704649	66.44231857798289	61.653919677189826	727.4905167472098	3883.384502729873	2398.7505417612333	9076.033782414412	8.236167123400453
?	-1	15.594630951837926	68.10079922734924	-2.241146553086545	983.9200517286619	-2200.6476790463885	2516.403038328477	-7883.9407940896	-1.9283584987827458
?	109.14743964519755	2133.9145027825234	66.33026125032856	-202.94961031015362	617.4581327948907	4241.697365657236	2004.5535020567547	-3356.7886852293605	3.0687058947603476
?	105.69572513912578	-2202.9487929039587	57.9533187118416	-297.2574588706184	1196.004920011523	9503.086663894846	2348.5636040670097	4882.9979685529215	-1
?	-1	399.96488602283733	51.467388306797694	116.37628232242689	1092.6124659896313	-4891.962377992442	2248.7034004844	-4186.767379730314	-1
?	125.69396944026758	2371.595814103441	63.77213282796292	400.6816584285865	951.4068011119017	-12454.832033934776	2139.2252350804947	-23861.282376817882	2.2585887245586096
?	117.57979070517165	-288.19571683237757	71.50147122822695	98.83731247058059	469.8708642928948	-11661.940399374393	1055.63928164351	-20263.42115433779	12.984278008547964
?	111.28418359864875	-70.3837644998944	68.71399845149193	-279.5454559817847	368.3097811431842	4994.356969493956	1126.054177363609	20714.815556464382	13.559185559221262
?	114.06060248017694	-39.007416309541014	57.52419842913776	-202.44119521596033	719.5887127675917	18559.86888229562	2091.3800594667255	29249.19837765603	-1
?	109.33381278317171	-13.872465896057001	58.59193869069395	83.06157743624327	1296.303225257962	-271.23279873634016	2588.514096246405	2583.5952813308904	-1
?	113.36697918537409	153.50650286891263	61.67727730094991	153.01003851351365	706.0270728307747	-19661.091768078473	2220.5598235332695	-4951.945660436931	-1
?	117.00913792661731	-97.72467087618685	66.2424406163696	-15.439112226378084	313.24863685404176	6589.172478883391	2340.9168132245595	5061.995698985938	18.091876968594292
?	108.48074564156477	391.56274872534846	60.90532168963101	-51.81261627283722	1035.485696774943	19125.54263861795	2473.6596084825655	2815.0030310189604	-1
?	136.58727536288467	190.36803540099254	63.651809802727755	188.77815899335712	1269.5257687849357	-13022.346684235968	2481.666964775507	-12427.28028312167	-1.0985121089995613
?	117.99914741161436	-758.1793036691012	70.34422963929883	-61.242456265286556	384.36836256314695	-17220.088190028495	1852.2955943264842	-10049.47076022765	7.480566371565464
?	98.67831017942974	-2379.9829482322957	60.58968698946344	-291.37851756710467	408.5213592835142	13400.760154516212	1979.1934267641263	5933.092289555873	-1
?	-1	391.54021593658507	55.77530376094365	4.418522847826994	1054.4063702889553	7265.067025925446	2148.950208804277	-5175.854127828388	-1
?	118.25532097625893	2183.163655601883	60.81061313185479	289.39450505170817	771.7747105797852	-13318.055169035382	1720.4007203727078	-9677.337042777519	7.489239105984713
?	108.15818278009375	-9.00889400809351	70.245029013529	35.85922872387455	388.5036118371885	3250.6305076903186	1665.0833566654026	17765.887667075585	4.33270343663587
?	117.80487627585426	223.0044885745968	62.60357456804851	43.60417539015502	934.3062359643005	-764.155857525921	2608.695103726484	7260.4847504562285	-1
?	119.30840720882355	-119.41829420871258	72.42523778303675	139.07291761010788	350.2958189608926	-11843.979944056238	2028.1075941882127	-19542.709730848073	15.902298409831838
?	111.83396156541865	-23.065547745775145	69.55722044855388	-113.83076225098262	342.1072387614907	146.4993433456885	1631.5596171840837	4384.718172932168	17.107577119012703
?	118.1551298215348	262.95074067474536	66.73369967048764	130.3349920130184	357.620786128177	1557.402460162982	2247.3435028348204	6114.929035838349	9.471067985716061
?	124.98149859915587	-48.06537204170513	76.07397004920478	21.392774084593572	419.9773617696395	1703.259915175202	1937.306068976	-9388.00564779515	10.086464831709543
?	115.75186121944955	-497.0650359960047	67.80333837471731	-202.60131879644732	442.78378188693677	821.2568937142664	1777.9432204450645	-3507.1462723454656	6.087099126385218
?	100.12824679935572	-244.85487769554683	65.94390410938244	-148.4014154440349	461.0402064553527	-641.6088968703434	1761.9487553587273	337.4778307246118	8.541766096854088
?	103.50911733467225	-2022.5649359871215	60.383267602515595	-246.95380194015047	410.7033370434197	1331.6745856741036	1794.817111981295	1002.197262475437	-1
?	-1	314.869236039836	53.596214012374965	155.09744733626758	527.6239357390576	-1519.3061456037626	1812.058618482499	60.35749997196966	-1
?	119.252579136664	2333.1577307517	68.13813996932895	379.0760583589341	334.73802976323185	-4321.49821624001	1797.8349869798935	-5604.309592129627	14.270175213411333
?	115.65788653758459	-134.32655810074428	72.5500169303216	98.50907433497532	311.54902492705787	138.4671826457218	1531.8431388760187	-11204.613811900652	13.47990941237028
?	112.5362512316268	-79.17200608161124	73.0635936860777	13.756876791244729	341.6613888955179	2062.8640760516596	1237.604296384863	429.4743024838696	14.282388993755138
?	111.69928623350404	47.75992486477736	73.23786076988384	-127.39486183334992	414.6922287296405	-917.6815934945556	1553.316854000212	7373.4781508106735	13.47216477941259
?	114.92424747486567	205.0582902295726	66.69385059441022	28.474288495339223	295.7773092207903	597.022012575976	1606.2782039253952	5100.866733118269	14.73886798672136
?	121.95220074498263	-10.865074280961306	74.6615751946508	76.945774526514	444.54332935843917	4721.57928871811	1808.3601906561246	-1909.7960953616507	11.50533885332528
?	114.3809937608176	-419.24960635433314	70.54113932073591	-221.3812937062651	531.856273656695	2395.2195554811447	1510.788399157313	-8903.430427262514	8.244453437494432
?	100.98972042726605	-361.8475361979246	63.59251050933758	-184.3437799479977	564.304307132496	-2428.3747432552404	1363.1886692930004	3815.7748922851397	5.123453451479628
?	96.28861695092144	-178.95472518857054	61.32395032333606	-102.46892096685565	410.43753649393335	-3390.4820881864016	1701.5771437715694	10606.751097584416	-1
?	92.04198416783756	1630.5409796474937	58.469064460994815	-47.432290473693	394.7802027231765	5083.367127000639	1893.5262241722194	3257.000016411414	-1
?	177.81566593329583	1529.4629843754303	58.952335799651415	348.9113212032306	664.6058928439644	345.4780640949151	1864.4271445921395	-4764.93293489997	-1
?	168.5151333866088	-111.82023219007232	75.91463052115628	195.23222701297695	412.0541059279222	-5761.4055633488	1655.2795774272217	830.7597432191762	13.29226479160484
?	172.22465432379224	-3390.3026677321877	68.71394715030023	-160.6429560230913	376.5356146765254	2122.986365670783	1905.9651317530981	11244.685168699983	17.929385201584125
?	-1	434.9416001114899	67.88248272000175	-48.914541288217094	518.203424211461	6885.599980182213	2217.513835862219	4603.812435259318	1.5069526949641883
?	193.97173432936665	3115.5175680723783	66.26822008588938	140.7614251953691	720.8156136856348	654.2140206125441	2136.155753516063	-18651.545745890948	4.772254930947529
?	154.77587840361835	-1395.3278702515552	74.92055397977018	121.55934376985286	550.9141252420881	-2917.5650867569234	1284.936548567675	-18287.16243225709	5.600279180746096
?	124.20534081678915	-895.9358811900057	72.346187274382	-159.9244501086082	574.9373593477892	178.8498716404485	1221.797631903212	-2012.1124789132343	11.302546751636303
?	109.97908434411822	-481.1394737471761	66.9243314743398	-342.1189935088972	559.8566188241105	714.3552508503333	1184.3309246220135	741.3911844491012	8.237034669436081
?	100.14836712943043	-2219.581686882372	55.240237598937206	-322.45635231971477	610.6551218903057	4051.9638564871784	1258.867191125667	5073.351851463208	-1
?	-1	-2022.9673425886158	50.80151385835411	-70.13019785437533	762.4548116484687	1262.4317704334067	1437.998517195173	8636.237644150095	-1
?	-1	0	51.73372770621845	22.913280314155966	673.7767104119758	-2769.558333304718	1690.6790733331702	8556.019125176497	-1
?	-1	0	51.94717787406191	22.19730688812981	623.9768949832333	-788.7869416044538	1865.7994734539964	4464.081933576005	-1
?	-1	0	52.84359305062494	42.16058424245603	634.3373633317533	-230.11088072548173	1913.8831700119697	1059.396884524944	-1
?	-1	0	54.0552070861847	17.63958063780769	612.4713509469592	2113.060487553597	1918.7693176802434	1067.7885244606925	-1
?	-1	0	53.72557208251532	-76.49602479819392	739.9903877094328	3434.0672962599374	1967.2725962350041	-646.4469187762848	-1
?	-1	0	50.23040584627502	-178.30141031862075	784.1747157599555	636.8302113222308	1886.4469717414293	-3392.0302470332567	-1
?	-1	2417.2819097593683	44.810501566584314	83.18673790811077	771.8318982755442	-2159.233333128742	1797.671083883342	-1174.9352394321063	-1
?	119.86409548796799	2311.9967835149746	54.38974274168054	556.1258705069837	676.2130491035188	-6307.454895646642	1827.7002097698241	-6026.354885626878	8.871739277902012
?	114.59983917574833	-270.093321554868	72.6167950919334	365.83416382235015	456.4591534932132	-4436.227325807568	1496.353339601999	-6885.194265199745	17.687736704410987
?	106.35942941022464	-240.3086223495876	72.68145093279799	-23.864297657025958	454.4016828131411	423.8499856462196	1483.440496509838	260.6560335509412	16.442619620963583
?	102.58440805826899	-52.44171364292346	71.4235802090821	-34.52742622751925	477.6516527755241	342.13188346484236	1509.386141279546	-200.87699323755785	15.53551141200453
?	103.73734372807847	53.919645651872564	70.95507962142203	-121.96540297036378	471.5082769863832	-769.6376135658413	1473.3966468479603	-133.68743966545074	11.489289941789322
?	105.28039034086261	-2094.746874561577	65.32531006056394	-315.37196454215916	439.16977209723217	1099.555661310864	1502.7017692962736	4092.8028747365906	8.107080944473486
?	-1	-2125.6078068172596	55.18648139431413	-55.35358400078158	526.4860600519262	17776.911592770542	1678.036790584789	16841.043784677346	-1
?	-1	2626.2571889675232	62.55763086052487	207.88316517760722	1328.0153517357562	21859.46071768029	2344.753958530138	15882.543939355799	-1
?	130.3128594483757	2410.4799478473055	65.58063965319445	192.3027961925713	1619.4590959359368	-18385.88261627349	2472.163987552576	-14289.980845304568	-1
?	119.52399739236485	-477.9852869356782	72.1727706701534	-107.68387689549168	408.7212209220849	-18954.175052220107	1630.254916264912	-15319.040516055951	10.49685931167112
?	106.41359510159187	-2410.4799478473055	60.19644580841989	-308.764889400732	671.7503433249349	5410.05436251613	1706.2119617497813	635.1486471547355	8.659698301853993
?	-1	-2148.271902031845	56.73452620011685	-16.313940213739556	679.2239390478904	-2424.1835909355923	1662.0123486226487	3456.2467544505976	-1
?	-1	2565.4139474551243	59.38074879773291	352.6056507792697	550.5411637781557	-1789.863257047004	1879.0242994723105	-14224.780446823488	-1
?	127.27069737275575	2894.3967161619757	74.36480873908027	291.4915284930368	589.7307761955406	1708.5558262217198	950.7733262814768	-12542.245031759652	8.039666216587158
?	143.71983580809828	407.40541662710996	73.9553252223847	-206.64981623915753	635.9689550892414	1019.8537908780818	1251.9120478843301	12776.013075204228	9.972359013401697
?	147.64096820411118	101.47464733709491	64.03231792712244	-357.9336650947648	640.7234657394445	1517.1345098282914	1589.573980041686	1055.8769512260633	6.475186735114113
?	148.793568174953	-2972.819364082234	56.05864196764652	-25.91520617741717	711.8256805806557	1594.1056287248773	1304.7058954456331	11322.677758363956	-1
?	-1	-558.560401166774	62.73655761825158	286.707594154082	720.428747175688	-3649.318540564438	2155.7078679598817	13258.177053069217	8.88525554535207
?	120.8655481166144	3016.0803498521686	70.39402167535057	232.531637640549	529.3597535524344	-5806.426216834326	1967.6147480990917	-10655.963317536476	4.757961156557789
?	149.8040174926079	5765.163051539214	74.36313950027899	-63.45294659440293	430.10743633397277	-2285.372540293951	1622.9097020830598	-6036.2246267563605	11.60494771519583
?	409.12370069357405	4796.303040922985	67.22137434563044	-372.3098532498293	415.0911265377373	-143.2272840198646	1665.8035167612748	2843.1183794918306	6.172663371422864
?	389.6191695387563	-8202.47401387151	55.74764683778759	-217.08773793920292	422.94607213297957	-337.49812199474496	1765.0656210576508	3905.2890275072427	-1
?	-1	-4852.9749451309535	56.36698744867033	216.5427112513749	398.2162204380001	-2835.2768891320193	1861.0679681366362	10042.298391270597	-1
?	146.97042228220948	2294.65385331689	66.5747824003563	188.1829080892491	281.1822276763791	-2049.3252739123755	2267.180540621179	4547.571537418146	14.104580488619543
?	113.7326926658441	-873.6826253567676	65.77613285313275	0.9884783730140647	295.7499567423817	964.5736483432881	2088.4465450075427	-6979.724336111223	14.855686358618954
?	103.28629101437126	-255.12908351180675	66.624206319007	127.84683740891029	329.41091009354335	2111.4902323508436	1918.1943238156189	-2477.4640700597542	8.351335967322232
?	100.9762384902538	-134.8886158930866	72.16847472357824	50.55893654537261	401.3244683599235	1498.3047665806005	1964.5733415045554	397.6901952354288	12.783596638922685
?	96.54186021971695	90.02046820138365	69.15215314627562	-86.43290075437736	404.3261484225731	230.42436102855928	1938.0788335773902	-474.85016282170534	16.310063520938353
?	105.47726190032297	316.01139825248794	67.84682968585939	-108.20069174456076	412.84568641135144	826.0980125411159	1940.8308333634702	-1083.1481050744644	10.564971691349339
?	112.34243013234129	-2129.545238006467	63.742118559047604	-325.9778799111307	445.63104904962876	1084.5612342647898	1883.9214283236672	-1496.8387605895948	10.819690650420508
?	-1	-2266.848602646834	51.547935690302914	-337.7722565179798	467.07374812459074	-359.27661306775474	1865.9888953339907	671.43798334321	-1
?	-1	0	46.85350573314867	-174.53297153581067	427.6672183962411	-229.35863037647064	1917.4933274908276	243.0943382849145	-1
?	-1	0	42.82128711351241	2.1089910213503136	455.60581660576725	1674.9048987606957	1878.1436122482364	-604.0332386341355	-1
?	-1	3211.2325997019198	46.95895528421619	510.22326096732525	511.41246333427557	-1067.0228130863227	1887.291665559121	-24181.054152222772	-1
?	159.5616299850954	3028.2293932850835	68.33245016187858	377.60894618408906	402.2546759514513	-1205.3322098830856	669.0909046371022	-8613.620424011531	11.826631895967976
?	150.41146966425364	-513.5203184784923	65.83940259342057	36.00480427564334	451.1458528401215	2880.9533163760207	1456.6106443585459	18358.79900618901	14.544986519355783
?	133.88561406117088	-527.9164048233669	70.13269037566074	33.639897054135425	546.3023417702518	22078.654417390615	1587.0308549465494	22983.638016898385	12.955022693565947
?	124.01564942308539	-19.06367223287084	67.52139744612734	-15.183588354799209	1555.0785737096483	5222.0664985350395	2605.792545203461	5441.814098103351	6.807624926634831
?	132.93243044952735	-106.77150668112186	69.37351095792079	-28.127262290862333	807.4056666970029	-21277.129751981563	1859.121559851716	-21862.12635792631	7.802378102509394
?	118.67707408902932	-438.58643283658336	66.11503433158423	-90.27895067232838	491.2220861105738	-6882.340127808208	1512.6862273071495	-9849.170029071118	8.333812226380715
?	111.00310880769825	-275.3183853990269	64.85956342430438	-86.65309502930984	463.28866030659367	-3005.8176768284425	1366.6630583981619	5203.067827150517	10.802884975376111
?	104.91115481907802	139.65345499070727	61.78237958011875	80.11149889236208	340.9312022691522	-2951.0447344820036	1772.8396186646744	10279.187823795388	13.508431639463243
?	117.9857815572336	699.9119726143572	68.86513836892247	164.4665217439736	315.736423582494	-945.4296038507482	1880.6224495879294	9021.603070506799	13.243997793869275
?	139.90675344979576	861.549050025367	70.0057056673174	16.677558701737272	293.65972207661497	-54.3863967969755	2223.9197721900127	7693.2178636692925	14.432166612366965
?	161.0632340585018	751.1605180981727	69.69901630400933	-92.01846761284575	313.01710374264525	524.8187308059421	2265.2833427713927	2021.9261175446518	14.895793213866003
?	177.46477935470426	-121.27314753913126	65.40478228667513	-163.7443215489941	319.900658616912	-306.2047565834484	2325.016078067245	1702.0997660779965	12.64312230079552
?	154.99957668154525	-1307.6351450444952	61.51180022655966	12.052151636623918	297.7068659134729	-54.08993255633296	2350.388331075292	-4014.2886613866317	-1
?	112.08302210247973	-1163.1813369432043	66.00738986850632	134.4807226612766	317.19616198909534	2041.5056675292992	2124.301644997914	-9086.592764063453	10.36964998046466
?	96.84050983438524	-438.2773839932359	68.23583635962346	-115.7220326384241	399.7821492899375	692.9689974474868	1896.0586928721211	-4781.588301687147	12.066305927380046
?	90.16915290281801	-1956.8101966877118	60.22128823658514	-293.5064030903573	351.84461186146956	-863.8766578853616	1885.2222299135576	571.1327997128249	-1
?	-1	926.1167636984134	53.56051620510565	157.25618333393555	356.58831639566955	2969.0742598025604	1924.6153328577623	2581.549513473342	-1
?	136.47499108773852	3020.478970931797	68.08409740328189	493.7467856853961	500.29832485159704	1435.6421573866116	2014.2997055872243	-1637.6350206717202	7.802394513646257
?	150.0239485465893	348.12409523223505	78.24785548937537	26.20813529160538	428.3704242649999	-3281.3665728877213	1842.7335818241766	-6232.6580096911575	14.58673015762192
?	153.8811958493502	-126.75395885554042	69.39450416786215	-136.58734432020898	336.22999620721157	-1194.8132377296722	1702.6668051026675	-12153.571696927895	13.829598843259541
?	143.6862506038123	-626.9379151242529	71.41848827336494	41.84057422034116	368.6297623785165	2802.9080881163163	1235.054996977784	2695.621831082213	10.63630849983031
?	122.53430009313767	-626.9407975290462	71.4865328788792	-29.612288906427118	476.3754006130269	1197.6331883503483	1837.4478966567776	65.59362286439432	12.332177966088196
?	112.33921072736011	-494.84791365065865	69.93787382804359	-149.1237441869782	428.5114217960337	784.4439703337793	1238.3346781210037	1886.8029216403077	13.203299216436012
?	97.79190441060483	-2266.7842145472105	64.03034566953032	-298.5151915217525	515.5975991297157	3428.2931438774435	1931.7880427387927	15623.83070582868	5.062346522765516
?	-1	-1975.8380882121037	55.01211425195602	4.381040231473337	599.9260789899053	9570.814844688974	2019.5262134124348	3415.4117576249187	-1
?	-1	0	64.24939768110399	17.658634663460397	994.1383413641627	3132.039103387014	2102.558630620038	-7116.994656049235	-0.15202612014735672
?	-1	2721.4327579744886	55.89504598512904	29.731517830304988	756.5280341592554	-11440.024490434434	1663.6764806099743	-9970.863035763709	-1
?	135.07163789872394	2970.641017651383	65.73597357261923	403.22315834060237	422.13711684244294	-6463.286525065864	1604.0154788318544	3112.3227516741117	12.367786691539452
?	147.53205088256863	717.158489664217	76.05620390215908	103.70551800978782	433.36370790596334	-143.18029121475826	1819.2926181936793	6000.8225165717095	15.765956810093973
?	170.92956238193466	1199.062804272921	70.9212494731086	-255.77730712129656	414.97810228170505	-1029.9433199063142	1904.0566046604388	2680.712352653882	10.479062947210974
?	207.48519109621446	1027.0058213343586	63.2673385460943	-306.8266900455934	381.8665419106478	-937.4139435159178	1953.328235826373	349.0970943037122	-1
?	222.2798534486524	-4169.703821924304	55.57991497082899	-284.14585676775704	368.1074051059093	1326.7383810331867	1921.5114593756243	-1263.963019804628	-1
?	-1	-4465.597068972985	49.0600457077065	-133.06619327776866	448.2034609623069	6777.089387182553	1890.1300848361418	-189.20666193152286	-1
?	-1	0	48.92660530694046	6.811433268047057	706.9618744650418	3782.026809602548	1912.051126279048	162.0615274646502	-1
?	-1	0	49.40061737110886	-17.939860343616402	637.304801442437	2088.680161689008	1898.2331612093744	-36.28907531286989	-1
?	-1	0	48.029612289759626	0.46716347457262275	811.3958825494937	2648.1424781705537	1910.2366725134045	1132.1091806767593	-1
?	-1	0	49.42397554483749	30.330014059667715	769.7119253509666	-969.3832100186249	1954.8386202432132	727.4758270888229	-1
?	-1	0	49.54611299274303	-47.727583657952444	762.9267220485617	199.48509875585785	1946.6104638678462	-1439.477150509208	-1
?	-1	0	47.03759636193983	-78.67410937540741	779.6861802887596	431.28095602662665	1882.8647627177518	-2756.785226808981	-1
?	-1	0	45.61240752397261	-51.43977456044906	784.4907698498934	-278.03215823568337	1808.7712025273952	-214.03674471822038	-1
?	-1	2233.0331576671506	44.465607633917344	157.27755108056132	765.7845723769752	2318.2325903532446	1872.1629254818406	5060.934764005857	-1
?	110.65165788335912	2522.4017355965584	53.476285078000785	502.87741696075807	900.4023993675572	-5856.13564129724	2061.8179407276916	-6808.637133982851	-1
?	125.12008677982972	4.1498285255274805	69.6094784819556	408.99806231646085	472.97779031210905	-8981.640429050893	1531.7310687826932	-10082.607020446714	13.787515186572728
?	110.8591493096355	-352.7040847719162	73.92618819382412	30.3783078131407	451.3203779150062	-1310.9231876023962	1557.6875897053487	1379.612350490082	15.31419063441981
?	107.48488254123366	-188.4409383635607	71.12839387261266	-382.77371426866193	407.4316309319883	-601.9965749102852	1600.7116863071983	2379.452633916174	12.561116139623582
?	101.43710239145733	-2169.6976508246426	54.78750248039075	-378.6724164647025	421.2205491694915	707.5221812289285	1676.660221401159	2815.351758611242	-1
?	-1	-2048.7420478291174	52.19477304937727	12.318566674611128	442.80773999343523	4980.150486663158	1741.4792742377624	4627.398657597435	-1
?	-1	2641.533939550816	55.403430814121315	221.77619928088302	670.2280735026529	1933.1585313034427	1908.0301542810341	4180.504259530471	-1
?	131.07669697754267	2375.3219977467993	63.28358301342158	374.68368508123086	539.4656665586088	-5029.986740799057	1950.504487214289	-5034.291284580314	3.755463482619079
?	117.76609988734165	-478.3799170226021	74.13761506818312	211.71521679633724	418.72873646269653	-2102.0974521771664	1656.3155900520148	-9166.328274690373	11.328382864505746
?	107.15770112641222	-315.9930428680557	73.86934385323859	-102.29170535069866	434.36079394974894	339.5820915471583	1492.1880734797637	-3342.092964073675	14.835195958794316
?	101.96644774393864	-84.46561324818612	69.02302980064812	-109.4107518252669	435.7078410400547	-433.04503003612535	1489.2109418483287	1099.894535870301	13.83626443352283
?	102.93442046400286	212.4903586078973	68.39880626197517	-49.08571877912509	412.70854244794236	-1979.376732189934	1547.1828002732796	1975.5867731618257	13.10835662471952
?	112.59096567433366	224.47356238892291	66.56874386169183	22.093975797075103	336.7390044305566	-2770.622358127065	1587.9902805064214	-1558.6894734555433	9.605240034616356
?	114.15809858344916	166.91414712110875	69.50350505182894	82.26400101502716	274.17742454158713	-1373.2020866153832	1469.2483266005013	-3674.318464278365	16.73090909512242
?	120.93667303038922	622.5773981075884	70.68194391244325	130.81752604262917	268.07890009978644	1300.209697302823	1404.2743572925006	-5330.849893925358	16.075746618744766
?	145.28696848882902	855.2785981133682	76.04438135396049	66.06253418815604	339.1879094067292	1831.5563333842297	1202.7058319042296	3658.59799924632	16.442632144445575
?	163.70060293605823	378.86724312179894	73.9850706218511	-247.6395578777144	359.6567167689992	2078.981210530907	1587.2042572548191	10219.122425262312	16.715348448767568
?	164.23033064491923	-117.47155182299143	63.66240346007459	-367.7213121689113	443.136969933276	327.94318987875374	1713.6619531673525	-3914.282512577428	-1
?	157.82702534490858	-61.508733228121436	55.59900501340527	53.66005552402493	376.05387626293714	-1826.6554950966204	1391.490131625945	-3751.382338827367	-1
?	161.15489398351312	-371.4971244966982	66.34540623627588	189.31821406085476	351.8041951784437	-471.1816848552429	1526.0928362259815	8938.761388727695	15.215425432052822
?	139.2521691200734	-516.8277611317836	65.06491571644814	-45.74608793767673	352.49479202017466	447.31545256998106	1838.428201062336	3320.136324709586	12.863921952057433
?	135.31350592692357	107.37169382748921	64.05810183939201	149.87275625114464	374.1699678069431	3544.455798970008	1692.0996524614632	-22365.099141766368	10.612129419012518
?	144.62075381144794	152.83828975167194	72.55855352900548	116.46328401077204	529.7175819686776	2511.8788666079636	720.1732439740018	-17468.576092755837	16.568721807974622
?	142.95542041450727	-90.2647418127809	69.8812660399307	-33.25984466602771	499.76391113734303	-4496.926624395748	818.6708478236589	5684.544723189543	17.926149374315067
?	140.10751672080883	-84.40667835770734	70.89556129570407	43.237850948438236	304.87125074888695	-1734.6179790709066	1004.400480133483	8379.775777892606	18.521995455396723
?	138.73508649662185	-38.962683530836	72.04315858735264	-0.6864813158344321	413.0330121837965	2979.6678270943958	1237.6596367182951	13110.22713035408	14.678549506696157
?	138.159382544267	-238.4022667888195	70.86123722991235	-273.70334047291345	453.85464210360885	407.01288411158646	1659.9118366511964	7891.2998855781025	14.21372379318558
?	126.8149731571807	-2783.1876508853006	58.35799156370677	-305.058200634138	433.3836563893761	1802.5368373046529	1632.2246309972058	1940.2384580666783	-1
?	-1	203.88533850183018	55.60832719820523	174.70129941858482	543.9814839688428	-1163.891052473537	1756.9237595545317	3547.7355800768914	-1
?	137.00924008227236	2688.809302355085	67.09305653463613	219.37198348335954	375.1891037656984	-5051.586058426179	1809.611410001053	-2569.7216431426978	10.655649299522151
?	133.44046511775616	7.432409280617557	66.57692637237336	103.94621558611072	291.40218104753023	-1177.4590047947654	1628.437677397395	6696.048240695773	16.842898694155625
?	137.38086054630324	-98.02151880985409	72.29036731394174	57.77630231697859	316.3161535259593	1535.1304909576922	2144.4138220358464	12625.221892686606	19.809206618718882
?	128.5393891772634	-467.26517995983744	69.46574148822234	-191.0521252097072	368.15870559541594	1776.945466391188	2259.6987720317343	-9889.077519191906	14.76071265445861
?	114.01760154831103	-308.22782279134447	62.737761053456246	-40.1146093576736	405.16342684551995	1728.0967860531387	1649.959946076244	-20530.06262367812	11.710858737429213
?	113.12799803769595	-223.2624205830748	67.46001102033863	56.95227219255533	454.5635448980741	579.3252492821066	1233.1956408478136	-3807.506722894423	13.276293236506246
?	102.85448051915714	-2282.5599607538866	65.58537466308405	-58.49498095340012	434.1296893096257	5869.666838141411	1459.5846099315202	22406.191170088467	11.79180538782793
?	-1	-2077.0896103831133	64.53526197266858	-3.4313635894906236	748.0468868051488	30045.975019794714	2353.505199352253	27677.24587287312	-1
?	-1	2471.67018605465	65.41380648360952	-1.7143563499268777	1936.4284402993828	5516.234229953351	2843.446903575196	1322.0800372526076	0.6790351689421826
?	122.58350930273426	2254.714725026356	64.44954415517223	-17.11405961622721	1023.8585983028203	-20731.973423380903	2419.6092012148843	-4881.892249693259	-1
?	111.73573625131941	-2471.67018605465	64.55810350279815	-117.2784402059897	899.8297691303231	11822.498189875161	2599.3522910905294	8647.488279204403	-1
?	-1	-2254.714725026356	58.585622144872666	-130.46292978190223	1614.9835077965868	-1015.5383486364454	2851.9836151751106	-5696.815620812041	-1
?	-1	2306.130092625592	58.03495701370294	218.13674294441074	849.0528516985002	-24475.58169721104	2314.5115100499233	-20933.38504629487	-1
?	114.30650463128124	2107.0816093160875	69.49245929209336	118.33078713306494	391.2044229360174	-10693.701176660496	1805.3143628603523	-16070.89298446869	5.575126067952845
?	104.35408046580588	-379.9355335403706	63.951496370356274	-181.71291609068388	314.3677928654677	-1171.6232195358605	1510.9668608264774	726.2151815765388	-1
?	95.30972795426244	-119.68255902151526	60.406813487559035	16.706775975500722	332.62326195922356	1400.7973776609895	1841.6251219391797	5154.793001301072	-1
?	98.36995251473003	-63.42015832829839	64.78683516913132	-5.759547525401192	384.4076617485182	55.608860078350865	1768.7065108915347	-8.120593243911456	15.139171532678532
?	92.13872003784748	-1987.3990502945724	60.11883611128897	-314.4636795944414	335.40370496314114	-96.32256109940931	1841.2190922769842	2456.5622168576615	11.761308133983704
?	-1	-1862.7744007569231	49.06365118940903	-125.50711605324145	379.59153369354766	4172.752948868987	1891.5346217344195	4123.082599759692	-1
?	-1	0	53.84348030862681	-29.963814439946646	544.0413524065934	151.2470999678079	2047.3732222649717	3413.9043866827037	-1
?	-1	0	47.565460467411675	-183.84018982580523	387.15388869193816	4150.713701838343	2062.229841068557	1388.9614695182293	-1
?	-1	2547.104249609565	44.65147081733642	255.84027425777526	751.5770374985135	-1669.2740465558827	2116.821295740884	-6006.2444950921245	-1
?	126.35521248048008	2160.6173337231253	60.35747418030062	268.5112988965851	303.69018636414285	-8167.468621348971	1761.9176163139466	-3581.767150846562	-1
?	107.0308666861578	-491.1430151831972	58.07703576216586	91.44501937758717	343.20360643105914	2035.9936564561776	1937.7329381985535	-1818.6343750782648	-1
?	101.79806172131987	-286.0579978071836	64.92972514918004	-18.182329872206562	405.4898691869532	168.49526660854838	1670.985897560032	-3182.6128806607544	-1
?	92.72796679579841	-2055.9612344263683	57.16791926855552	-195.40302284362076	351.6283697614867	7406.274589281068	1778.6022941655135	6626.523493562732	-1
?	-1	297.2125650186388	55.15957400699887	162.5360225030809	775.8035986510118	2477.9796033079924	2002.3120722381734	4616.80295360907	17.134641794008665
?	107.58859504673056	1892.0591819428214	65.29472039370968	193.7337691172838	475.52734992688806	-8340.07611327424	2009.4424418459703	-2587.410394075286	8.2595605152108
?	93.60295909714242	-171.74896184102988	64.8462624628632	-37.00392300414198	358.799792987294	-3387.3874975486815	1872.9415525344073	1026.1723078072591	10.402965192975559
?	99.00114695467894	375.44066328934895	63.444524243502556	26.936794143668024	306.1579750494516	-1215.17963865979	2060.751057236334	4498.683778574264	-1
?	112.37499226161013	263.17273054836556	66.19310217004662	-185.5568671770694	298.0408110543036	-469.11966717663876	2097.8757414631236	-1694.3944425544064	-1
?	112.15978348209741	-2267.4998452321706	54.166680884648954	-281.6863119393606	282.7019916906193	12054.980796420099	1976.0313351086124	2285.4256707478767	-1
?	-1	1558.8276248706395	52.10878657307838	377.1406492131843	900.7898508753171	1693.8058350152469	2212.147025000519	441.74856496860514	-1
?	190.1011647256305	3935.72893984159	73.02371334530844	329.49252445526355	367.39228344138286	-10207.096794646186	1998.118763357043	-3797.4585240859737	11.509511914550366
?	195.7864469920823	-18.623936869934447	68.5834127958418	-342.3781067415008	390.4350111430006	90.13280955194873	2022.2740987962177	923.809840803529	20.979132314299296
?	189.16996788213376	-3935.72893984159	55.904808008233154	-348.6079378205673	371.89892391898036	-520.6381083244509	2044.30925539722	758.5831109234397	-1
?	-1	-3803.399357642621	51.15301590481318	-34.15121383426987	364.4031057267777	64.74099249577442	2060.20325434239	-1757.9462445682816	-1
?	-1	0	54.197247316519636	-31.278531971705927	375.1359735437691	9260.857869941268	1956.4119431688048	1486.0467988077623	-1
?	-1	0	49.58908930622786	-76.26078109100055	827.4459992238477	11695.236513274956	2134.5055942827794	7416.481417199474	-1
?	-1	0	50.384208261969555	123.41091073759425	959.8977992075252	-4366.841055603603	2327.2360140287838	1653.4871469370084	-1
?	-1	3713.7743130503713	55.75963484310766	494.69862169557865	609.1039464436644	-8526.623030597826	2217.179951629631	-14487.277511079863	-1
?	184.6887156525212	3910.069734799441	75.11913934674884	300.8000251962605	533.5666476776278	-1904.8669948095633	1602.8721384747803	-19583.037820450754	6.141829433111955
?	194.50348673997482	542.0767831335157	70.7996361029209	-42.5978822892969	513.8605967031849	812.5634300088175	1238.0280606070794	-5970.519415079713	10.804680865681828
?	211.79255480919738	242.2113126166897	72.98924523228396	118.00363776322999	574.1948191780692	194.7003860904119	1304.3461677207904	2253.2949347695285	15.13863482330097
?	206.61405237080947	-502.1456345177844	76.69981799108248	-95.00163061549365	523.5956160077056	1345.5359915084446	1350.6928073455574	-269.8490766104813	12.986398656257489
?	186.6852730833078	-213.24508473856136	68.23916370150921	-293.62658993711983	641.4716187534924	1395.796321441049	1290.8537138902661	-853.9722573291707	9.623704647235812
?	195.95179813388125	185.62420790144947	62.01848849422628	6.0551624904663575	593.3854320797591	-4040.754932335563	1307.9941944790983	999.7198901394262	-1
?	195.9664834783804	-60.510642409209645	68.54192182603254	221.8337010549929	439.4338721367114	-3720.153629021574	1340.8397083972382	2293.5683610478272	11.360140856903076
?	192.92626601342073	-72.91165497483813	73.11017354697609	13.430801615621798	407.37775062867775	-2714.1600118495876	1422.6726125314913	3769.9062300939668	15.046995854929952
?	192.32090072963845	96.45171335822033	69.21346190681364	-65.16395425290249	303.7258715442301	-541.7470555636899	1529.3350199019392	13756.580327750495	14.447960698796303
?	197.74885168133181	-68.3448087113648	69.85197583433092	-84.16304751180684	380.29039785049287	131.05295354398135	2110.5016289190257	11023.230952542588	17.204187359197668
?	188.90366029407016	253.39336687507037	65.00530953122323	22.362219236278772	310.27851922142924	761.6902805189051	2080.4965675290764	-6949.199953984727	8.527135471025439
?	210.4185200250855	197.78366519191596	70.97008679614487	101.21734086188523	418.37491187643866	4119.509552141011	1763.0416312197844	-10214.443763138379	4.877406136289999
?	198.7928435536661	-245.29375137561706	70.06617657431757	-176.58874566186518	516.2539968284827	2603.955210594972	1569.7743793721502	11258.511022999977	16.964735832171783
?	198.15383245630449	-3995.856871073265	62.140649513051486	-106.46111449354427	548.5726724061891	14599.151405999752	2325.9671823697913	24423.629274021096	-1
?	-1	-3983.0766491260333	64.74312084964028	-31.796065505393305	1246.2115671284807	28430.857138608204	2790.9558430732222	7659.473967293434	-1
?	-1	4227.572309960778	60.5508462377818	78.14433671897152	1970.1155293366196	-16711.06630589699	2708.9408807344685	-18233.05130283426	-1
?	210.37861549804188	3881.6577315808	68.65033768558891	76.63217003614908	410.6582518336194	-29225.97958304724	1879.3032779314963	-33287.22058740586	12.448450855464626
?	193.08288657904276	-525.2627665965632	64.3824547395893	-106.66140714302263	508.81655018423675	714.0670197660235	1044.5798513641516	-11783.178731670005	-1
?	184.11547716821335	-270.6104874175379	63.3172673284377	-220.90889001867154	446.36160282192105	-1486.170376810092	1290.1443413479876	10699.35153928235	-1
?	179.55236220816568	-3702.3095433642143	53.33701023865557	-317.45959044592274	434.5080313437311	6193.02792475832	1579.5474283282767	5966.147355963296	-1
?	-1	-3611.0472441632623	47.44428780614134	-85.85706286615283	756.0129990598415	8884.01762838682	1588.4517091461566	2296.4955465933454	-1
?	-1	0	49.04415709534787	111.97635727932987	878.7089127630784	9506.10578505926	1694.3722056579456	11819.416858121063	-1
?	-1	3544.0084451062435	53.04310567010791	207.35584545128293	1231.3182883128113	-9011.626452635035	2179.422552052218	6823.729829121701	-1
?	176.2004222553147	3544.090470122786	59.411949367912165	75.07269564450233	428.12759013132023	-7253.79731876585	2035.5586971140356	2426.24182306896	-1
?	176.2045235061418	-3544.0084451062435	56.79674045233308	-212.6019968479498	868.6284223745137	5405.117430984032	2300.734643205668	2470.565050069646	-1
?	-1	-898.2264166821242	48.781849525514524	-30.06180311344849	698.3834616805257	-9102.257416930888	2159.0869496175196	-7128.122706489434	-1
?	131.29320267203497	2855.9136549807604	55.29365029666064	516.7089208775103	413.51555152796277	-5861.8391026756335	1944.3285078811912	-2797.203154318437	-1
?	141.79568274904005	-138.67609228385393	74.61729556939041	291.88984929885237	405.2915065467398	-1383.5769740903809	2019.2267919015958	1178.8550075863727	8.788370270013363
?	124.35939805784217	-2855.9136549807604	69.88814276160346	-140.82947915244858	344.33670282344275	4892.866104904037	2003.2712582605106	4298.029735495323	6.174231999040747
?	-1	-2507.187961156808	67.57582161176788	16.724607152686747	649.9348117919451	10427.961114062908	2234.128278676365	5190.03757423497	1.179795330401245
?	-1	3316.46815845293	70.72437311923781	35.958270361883024	865.7347585265954	16655.456710349434	2262.773136972263	5761.65597626029	1.6827394763886239
?	164.82340792264884	3127.992419393486	69.37373512986206	121.79245369056216	1482.7076473094287	-9993.507056023387	2522.2110774893836	-5495.42769039001	3.5165072516643487
?	155.39962096967653	-449.6589614285698	76.813995803766	136.99288914605665	366.05940572541897	-21675.701745076956	1988.0017524527584	-9183.012198817592	13.357834600210088
?	142.34045985122003	-721.7056224524762	76.22337958716499	-153.79890777805267	398.9225600555656	481.1336168136995	2063.0604675484974	2101.803845421725	16.16825152820125
?	119.31433984705221	-2866.80919702436	69.12405041486326	-366.5684395476778	390.1160865661043	3.0333077689112566	2093.091944723846	689.1335829681877	12.957857766085795
?	-1	-2406.28679694101	57.89495760978083	-276.18944767988785	399.0742254440112	7459.914852114376	2097.5171466969073	4132.106853509126	-1
?	-1	0	55.314578030868674	-123.23249794995671	763.1118291718284	8015.006216666602	2299.6972873993054	2029.6365216144734	-1
?	-1	0	51.73333271228291	-183.53089704415348	799.824536277347	-3148.585809831344	2198.9989727776324	-7199.974005121019	-1
?	-1	0	46.13803317866087	-69.26875997897257	605.682538680259	3618.4666697741895	1939.6985871432494	-4285.190849007734	-1
?	-1	0	48.26989471333423	387.1396351708811	980.747869766059	11993.723212842406	1984.7394303272426	8092.66241159104	-1
?	-1	0	65.4950149372052	444.4007255115199	1205.3686993223878	11341.791897200326	2344.331707722807	17261.913271304602	-0.14754410451876104
?	-1	0	70.48993098891054	56.41594783762235	1547.8374646260834	6463.01871598146	2847.835093892485	9398.48428806093	-1.7378757387698591
?	-1	2888.240391774305	68.31581232908636	86.52125915593122	1528.5196351214654	-22926.348845577166	2814.2559221258603	-22449.103393932877	-3.861781073566692
?	143.4120195887173	2460.0213757356896	74.81599394670717	78.5416355286293	401.5200223472088	-22255.76046623863	1725.3799241958252	-27143.646915669382	7.061945074514201
?	122.00106878678622	-625.1756452459548	72.24289410551788	-310.4937843921621	415.73161180951814	436.54240650259857	1457.0735763423718	-2376.8684442759586	9.592543828696979
?	112.15323732641912	-2460.0213757356896	59.29130472709884	-386.6257060873111	423.34714267233903	187.30663036585798	1606.5365019820256	3526.418297951841	-1
?	-1	-2263.06474652835	52.91160880115205	20.45528369788854	425.0969433278112	8665.605601210356	1633.3944912399663	-1514.0151359003187	-1
?	-1	4332.386776548847	60.31406891199328	411.585714004018	856.627422732863	1852.6841402487091	1530.8357451870086	-8093.819796008956	-1
?	215.61933882744543	4509.330204749487	73.49089450135324	249.80020803795185	517.731150340248	-7099.168045310179	1228.7035014395128	-3903.1996981315106	9.112015452417925
?	224.46651023747756	-227.81674660977234	72.80407931389105	-128.96083548334036	501.669020467349	957.4673851922285	1335.6757602804303	9728.504016130903	18.212907542535525
?	204.22850149695665	-883.8179847797051	67.04285272718613	-61.86407832419005	565.60451959986	14984.174241095374	1715.128702246065	28650.90077436134	12.452164521724558
?	180.2756109984917	-4104.570029939075	69.7108753976815	124.78619789673353	1250.8777325221283	17050.087234545408	2768.2207989985177	21154.795344926573	2.4892344619022095
?	-1	-3625.512219969782	73.2821626220229	62.63508627104894	1418.1088813271426	8239.708954170934	2772.8684694924086	4609.218430659819	1.1148781050765122
?	-1	4403.238134020638	72.842629711234	-67.87458329153782	1662.8631802306809	-6694.079852660802	2998.681720531512	-9182.66562450163	2.1498694855742646
?	219.16190670103506	3927.476087905006	69.88843345744596	41.345900420759826	1083.4048886940977	-22780.24557488804	2313.7351882673206	-25545.881346465685	4.154052747581392
?	195.37380439525307	-680.9209106173375	74.90992473227202	-65.89643416537646	523.8509014862627	-11553.167831790657	1721.3876532082095	-12909.581170191384	15.839178942228756
?	185.1158611701677	-47.914476097718534	66.59361174917709	-375.25022981008897	505.7464971045566	-777.1669316456465	1668.2561297577422	-1183.692274026986	9.610002617012674
?	192.9780805903671	-3722.3172234033013	56.1474132417673	-317.89835279156836	484.99255490397985	873.6266629951741	1662.2030395068593	2547.057190028554	-1
?	-1	-1175.7182761103552	50.69869410959844	177.3646280536234	549.427830254316	1868.7486793559738	1795.6089892591717	6054.675123795846	-1
?	134.19216678484852	2206.4152846627894	65.0156446444486	325.391898067403	578.4299888717799	-3891.0530535575244	1964.936795696656	-3333.7794726213524	4.756756999272421
?	109.32076423314103	-766.590804574844	66.96828901296883	-189.01520262909003	354.87517757643695	-4424.107519510603	1628.9200156281017	-5903.301382002576	8.43975012146507
?	95.86262655610578	-2206.4152846627894	55.56488451299396	-148.49251802661715	357.2246128962466	16139.729470194363	1669.771726596523	7111.1220695781085	-1
?	-1	824.111660718143	59.54366311163786	302.93579127426295	1161.8616510861666	3166.0554830329734	1984.4761191070122	4765.790924531344	2.4670640186875357
?	137.06820959201352	3414.916546983329	70.71167407670733	366.4840562937733	515.5273870478975	-15253.242373005862	1908.0612728230935	-8147.131142002607	9.833494543911105
?	169.74582734916888	945.1021211324487	77.86786592632679	115.1438874398972	399.1995324358627	-379.2234341534575	1577.119562006876	-12952.16381405902	12.898065366395707
?	184.32331564863662	165.00085911260206	76.46886844870227	-246.4577618235929	496.56621534022435	95.97169323111962	1260.4530821201333	-5200.560926319603	15.789991697371752
?	177.9958703047991	-277.49555340822616	65.54497783514697	-70.4702564361186	403.99811709741874	-975.2227057887237	1317.0915156908923	1699.303148055054	9.273570073481363
?	170.44853797822512	-449.7562972594243	72.94535562689629	149.88675840176214	447.80508005078747	4600.499793394573	1345.4182395228872	1864.476440559825	4.684550428565144
?	155.50805544182757	-388.7790554823359	73.03931575523518	-41.490989037154385	634.0231067671507	3220.0351370073518	1410.3153377188848	3308.8527265329126	13.596658016048494
?	151.00958520410805	-413.30573341399014	70.87080617503854	-59.95066828394528	608.8068369011573	-2861.022331837451	1510.8608758495352	2854.8184381982223	10.57251439434352
?	134.84276877112777	-655.6261929241096	70.04178234103787	-32.65220125190819	490.9719901752761	-5158.262759893354	1553.056259628798	2867.0131486140235	6.253598848832881
?	118.22827555790211	-492.5007493347023	69.2381961124431	-4.929631032423104	350.89369890648595	-2560.937976951577	1654.2115332802384	6037.88225497056	11.800467983205667
?	110.2177313043923	-212.689398480975	69.79530078941671	-254.70799438691466	362.92509132769544	1565.6913758632077	1854.9503723773303	6825.811170787736	11.595708063685905
?	107.59380563385321	-2224.3546260878143	56.50279639309719	-284.8218516420275	429.17826769964745	12564.441594862554	1995.50209181963	6804.511490054819	-1
?	-1	684.6095670800718	55.554208207315135	253.15344468281262	991.1471710708321	-586.7445775955999	2195.175946880076	2139.263746658841	11.716482836640276
?	141.82428398785729	2390.2071487636745	69.160468627238	323.13318456507955	399.84103881986704	-12576.941154736585	2102.4652791525737	-5758.132747282984	6.865563381284403
?	118.51035743818542	-714.8895671822058	71.71086743556934	-38.81059643553728	362.30011333399386	-2034.75211595428	1907.2693095159227	-975.3601083161764	6.439018896000104
?	106.07980562874648	-238.3415298670582	67.21993880546111	-50.70796806404146	298.1034330221516	-762.2879117006409	2053.697273736764	7085.627668938372	6.637071138809495
?	106.59328094483234	12.999085022765186	69.17546903236723	60.72439875505324	324.1857177489613	2525.289944267549	2261.5506929628464	-2349.856234006323	16.63628470465844
?	106.72975987988475	-163.08865103304294	70.25615874321382	-76.39454971548253	424.3679302355308	3699.3773074433257	1936.2044620364463	-23757.23451372889	10.945819871940804
?	98.43884839318008	-322.5692466747373	65.35574154659305	-190.7873011018976	509.1545831211302	-139.90311748417938	1073.688967276385	-17512.639876760863	7.819591784131769
?	90.60129754614823	-1988.7769678635734	60.71679368811914	-255.94961636419873	417.372774361322	3480.699217540677	1060.5724681984218	7537.086927637749	4.157673265412203
?	-1	985.8873326276611	52.55826072838293	90.08510683632849	683.1895439981665	-385.56199930400135	1450.5433136582778	13194.57474174358	-1
?	139.89566417753198	3732.474190045153	65.22104902993563	357.1121508791098	398.09467439612166	-2741.754421478847	1720.3012052856102	583.2482623576569	4.155023306986506
?	185.6237095022603	1607.3206367676396	70.41386827233868	15.027757364868606	546.1018229242222	1907.0455665591853	1479.705726776161	-4311.922832602061	9.823922930184668
?	220.2616960159151	730.8874560726246	65.97243689817907	-226.71859676628947	493.4469527240823	499.61721996186697	1504.705063655504	4404.089651838145	-1
?	222.16808230589206	-4425.233920318239	59.07793843402404	-5.474642118294845	571.0826839223159	8254.187854776903	1699.9102093680715	14679.607198385675	-1
?	-1	-4463.361646117778	65.69870479226432	30.077542521691072	906.1563454629333	13288.357494779713	2238.6854235747983	16527.82844041877	0.723258554154049
?	-1	0	60.581815560108616	-376.94038706885937	1235.500558661311	-406.1399831380719	2526.3016313890216	-2765.013371270895	2.7644237826771683
?	-1	0	46.851685438821086	-229.36023882645998	885.8493463060294	-10789.06450206215	2100.4347550112516	-14653.073833782706	-1
?	-1	0	49.113803618785454	37.4109268728785	696.0473335581959	-7018.301187993114	1793.647939699876	-6452.043904120477	-1
?	-1	0	48.72223178246504	-75.1353415233725	534.9342869063687	-366.9644005052321	1777.8325598052231	754.9068658395784	-1
?	-1	0	45.357036542616775	-128.1258643077844	677.699113532934	2782.468327905514	1831.3932829918554	1985.319887035429	-1
?	-1	0	42.315938567075726	154.25536551210877	674.0577033016464	16176.924254317599	1877.098554156996	4955.80858431192	-1
?	-1	0	53.06980481822232	509.64693800842554	1486.5453262488254	23296.704309467863	2079.183712207455	7556.3033278845405	-1
?	-1	0	67.79828546749737	359.8358772426158	1838.8929187750562	6528.023560065529	2254.9137205512284	5778.621045539767	-0.8262660981971899
?	-1	4538.319235032085	71.06159868035337	39.349841617975876	1812.9465042521065	-10843.010498708618	2368.1147644844473	-1834.0720761639307	-0.9714222141888287
?	225.91596175160748	4693.48166783805	69.76577754839619	67.04816700216686	1296.7423938396175	-24218.16218670374	2163.2101167430305	-14683.286745653455	1.8774549115805128
?	233.67408339190584	143.1296267886014	74.41400703046176	-242.76117382257834	602.0383949169024	-12810.188969955992	1633.9504272017641	-8289.304933155236	12.697712756255196
?	233.07244309103766	-4693.48166783805	57.6277188572671	-470.1558193293506	656.2329453418088	2706.5759701020534	1748.7448700852628	-756.9666560462139	-1
?	-1	-4681.448861820687	50.906216063993895	-181.01645997511167	737.367193422007	1198.0391492028923	1596.1020943994529	-1157.5110788025286	-1
?	-1	0	48.576895858511385	-122.493898897587	716.1349028019542	-239.96085697310832	1690.8693161451356	3801.3523559279843	-1
?	-1	3606.6573162442733	44.78152111911446	267.1348031852796	725.3691505733514	-1013.2323947651404	1786.1697121958548	2824.078869747087	-1
?	179.33286581221623	3473.480964937435	61.933636017775555	531.0439375186594	665.4732830636965	-4220.01206669849	1832.073259632492	-4300.51017053472	-1.0977100382383371
?	172.67404824687424	-748.3331986064338	71.3337179950478	138.9132698942524	514.3685472384238	-5595.6301366524895	1571.1442036691158	-14474.067361029078	13.45761123439477
?	141.916205881894	-933.6267852176321	68.87929951248827	-307.2942971767562	385.69177623106805	3863.6445572723546	1108.3698915810278	2589.614417048428	11.479879311300868
?	125.99270898599197	-2858.324117637839	55.96900313620978	-210.06799377619316	707.5507751020443	7204.483275638733	1700.624924521539	17485.819873445394	-1
?	-1	-27.95059883905043	58.375899823678466	359.59295076355687	745.9159400130098	-4238.190424594166	1982.66088525331	-15322.90843028235	0.6499531573725392
?	124.59517904403943	2718.790701300115	73.94865067438788	259.6320686845283	495.64125387233304	-5838.982566779059	934.4795030074106	-22088.65785178637	7.0388911701354555
?	134.93953506500768	885.4232857222277	71.35750325790507	-130.92710518464216	453.96681167405274	-2153.71817140694	878.2279926639757	3543.0668094671587	12.57148929909427
?	168.86634333015144	894.7735212082174	67.40229541515568	-348.4767862993752	387.9553453019845	1366.3014060807518	1111.632843480771	18559.003207890117	11.499453253024775
?	179.67821112541918	-3397.3268666029803	53.93366394293606	-306.9136913353889	522.2818819780913	5680.064552808081	1806.1781530584947	12034.97764203423	-1
?	-1	-3613.5642225083325	52.056610848386015	-78.71774708583347	671.9585729423926	5394.205770094069	1713.381725582491	-3894.523279346553	-1
?	-1	0	49.99777658864433	-170.39047532830494	791.9921704827985	3861.8604613424413	1611.4519890911643	2751.72820895704	-1
?	-1	0	43.53708708197065	-154.071602211097	865.0515960095174	9321.356147156013	1850.968136030345	12959.853143594817	-1
?	-1	2352.15114617572	42.29419647808937	236.3943191686001	1258.0599778406058	754.8054298296331	2259.4446462709143	2461.6909281850953	-1
?	116.60755730878768	2445.902874395433	55.35680304040082	414.6789206103231	902.7918675009996	-12674.01707255961	1974.0526824396015	-825.8821749351383	-1
?	121.2951437197734	521.3900953867983	63.02814250860582	325.8342558197469	624.3591242126163	-7394.804874437579	2218.150537524157	-3891.3977620972164	12.071650390429216
?	142.67706207812796	281.0630989593366	71.6485158313884	-11.025078968688135	533.0516237791154	-453.0333125765132	1779.482794334738	-12597.088742530066	7.035085119392423
?	135.34829866774044	-177.09546689221358	62.4768885601714	-197.55389207169816	601.7074585837903	-2721.8085073642874	1588.2961003976445	-4047.7021005965453	-1
?	133.82228873351715	168.11354415086373	61.770821227803346	96.18710993299919	396.9611984108991	-3739.9438461994832	1577.0976893049078	-542.0192016290562	-1
?	143.75397587528374	429.2885731442893	67.28624405682143	132.9738829266898	414.7102662738135	1246.503500581321	1561.1951403161913	-10086.365997551758	6.902157251379334
?	155.28671739073192	304.4167169341349	68.41951537413793	75.84545287093198	459.28637343996604	1315.8031345479237	1072.7793894273127	-9857.471959251925	12.089389162304036
?	158.9748117219907	-467.6712397727933	71.07851670036808	24.19562656999113	480.5004230012106	-1427.6129232077008	1068.321542353588	3016.2415197491537	14.090182817032073
?	131.90315540209193	-1077.8345449920955	69.6292967026375	-81.76765543068737	387.90572727958	569.6134325835463	1223.5914654147725	7797.499757388694	9.212206258454078
?	105.08308447238517	-514.7670373369815	66.99013392883366	-66.77898940002014	508.9810946303883	-1416.451793974525	1458.1965302230283	-260.1082621951227	6.533266564399284
?	106.16480353524248	433.17133478656	66.29034723263645	131.82347829700927	317.08313758085274	-2807.2844100456336	1210.5860523050162	6591.771361371309	17.597963491253537
?	126.74165121171347	527.7042182736894	73.58130784368422	-35.41768406220576	368.61687412810466	804.0967795525181	1787.7850982915984	14319.118864221493	8.86550081316436
?	132.55001444892733	-2554.833024234233	64.51946302952614	-391.80500159133925	357.2879765584792	-35.8899836012194	1926.541995516101	1963.2328176064987	7.348207609759857
?	-1	-2671.0002889785087	53.991057764116974	-59.41576363767681	366.82237494804366	7535.011270863916	1885.9467391719247	-5853.63242654158	-1
?	-1	2369.4851732300394	61.54867484764225	164.10230986045372	734.0385401016804	3726.8249681721504	1633.8603741890179	-763.9625630596339	-1
?	117.47425866150365	2262.544704957515	62.196173257139776	147.9701292115786	553.1636233566538	-8215.106526469528	1847.7486110189425	10060.34548032235	-1
?	112.12723524787737	262.49187533372117	68.94718130822129	141.0614681145145	323.28321377819816	-5056.6275679487	2136.8776482051426	7167.19345699459	18.00949049183018
?	130.5988524281899	948.6319062118004	69.2492466628656	-64.51868240443268	300.33224495921525	-281.4416712282019	2206.108283868677	837.5997747157425	11.58262661756082
?	159.55883055846806	644.0287092900194	65.72124718799961	-164.12571562234683	309.21113021678786	25007.564873977324	2178.7576369409303	10969.376525851092	18.020256003315637
?	162.80028789269133	-3211.1766111693155	61.042960881748144	-117.11988243453452	1550.7104886580992	27484.216588270265	2754.5771101612395	8696.390199435367	-1
?	-1	-3276.00575785378	59.8652530662728	-224.88060001713487	1683.4219596303208	-10305.157195106838	2613.577146912705	-9801.46678233618	-1
?	-1	0	49.79893088089124	-335.3497111762197	1035.45262890275	-22176.84864467838	2264.5037710444235	-12673.021458344343	-1
?	-1	0	43.097767507461576	-128.73687054661065	574.5795273963862	7942.733850308392	1979.9260739954786	6331.027564217621	-1
?	-1	2542.888204957962	43.36208735356062	224.5541451270861	1432.5893214181751	319.74963648147195	2581.055149255309	-678.7902749412882	-1
?	126.1444102478999	2716.8734026674615	54.32547476381604	559.6979496191365	590.56700922046	-21046.255325607654	1945.9865602484138	-15946.644596887563	-1
?	134.843670133375	51.15920405659337	71.34698483451784	229.5444883134411	380.27655513777745	4326.298615631619	1783.7229194109195	10363.17515624686	14.85253731205026
?	128.7023704507296	-2716.8734026674615	65.80269917948826	-73.94840779834689	806.8819400020441	25944.792433629136	2464.145318060764	19167.0906441055	11.34700197982344
?	-1	153.43298180363044	67.64956444460044	57.047035801256	1677.5161768192527	-8996.831805815964	2742.0774516162082	-10437.635292077162	1.4238624673481535
?	136.37401954091123	2397.136783352698	68.6550509695511	-66.21995712809584	357.04034971123946	-24794.30146348665	1942.2635534568985	-10966.823956489805	10.913254582951216
?	118.85683916763661	-99.41550999480258	64.3385665881956	3.468189756926798	437.8011036449028	5380.033406406735	2193.73625379171	-637.5029923461216	9.192841761201208
?	131.40324404117104	-24.127503852866933	68.82846045739744	-43.634230593579936	626.04202003158	-67.21880896524813	1910.388403839592	-5854.948949588915	9.769990371998492
?	117.65046397499324	-2648.064880823383	62.15685505851658	-360.03662348222645	434.44016319664036	-3311.58355147827	1900.9888063122603	-2842.735813443833	11.960427436924437
?	-1	650.8944608082423	50.82662928328586	-154.30230465010519	460.4628424576642	5591.542127635571	1768.2516131673983	6470.748219616852	-1
?	150.19518701540582	2591.968589250632	54.44173982601121	283.07416347347936	714.0172695784229	-3150.745928137614	2224.5262172931075	9594.632262823734	-1
?	128.59842946253343	-701.7184875297297	64.98033745696003	248.94967151794194	302.92554605078124	-8353.886179431187	2247.983226308592	-2301.212777703853	-1
?	115.10926263891884	-323.11788521273536	66.88922340190848	-16.54110826624224	296.32296060685763	-746.656135278184	2109.465578407913	-6707.6301318934475	14.67169447512532
?	112.44253520189643	-2322.1852527783435	64.1532820436479	-329.53566374638484	265.5927392868715	4659.798250242246	1912.6017197139147	-8332.81001621322	13.43668820659222
?	-1	47.73260527191116	50.412440214589004	69.52775019681653	529.3128731189732	2998.3500733036776	1692.8250775972463	1991.3436560586015	-1
?	114.82916546549203	2000.9238381847613	67.62966955348878	399.4973887298967	415.5102429520575	-2786.3154669070777	2012.1689025168462	5505.593510908724	5.1923297169209075
?	99.04619190923948	-312.25644821564526	70.38730965108412	13.457267050440386	389.9970997736174	-1200.8561735932483	1968.1047531426864	-3935.2877461162584	8.911943443826477
?	99.21634305470954	105.52835089769863	68.30253290601081	-11.210548510836542	355.46743427239426	1491.6979670935546	1815.4045152110305	-4641.055115198867	8.328494080132812
?	104.32260945412449	-2004.3268610941623	69.82678222554229	-125.38155326314033	464.58199812829616	836.8167580687299	1736.0519973827397	4432.574622727171	7.774087593985602
?	-1	-2106.45218908246	62.033455242853705	-142.31533537165473	397.30827217583135	550.6372158494424	2037.0332463473922	944.6238967587581	-1
?	-1	3213.0848828006233	62.71101545695945	89.81415110555744	492.1138589207687	9843.416592097075	1783.2831922206783	1541.4298731157223	-1
?	159.65424414003346	3495.307666712704	66.52416279813164	313.9683315046826	889.4791017806921	1113.4899731576218	2114.1047400031794	-7779.483839520183	4.433940530912952
?	173.76538333563767	315.3316189102947	78.4094320321938	191.38271993986433	547.7883575786506	-9438.471137436793	1394.3090002446636	-22717.09609956759	12.748211303057428
?	175.42082508554842	-58.040432506281576	76.093298795125	-231.7727752777584	417.5555449088458	-1325.4484227938797	978.2499350247838	-1143.7329143430427	16.620672777179305
?	170.86336171032355	1.4069206710411009	66.82079326830572	-361.1618817316659	481.51593643895563	3767.664944314613	1337.1223545275107	15741.806869727046	12.494207081271338
?	175.49117111910047	-133.36067667819273	58.03520470854144	58.613089589800914	605.9387921245791	-3172.029062696038	1765.3402785111473	7649.4727707262655	-1
?	164.1953278764138	-596.5231608280772	69.75144774779581	363.08633054073306	322.9144833041515	-4585.824215640055	1719.5959930638294	-1620.5520187599948	12.891154210796307
?	145.6650130776962	-475.00573835397125	76.18952123557835	127.48941319192899	376.6475813425731	2040.0406568906776	1684.3126775731464	-5626.371213425666	11.154832665696667
?	140.4450409587149	-479.30831013954133	76.12591840739235	-149.96834672505955	424.9165161486868	168.4180205059248	1438.277432392542	-5079.2879261136895	17.84335738096382
?	121.69959757071878	-676.602795571535	68.69110389932527	-236.64557805247233	385.0684823678695	1377.414658580918	1430.3482812674583	8477.914313952271	6.136250489883584
?	106.61490118013768	309.21400815091306	64.29363950476856	75.13311879166146	493.7872490777337	2202.142721501236	1862.1731480901617	3086.9857495144443	-1
?	137.16029797826465	1110.792655331385	72.4477598389084	278.3817475639509	495.17561844293283	2582.0010223164145	1584.6975687431827	-8395.870885405491	6.345927650128135
?	162.15453394670772	622.2766449666104	78.21272688296631	56.12066299510792	622.8873001935563	-110.72149574821721	1442.3796038198811	1650.2038880157527	10.09978796719881
?	168.27413022659562	7.527479133071786	75.25379298866383	-118.85615404167653	489.6395436555219	-3787.86699256678	1667.2077631439715	2817.366368311569	8.240696782552195
?	162.5309079033613	-724.281227660312	72.2699191808824	-10.984083347717458	433.49395056521456	-879.8573718370267	1583.2479222354616	4231.620544402298	9.395532929958327
?	132.0600688435795	-800.9625713858011	74.70458882127795	109.18895478286503	445.64667506366993	866.4274956599618	1878.7887903640894	7707.980847737817	2.544402611676597
?	122.48277933407068	398.1197677940395	77.72936692002573	95.41657969857859	476.81532534821326	400.66567429866154	1968.646964622358	2923.7101671013666	6.9242401473247925
?	151.96605723328176	1678.1345813776838	79.47541780620695	-42.30271356751924	465.6799587786033	-275.52182559273723	2024.9742987191598	7.639129997792116	6.107340277835557
?	206.38950840295607	4023.824509309143	75.61423124164973	-194.82049133647345	463.0392340685762	393.1195319691211	1969.0289211222475	-3987.60304676877	9.673968269722653
?	353.15728269874177	5552.587005476037	69.73439323938314	-198.29322273266743	485.3359353770596	-1401.4857146676086	1825.5941463807185	95.21596558211378	5.1946265106073515
?	484.0188586767619	2646.557709327038	65.69957010501622	-144.4922890700857	392.9649483351948	-396.77040893144414	1973.7897194013533	3930.31774122095	15.708269689272981
?	485.48516816509556	-256.2599715360884	62.50977878587875	-98.6146155904713	465.49741493048714	963.0056712375142	2022.1100334417688	-2281.9331198271852	-1
?	471.2058600999573	-9729.703363301773	60.768839325492586	-120.45936773531494	441.11523189707117	-324.806785401862	1859.6930634099924	-2411.640282644605	-1
?	-1	-9444.117201999012	56.48681039911292	-109.90764063392703	449.2570756603938	8503.918443478036	1901.5280193095368	5568.534557504352	-1
?	-1	0	55.273457293796156	32.797320057193204	866.311154070979	1042.2064229928128	2138.119791285214	2796.9555412841205	-1
?	-1	0	58.1266764019726	37.12216212921551	501.3673968100352	-6088.341459365153	2041.3757963737448	-2246.962636623284	-1
?	-1	1893.861010289674	57.12956540025696	0.38010229801329304	561.894081102717	-3167.0590212398106	2025.7716594540482	-3987.583910719252	-1
?	93.69305051448504	1957.223088442147	58.14568151687327	25.96557196793063	343.0144457480424	-3777.1792759800082	1841.9966008377794	-907.3522717384875	-1
?	96.86115442210874	303.40280678176435	58.42784399865351	48.11385123813838	373.0351173037139	39.94383012334367	1980.4040458671232	4079.231772281188	-1
?	108.86319085357347	790.7455160953664	60.55137407878022	237.4271052476111	345.01163725420963	-1554.625972190657	2045.9581894518417	-268.3252043792398	-1
?	136.39843022687762	1133.6216812351813	70.29919926103423	395.1895625762236	295.30381869417994	904.9296990370655	1966.987785648161	-7705.277849956901	6.99794090406479
?	165.54427491533335	1146.254924474613	80.31085220759168	166.1608955993764	390.25812220606355	3452.9617242544396	1660.6942969539912	-10096.385573400432	9.55062672263843
?	193.7111764506091	588.8850195340536	78.60724404100317	-245.44529695610598	467.95190490690436	2014.0388165531099	1462.1685069781322	-3820.4624769774914	12.399207765613262
?	194.98852589203645	-26.58620750271117	68.0385873597862	-222.60925683117475	490.9600630337205	326.3600002306167	1469.671173105114	721.6482290122883	6.035870788519622
?	192.3818660754735	-364.3612046323255	67.47678119944428	212.28289970156038	484.26990491843543	1520.313728431579	1498.2509184287471	-537.2028396754118	4.966098995892125
?	176.77046566041992	-787.8517682840677	78.65273234486438	119.33689534024411	566.9757494553005	168.40453489057825	1442.811031121343	2324.735966448023	9.956168278012546
?	152.98927766126957	-774.1203795024788	73.44362596645657	-209.6650557444694	492.69013166296446	-1701.7739640126329	1614.48771675115	5691.7370809852955	6.5202566071453
?	138.06444668529542	-498.4763489710329	68.16947955764076	-16.903304715686474	481.88705125466765	-868.5369282381295	1727.3978851706117	4268.696544666757	5.562549185622132
?	128.06546021271757	-229.71602539743557	72.59846073067223	168.58058472233142	449.26328525105737	-367.6791997561604	1827.9225439844909	4578.38031450275	7.659305019695019
?	126.57864541542348	516.3512892526643	76.59850879375745	91.0119753436963	463.50309126685937	92.24806739018032	1956.3169008957525	3329.8956896373993	14.556007768682534
?	153.88302467535115	1769.520041491755	77.14905949785711	-77.6694273145961	453.87568862056645	-177.1095194241261	1994.4173284663632	1270.4039954162547	8.205066483261378
?	215.05464749001248	1834.8581129845195	72.71503742802759	-274.43890950277824	454.64761529565294	183.08471232544287	2019.8371006665661	-728.406324261217	7.763243308496897
?	245.62593032457843	-4321.092949800188	63.427114022718	-332.2908693839896	463.0299242368387	148.70043309770398	1957.9970122533018	-1480.7706152502003	-1
?	-1	-4932.518606491499	56.10049395882787	-224.36474534598412	462.08263695053824	169.93352501833655	1945.798569904055	-1065.3785047940148	-1
?	-1	0	52.208876755418636	-74.22697677164814	471.5266004877557	64.12005177554329	1904.7280870136003	-4534.333522337373	-1
?	-1	0	52.38914512024541	17.814492511355585	465.28863953931545	2026.660507733828	1719.0818937871832	88.05781502232878	-1
?	-1	2945.9027221869464	53.09960138098643	281.41902268936815	572.8596258744485	-2581.937608637687	1909.1309777647168	2410.784431181271	-1
?	146.29513610934941	2561.130637495372	66.46009625471402	338.59684482958755	336.1917591074293	-4538.804175103257	1839.6211153462484	776.5395033845542	8.49354880803467
?	127.05653187477041	-597.4451877785259	70.02944362246605	165.17355891772175	345.91941711928246	1600.791666608011	1947.957952933945	3189.5402624359576	13.365236934261251
?	116.42287672042269	-279.4462296079229	74.71877420060022	112.58863458263629	416.23134243783096	913.818114337683	1999.0981284680486	771.3808537253572	16.297436058191153
?	113.08422039437407	33.64514222562841	75.65887535159794	-101.3581833399624	391.61032283616726	-1901.8984126360376	1986.5269956202135	-2134.2059356294035	16.558135007583395
?	118.10513383170414	381.60028662120965	69.65086503360203	-81.88395244885496	321.1364218060277	-1607.2085146206393	1892.3878316865769	-2214.910642039086	9.665062053257005
?	132.16423472543482	850.7918034620512	71.56467772915514	118.71264349192701	311.24989710513415	1732.8198508199607	1875.7814635182576	-3818.767968858038	11.769227375811335
?	160.6447240048073	740.136311292347	75.58649720819847	-88.94437861299069	407.777414347027	3737.8935900888237	1701.4494332436723	6254.107171290063	11.219426460525876
?	169.1710502900527	2074.4004802892428	67.11745879850554	-139.33682899373338	498.144576609578	24113.663623353397	2188.4868220827652	21477.22519223741	11.023205629767972
?	264.3647480192709	1868.554808366039	68.6196557585117	145.377379251505	1613.460595514714	-1494.929266389286	2775.310692855558	-2844.0631351367942	-1.6557608164599145
?	262.598790708356	-496.06308455112105	74.38632776108089	-90.83001122667197	423.39811329011263	-23878.5082647208	2046.2836653259235	-19473.36709447118	7.601344955125922
?	239.5615937917145	-5271.9758141670445	64.07815519717804	-263.3685006077415	419.53518227865703	9104.611603970332	1801.642338131985	-1150.1103102728503	6.112647773666219
?	-1	-1717.1014212369823	61.21790273069363	169.45882092357252	878.6286934886357	3136.822204908528	1988.7781498122802	1437.0686869115775	-1
?	153.70652272986416	2596.0111432422973	72.55109624335678	168.17906850680177	576.3762925240857	-10122.6072501342	1873.495772477565	-4874.843639867621	9.433275233263355
?	128.80055716211672	-616.4385032380202	69.62685615603384	-139.61730836696518	372.49833098191846	1432.547656217264	1745.0359678188956	6264.420482608632	9.169564428274734
?	122.88459756796271	-13.866038011572444	65.57023082500842	4.62671500404746	648.0036753349499	-920.6289748271576	2186.716796608001	5217.110546982947	6.595684246468524
?	128.10725526153809	-212.1835739441563	69.85819190623622	104.50656408725216	326.4668822405599	-5976.647809199893	2005.8914951680467	-12385.705532221411	13.136623171892666
?	112.27541887075475	-551.3771460825096	70.7955590293711	-131.62307215305572	349.17128487495097	1453.4943003252565	1567.4315199969217	-2396.9675732462815	12.510724673313586
?	100.53839795741222	147.724585426367	63.277038298583335	35.4056198355645	399.1415972568238	478.3273528278107	1886.043116505731	9828.252909989353	-1
?	119.6616481420732	1074.4430411439507	72.56584002114936	235.29190636968002	373.08765251634185	1146.5811376160236	2058.8441654963963	899.9028265506568	10.124093972176407
?	154.26055001461052	1975.772294439374	75.0416336170675	17.21036772073067	456.4706541376258	2208.1396834751367	1931.0382578332644	-4459.124159859389	5.634809401689538
?	218.4502628640433	1661.302092786178	73.4263584071859	-133.727938529458	483.49463669010026	1816.222434677525	1835.8879575034236	-8729.395344060935	10.094536559008144
?	237.3256546539206	-560.6171544742637	68.35523669059451	-180.2103461627081	547.2817758715033	1320.6659827047035	1494.5684906302115	-8507.170527121614	14.371759469628335
?	190.41940514032973	-2132.651421312966	64.41584109905037	79.24191491909598	549.5279358253364	-1724.4544987467934	1410.529431147337	-4260.40754179747	4.138835953571433
?	130.69308358827078	-1448.6322524471127	72.31733243654936	106.67772042793463	461.0590509341624	-3928.9018243120927	1281.548113540335	2008.2790748391549	5.055130702903561
?	117.98779251797306	133.32728534726166	69.74972712044718	72.52663497894001	353.08284460972897	-1041.3669943445893	1510.943384889296	4651.260976066917	12.632184472992945
?	137.35944785563396	624.7168571066293	75.94366418549642	137.20904104185738	408.9907012169322	1726.8225495670179	1514.111162343684	-2046.415851753266	10.178237647445266
?	149.22363537330497	131.3043927212696	76.61017917254014	-175.9877163408496	439.4239720880811	-184.61457247335682	1408.6225923016314	-1499.8906538035467	14.995877174679112
?	143.92466749169753	-508.53716647617136	67.14427836845381	-248.85906377796533	399.75997259326425	482.3442101123555	1439.1166296535057	3875.487716004913	12.09326600026241
?	123.79677704949604	-422.3493664903884	64.1672259836417	153.92886624738347	463.5411825936992	3703.246242377572	1602.3969781018798	-2574.359738731232	5.985465669496948
?	122.80719916717781	-343.1808813856838	74.8407216808231	129.5339544158385	584.9222847121455	1625.6978309109463	1310.3986427169423	-1873.1766887543433	9.11440593555869
?	106.63773298021161	-267.8254496012697	70.64392370443372	-160.74680210954284	544.8260741392477	-2613.4770333845668	1508.7381436641613	4830.932510204766	5.71025369752739
?	109.41592668711414	188.97115683976938	66.80338157534584	-7.184142628881216	454.2484330429153	-3186.5054485919472	1551.945268227184	5154.543052098483	3.9282713810307857
?	116.08629082220021	311.16013183398917	70.28471657298965	157.0708700630897	385.50080170964804	-513.1524488837029	1766.465296269089	7455.23704886551	10.476003905538763
?	124.97393327881382	778.8403535485452	74.65692507850044	96.37665948372109	428.5908105987298	1057.571577487582	1924.7071206704647	4799.984525258656	14.225745158387605
?	155.02830849962803	1659.5650035577103	75.10354954717577	-57.76125445401365	438.3793805840279	-5.350453822613796	2006.4645225320253	1976.4742009077363	8.771707872004775
?	207.9521834567005	1890.9865364048355	71.76886235579971	-160.43944009735355	428.3232879075991	-181.34039304165836	2023.530830715853	711.3882235502241	10.471552833385015
?	249.57763531987115	980.723244532526	67.08157754230798	-342.9947592028294	429.31236093194485	552.3257641006195	2042.033933709537	-2313.96999055541	10.405281835407528
?	256.9883456833275	-5011.552706397351	54.619124395658	-241.22846786666838	455.93957611263045	2008.2778036210605	1907.8323311880808	-3097.718494494535	-1
?	-1	-5159.766913666477	55.02015414897439	-8.044302093311899	529.7262511129993	2773.685462474997	1887.148008984808	273.7778349059688	-1
?	-1	0	54.2169092909924	-50.55269288213494	594.6238492363823	4897.766861201904	1921.5212229333795	2174.674270694046	-1
?	-1	0	52.49251950486761	-70.75989348455947	774.614594173098	3152.926099914612	1995.8817225195119	-2253.2782045368504	-1
?	-1	0	50.678914616764374	-88.23563518009965	752.2701542321152	292.1357375106622	1808.8573127065354	-7004.365312001151	-1
?	-1	0	48.080737745862564	-83.08063841588047	789.2213810486313	841.683735557653	1645.6634569194493	-958.565346712503	-1
?	-1	0	46.52488269597029	179.27097038603023	794.3543410099984	-990.4382152373496	1760.9290453709095	-5929.663641767895	-1
?	-1	2671.6644258817664	57.0442862651642	497.24153350638124	739.6994702867631	-1512.943326974331	1349.1802748310504	-11277.18682741858	-1
?	132.5832212940902	2375.866372575553	71.3869593712897	134.676452985427	718.7071746612808	-752.1385000083894	1197.0697039999725	-1608.5887083748319	4.002083491668569
?	117.79331862877935	-2671.6644258817664	63.77810891443565	-371.653904639613	702.0925452863431	858.3044330096838	1268.7508394123076	6192.445442835745	4.387806640821499
?	-1	-2375.866372575553	52.80426413930879	-196.9961398710493	761.6223963117656	2904.530226462884	1506.6919761417641	11130.534718603854	-1
?	-1	3048.285039163807	53.928301920883044	257.7678737855091	847.3190566094894	9983.20667924034	1825.2775753425083	16465.316568947943	-1
?	151.41425195819252	3463.3675809582196	65.69265782858443	415.4667866611181	1260.7827302737896	-10372.584043145936	2329.957804589173	-642.2452242991994	12.516609892321808
?	172.16837904791345	716.6497205186869	74.70164125393924	242.84749809727114	328.6898544521852	-17579.59575880192	1793.1653141275478	-11945.284695637863	16.962944297054285
?	187.24673798412738	367.67444266654866	77.83503273344816	-4.8734764894765465	381.80294233368124	869.9896095910812	1732.6935698072714	5.556179053710287	21.280584163215156
?	190.55210118124114	60.24686142791978	74.45796742946541	-104.09784220988564	372.1893349317399	-450.1495033586347	1793.4431230802334	1614.1526689277177	22.654939696933084
?	190.2590810555234	-226.3362184182042	72.6301406229538	-112.85450947330769	359.2954671657492	18148.90254972218	1813.4012032536584	17066.26979604672	15.030819338256581
?	179.23529026033077	-3825.1816211104137	68.81524195579995	-200.53781715721414	1279.6344624178619	27411.98416014393	2646.7566128825815	24627.322396059484	2.736435927616516
?	-1	-488.7304266913985	62.603249765092954	-138.00172788210392	1729.8946751729652	-6194.758153494361	3044.76732305665	-4886.544348197944	-3.140091133245648
?	154.7987689257605	2918.5420193330697	61.915155561694654	307.1150639621088	969.8965547431394	-25910.967646029087	2402.429395472681	-32485.4286714989	10.256051693094419
?	144.92710096665556	-476.50416303190815	77.95900296319861	38.952679953647774	434.3462928714926	-5897.396772506143	1420.495889481682	-7664.890024032161	10.544608942678995
?	130.97356077416475	-2918.5420193330697	63.86278955937707	-374.3356998859286	675.0267161178281	2265.702870346539	2019.1848942710674	9865.067783546816	5.935993619916838
?	-1	476.145666742641	59.24221796890192	-68.84528687604062	547.6314363888212	4311.586545921414	1913.7492786590299	8659.852803611857	-1
?	154.78084411129714	3061.9769513097553	60.42052521557499	236.63919819564447	890.6060434139018	-2133.6902668403527	2452.1775344516664	-19344.288803552703	-1
?	152.09884756548993	-125.07410826616699	71.07417787868431	271.3014227089721	440.946923046802	-8821.354993695357	946.534838481381	-29131.91739652369	15.671695498976709
?	148.5271386979887	-298.2745193495762	73.98559635102379	-67.76017134087101	449.5382937291277	5417.691421330624	995.5816646254613	22936.82260818383	20.39500648452984
?	137.1851215980109	-2990.5427739597317	67.68616931164071	-66.1074758709153	711.831494113337	5212.416219472748	2093.375968890589	28713.385532163295	8.878309793317097
?	-1	-2763.7024319601787	70.68022255747798	52.55303881388652	710.1591047027688	7434.062069957091	2431.2509412336462	13624.032143734928	2.799847588134374
?	-1	3250.3889927238583	70.31382125233508	-51.43787913925889	1083.534597611197	13797.790555861271	2774.577576077345	80.98973801568603	1.4860895954866984
?	161.51944963619522	3002.4654080389773	68.108328600515	97.54721806990065	1400.0486324958422	-13671.232643983469	2435.3004281344306	-18033.715660411337	3.1647385584448844
?	149.123270401951	-442.87544228374253	75.19118215583018	158.34738930441634	399.9729654120138	-20053.907765513177	1872.8917930567652	-9124.294202433555	12.858119250469025
?	139.37567752200778	-334.54934214042544	76.02569806573592	10.871770389864666	397.3532442201691	-283.19070034284715	1979.0857180127464	3297.0051530915985	20.535653544045886
?	132.3958032949295	-288.71232682745546	75.73477067532342	-39.03685603698791	385.81343039487126	-542.830481955905	2037.7420507113475	1459.378244977249	18.093313214512392
?	124.9400611806348	-216.2703053532244	74.0738552638865	-193.55359648161433	370.21172012237344	-454.449373672384	2052.05463026161	1411.5912789341546	14.318788475681263
?	121.58228802726812	14.765993772499616	66.05709085124256	-367.6697790376392	363.09096171125174	733.4457048067632	2108.321614658056	-1231.3944140547899	7.768785706331679
?	125.67836086925979	-2451.6457605453274	55.69036631200428	-246.79677418572956	406.8840053627121	2228.7977660146285	1990.4849095588695	-3023.5220611618233	-1
?	-1	-2533.56721738516	53.71725214195591	-113.86371747691635	474.53085001198474	456.819005979543	1957.145511599963	-1524.4631369538695	-1
?	-1	0	49.99718043815838	-156.02558107586097	429.7249556616896	5249.266969541516	1914.261752711175	-1622.2113679678612	-1
?	-1	0	45.91597308816275	-101.04111065999844	736.9941984890643	3061.5363078281116	1876.0349432015687	-3392.4946159628344	-1
?	-1	2524.3481180880167	44.94512490515839	475.3491657092632	582.8017710530974	-5583.775898557894	1744.6370219130308	-5864.81858599597	-1
?	125.21740590440264	2398.397433814656	69.68343137362625	634.2707635785773	457.80540356116563	-2321.1906771033555	1582.794013901766	-3946.3209292196766	12.19193044491143
?	118.9198716907345	-227.82934598357787	76.6586630840877	-49.731835747476374	466.7422371979279	-1466.227558862201	1547.3209754520442	-1301.4707517907161	17.401755305064523
?	113.82593860522358	-2398.397433814656	67.1968395862524	-473.48598744672523	384.49402561805454	443.22785070574747	1517.7204763122293	-723.2705037198582	10.345346699037172
?	-1	-2296.518772104439	52.98436371175111	-135.16957914624504	488.9036297332156	8411.766415932334	1511.1574502660508	8430.232091862461	-1
?	-1	2691.3472135613188	60.438360628940046	450.7766783165721	805.0823464146772	-1936.753231202474	1939.2320809053583	4684.917844428439	-1
?	133.56736067806784	2330.8890229143813	75.52319762758003	192.69840268569692	392.06596817309054	-8661.86628503719	1745.403342487476	-2010.9045438766348	7.641111408417285
?	115.54445114572073	-328.48331301146817	70.07328076322503	-74.48552310917117	371.98903216281155	-837.3793664879275	1838.6868537115251	4053.029839787629	8.14135849436695
?	117.1431950274942	-13.35035126014058	71.79892147212142	58.589642062198685	350.19699984869357	-750.4425534426032	1948.0548344768604	3495.0855321487647	9.970039631212226
?	114.87693358271369	-145.86738523344073	73.002762866335	-126.89509396520937	334.46690449068086	12811.029751996442	2013.4411303189659	11972.960655775207	18.093653491593084
?	109.84982576582206	64.78938635811993	65.45416677386086	-38.407274126218475	990.7484874485249	1655.1724911832928	2546.7028672656293	-13161.28824981209	10.604225647116824
?	118.11640290061973	60.08159181575195	71.08239916002405	108.97956371024308	417.22552904984667	-11892.335484050172	1355.376717828352	-26581.574705940682	13.994703077181146
?	112.8539053566097	-97.46288064696618	70.9031449593731	-298.5558634164542	396.1317132460078	134.7599638439605	1217.6241319685762	881.8804668465339	15.503056456777344
?	113.24325886827135	-2277.0781071321617	56.15460598920113	-260.43939999217827	423.9635272420448	3726.243850729382	1399.4707411706793	9126.361312859683	-1
?	-1	613.5328691273868	57.881174959763996	287.3127398175156	582.4439057824795	1970.8345162891196	1673.9421976115668	1758.9740703742314	-1
?	143.91990232464113	3000.7588272247317	70.52024298007711	288.0532592870343	522.5052530565022	-1705.7647480166584	1487.419444689392	-14706.21551105857	4.56094142234198
?	149.03794136123872	87.12601490092187	72.28383792411592	-134.84173024426534	497.1556683816454	1195.3871929105424	938.6314220586279	-9465.25818719055	18.15443953634169
?	148.27620306968728	-4.272775574187843	63.77815646786375	-375.22875141530966	582.2746127020301	2902.983782297307	1014.1565353298579	1898.175632728269	10.905517147908041
?	148.82430258252933	1301.9032785166032	53.522400353350164	19.010429485837804	642.3048574965128	-833.603662569587	1033.5402036950427	10956.65597479909	-1
?	213.37136699551837	1106.6966958147868	64.72867794215566	351.00716477485616	540.5944295735502	-1407.7124876095882	1561.9893340698202	6655.524967123452	6.002476745554567
?	204.15913737326946	324.15435942181483	71.07275859209322	229.09980488905134	571.9192331160324	-1618.2892798703276	1366.31645205122	-11836.397487040029	13.151181654410834
?	229.57908496660934	389.62122521088605	76.18366818660839	117.24466398944973	459.6799655800327	-639.4397387872778	970.1694597178104	10596.672679309953	13.580576203753711
?	223.64019863381404	-774.946391570064	76.93499179156579	-107.2115391966587	539.947246176668	2393.9597123933004	1896.1500860167253	4476.836152932167	11.15495538663413
?	190.8317653881056	-1201.491932104376	70.82309122677538	-111.25694377849085	579.3779511996994	1932.7594835905595	1194.0112673644219	9363.14490902137	1.8261202021819138
?	163.56560202859438	-617.913980800669	71.37214460264117	161.67464145967497	636.5852203561974	1174.4642830020182	2364.3073314678004	14742.490989661777	5.84481162119649
?	159.9360663480717	1052.4179691913182	78.90682329975924	228.3152723928443	638.1011653498011	-3042.848439778686	1931.1358168475213	-7351.680793253809	15.65950952085925
?	216.18650048816104	1154.380694930306	82.78790822228355	-5.498391176829422	484.44279836726093	-883.7415395526693	1996.7232918051047	4755.853949139733	11.068142440198125
?	217.65510109458782	-1219.4150362182254	78.63190374091776	-225.40615542240678	593.914088372167	4832.249712620293	2168.9285143045113	1871.6688644300446	7.6576166882046595
?	155.2157486772489	-1840.4675281574068	71.51760045116305	-188.43040477432896	726.055283998279	-25.521390703233557	2090.3067350266083	369.68264235234005	3.021128250497044
?	125.63172468671617	-344.560387624119	69.21038350220118	-83.48345924989413	592.6380188370054	-2229.4672186705498	2187.4126464221285	4674.495482464315	0.4051119014880788
?	137.98772929604272	3929.7732162574766	67.34342748866828	29.01163479391657	614.58192306475	-3181.629306236099	2324.0315091498273	-4356.924445339361	-1
?	322.12038549959277	4526.4013992732225	70.66096524189703	158.1434154656171	433.5565535251981	-4606.525630909229	1969.5664241551574	-6608.940215710865	8.048225771144919
?	364.30779925970705	-2734.145042460725	75.25059826194925	163.07318715182726	384.25564151928523	1330.3154353405573	1993.5844983642794	836.5364665901888	16.541993714863445
?	185.41313337655458	-3876.944780395901	78.81462459948851	92.73429184127205	500.07232529222694	48.92526340016205	2011.3932474846674	3855.2782830167644	4.568188802381877
?	170.46056023990926	-45.23221141096421	79.88731285401292	-111.2881578508795	386.70190468929337	-2385.287755899334	2186.3484125151203	5836.975950018913	12.866534062076118
?	183.15152280600634	-193.63240530721507	73.25021670694446	-188.27976753938788	380.80793749725854	-762.2885532981951	2303.242044985617	-972.2407838092338	11.960456051186624
?	160.77893997454836	-1042.15489318087	70.47332447704339	-19.808739710753688	348.5874770243831	1739.0465115162342	2137.736373324658	-10241.193271439874	10.457546334036802
?	131.0437781469621	-781.4144611056031	72.25977972140676	110.98549073770995	467.7602630730715	5552.404222485046	1791.1823814136162	-14541.771549269477	10.712583582999383
?	121.70821691926766	-138.0514745221362	76.02259901392897	-16.81512816762454	626.2076881486394	434.6002591271935	1410.6477958611738	-5135.005998023576	6.636924703717931
?	124.14120442085519	575.7151757177617	71.41902331302552	-40.350249456270426	489.49027602943147	-4837.375634741092	1534.4320815124338	3378.21109633169	3.432087416491649
?	150.49397570515615	808.711991116923	74.00508654111542	64.06059802386659	384.3389064115813	-2778.0820842530434	1579.5583506777607	-512.4947082541003	8.575884231185437
?	164.5768039767019	739.9771755998794	74.6220532142189	77.62345557044799	350.5861718167773	3343.4123695408566	1508.8073460997284	-595.9531494243727	11.79200067164572
?	187.49283448515064	1024.4021273381823	77.88625931963787	-31.523089219129027	551.5095248886265	3074.6442977496718	1549.7606932065416	4976.599653540472	7.359819538653531
?	215.79691034361176	-3769.856689702959	73.04589875326242	-312.2164716062229	504.3183867042631	736.9327223963919	1757.6373287767556	2831.4784383696096	5.8375782539412056
?	-1	-4335.938206872173	62.275435739326504	-328.1528260163415	588.3561610084466	1128.4606083124763	1691.3346151250241	-1197.5591184303687	-1
?	-1	5516.571833113379	56.63825745244511	26.31646312127975	560.7414171198877	-2707.2298971825776	1697.7593728552363	2735.5356253166497	-1
?	274.8285916556729	5344.724645433066	63.59125889539051	394.8289919372609	452.99466614931583	-4266.114277677012	1828.1113963908585	-3235.1897196159275	6.494873893138793
?	266.2362322716571	38.66595967872458	76.37970704930844	287.4491383398403	347.4357032360341	-1413.6597439322115	1535.9998868744376	10003.710213120392	19.579594848471235
?	276.76188963960914	52.86816598607213	77.96371581238273	-35.026349340063305	382.31167895270426	1217.1926353946967	2328.2969070468853	18285.671315216787	23.108901200234488
?	268.87964057096076	-615.0948016115476	74.62838958230525	-53.90914535502313	408.2953350057698	1865.3562191642113	2450.28345263529	-5667.720157772447	21.5506301905367
?	246.00714955903132	-1037.688178011964	75.26825854463154	-87.76577795314427	475.57948991091615	1132.711530502406	2044.9108991582589	-17086.652207406973	15.072562536994074
?	216.99523167036182	-4940.142991180556	70.24010068464797	-298.20387069376795	464.9309115308909	2195.0045798618653	1595.9508422649292	-3330.103912441721	7.878792626136014
?	-1	-737.3974169297751	60.358065009942926	53.608355020261435	585.329718904011	630.5828582264111	1878.4057035361704	10989.030144986325	-1
?	180.12536082387254	3595.379368298408	72.92051843566108	323.7550442110439	496.4600544422119	-4875.446279891024	2145.4023495142533	5383.586458837418	4.245396002215095
?	178.76896841492294	375.72320706563835	76.54581722049535	128.64648833449894	341.55740490945635	-1184.2198915086842	2147.585026478045	-4568.750636326221	7.095124686130822
?	198.91152117715473	587.3450059870154	79.35284285238612	169.2580858618929	437.24905986677686	4618.6154975404015	1916.964817697939	-7692.657288262467	7.281309984315733
?	208.13621871427412	2269.901781449074	85.00872151359012	-56.00599318366625	572.4881797864797	4476.108626810672	1762.9521620649164	-12355.051583836508	6.523467018545274
?	312.40661024961	3372.253185689125	76.55254319320277	-258.10736908612995	661.0544912073136	-620.4141730140466	1299.2122385061048	5177.715314171682	4.196207902227985
?	376.7488779987328	-253.00575124062087	72.10335305928344	-34.75001734159953	541.4674711357769	-4415.2430058398995	2021.8379277735041	5920.427016392279	4.87351766088793
?	299.7563226875788	-2281.291242806387	74.81504232612276	106.6916931514361	440.2923409153155	-177.8524618004005	1595.233589325723	-1442.3358074154226	6.824810267103743
?	262.6843158584118	-1579.4129446361742	77.43793771685532	178.7776060951828	532.5748480457568	392.6705447352448	1949.721137402732	2555.416056149411	3.650518322314329
?	220.78567545576897	-987.5593503908257	83.75392263088203	-138.08864003445908	459.925868152078	-996.6241616696101	1723.0043921331953	-7669.670558434918	8.012603691550172
?	213.30634833886984	-15.470285242603047	70.53350571513226	-306.66721873812935	482.74363996227555	1761.6126487261818	1566.2376094809806	-776.5577255559882	2.950648088585848
?	220.0121611936388	-239.11351668795817	68.42056169397534	23.457252678097355	548.0065005883884	374.8502213699513	1684.1765058553954	-7497.158601558561	3.4331360223430827
?	201.35067250447176	-1437.1410970352179	71.70636834903715	-13.778971503890691	501.4861510307734	737.5494774895137	1191.3796794030472	-5651.695377863759	8.093802859315513
?	148.1551063418769	-4047.013450089378	67.7316131187808	-47.68303509129215	584.8839744628646	4116.4551835861885	1401.5917369622034	-14.012949442894552	3.512330785635953
?	-1	-2983.1021268374952	69.32221659447251	-189.1734772196297	707.3089102100857	4186.663755543852	1190.6790319309025	10905.24515608342	2.1866363876837984
?	-1	0	58.27293925779918	-265.71532241330124	794.2171622400601	2158.814721279047	1946.8539947663821	14834.780492906728	-1
?	-1	0	56.03645047380726	-32.187274925011565	815.2496462740396	5.812590755062874	1932.4180565762495	-14439.930386798664	-1
?	-1	3243.5331872149914	56.66357551154858	-36.71429962429362	794.5077917778133	649.8024427225754	1224.8574754264387	-7511.101481970048	-1
?	161.17665936075187	3150.649294251092	54.20073549259255	324.98144342202585	847.7397684101688	-8627.298782508562	1556.8629824777418	6183.15204737781	-1
?	156.53246471255684	50.88949423536674	72.9126476826501	484.0437363331012	363.142852652379	-8507.325777185077	1534.0150777953336	5790.832301262662	13.160727716431285
?	163.72113407252024	306.2715875414155	78.40292230924796	15.366139399769517	422.373479550909	1384.28763331565	1846.404597540879	5842.745681263385	14.287659988307826
?	171.84604408962784	784.7361264488299	73.68095465263859	-198.71191384355856	432.3572343181625	750.5940636898056	1826.152361858507	-1071.1801192622836	10.791541393531945
?	202.9579403949623	1529.2908965796737	68.46732661706989	-3.9621520680943836	459.9031827353998	-608.6607658229825	1792.845591577764	2688.6740829931414	4.365316128245207
?	248.3105889186126	682.3137021349123	73.48284704923387	22.11836433646593	401.92419602701295	-1593.4183018982299	1960.586066008166	11719.888364897002	11.949880706723409
?	237.0736255017084	-528.7797026173427	69.5732448338932	3.8652447010471196	380.2322676404872	-316.0923489368577	2378.8400098226225	-9409.161761064554	12.843859281750163
?	221.8716037877451	-910.5937472013853	73.67610928428623	93.52211938938021	386.11957858016984	410.1402292060582	1490.1279779549316	-21898.76277824576	16.019516090339334
?	191.54393814163848	-4437.432075754839	74.24935080336228	-1473.5221856857036	400.7392791007904	-7722.391571603287	1283.9018709103188	-29802.55955909821	11.850493362127901
