rowLabel	avP	dP	avI	dI	f1	dF1	f2	dF2	h
?	-1	2549.826406834922	52.09878819437235	1290.2992882356045	354.7404392835237	9194.182219598597	1589.878700557344	35257.22439949907	-1
?	127.49132034174612	2790.4907779819364	64.51496441178023	538.3095357012229	459.70911097992985	2038.4897703722675	1762.8612199749537	901.4947098523999	9.208054358415179
?	138.52453889909683	792.0699241450069	79.01426497943349	163.32337502547313	456.6649278021371	-783.0949779517241	1634.953436049964	-1790.201970356756	11.730247485888299
?	167.09481654899648	1260.9896508184133	72.68113316305389	-20.141946814603106	420.55436208234363	-885.1529106637374	1673.3511214571158	3515.677497919988	7.257265482129341
?	201.57402144001748	1342.6552502628872	78.00716763870334	8.654529101575294	412.4072822689502	488.51130327035105	1810.7373109459634	4999.416388149276	13.838731685576482
?	234.22757906214082	788.5347758087132	73.11385961813265	-199.7301821870571	444.9799272458612	331.8973834773363	1923.3219408645796	3976.4471194882626	9.97870751435986
?	241.00076023045312	-540.3662135832134	68.02065852935048	-113.83132939797011	429.002151442817	-901.872879317315	2009.5596669203765	1091.1758092482435	10.224707881050497
?	207.20926838298016	-861.9138746417044	67.42229314823415	-270.5150483411176	399.88628327999544	-207.32350256850515	1977.8807313269917	-1674.9676935839357	12.57962681241966
?	197.90506649836792	-4164.185367659604	54.49490611229461	-325.0625972966699	418.63597631439177	1505.9226990017637	1925.8112822411797	-653.3252939355726	-1
?	-1	-3978.101329967359	51.16916328340066	-90.27009471983918	475.1824182300836	3509.1363716851774	1945.214466630213	803.8664568591869	-1
?	-1	0	49.98140137630265	18.126209413111507	594.0927948986506	4325.636833472275	1966.004605084139	1892.051760332077	-1
?	-1	0	52.07547375405623	-3.7492616292527683	691.4642599036976	305.78846489960796	2039.817054646817	97.93473930670635	-1
?	-1	0	49.79393829484001	-155.40662940726008	609.382218143631	159.960237481216	1970.9013420494744	-2607.943602374087	-1
?	-1	0	44.30514228369322	-139.57797227053436	699.4622717777584	1030.3569187109874	1909.4198745281126	699.7890452560381	-1
?	-1	0	42.81503968131329	62.67470613349553	660.9000640791804	3337.647717654717	2005.8907943122763	8344.520847118734	-1
?	-1	2743.0269330421183	47.438877590368	298.48124526121495	866.3446576604944	7650.351886521744	2326.6459168840497	12188.974021006195	-1
?	136.15134665210604	2646.0604245369846	57.73910194437405	299.95913543612403	1043.417658405268	-11857.552521573942	2615.3394953625866	-6566.377783774896	-1
?	131.30302122684935	-79.3649702687923	62.43683436217422	158.7820786446906	273.46703158179673	-15116.981183250678	1998.3270276953047	-12350.756047611574	-1
?	132.18309813866642	-63.69207918214664	65.67820587660859	213.09094463721488	287.5685992427334	2269.796284313398	1997.8016929820074	-1679.767408994224	14.231633958161632
?	128.11841726774202	-277.3136448053194	73.09138159403497	164.53814083815837	386.9568457974667	3527.1379560549726	1914.3386572455934	-1950.5019182593903	9.150132340802008
?	118.31741589840047	-296.3467456050975	73.9051129185165	62.66299805180006	463.9254970454818	1573.8208411066191	1900.276597069038	-1101.220532354013	7.777670570297252
?	113.30107998748713	-238.68961926570884	76.22453149662498	-86.93919841358813	465.64788785279774	-94.02437983642804	1859.2776306278927	-1044.8197768551463	10.823854204200154
?	106.38293493511502	4377.662841980143	69.55815299783708	-284.3719651490148	459.2242780536604	21.072599659679536	1848.0356082262806	532.4017076052583	6.430799866431973
?	332.18422208649446	-2147.6586987022984	62.005933239174226	-340.8466442227181	466.7015178357817	390.69026368004836	1885.8977160081556	-168.67688014776363	-1
?	-1	2600.179573198062	52.51582078670116	-146.1855698463964	478.7587912376628	-78.41231397630843	1839.6017642188924	-355.1284430603297	-1
?	462.1932007463977	9518.025671684069	54.6966547468544	179.85635450437752	462.7809021369663	511.32479199221575	1868.141293855139	-393.2472109732722	-1
?	474.9012835842039	-40.22253202967587	61.50863851192005	77.7977283814247	504.32503083727363	202.03284745362208	1819.9394036702288	-1104.9670288691768	-1
?	460.1820741449139	-9518.025671684069	58.58654116592564	50.28254115711984	472.8825445096474	10968.204278059904	1812.8929424116802	18157.282341190352	-1
?	-1	-9223.641482898269	64.02276556977604	184.27026383465642	1052.7352447402693	20386.48868813006	2727.803520729747	21635.12696262641	-1
?	-1	4514.122458495969	67.80005435765847	96.94156984469478	1492.2069789161512	6563.24331217429	2894.649290543002	-2146.0638939606342	1.0083874005223201
?	224.70612292479868	4357.511463157177	68.86984406201079	47.713437137928125	1380.897410348984	-22439.91504966033	2620.5003260317153	-19200.123549886237	-0.894004999162353
?	216.87557315785904	-904.4539766964565	70.18572621455488	-234.78963955265579	370.2112264331339	-5364.873370629921	1934.6431130486892	-1231.5792989256795	10.923283919368203
?	179.4834240899758	-18.78156816608735	57.130362084377985	63.944272109953545	1112.6537418174878	3048.09772504454	2558.9213610854313	-4386.997185384767	-1
?	215.93649474955467	84.16120749361532	73.38293982005256	375.6224325262424	522.616112685361	-10616.165190265014	1715.2932537794507	-22363.57482835794	3.803071518390505
?	183.69148446465658	-945.7818249218682	75.91148371069012	-69.45515952519423	581.8454823042366	258.7834153523611	1440.7426196675333	313.6281527668959	6.76798268011395
?	168.64740350346122	-174.59973376496563	69.91018184379284	-50.00798733663994	535.5552834529791	-3782.2792119455357	1730.9746614177955	9025.406204297993	6.974379321114114
?	174.9614977764083	181.14017880865828	73.41108434385812	133.00489876000387	392.73152170695965	-801.3840551888181	1892.0129298824334	-2132.9062034182134	12.82544677079764
?	177.70441244389414	-94.27621925987401	76.56042678179304	161.4736364434735	495.48608069353816	2452.582042502578	1624.3293512468847	-11820.668780128888	15.861145521107977
?	170.2476868134146	-641.6588820600612	81.4847661660318	34.235695850683186	515.3606238320887	150.43758196032272	1300.9794908759884	-8290.164087397327	19.455423586853225
?	145.62146834089106	-953.5416530263774	78.2722115743272	-274.00704644400076	503.0079597915543	1982.2750741826464	1209.821146877018	-4376.784056107851	7.6274475157557236
?	122.57060416209589	-2932.4293668178316	67.78441384383181	-399.58373166143474	614.4743775412206	3608.596696438698	1082.1402880705966	3620.0418043146638	7.947776473985144
?	-1	-2471.4120832419267	58.293024991255535	-290.0777172965417	683.4377946134886	-18.294044865113	1390.8232370927506	3175.754482716827	-1
?	-1	0	53.28052797900478	-12.792756585127922	613.559675297965	1958.8099385929538	1240.9280122064374	4035.5555683235307	-1
?	-1	0	57.65338716199914	202.2265662776583	781.3782915431359	829.6370286439567	1592.6010155089264	8540.484742259658	-3.6016667237648607
?	-1	0	63.39185629288766	67.90845418966593	655.0415267301627	261.2601977510949	1667.9522493194188	6435.549016227637	-1
?	-1	0	61.048809871482426	54.5968961364378	794.4413014306906	4259.9796655492755	1914.378466320307	9574.254752618801	-1
?	-1	0	66.12170109970954	81.26847642948277	868.0405100076257	-84.76990617669146	2146.664986950357	1029.0908236012901	-0.9970102315922337
?	-1	3018.9030665108726	65.11223369295655	141.6230036076538	790.202806121856	-8253.748882954755	1965.8330075003714	-5272.749676079453	-1
?	149.9451533255431	3078.1429483302	73.2028512800922	344.1912676156535	455.3530658598894	-6606.011607193048	1883.0275031463855	-3098.8315866739977	14.721759037343707
?	152.90714741650945	-131.85078235498838	82.32179707373916	14.344362958767983	459.9022257622048	-1079.9013228587107	1810.891428166672	-3927.907651699525	19.863033437880425
?	143.3526142077937	-521.1540681379081	73.9200694280306	-275.14245144791215	401.35799971695405	-2050.944315697521	1686.63212056141	-1403.014526628513	10.348575780613036
?	126.84944400961413	-557.2120632445632	68.5646745013436	-217.7441375771088	357.35500997732913	-909.574919152262	1740.7407018352467	1118.6843785482454	8.911574129250212
?	115.49201104556563	-2556.9888801922916	63.0328625491752	-310.9862733417503	355.8792537593411	2165.146914603567	1742.566339488822	542.3783987941735	-1
?	-1	-2329.840220911321	53.01536083425614	-246.55720436490557	465.6123557075071	4593.393491513982	1767.8596217749553	3461.8873712897434	-1
?	-1	0	50.705002330929965	-65.24928183298323	585.5489283350394	2634.5340191283426	1915.6607080533086	3655.303677111114	-1
?	-1	0	49.75289674260699	-82.56498564198624	597.3390566639238	-939.6398216475528	1950.6248056305103	-1202.8682165469988	-1
?	-1	0	46.57675304883067	-35.185092691852574	538.5669372526619	1977.0979474742583	1855.5172972259588	3949.3563626256087	-1
?	-1	0	47.99364210801437	195.89138288919554	696.1939540376363	15002.587091756488	2148.09262376179	11897.916520323184	-1
?	-1	0	56.37132219329041	200.07917593039224	1288.6962918404836	6486.074300224436	2450.413123242116	8806.044912651772	24.539530860926135
?	-1	2778.502504789145	57.99760090453395	125.36269759988672	1020.497669048857	-11671.356174892648	2588.394869394377	971.9071753177411	-1
?	137.92512523945675	2932.830934134639	62.639457073284724	213.65681838678802	705.1284830958533	-14139.504934659104	2499.008482008003	-9799.845421504795	8.143231367316249
?	145.64154670673142	181.21096412303822	68.68044182387331	301.162138121602	313.5224223159043	-6957.96076151871	2098.402598319139	-10941.50694835893	11.985281425896515
?	146.98567344560863	-137.3868199149023	77.69756397936477	246.14018811541573	357.23044501991905	2303.8082842264853	1951.9331345900582	-4530.36937830412	12.765629687282862
?	138.77220571098633	-455.8961620121467	80.98745122964405	-61.90849357089143	428.71283652722815	2066.7865646236696	1871.884129403934	-2022.6957028968154	13.093090352205905
?	124.19086534500137	1936.1320736382704	74.60213930082021	-270.6035936568237	460.56977325110216	396.7950302528382	1850.7983494452178	-127.36066862032703	9.56664224145064
?	235.5788093928995	6171.35131050811	67.45727154680291	-332.42268584015596	448.55258803987	-276.4200593185761	1865.5160959729176	357.1839494198697	8.402597273108775
?	432.7584308704058	-4731.576187858007	57.981005008812474	-260.3603497623238	446.7487702851734	110.49075912755637	1868.6575469162112	-225.54644761558473	-1
?	-1	-8675.168617408146	54.43925405868677	-146.8909036502749	454.0771259962478	1426.750617684674	1854.2387735921384	246.7620314772066	-1
?	-1	0	50.636459826298754	-170.99176799989425	518.0863011694069	3846.8583712987765	1880.9956484900715	-2527.562747069437	-1
?	-1	0	45.88966565869209	-103.04573496016056	646.4200445611859	2237.1249289868465	1727.860636238667	-3641.530381089614	-1
?	-1	0	45.484173078290745	28.28180121912321	629.9425476187488	-2190.1337719532658	1698.9191294355915	1208.0149618283756	-1
?	-1	2313.105857832529	47.303755719648244	246.33570085253712	536.913355963523	-5791.995760983719	1788.2613843300855	2628.9252581072337	-1
?	114.65529289162605	2259.3520095898657	57.80095812091756	338.04408374533404	340.34275956956384	-4005.1623637560356	1830.3653923409527	-6608.616453531164	-1
?	111.96760047949287	294.86135168424613	64.20595990691489	204.05159090627865	336.65523777572196	-955.3328072637066	1457.8305616535285	-16500.62410942784	-1
?	129.3983604758383	1232.389202681592	68.00353766623145	249.53174977922973	292.5761192063787	696.1687480555181	1005.3341868695636	7595.645470731993	13.646547796614826
?	173.58706061357225	1126.4541406656826	76.68254739587633	191.04563726285403	371.46367517849774	1894.4369099515643	1837.6128351901268	17176.357605583984	11.42182664586393
?	185.72106750912224	204.2018161887258	77.55581952937412	-142.65072746479342	387.29796470395655	493.8729720780015	1864.1520671487597	2728.3884753343323	14.615603091262594
?	183.7971514230085	-3734.421350182458	69.55001102263668	-111.18433523482378	396.1573237823977	7625.90524759601	1974.032258956843	6840.343026029629	4.348803875792974
?	-1	-141.9275735783679	71.99660276763295	55.18074313854859	768.5932270837557	762.1552910369467	2206.16921845024	-786.7484048900252	2.7017042305795416
?	176.70077274409013	3295.5933811147206	72.3090481795641	-9.168488018470416	434.2650883342449	-7755.252598284974	1934.6948387123418	-9285.466186881342	5.954903067239323
?	163.77966905573544	-3554.0154548818155	71.53817836670943	-45.33993798563744	380.83059716950834	-406.35070136077417	1741.8959091061745	4305.398609812984	13.203098223786492
?	-1	-3295.5933811147206	70.04205128028224	-20.23088098498455	413.9475532662063	8665.211148055982	2149.9647692029903	12083.49854476771	1.149592154808722
?	-1	3481.7182099411552	70.5266343174602	81.48037328091817	814.0911545723059	334.5399949238152	2346.070836344558	-8160.626682631934	2.4089405605628444
?	173.08591049705714	3108.022107686673	74.11606994432813	-53.490915143365406	430.674553012397	-6293.325078222379	1741.933435071395	-16372.150528239761	12.124895881511078
?	154.40110538433308	-436.8476110403075	67.85208856029195	-159.9846842857687	499.4249006611881	535.4710578984858	1527.4633099325727	-7957.051230318412	9.097016288800663
?	151.24352994504184	-61.587148021592036	66.11683573003973	22.28304837353968	457.4481059073212	-1103.4457016366962	1344.0808735554758	-8101.504659450918	4.5615889435641765
?	151.3217479832535	-60.33094719524364	68.96624097896893	187.23771726712081	444.25261557935346	2647.818757538453	1122.3880769600282	-9355.896187560562	9.482040161682633
?	148.22698258527967	-239.6715313827488	75.47872159339573	141.65084623128786	589.8390437842434	2324.540138133024	876.2860641774494	-4816.302457024871	20.047897153689803
?	139.3381714141161	-436.3322913149896	76.0487832905333	-118.09210234253541	560.4796224860043	-1650.4014748558873	881.5729541087856	3379.320355871212	14.735165183172153
?	126.41036801953027	-565.7982159389451	69.57411647626898	-329.16507388251665	507.3189700414493	2830.153009175784	1045.2520819710094	15563.540960423961	8.535561818514147
?	111.04826061716894	-2548.207360390614	59.59052959640752	-274.93006636801437	701.987272944793	3160.6848082315432	1659.7500021299809	18288.069271626544	-1
?	-1	5998.919019513931	55.82761315786831	-130.396790252418	665.3532104530259	-2632.3176571881145	1959.6555455523333	258.7037711738876	-1
?	410.9942115928644	0	53.070690083786644	-178.30205234641062	570.3713900853877	1040.4738785781515	1672.6851906886752	1436.4155671899066	-1
?	-1	-8239.884231857317	46.912510540547814	-141.14930416754044	717.3769043819333	1561.9584290319344	2031.4763239118283	6096.318588458925	-1
?	-1	3386.1524923167203	46.01322487540965	302.13330647200314	648.4693115369842	-6068.868861219494	1977.5011201116204	-1892.6350087807918	-1
?	168.3076246158354	3270.705881358521	62.01917586414792	429.0412879799224	413.9334613209597	-3972.033734256208	1936.844573472789	3234.6929615912563	9.709989256043917
?	162.53529406792546	-144.95987022302296	67.46528927440569	-196.01631884869647	449.86762482417447	-888.4267279942455	2139.2357681911826	1642.4770668793976	14.966056289209725
?	161.05963110468429	-3270.705881358521	52.21835992171313	-335.8061892247938	369.51212492124756	600.270983751917	2018.9684268167587	-1059.6681712000138	-1
?	-1	376.17503964077025	50.67497981316606	80.18890879840896	479.8811740117702	19095.65625740556	2086.252359631182	14370.203987913212	-1
?	179.86838308672273	3476.9699552579336	56.227805361633564	388.0609264706802	1324.2949377915222	-3491.572526361209	2737.4786262124167	-275.77361300670515	-1
?	172.84849776289607	-238.19914104676712	70.0780261367	284.8850082270039	305.3025476937104	-20565.60827764753	2072.463678980847	-14955.8532983078	14.594415042539431
?	167.95842603438442	-419.25339736151193	70.47205577298371	-71.49529692384985	296.0145239091493	614.8499554560043	1989.6859612970293	-2951.9150351674775	15.996887097634836
?	151.88582789482055	-613.684559423895	66.50326129050752	-119.37949355497679	336.0450454665105	903.1522450624661	1924.8679272224736	-3020.7289234135324	13.550896663077765
?	137.27419806318977	-618.9691619057916	64.50308109523489	-58.43223888939611	341.17213616227247	-1191.7265012094535	1838.6495151263532	1365.7972971641723	-1
?	120.93736979953108	-487.3087696918162	63.58164934603773	-152.14634827849179	276.458720406038	2000.4942032036583	1993.157792080682	4343.805168446754	-1
?	112.90875957859905	-2438.74739599063	56.89576368131033	-280.4323439254239	441.19684632245503	9161.370149451313	2055.83977354869	3146.502574565982	-1
?	-1	-2278.175191571989	49.560032149766585	-117.87718522304031	734.527227878602	19550.19073640178	2150.4829208089805	7938.954303677211	-1
?	-1	2653.57956258806	51.00190442015833	237.6940241318013	1418.7063831425405	-5102.631495125484	2452.7874887325493	-9121.62797874993	-1
?	131.67897812940254	2514.9485324833386	61.44473335635661	300.9306587216054	479.3956531223287	-18264.874401057325	1694.4015218714856	-5473.484986406284	-1
?	124.74742662416648	-177.53278235880862	66.04843735623855	161.88391560619436	505.46266308967745	-1268.444272323685	2179.113239412236	-17603.82434493134	17.778593792109234
?	122.80233901146214	-313.0118834749763	69.5389291366663	-78.667177759407	415.9734395061447	845.5465759955685	814.2103046249216	3235.3695281123078	18.556483831413516
?	109.09683245041772	-2476.0467802292515	62.115078468268216	-247.10120453361955	547.7399918894557	132.83356652632668	2340.881715817851	189.70425472476632	-1
?	-1	-2201.936649008362	57.183868909985364	-237.14855056466405	422.615117832461	1757.8703551871301	823.6955173611599	-8713.580832361053	-1
?	-1	0	50.257650940035056	-174.97937029056777	635.6335096488119	6062.524147166318	1905.2026741997997	29160.89315298565	-1
?	-1	0	48.43490039545701	-97.55132908293027	725.7413251907758	-1991.1155409621895	2281.7401750104373	2353.5128274793024	-1
?	-1	0	45.38008448588856	-43.67405787522743	536.0777326007028	13355.680541014051	2022.8783155737644	4671.835162673013	-1
?	-1	0	46.25119750169564	-18.550475402013472	1393.525352241476	10938.73198813406	2515.331933144087	-2215.7643131184145	-1
?	-1	2610.573433353455	44.45256071578789	199.69637650249737	1083.014332007404	-13352.548160448345	1912.090099917844	-17908.745077030053	-1
?	129.52867166767228	2310.496183377609	56.236016326820476	393.3967114818058	725.8979442190611	-11781.184003371269	1619.8946792925876	-8227.211766979173	-1
?	114.52480916888004	-317.9900896074321	64.12239628987811	190.99746578469347	493.9551318388426	-4333.967538986181	1500.729511568887	-2032.1671786846018	-1
?	113.62916718730074	30.506516864921135	65.78588961605512	132.08765247643348	509.1995672697528	4266.375851905038	1518.286320358358	-858.2389745174882	-1.4584631013806568
?	116.05013501212609	-6.731166604806471	70.72677891369976	-147.58305387837603	707.2739244340937	3953.736840365906	1457.8175628430126	-1318.7313445775046	4.980518086312973
?	113.29260885706042	-2341.00270024253	58.40673692213634	-258.8338952776277	706.8864092880474	322.33081910989426	1452.349753129483	4240.198801598073	-1
?	-1	250.59497726569677	57.785084149818424	56.84491712887299	723.3904653895884	-793.2195780273588	1669.8275029229155	3861.6648781964614	-1
?	125.82235772034521	2393.1960337309984	61.24898277857998	102.43869248508568	667.2254303866796	-3779.7368418195083	1645.4329970393053	4028.5018606647104	-1
?	118.65980168654949	-140.05622200033565	62.90701877407269	100.10912075933042	534.4036232986136	-7914.050926659256	1871.2525959561503	8043.707148437139	-1
?	118.81954662032845	-114.58985438508206	66.25443881654648	-2.176287440632486	271.5228840537182	-4564.491296483245	2047.6183544611608	9370.93151420007	-1
?	112.9303089672954	-29.789768001956638	62.798204402041065	5.930490016751854	306.17905847445223	1639.0814939475583	2339.7991716661522	3430.6953769502466	-1
?	117.33005822023063	106.07503921604443	66.55096331738407	198.44648890869578	353.4769587510958	3133.404407702502	2219.1531233086725	-14081.763354309905	10.059157122504775
?	118.2340609280976	-89.73741280001778	72.72052884747582	34.65143816686021	462.84927885957677	372.3363914855908	1635.7110039506595	-13913.944665534495	12.43770402504664
?	112.84318758022975	-100.71154792449626	68.28353522572708	-109.14138897356632	372.0937783253753	-2871.83248765176	1523.4558900319503	1787.0496095094559	8.081956541689392
?	113.19848353187281	39.36602536880471	67.26345939879752	5.214487496854777	319.2576544769893	255.42543595380243	1725.063484426132	-1585.9857888402178	16.232776208091312
?	114.81148884866998	-32.43430245867313	68.54425960056982	69.98371055784271	384.8650501230654	6774.350535109207	1444.1566005899397	-8990.347305188288	13.4470718292343
?	111.57676840893916	-213.22771248498802	70.76264492668965	-25.47328141000671	657.9751812324485	4115.412005252601	1275.546119166719	-8280.68120635525	9.16775260176141
?	104.15010322442062	-218.25654666191517	67.27059553006949	-207.8644316272535	590.6356503856947	-2267.226614163673	1030.1225402721786	-4095.8028626290625	10.217807263023866
?	100.66394107584344	-2103.00206448842	60.36942334532701	-103.84606855401125	544.6138505242652	1959.2805281274493	1070.7559760352667	20874.829387242014	-1
?	-1	-2033.278821516876	62.07829210236894	103.79442913805698	688.5996767920668	3127.5149788481276	2073.8640096342756	21136.32617060995	-1
?	-1	0	65.55914480222984	130.50454273192318	700.989599466671	2838.020743702087	2127.5722845657606	2740.978421221262	-1
?	-1	2710.367168340034	68.60351923896508	125.4287395162517	830.5007139771707	-2622.0165625790855	2210.912930695338	-10498.25578971365	0.8532893919042687
?	134.51835841700122	2747.1490881244886	71.8305817780424	70.69417399017877	569.8887713377172	-3378.7216985106083	1602.65949508008	-15282.983327366364	4.314791730086946
?	136.35745440622395	75.43626639435017	72.138227938474	9.550779485514374	661.5646290516409	455.9564208587601	1446.7637643270227	-4571.619266188075	9.886267166926112
?	138.29017173671872	-240.26048187315297	72.30812075231812	-122.39020773561565	592.6865923806552	-1408.4949285557223	1374.078531770677	-614.9505701523707	14.739756258047569
?	124.34443031256635	-24.6017307914469	66.01871755169324	-336.13159943349325	591.139882623855	528.1843104055675	1416.0162358194043	1737.3167612044306	9.505683505665152
?	137.06008519714638	-2506.8886062513357	55.501540780643516	-306.04104774295047	619.0958079009334	2433.1548440761453	1460.9443698308983	6340.610168947287	-1
?	-1	-2761.2017039429375	50.71666516454577	-133.15122980909499	712.7976248276618	1749.502345912437	1733.0467442667675	6430.235427652574	-1
?	-1	0	48.84397929018879	-56.8766490286213	706.570925196555	1954.0981497075884	1782.4561412135258	257.1561425296941	-1
?	-1	0	47.87283271311472	-43.02189844320468	810.5025323130409	4142.901008168211	1745.9045513932522	5140.7172517289155	-1
?	-1	0	46.692884368028565	119.15963939839585	913.7159756049648	-3994.130535947002	2039.4920037999707	8460.49487825794	-1
?	-1	2211.1626104950037	53.83081468303449	353.9260574542442	610.7960055156915	-9624.379831619279	2168.9292953061477	-1073.3357576308156	-1
?	109.55813052474979	2474.082598835624	64.38918724074071	360.35040728168883	432.4969840240026	-3786.7997031302	1985.82521591843	-3992.500945844568	-1
?	122.70412994178078	551.4148408623368	71.84833504711887	151.93258522396914	421.45602035918216	-898.2560010777295	1969.30424801392	458.64364810522767	9.173845636138267
?	137.12887256786652	218.4443891619201	71.98581650193914	-235.783207940578	387.58418397011627	-1803.4897805931776	2008.7573983236914	576.4120812180292	9.739772595076802
?	133.62634939987674	-2762.57745135734	60.05917465009001	-321.1104256369336	331.2815313295236	902.0586332266689	1998.1248520748213	2293.7700898137646	-1
?	-1	83.87404006498316	55.93029522009252	0.26935985256045664	432.68711563144956	-283.25709127900484	2123.445902814379	353.9578005799889	-1
?	137.8200514031259	2571.3517835632765	60.07264264271803	123.7449620040873	317.1186767655734	-2271.735876057021	2015.8227421038207	-2327.690273035563	-1
?	127.56758917816337	-88.86204533802388	62.11754332029686	92.59872325069229	319.1003218285989	249.02933157725417	2007.0613891626015	-795.8939335905762	-1
?	133.3769491362247	50.26872379688246	64.70257880525263	-2.0919189790157664	329.5701433444361	585.3016087717047	1976.028045424292	-1020.4684897686584	17.4322196424815
?	130.0810253680075	-145.02582347639498	62.01294737134607	-1.2259998072298162	348.36540226718404	973.5177857531107	1956.0379646741687	-3391.482158691563	16.1282177576158
?	126.12565796240499	-342.8862297854031	64.64127881489114	77.82865507243626	378.24603263209144	536.0880236335637	1806.4539374897145	-6357.779545137623	5.683311102923965
?	112.9367138787374	-68.75670076149898	65.90438012496787	134.01810930329893	375.1698034488621	180.00906502241216	1638.1489874172887	2626.263697747209	-1
?	122.68782292433005	129.1680092836124	71.34218428005606	137.1807705702216	387.246485883212	242.6880400053494	1937.7671223770744	6298.578371280984	13.063648396997525
?	119.3951143429181	-257.51708659751137	72.76341865347905	-55.688897748550296	387.30420544912977	-218.1635158061957	1953.0779059813424	188.33148751192044	13.940884459326572
?	109.8119685944543	-379.03192212414723	68.5577393926285	-279.0184323130987	376.3383100929021	-262.4795699015632	1947.1836967526706	124.89297336644363	8.046000010313549
?	100.44351823671047	-2216.2393718890544	58.81249703782392	-274.0729847327352	374.1802269540514	-909.9198163699471	1959.3225546496647	685.6060180143452	-1
?	-1	-2028.8703647341806	54.85409015599155	-142.6631343583767	330.8423192744041	2656.8584018975453	1981.4639976533883	1990.9285088943661	-1
?	-1	0	51.67934031990498	-119.00491428334037	507.0231470489306	6012.838644336556	2058.8689800943844	3009.5859017179537	-1
?	-1	2289.4927641937397	48.90384444182445	99.78943821991678	631.4842514912361	-905.2912250336916	2131.943292739288	-6620.223029441137	-1
?	113.47463820968862	2261.8114345505037	56.66881223090089	365.449013082227	461.75858579724536	-3963.785691219496	1727.8578286223228	-5984.037050823759	-1
?	112.0905717275268	-5.54284968613664	67.17629509593606	265.6372263157613	433.2949669302585	1733.9828499132345	1832.741440198096	3591.6380470708227	11.353576420247885
?	113.19749572538178	-122.35902950073094	69.95067354668915	29.738715492627396	548.4577282929083	4795.660410927935	1907.4397309758665	-751.955095792626	4.515942776820963
?	105.97262025249016	-48.99774473796542	68.66323087056745	-145.273615104415	673.0779874766587	893.4670165819134	1795.143685408464	1448.1090605147049	5.00882475041524
?	110.74760848848348	159.4503509601205	62.68699279146829	24.07421598264642	593.1310791220046	-4369.756182958654	1979.8451840016028	2888.387481382242	10.990322443665868
?	113.9451378004963	-60.44178731482844	69.86694166969978	33.3843126454118	454.59017832872286	-3490.199222186696	1939.5630594775782	2548.6159711957407	12.207516444783653
?	107.72551912274201	-19.043439900227682	64.3562084237389	-174.4649622917519	418.62111801266735	789.2014423652689	2107.2759825613916	6035.7578719667445	12.069971036694431
?	112.9929658054849	121.2581413637278	61.143693555112065	71.05063100480989	494.05025044698687	3266.391726773162	2241.3509530759197	-528.1389364426484	-1
?	113.78842619092849	-212.71104730131879	67.90873997397945	117.1654201311785	581.9407043513278	2256.5241092526976	2080.869035739259	-12987.59690796903	10.656847531816819
?	102.35741344041881	-388.596514505647	67.00196456167107	-178.52059813707984	606.8764559096234	2352.1857312873094	1591.971107677459	-879.5140789596428	10.339327405617588
?	94.35860046564586	-2067.148268808347	58.98271006712533	-307.79035051089414	699.5499909156949	2138.0641897946557	2036.893331791276	12365.349352738742	-1
?	-1	69.99368526358964	51.61244703612615	4.346712891100077	713.7796653993577	-5593.769977918686	2210.238575314405	410.97853949704	-1
?	97.8582847288254	0	59.20004571168034	109.32935389465102	419.86149201975667	-2180.1657663059777	2057.4422587661284	419.4658364852998	-1
?	-1	-1977.1656945764798	57.07891473085878	-32.74470573599654	604.7713770840572	21254.493015313506	2231.21186713867	19206.928713764544	-1
?	-1	0	57.56281042488049	-174.91682377823474	1482.5861427854472	4296.876514958715	3017.7886944543693	4280.536488905903	-1
?	-1	3080.898332362371	48.333073541946916	136.30742673330295	819.615202831996	-13122.407572843444	2445.2386915839684	-12430.77241333344	-1
?	153.04491661812074	3345.665774038102	64.37818176154573	557.6356043651521	826.4657641432657	-5431.191120552069	2396.2500737876885	-12019.377995716088	8.812059231633235
?	166.28328870190748	983.2760415789707	76.21485376020492	216.6009417917059	548.0556468043887	-5735.697111529105	1844.2697917981554	-8730.91430091751	13.650200289186753
?	202.20871869706997	180.01960047257938	75.20822885113118	-142.9653035458787	539.6809085668064	-1490.4267962790884	1959.7043587418068	-2405.7189659644177	10.638653291301711
?	175.28426872553658	-1562.2078973236673	69.06658858291088	-214.2219622086777	473.53430699043327	-1438.92037691969	1723.9838434999328	-2615.068384881032	9.630211502509988
?	124.09832383088549	-737.587673381299	64.49713074069715	-63.3789735009176	467.73488972082083	-308.1587303850769	1828.9509394977533	-466.1786841763184	-1
?	138.4048850564711	534.8625472596923	65.89763990786496	86.62461539619916	458.1263704711792	2892.8196902116597	1700.6749092911166	-4961.963032950286	2.895555279688658
?	150.84145119387048	176.6873731020329	68.82836151050717	6.666551157009811	612.3758742314059	2771.3862643472435	1580.8527878502355	-839.7811852616559	9.40612184145406
?	147.23925371157287	-271.87443330062945	66.23096746571545	-94.96124060434035	596.6956836885433	-2052.8701866828433	1658.6858500280332	2399.6531761932943	8.393963886048297
?	137.24772952883882	-457.89988947019515	64.08029948029008	4.237648748256159	509.73236489726224	-3836.802712831752	1700.835446659902	2991.0555410416314	-1
?	124.34425923806279	-187.81126814646387	66.44284990312826	-3.8279877265454756	404.855548046953	613.5258289712298	1808.2386270801169	5412.483006141897	-1
?	127.85716612151549	591.8796203612392	63.8889000939628	221.2757062330243	540.4086563458242	2150.777281496345	1971.4595969670006	2923.357389313364	-1
?	153.93824025612517	344.4060388813633	77.50663521477964	195.08429293734656	512.3944121217718	-1681.9753786670503	1954.4064965457871	6007.488906788186	9.23974039400046
?	145.0774680655839	-537.2409329170157	73.64311474083027	-246.08898948177304	456.30988741247046	-2540.994822355996	2271.834042306414	1549.589769535565	11.535168901550128
?	127.076193610274	639.1943581016346	65.20218574069081	-147.97521909017138	385.3446710039702	-2649.248976366605	2031.8859850225665	-4630.039186758443	-1
?	177.0371859706661	1643.2134869968177	66.2443537863216	140.6976311288082	323.84743859413834	-209.34575927391663	2040.3320829684887	-432.88781700903496	4.725251017812838
?	209.23686796011606	680.7862226482035	72.23706729713132	111.7554568667249	374.8773830402742	9609.59815473164	2010.2415941721144	5465.08715043411	7.784331773487779
?	211.07649710307675	1689.574543115094	71.83212662965792	30.74474151705728	804.3273463307272	6170.573514637749	2313.586440490198	-275.71275018365276	5.0750769875949775
?	293.71559511587196	903.8441221728382	73.7743043729842	-2.6600449805658477	683.406058772166	-2983.3496801309807	1996.4559566629316	-12711.911786127886	2.507277229938442
?	256.2687032117193	-642.1612216461324	71.69912438062963	-231.25526849904116	655.1598623241761	106.3737618866397	1677.9908511837948	-1564.8951892778773	4.308756113359603
?	261.6075340335649	272.5872097571296	62.21154094803198	-195.13778877943827	688.7247468664981	1319.4008911946294	1918.2111971990366	4329.467712550792	-1
?	269.89806369957597	223.32950121183694	61.942234941657574	174.9371331245272	721.1299068839085	-6846.257006501394	1894.4642368113375	-386.3838192078119	-1
?	272.7740090941569	-1058.1973472909467	70.95839760425847	275.6772059935097	346.4118965414235	-4867.00289001305	1898.8920062386458	4649.498392499874	11.119072388352105
?	216.98819633502788	-1514.058758461219	75.72609524133326	230.14013937364538	477.7797623832525	4628.187001835443	2126.9391564363345	5385.897389570765	8.301416914473919
?	197.07107117109487	197.77602375758764	82.4654045729409	-14.76234819257066	577.8212466331989	2704.372126249399	2168.186875717188	-6790.125027995458	14.930484323192067
?	226.8769975229074	-1141.0842537597332	74.98797783170471	-33.81560645625805	612.9983686957244	2394.3452207104656	1787.4329050365568	-18364.71209391056	2.79784055094023
?	140.0168584831074	-2194.5883114344956	80.77462425012797	119.98277053831657	697.5385076687239	374.8161392912781	1249.9512710216468	-11444.128180712365	6.576053136173695
?	117.14758195118107	251.37448989784485	80.98711635862063	-65.4260784293168	631.7391756602885	-1630.4718973499662	1215.2264960009304	6505.092586641047	8.288033323523989
?	152.58558297799982	-2362.9516390235876	77.50332032866209	-81.88556866908922	616.0149128012245	1546.156271589535	1575.2059003537038	12608.751757503494	5.57178225891144
?	-1	-3071.7116595599527	76.8928379251661	-5.334730500968798	709.0469892397664	2731.1165521498765	1845.664083876114	9670.464446750983	2.1070762366230795
?	-1	3126.5793018132154	77.23658380361364	-44.05817865228039	752.5707404087202	-3740.57845232648	2058.72912269126	-820.6438898456846	2.446540909148707
?	155.328965090663	2888.235276997883	74.68992899255206	102.5488070780997	522.0180666234397	-4447.883716210709	1804.6318893838293	-19610.879001145004	3.371747685186296
?	143.4117638498962	-670.8813190371798	82.3640241575187	97.8432375344116	530.1765545981816	4436.482982472108	1078.1851726339958	-3108.139446281381	9.852302839886121
?	121.78489913880352	-577.9326141292959	79.5820908692727	-181.03639823393334	743.8422157470483	2410.5494063586366	1649.224917069758	7589.431330047861	4.44643263922738
?	114.515133143431	-214.41648067172176	73.3122042458219	-228.7850842797643	650.7040249161152	-1787.3244924538103	1457.6567391363942	12622.19006250284	2.7103710386185553
?	111.06407510521728	63.60941141061796	68.14283665528433	96.0140640805509	654.4759911243565	-4912.14138824101	2280.334420194909	8185.396182035403	-0.07573309478424525
?	117.69560371396194	676.7554649187787	78.11290744984952	191.3786720705836	405.09695550406116	-4435.629744010364	1866.9265482381702	-6250.569694910443	6.541601512529114
?	144.9018483511567	141.3253526073589	77.71177025881364	-214.65730698039047	432.6945039238351	568.9333320742582	1967.8059354493823	-887.3014948658703	6.363376831285514
?	124.76187134432999	-404.45702992990186	67.38004210082984	-270.35569812884955	433.54362210777447	-723.0924685008472	1822.561473494876	-892.7879730485356	5.183761720805112
?	124.67899685466132	309.98461361338644	64.19398535237097	72.24024619257546	396.53988049879223	-1443.9098275508684	1923.166536796955	-573.1627245801301	-1
?	140.26110202499953	-251.562945316857	70.99205441045866	160.20449073380433	361.34813073023	3907.9993881565906	1793.9033372658691	7372.200558010122	12.020842014466085
?	112.10084958881829	-336.2007896187621	72.2042098890613	29.54175912002271	591.9398499066245	11943.438248237415	2291.7765646974663	6193.04025774439	9.10757914207018
?	123.45106254406119	1145.44985404943	72.46914236645982	112.19390510608162	958.5200431421093	4832.26681706941	2103.555350153093	-6868.6419578715895	4.5092776083230195
?	169.3733422912906	1499.4930494451105	77.81390514436546	288.54034488150734	833.5531907600985	-10661.324505502183	1948.344466803882	-4766.660008771338	8.781425715799399
?	198.42571501631778	941.8764022799606	86.89615961053539	183.92166596291668	425.4538178669926	-7726.663751335489	1865.2223497145228	-1296.467194879219	13.359382933383547
?	216.46716240528932	196.93618674130283	87.00998844251143	-140.64771758499575	447.2200031933185	3416.5063744287354	1883.52110705992	413.9612724555523	15.008516342201037
?	208.27252435338306	-155.34131925954404	79.8637737312855	-147.30439041391907	596.2791365884318	3866.4795238815655	1885.9204133373007	-1489.0461480876018	10.471403846435763
?	208.700096442312	28.764429824918967	79.64476892181537	-64.58709202045377	640.5439793873995	71.60826527984352	1809.068799655539	-2475.38751029109	12.027841353209471
?	209.71074584462903	-38.18019728169989	76.63441913026277	-170.0518025559974	599.859549852424	-561.3349358615585	1762.1510378227445	651.1030825885108	2.8597107789874188
?	206.79108657822698	-160.2569976563342	71.14217879401538	-146.03868087324534	612.4772325943212	-673.4676692508874	1841.623953784965	3699.134549241123	5.297211655900352
?	201.6978959618122	-1303.4650758438843	69.3324850866004	15.532069061814646	566.1861663898792	161.8835394978873	1947.1077652848032	4512.616907312789	3.1091528509468884
?	141.61783278603184	-1334.3635726462473	71.91878224710612	70.37163893303543	620.5714095692157	704.7590492593795	2067.2547991506076	-12682.550221645426	3.6208950824726625
?	134.9797173294989	-2852.3566557205963	72.85106703325222	-129.23605291447146	601.4241188528487	2055.1087006495986	1312.980254202523	2167.7162092802573	7.9788314682369865
?	-1	864.8348653099864	65.45697960138246	-64.12333550970254	723.3268446016971	824.2532491798712	2175.640609614622	7058.609519188076	13.149155447792051
?	178.22146059499883	3432.9679707050573	69.64490025776705	240.35846327987514	642.6367813118428	475.8188898138315	1665.9107301619317	-14180.081373837742	8.070504062207037
?	170.6483985352553	-3584.4292118999256	77.47490276537639	122.78994914433066	747.117789092389	5138.138843990902	1466.6365409227249	5680.747962051692	5.029795253217103
?	-1	737.9864711915039	75.78439771498367	-61.13420199665198	899.5437235113916	1501.22774721198	1949.9481282645204	6660.868662450544	0.7990041303183711
?	207.54772209483102	4004.209356828636	74.41819266554374	131.85568488873355	822.179176452989	-5799.634035374108	1799.6799740452568	-11553.683374650964	1.789365129267134
?	199.21046784143465	-223.65505398916548	82.37718195942044	172.65210416389618	609.5620217426821	-3672.2545066592784	1372.263959531964	-11152.982457159584	10.348371608490904
?	196.36496939537258	-43.05772891095724	83.05079787373867	-269.15101329877973	638.5664511200225	2244.6584225377114	1242.0308511872697	540.8606883427788	17.877640726245996
?	197.05758139588676	-36.846347684368695	68.91963129448126	-370.3443381464687	721.7949428695692	2479.2392637368416	1399.3069939491033	6703.6961660428415	1.7971542792648219
?	194.52265201115412	352.88168525574815	64.53358096641497	-61.40900101881554	762.5284143068664	-294.12734405490744	1577.2156594894166	7195.746794250902	-1
?	214.70166565867441	142.08263163390225	65.84918124354044	196.64825146964836	707.0885756668237	-5153.49747008271	1759.0943336616535	3658.72802598213	4.413929011495641
?	201.62678359284934	-417.7644434440905	74.36599353989753	142.6991619668564	504.8535408027272	-5154.215909911608	1760.1520607885257	3173.536209962745	14.744996831581295
?	193.8134434864696	-373.4825370284902	72.98413934188336	-249.6677715011775	449.3777801712396	-477.58085114197803	1917.771144159793	2353.2454698851943	16.368835302062767
?	182.95265674142456	84.6578865804775	61.88260496483848	-367.5527028969768	480.97449824562796	958.2226157439254	1877.814334282787	-2004.3069736122823	6.344618064871702
?	198.04633781549353	-3679.053134828439	54.60650419703426	-117.93942908987734	497.28891095843653	-1848.4753936428192	1817.5557954791775	468.20712021825574	-1
?	-1	318.4532480270508	55.98563351034453	339.91024404906386	388.5507285634857	-1781.089076160367	1901.2246902937002	-928.2834601248446	-1
?	213.9690002168463	4711.4948173737885	71.6020163994877	473.60276402228817	408.2344571504169	1546.8915423062863	1771.1416224729346	-1882.317882138796	13.980641396368359
?	234.57474086869277	243.2904293950923	79.66577171145927	-135.53271202123744	465.8953056788011	666.5950195628928	1807.108796186759	979.3545505280961	11.725445040742525
?	226.13352168660109	-515.4908850124089	64.82538079842573	-203.86607695238462	441.56420812856203	-1150.439158437934	1820.10934999934	-5401.165678790672	12.489196507911021
?	208.80019661807196	-468.2874757048946	69.4724678638399	237.073269756786	408.37334775690357	-1123.1664865934624	1537.0505122472216	-1191.3173746825637	10.925174434881413
?	202.71914790135602	-3.2069111460679776	76.6790442862652	218.65095120667095	385.4058837988881	-36.13697548061913	1760.543481265211	6435.680758434359	14.545370123033337
?	208.63985106076856	274.5151965129731	80.4050154241736	-122.62950430525332	406.5664989828726	-884.5311827499176	1858.8345501689441	1776.944417760362	14.415451586462229
?	216.44490772700487	568.572892799803	70.54756907100244	18.29192541168427	341.1793246613916	1095.092702128092	1849.3907021532304	-1245.6481003277581	4.193629728500951
?	237.06849570075912	677.5843298773498	81.31961169475783	185.57208160624518	461.32113408927796	3178.1445817581725	1796.5521451525553	-1918.7121615544083	11.39880717385311
?	250.32412422087285	-372.4250826806205	79.82617315131483	-130.52481818213423	500.0865537493025	530.3231100816884	1753.4550940755087	6702.496635473053	16.184691220233237
?	218.44724156672783	-900.0608996391932	74.79337078565102	-90.743499835376	487.83728959336275	-1488.6745824115944	2131.676976926213	11067.100237183315	1.708085891279564
?	205.32107923891255	529.3480604080689	75.28899815954597	-47.802623278110616	425.6528246287217	-2275.880298961943	2306.8101059346823	-3419.8418759261644	2.8400010464763765
?	244.91464458713165	405.45304371199217	72.40323962174546	63.88135620050144	374.043274645264	-174.21927022805883	1960.6848831299021	-10212.83581728218	10.717924966437943
?	225.59373142451244	-801.2482538351094	78.48306596957109	45.74662342475583	416.94186111731864	2643.086265555812	1796.168315070566	-2129.387322962831	13.66458440929193
?	204.8522318953756	-1352.0364838778676	74.69057079298328	-221.07505427282175	506.19758792305646	2315.810031500341	1854.215516981759	-981.0255898975444	6.330507690206604
?	157.9919072306181	-1141.163231750169	67.42931325592984	-172.86521624070542	532.7323626923374	-346.0999065563131	1747.117035575688	-230.98834554126952	5.9389144467828965
?	147.79407030786635	-142.07033902453045	66.04730998094789	203.36556062143467	488.89259259524056	-728.4198362863275	1842.6660997046954	-9947.545554324728	4.404991708021221
?	150.88839027939147	-63.54597539192435	77.59759128700172	28.254317738688595	496.31137087802045	3305.1613955536172	1249.7397578594446	-532.6621755716238	14.100064899854653
?	144.6167715382701	97.08016186692565	67.46002586788234	-242.07980233414386	654.1506623729238	2262.9289568081535	1816.0329909261138	7195.585839590538	4.1027078505763726
?	155.74239837273782	626.1846870156918	65.49360117029436	240.78195585609677	609.4578187184297	-4161.451222196874	1609.5190498389766	-12446.330849963275	5.66694069781367
?	175.92600588905512	545.4572894266473	79.49912366068735	300.5161461467327	446.0781012630771	-3836.02998012258	1193.7164484279413	-4032.415155209971	13.916465447350324
?	183.01526284407058	-199.2507091964427	80.5194084776312	-162.59663967120557	417.656319712298	-1182.0988399256898	1407.8982920784752	4237.491437137291	20.894641983262755
?	165.96347042923284	-480.4591756570625	71.36929167712695	-252.9283767694376	386.97315926679175	3048.6677472145607	1405.5910202848088	23266.48320983011	9.035059373025742
?	158.9923040612171	177.29239911974648	67.87298963915914	82.06831055809315	570.0897070730282	2563.8480949779205	2571.222452569997	7382.968652458162	6.071781246929356
?	174.8280903852203	389.39513317953373	75.47270720503167	191.634771281618	515.1655640156896	485.21188118319736	1774.7394529077221	-33530.2119967905	16.14504540101509
?	178.46206072019407	233.41305625063464	77.45472820324018	109.95703498379882	594.3503011321884	813.5084391458529	894.7118527304481	-5103.958608189387	13.610742861847033
?	186.4987431977522	311.5309777885319	80.97055895422169	137.15827476529003	555.8409859729828	-1927.2692641334538	1519.5415224982492	20495.65082249427	10.414821664011765
?	194.0386096096209	-836.0260292790753	84.31264194150478	-62.10334374001033	497.98683792551435	-442.84765386830765	1919.4943938551762	10708.886204957096	10.391832332944999
?	144.69744173379783	-1352.2529450182049	77.86539176722113	-255.42962071179295	533.6986032795671	2131.8649209400146	2054.9858327461116	2021.372257795559	10.78423790718043
?	126.42596235870968	-741.2548311666649	71.54116090591495	-144.4181537897128	604.5800839725166	-81.9115640182292	2020.5630067449556	7904.948230702408	4.405284912927613
?	107.63470017546406	-2548.5192471741575	70.64448407773539	-109.9409925509515	529.6030250786556	-919.5437179490369	2450.2332442812376	8192.82554881149	0.4167744473237244
?	-1	1560.3057832663908	66.0441112783673	-28.068083739536462	558.6028980750641	3509.2983426090655	2430.204284185536	-15394.43401171597	-0.605120029866963
?	185.6499893387847	3653.3369559441135	69.24107989075854	181.74928615712244	705.0679422091114	1751.0923564005136	1680.5115436954281	-25603.6477792246	10.146260088105896
?	181.66684779720828	-214.79787869977693	75.13157558622355	78.36533967728403	646.157515895091	-2670.34656751856	1150.0218952242876	-3012.723933518185	14.39123810510498
?	174.9100954037957	-354.15338607699147	73.1593468746228	-176.57492449945698	571.5506138331815	-4240.337766794322	1529.8753470195168	5436.259380999732	12.409915633793256
?	163.95917849335845	-540.5498240424984	66.30282936125057	3.2723687004621627	434.1406275553719	-1657.9393777635098	1421.834864274278	-2948.3006197650857	-1
?	147.8826042016704	-585.804618480096	73.32296530964591	102.25477161572624	488.6536449450048	4184.6708072503425	1382.4603160312604	-4181.173962651142	6.237238368366225
?	134.66894756935324	-2977.6520840333656	71.41556794203696	-270.7038821243168	643.374167917892	2133.26361601821	1212.776166141718	-683.1911399858194	6.37659237040193
?	-1	475.89842403834103	59.78777120342988	-35.03243977993499	595.3168257459168	-2252.173504323507	1348.300759031969	-6125.196389513066	-1
?	158.46386877127063	3085.585332905926	69.66394595304018	-48.860787307724124	530.7654927017151	-1071.2885100555816	906.5163466660604	-1426.5697960846753	7.959912550832042
?	153.2792666452985	115.40887017428254	57.344731838043636	-113.85009103365314	541.752400243137	-2501.1824318433373	1276.9722692277342	14995.581329035713	-1
?	164.23431227998483	336.3271750399887	63.971441401357445	272.3673742642469	405.7063711095464	-3649.718105138143	1656.2954131178567	11335.556361933652	4.3845271455668
?	170.09562539729816	-474.1253595286981	70.96310055125618	359.6218793439748	359.26649498622726	201.91251461331544	1843.7500873244248	5593.620279558902	8.315960304080752
?	140.5280443035496	-941.6985306762558	81.95253536855644	96.11417852789691	415.8019968402123	1240.9210159246327	1935.9764270958058	-822.9818616903386	10.24854212099652
?	123.0106988634847	-346.76681630260293	75.76880947765109	-311.56586881186155	421.3125457824598	157.34060059731635	1802.6009942399073	1678.9546534215049	8.559626543511161
?	123.1897034884192	1268.8144788667971	66.37424192796314	-103.9718683885402	423.66902687007826	2932.8128220948784	2019.9241597668822	-9016.044844328553	9.600807021716394
?	186.45142280682546	865.6559399209737	70.570216058224	99.58132721775087	567.9531868872058	3286.232525830827	1351.7987520234733	-18078.80435807291	10.310468121304396
?	166.4725004844685	-3749.028456136456	71.35330828885076	-128.49819260987647	587.980653161622	1840.440803537748	1115.983941863224	30633.753534542095	10.74795305631093
?	-1	237.09027364488637	64.14530642773009	-118.73371380982236	659.9752270640945	1407.2218699002	2883.4864287505998	26211.552850653774	-1
?	178.32701416671298	3209.133020002846	65.41662259835955	125.33376585252562	658.341746656633	-2354.007213333571	2426.5615843959313	-18806.061246199835	5.287244315848925
?	159.45665100014457	-3586.5402833342087	70.41199472035646	-120.06927308322588	542.2748663974143	-2464.5493533612957	1943.1833664405947	-14906.45897580044	7.894455675974989
?	-1	191.8602726862856	59.41315894419817	17.956839859729172	535.1142789885664	2022.234456182956	1681.2386356058987	-13455.832061961468	-1
?	169.049664634459	3234.6716851082197	71.30983671334293	272.62926161371166	643.3865892065635	2114.918969750192	1270.3917633425117	-5562.864935260798	7.205535739417403
?	160.7335842554133	-3400.9932926891315	73.04462202488395	-217.3639825834873	640.8602274760775	2027.2100310522076	1403.0953888428548	7211.821602867341	9.30566286552319
?	-1	784.4118290846526	60.44163758416841	-115.49383726927978	744.7470907591753	-2919.806327311489	1630.982843485884	8560.632809205505	-1
?	199.95417570964648	3823.6226268058526	67.26993016141988	25.452836600318342	494.869911110501	-6571.101702861955	1831.1270293031362	6326.2553691258345	9.927594550650328
?	190.18113134029534	-4019.0835141928724	61.71427941418435	-154.85447670863502	416.1920056160729	8321.181453502526	1947.2956119421801	10522.599264639444	11.81152009148456
?	-1	-3823.6226268058526	59.52720632598802	63.99034003257066	910.9289837856333	22416.21657730226	2357.256992535116	15498.159935829797	-1
?	-1	4179.023892443722	64.91379641581293	295.1696575158309	1537.002834481202	-8275.914507649244	2722.203608733681	-10496.280418968045	-1
?	207.95119462218904	3834.7525535970453	74.28568920177978	174.21151252360525	497.13325840316514	-21886.466157015973	1832.442971586706	-16122.365104234817	9.825610151557251
?	190.737627679855	-815.9241183407327	73.62437204199331	48.134813748819624	442.6795266303878	-2616.48379696288	1916.0853535219287	349.4549883094483	10.984909424804279
?	167.15498870515182	-154.39643429518648	76.69242988922079	-1.9052125607285304	366.3090685550193	-1285.9155480367917	1849.9157210021788	1363.0922463074091	11.285937716118568
?	183.01780596509556	83.88700270682074	73.52911141395688	-236.63284650105118	378.3837492285473	3447.358723860651	1984.2399658373001	4857.934708724005	6.511740627524545
?	171.34933884049292	343.16601218581377	64.86078756416806	-124.06106945286575	538.6770047480543	20159.841925462006	2092.8124564383825	8679.168244567512	10.193779026942078
?	200.1761065743865	800.8508045600206	67.32605794131351	107.46899122335851	1386.3758455016618	-2711.3713618239003	2418.198378065682	-193.89704584057378	5.828511688374405
?	211.39187906849452	-1536.797631226685	70.23423712533607	-49.92210734800395	403.10843665685735	-21735.290277781998	2083.1176041463536	-6403.129828711808	11.516440473393624
?	123.33622501305115	-539.6740386242923	64.82995257391328	219.50769717312738	299.61133161254645	2119.7248087503767	2098.041886630087	-12791.912918234011	-1
?	184.40817713727952	1699.9100876075645	81.20962198399259	422.25156404516804	509.0946770943777	5954.134649107044	1443.521958234644	-10351.040414663024	7.51390195082995
?	208.33172939343058	-119.07276393365011	85.94253077617198	27.09818225007713	597.3180640679029	-47.34404062943373	1580.4898658969284	-2778.9385073503277	2.507825550366488
?	178.45453894059693	-543.9746735908155	82.56453109649647	-46.05116389712512	506.72747506290597	-4378.203885184102	1304.5750328671256	450.63452536573817	6.6937939279586285
?	181.13299571388941	55.686970250415634	83.63997258131569	69.13778008374243	378.4078698086947	-2827.7115368146633	1603.0215921652157	14007.852064333172	14.877697042632104
?	181.23888745311766	0.8764707083997667	86.02142010068351	-60.43327417640909	365.3418982221758	-112.63093105589245	2004.9676360837693	7002.0888386471515	20.798815412105036
?	181.1768192493094	-155.57814592534845	80.61830887249519	-259.153445124623	372.7763232559	267.23389045015057	1953.1260340975782	-2444.1558867544536	17.92980270063082
?	173.45998015685012	-291.26337316976316	73.06374784445218	-229.40650950115852	378.70359274468353	-774.5539773906118	1882.759841746045	-779.9493235873414	7.664808713285067
?	166.61365059082104	559.9907476902968	69.1479833974371	70.03293439524597	334.0486243863689	165.79433277571061	1914.1285679182106	4426.589653054535	8.465496161066017
?	201.45951754136536	1045.437382919868	76.56539456421453	181.06899156598527	386.9933093834692	2016.1643919634546	2104.089324398775	2399.370930891812	10.865496093696596
?	218.88551973681518	608.1216862864635	78.2014329757365	33.60305226969198	434.85684398454305	662.5153886927088	2034.097114462803	-715.1321362766511	11.417723420583169
?	231.86560185568896	-73.09696208733281	78.24554717769915	-93.94756972989322	420.1190788181051	-1318.2699756002587	2068.3327175849417	-1630.8139044967716	15.523791642388492
?	215.2306716324485	-1032.712155340276	73.50405448924177	-50.26144564299826	368.9433452045292	-1183.9613625779523	1952.5564192379632	-4577.730072948996	11.729584480909363
?	180.22999408867443	-1407.3904440523647	75.7324748955492	37.74731388125364	360.92101068920664	-1102.334417160396	1839.4462139374887	-2265.8753553499805	10.334088541504107
?	144.86114942982925	-1104.7605437391992	75.39142018330448	-36.42244947253351	313.8266243465086	-922.1766704678254	1839.2626514704625	-2704.0875733482085	12.057420572727667
?	124.99196690171368	-742.212409785786	73.9113524219225	-35.838651371132414	314.8121771658147	3956.243709502066	1704.2418352700763	-3603.7864980010486	12.079983646556158
?	107.75052894053943	-616.7461472909472	73.59948761474783	-153.32756626240504	511.6388098216147	5676.747265406096	1659.0733265704075	-2843.8819107368868	3.581531670290771
?	94.15465953716588	-2175.0105788107576	66.24497410880214	-352.246359127739	598.6495404361235	745.1849446785476	1562.04773973323	-4396.257853734906	5.216392627552073
?	-1	-1903.0931907432907	55.98716965836063	-305.8652761151779	548.8980570555426	-1069.846284742992	1439.260433883659	-961.047639071553	-1
?	-1	0	50.95171030304303	-188.60531284695898	545.1572261989732	3025.1106861057906	1513.9953577796516	8446.482139426014	-1
?	-1	0	46.556904016012545	-148.75194608962278	700.1535913608343	1280.9901878617916	1861.5845408549658	2745.482694021868	-1
?	-1	0	43.514112998561785	-2.9950894274730473	609.2067355920636	-6243.634612595442	1651.269492480747	-4095.562643800691	-1
?	-1	0	46.40714954463889	-29.711608480082393	387.97186073105775	1516.3650925089917	1656.8064086649283	2733.059478373432	-1
?	-1	0	42.028532574557644	-18.08297690273963	685.0249902175143	3263.7029648947364	1787.9224663994205	3510.087074036137	-1
?	-1	0	45.5030006995019	15.46315437489745	551.1570089757969	-2253.519505312511	1832.3107623667377	-414.13435118020834	-1
?	-1	0	42.80169029330253	89.91571532349852	572.3490149518872	10200.00490872067	1767.2157488404098	3072.2655218774726	-1
?	-1	0	49.998786465676886	133.07488634082327	1061.1572544118376	-1112.7301386303225	1985.9240384606135	2795.826810744026	-1
?	-1	0	49.45543461034379	-6.822979141572222	516.7125080203703	-513.2312760672103	1907.007089377613	2270.2804039949838	-1
?	-1	0	49.65763750859827	-45.861958098871355	1035.4956906084767	13876.723194867203	2099.4380586603643	3286.716754804214	-1
?	-1	0	47.162336705400186	-34.908225314561534	1210.5486677637402	4316.683480816876	2071.342927117826	2553.588804941355	-1
?	-1	0	47.91222624287017	21.653267394482587	1251.3298646493236	-554.5831433890966	2227.117498907434	4998.833210318109	-1
?	-1	0	48.24500007512433	76.14236849629612	1182.819510594285	2999.9137259165063	2321.284587633735	5466.5323408283575	-1
?	-1	0	51.71934466768503	161.79475311241998	1401.325550945151	-1520.443547463807	2500.4441159488556	2417.7616612851325	-1
?	-1	0	56.334737730745445	236.08560895224107	1106.7973332210936	-4409.2590405017845	2442.1726706979935	-4033.888438398696	-1
?	-1	3543.5340169219257	63.52362511529725	22.49458862359088	1180.8625989200586	-4622.266048549409	2298.749694028918	-5324.9498338961685	-1
?	176.1767008460988	2766.2795929499493	57.459467161925005	187.44453989015415	875.6840307936199	-17072.134541663625	2175.9251790031813	-22448.326282220474	-1
?	137.31397964749942	-825.0338692894879	72.89585210980509	309.49970953865846	327.2558718368653	-11390.21303726859	1176.3333799178783	-17169.053391894096	12.864373341109737
?	134.92500738162383	161.66858935568936	72.93445263885815	83.43413871809584	306.17337893018225	3605.6939121267837	1317.4725094084642	8557.082901717546	10.775458283776377
?	145.397409115284	221.91388279466335	77.06755904570994	-148.3148571090611	507.54056744320707	4957.7593134347835	1604.1875250037617	1232.6111354017128	6.660059339054699
?	146.02070152135715	-214.0359216443958	65.51870978340499	-130.3198443079019	554.0613446019249	-669.0428863683014	1379.1030661785508	-3016.466957058672	11.510099429555403
?	134.69561303306406	-415.84411837517683	70.55156683031476	184.6990435946608	474.0884231247915	-4302.252418422629	1453.364177150826	-871.8339185395338	8.726279220081459
?	125.22849560259802	-203.1348617604683	74.75366196313816	128.7730382556565	338.94872368079047	228.05687780840134	1335.5113702515735	3544.858152799656	12.169812046779814
?	124.5388699450405	-66.72580445013939	76.99021874309767	15.981320108084617	485.49126701521175	6489.413031356712	1630.6070847908113	-11.768247209497364	8.061814394649236
?	121.892205380091	-89.25922243689728	75.5527279685424	-85.97182299219347	663.4193752486307	-546.610951426766	1334.9229578910986	-4049.114102651021	7.458571240400202
?	120.07590882319558	61.490382917239664	72.69162759348794	-150.78653145955215	458.16071944387306	-5852.916319710849	1428.1513796582574	5649.868873654106	8.444724392291011
?	124.96672452595303	679.6783899527859	68.01340139556469	-39.52376628635364	370.77355926308405	-2536.9384976197357	1617.416401573808	10080.125919289447	14.28061159686298
?	154.05982832083535	857.6114767796802	70.71543927917023	76.69736495984158	331.3137945628845	-748.5569210924582	1932.1576756227369	5315.856639466367	11.249372524011463
?	167.84729836493764	-107.78470902607995	71.84826964355682	81.1658383991829	333.3457132084606	-127.71517030628888	1883.20923354713	367.89219311440706	13.642358046519746
?	148.67059286953128	-1051.5243661077072	74.77373119912943	85.51288550179513	324.92803604756995	1272.7885236937561	1950.5522852784575	-1404.793885780653	10.9932640529113
?	115.27108005955154	-1131.116932072362	76.12391391864664	-203.18761840894376	396.9851393931493	291.32402360285295	1812.9695392580963	-2853.249538531559	6.510444550112801
?	92.11474626591237	-75.96037515821598	64.6143502786821	-235.80594110602595	339.4942372277128	-1888.1783836943184	1807.8898083518775	-1339.8352221079622	-1
?	111.47306130164068	914.294492428237	64.33361686334517	169.3702147163411	302.57622020843206	2856.8494818544905	1745.9777781526973	328.11592838755575	6.995242187092773
?	137.82947088732487	512.4969177503654	73.08286101449927	-65.91315032809212	482.33671132043935	3721.6563556503097	1824.2956047712555	3107.2004636370243	8.957508328059058
?	137.09790718915932	471.55503908075343	61.03795934694052	-210.8906431452415	488.6590379909502	1795.3576442299864	1901.3378013345507	6660.685011320971	-1
?	161.40722284136288	354.83243375119406	62.53832885723705	150.73130480662996	572.1045935319399	-2055.0040166810995	2157.329855337309	-4849.282181211164	-1
?	154.83952887671927	5731.158027053009	68.57452458727212	79.91996378659536	385.90883715689375	12533.979065960559	1658.873692273989	2151.683758368605	9.59228509645776
?	447.96512419401745	1394.9721198008656	66.53432704656687	32.238254567194645	1198.8035468299768	610.3744685125314	2264.9140432557406	885.7012676038959	24.335583004124977
?	224.58813486676354	-6706.87602400644	70.18643731563188	34.72751911406029	416.42756058252075	-18364.920387742033	1703.1587556541845	-6919.487344187225	5.577304570795461
?	112.62132299369071	4238.498523420154	68.27070300226991	-202.12880835305822	280.55752744286195	8731.673340224681	1918.9396760463744	8548.760249289504	4.044508560269641
?	436.51306103777426	1251.9465347065823	60.07999689797882	70.99075750536527	853.011227593761	3044.3648866425337	2130.5967681186658	-2023.5774265416999	-1
?	175.2186497290207	-6022.90553538282	71.82024087753823	236.33720412762207	432.7757717749908	-9245.150811782329	1817.760804719288	-6842.760627452974	7.906529498639381
?	135.367784268629	-824.0152604664078	71.8968571043601	4.067796261285479	390.7536870046379	-3034.9193864202334	1788.4587367460122	-2094.2834039570766	11.902362901938499
?	134.01788670569974	-140.18863581911688	72.0236306906025	43.84164213091731	281.02980245397697	-2112.1296488476714	1713.0466345214327	-258.77142684053155	16.94889820752729
?	128.35835247767307	-250.32957149083344	74.08893921090599	24.030167088124244	285.14720456225285	883.6324070153296	1775.5201654039854	2817.4727982317027	18.826270927524302
?	121.50140813115789	-351.21283810267624	73.22513904500873	-172.63650033669717	325.2114228047441	217.17923678398424	1853.9202744330198	1507.0330645330173	10.6272055722344
?	110.797710572539	-558.7918783454086	65.45711419407101	-188.01565463345642	296.0061664014522	-908.9610431519936	1850.8718186306373	-1322.84192161931	9.224678772124273
?	93.56181421388706	5402.977652103333	63.82435631333578	-41.03002053845073	279.76337064714374	932.5638306641023	1787.7781783520534	-2477.2996915183753	-1
?	380.9465931777095	-1891.2362842777143	63.405613167148445	-159.62638143554685	342.634357934658	10790.673358774204	1727.0068340547168	6979.931564216937	-1
?	-1	-5308.254543110811	55.84303724155832	30.864917144312034	819.2970385858615	4243.537814726137	2136.774756562905	16824.32363059707	-1
?	115.53386602216516	2148.4699031369205	64.94885902436407	237.71307499480773	554.8112486709679	-7197.639864670999	2568.2230155845823	-9576.98463626889	8.280386323412312
?	106.42349515684755	-171.02094004145226	67.72869099129888	83.33189757414654	459.4150453523065	979.6928619658772	1657.9255247494539	-27589.176527787986	10.959783432693529
?	106.98281902009242	35.98401325263558	69.11545390307146	20.328781215076216	603.7958917692624	-137.75161913596125	1188.7641891951635	-4307.345013049874	5.614095921735021
?	108.22269581947936	-115.02897986694059	68.7451300520527	39.99250698459463	452.52746439550833	611.2226731663013	1442.5582740969571	7427.4355296798685	7.065029990125446
?	101.23137002674531	-259.6408903606351	71.11507925230121	-53.25783161763051	634.3570254275779	875.755599139767	1560.1359656791622	2274.4769355584	6.763897033404606
?	95.24065130144741	-265.4304914015787	66.08223847117114	-208.51935146440144	496.3152443524973	-2649.561192122403	1556.2821208748787	6768.267255698169	-1
?	87.95984545666619	-117.2029639302716	60.689111679080995	-75.27829139682403	501.8789658214559	-1575.026302511939	1898.5493284640754	15181.840736916867	-1
?	89.38050310493375	-24.48247348923808	62.31832390132988	22.91047937424206	417.56392922689923	4610.727061178476	2315.374157720733	12339.618850075078	-1
?	86.73572178220427	-1807.6100620986495	61.834635647793114	39.012702085927216	732.415318880383	6142.360922833698	2515.530270967838	3283.232860016695	-1
?	-1	-1754.7144356440604	64.26895900562627	-135.9887581044156	724.6819753685885	9017.907961603232	2479.53580072157	-231.58392365729594	-1
?	-1	0	55.03519774257224	-199.70513543646575	1183.310716960551	4208.166080745076	2503.951074784973	-6302.028539664727	-1
?	-1	0	54.28370223380284	100.70557276832288	935.0902794058453	-10352.566844182566	2164.434373738329	-14702.819336045468	-1
?	-1	3635.1993335944157	60.07047638098845	378.7253625030664	665.6823747514153	-7153.863623020273	1768.8101079826893	-7400.708729318675	-1
?	180.75996667972336	3834.057766146632	73.21997035895643	409.3844592546394	577.3970982548266	-1660.343917021827	1794.3989372723902	783.7833928743864	8.7270417020219
?	190.70288830733432	352.26250220799454	80.53969934372071	48.091158886422704	582.6651789003228	59.9125197611275	1807.9992776264091	1324.1290876548003	14.423456677781825
?	198.37309179012334	125.11199350723864	75.6245283032776	-286.2120273518879	580.392724242883	307.7975776520022	1860.6053916551311	2878.8374600523775	13.24396088401662
?	196.95848798269634	-3987.46183580241	66.22909797612611	-100.99846570849421	598.0550577829231	2305.187780979626	1951.94115062903	4644.81227631709	5.0281571997519805
?	-1	-3959.1697596538706	70.57460501785282	112.32652436386627	695.6521132918659	10141.61343233352	2092.846005470989	10282.461040787306	4.777372580915411
?	-1	0	71.8454241943195	5.367019913719199	1105.1357293996064	3609.416914740676	2466.0642026684027	6213.32685800154	4.1992272605229255
?	-1	8875.423030015762	70.84295601353878	15.628693139809178	876.1229590289023	9747.09044815176	2403.5123483710704	4528.4156751842775	5.253719873300989
?	442.77115150079436	0	72.62685885130998	-112.10254423724803	1592.4902518072013	12510.827404888967	2692.48498642762	5258.178670599007	7.696551258030864
?	-1	-8875.423030015762	65.2378288016763	-398.75986368699546	1501.6643292733595	-9476.984990282555	2666.4212819010245	-4148.8557860225	4.9525109938920195
?	-1	0	52.68886566695992	-340.5518076139948	1118.6410022930668	-8029.387907770288	2485.042197126492	-10614.525674648543	-1
?	-1	0	48.21023842097632	-85.80269305711559	1100.1949338848394	-4504.174607156251	2135.69499816859	-9021.23350992475	-1
?	-1	0	48.39873101410408	-4.272175916806955	893.432271935251	-3962.0964650877936	2033.980521630248	-3800.8188430032537	-1
?	-1	0	47.99662962513597	48.397652862174446	902.0901106304469	3462.380111079393	1945.6540560184244	6125.893544549712	-1
?	-1	0	50.818613657212836	-22.462489956914986	1066.5512774892231	2362.6234396469185	2340.275198857738	285.49465623607426	-1
?	-1	0	46.8735051272902	20.75164662587311	1020.2212826127945	-1154.474574082828	1959.9287888302283	-4386.775853774335	-1
?	-1	0	51.85619598850651	87.11470307599772	1008.8275487850809	-983.9049950428076	2120.936406169018	-787.1337155579911	-1
?	-1	0	51.22924028109015	-7.0738772464112705	971.0260328606535	8080.068257918229	1920.5721030523282	1834.7153750624705	-1
?	-1	2238.529438522115	51.50250212618594	153.236033921171	1412.8309616809981	-10477.356254196462	2212.672174922143	2583.1728636258226	-1
?	110.92647192610734	2210.046027544975	58.89104197714881	337.7896948600831	447.1582201508229	-20883.782417136146	2049.730746233621	-24645.52497492192	-1
?	109.50230137725032	-64.34432174896864	68.39198686919033	195.6479803443397	368.64184082417586	-1017.8390989771541	980.3959261760294	-235.2467306296433	15.104360193971756
?	107.70925583865886	-40.99700794763832	68.67344099436593	-1.1059031800979666	396.2662652019645	226.77248657239622	2037.9684097021388	18486.31067662077	16.360249302620208
?	107.45245097986837	-20.92040286067656	68.33669171018543	-36.83046620954944	379.98046515279583	345.6000468853798	1904.711460007081	2053.8731004036918	10.521164545177449
?	106.66323569562502	-50.14177812387388	66.83191768388844	-33.01324918419918	413.5462675462337	612.6892873179353	2140.662064722325	3481.7865479330253	10.243489441613967
?	104.94536207367464	48.38601971010336	66.68602925097545	57.456441768080744	410.61492951869303	-785.8234575543386	2078.800787403735	-8149.823434457688	-1
?	109.08253668113022	94.7978015196572	69.70473977229251	78.48560100569077	374.2550946685162	-2510.543255078614	1733.1708929994347	-3025.97312605031	12.293781812992993
?	109.68525214965757	9.014614007064537	70.61030930126005	45.5741079190664	285.08776676476054	-720.8429762941421	1927.5021311012172	5174.399844133262	8.784897337253158
?	109.53326738148345	-61.00201103755238	71.98344516824587	-199.21129387025104	338.2129458538086	1510.730089101411	1991.8908852061015	903.1589198872288	10.321718621730938
?	106.63515159777991	999.3474885158184	60.64974460774735	-169.13795819487063	360.62427121983217	6602.43654871919	1972.6600770955793	-7429.097288186671	5.006572730686575
?	159.5006418072751	901.30829757914	63.52654725850221	300.128958512818	668.3347732897728	4695.124828735915	1620.4360207967627	-13944.431697820508	4.972533667630553
?	151.70056647673755	-120.02339312250967	75.65619253338846	149.17785388178686	595.3805126566313	-4477.567218847845	1275.438492204544	-2228.310373476934	11.194090520996415
?	153.49947215114952	-201.4582860474263	70.98543995259166	-145.95719257591176	444.45641234737735	-4387.782694768123	1509.0205021229144	8006.979255559622	11.737955637334968
?	141.6276521743661	-510.9077050485204	68.35833290459277	-151.70450933829923	375.991377918222	2800.367487165754	1675.7874549825308	24813.755732607446	10.917837718387952
?	127.95408689872313	481.6722342291064	63.40021448567659	-63.45127181358743	584.474786705667	5543.498013131168	2749.7082887533043	16900.09204427389	-1
?	165.71126388582175	481.57957412506363	65.18576931391335	208.2051677652743	653.1662785747843	-734.0919501243557	2520.7920571962372	-34124.338703019566	3.7516721262788213
?	152.03306560497666	-623.8777629086771	73.81047287394046	79.81496892753626	547.7701891994487	-5085.416398597839	1043.4913536023018	-30144.85826456441	10.737745223375757
?	134.51737574038745	-581.8192002334757	69.17651776029022	-303.99672968806266	398.8954586448887	301.5582617786211	1013.5491439679955	11045.325928201817	6.758505136179538
?	122.94210559330246	-2710.3475148077105	58.610636389537106	-253.73907502634546	562.84810228838	9190.271078349686	1595.7576500124005	23751.88239993117	-1
?	-1	365.1852778666861	56.48956400897277	230.3101890452102	858.4090125623795	3821.2721627076103	2201.143263964571	-3475.4463445984134	-1
?	141.20136948663702	2759.5639906510864	70.12614584179778	315.2561134219905	753.9117104237632	-5875.684495024141	1421.9853327824774	-24656.969459275704	7.760816666064964
?	136.9781995325563	-98.84384388254121	72.25236968007252	50.82225775964743	564.6247878111683	-3547.5852583785986	968.2947910007681	-6861.468716344237	10.086201371766101
?	136.2591772925099	-50.27341843338589	72.66725872978019	32.542443260726195	576.5324475048308	915.6819220589575	1078.9118969652607	9753.604241770234	9.653187647435976
?	134.46452861088696	-155.7298633141932	73.87949184310885	-19.60548755599263	610.4088839141168	-2403.7506689171414	1455.9750030892867	12146.189295222539	15.112408184355436
?	128.47268412680012	-305.33677408377594	71.68698435198054	-198.91947662899344	456.344914058972	-931.9006895317448	1686.2213617263963	11059.439941203384	8.468182296772088
?	119.19768990669795	-2589.4536825359655	63.93351801165904	-161.65166844458906	563.8138494375289	7146.655347057443	2008.9470001494637	21525.04955556741	-1
?	-1	231.81143533829197	63.60440092975097	63.216638477531816	813.6776814118492	-72.91685020601913	2762.473839504782	-11534.709063377095	-1
?	130.7882616736127	2361.420457147261	67.09434993553568	60.41534396737304	560.1680069272279	-5113.132311802506	1432.2115469806008	-16838.315453323878	7.2112791227202
?	117.07102285736472	-2635.7652334722166	66.62516812811967	-217.25649277873148	558.0210658217203	226.14517083934876	1920.5580668385762	14142.829771718725	6.632601896304704
?	-1	384.3218673907898	56.231525296598946	47.62453041864649	571.4752654691955	-2632.6719362055405	2139.353035566547	-3129.5115488745714	-1
?	136.2871162269045	2549.2541104223233	69.00639464905203	287.07603391387653	426.3874690114414	-4688.050985760921	1764.0824893948454	-9706.309125391339	14.617200038211728
?	126.46270552111798	-146.03023608234443	70.58532699229298	57.449097183506446	337.0727161811461	-3109.2878655211075	1654.0375792969733	-1716.970321733241	13.635272155791812
?	128.98560442278716	87.13755692781196	71.87884950822739	53.70104598726764	270.9230757353838	-909.6544673847684	1678.2339733081822	2134.2509522177456	16.703858325032733
?	130.81958336750864	41.49267827825893	73.2703792916564	20.96768896170856	291.58999281190705	910.0545829613959	1760.750126907862	1521.9799510536416	20.908153837585424
?	131.06023833670014	-18.47123318766736	72.92723395631283	-76.93644844130124	316.42580488345425	317.6042960099779	1754.3329708608653	4551.924616943219	21.98229322133185
?	129.89602170812526	-39.89906304425858	69.42355686959128	-139.41965322460135	307.47020761240617	-666.6986148728128	1988.3463577550262	1824.168700430147	14.796028313353757
?	129.06528518448718	547.2278898614123	65.95625129508267	-103.31610118748553	283.09087413981314	-16.529749148728335	1845.541405882374	-10357.307004477168	-1
?	157.25741620119626	4055.118165390455	64.25775181021693	-67.99562723432703	306.64372015496974	1579.0936199479577	1470.4810075311605	-12447.614370365309	-1
?	331.8211934540128	1630.0275245089656	62.556469933366266	86.8990238817337	362.04555513721215	1488.5443357637932	1223.1606873640997	12676.032833573832	-1
?	238.7587924266457	-4579.521383073916	68.60270300430368	76.81705793401268	381.07093694316046	1670.528527756143	2104.282649209861	22516.05102650442	5.774625139644034
?	102.84512430031376	-2739.616855054063	66.39732283006696	-94.43163448232619	445.5719815250205	-120.63771332066322	2348.963238689337	3272.071713642071	11.679648489875829
?	101.77794967394061	48.18949184110397	63.8811212801873	-12.626939845301697	375.0390512771272	-2008.713783488333	2267.886234891967	-9220.73489734608	16.189695731786685
?	105.25459889236899	221.4460676732355	65.76597583780186	-69.98958739133926	345.1362923506024	2040.3245410277957	1887.9264938220263	1244.662622956003	19.912199671026105
?	112.85025305760254	-4.680958009349401	60.38164191062029	19.92694380818648	477.05527832851845	5953.5896534711055	2330.119366039768	8702.148523484742	-1
?	105.02055099190152	-147.7571726294342	66.7623230282112	133.09020211529835	642.8157750241619	590.3544069124355	2323.0339199962696	-12335.539680428621	8.573472663108733
?	105.46239442613073	13.144252237643554	67.0361520163853	66.54847141549614	506.57299867414065	-1711.7961607046034	1713.3423820183282	-16379.407920213383	11.235697755773739
?	105.6777636037837	-167.25862096628748	70.08974659898605	17.84072064554923	557.2259669889305	929.7503020501522	1504.0635239855887	-4878.69139265826	7.168347740298186
?	97.09946337781624	-200.60610453539368	67.92818804866278	-185.50034044237185	553.0605137766489	-2684.2016722886474	1469.4078123854117	-4693.451714018531	9.849830236895214
?	95.64745837701388	-135.05949610763685	60.81472957686733	-122.81051536515203	423.01588337449624	-4257.046571298098	1269.390938284659	5704.634899093286	-1
?	90.3464885724343	-84.00104384841279	61.78766228040509	142.25039408786512	340.208185211741	4626.545139509627	1754.63955734008	2545.286492067762	-1
?	91.44740618459318	-81.64829939363554	67.92724928126069	-37.783960790679345	654.3431403499809	8760.02168518763	1396.6552628880488	522.5974335827431	3.7395418076244584
?	86.26407360275246	-1848.9481236918373	59.89846424087109	-310.3230043345111	778.2092694711288	908.9415407562303	1780.7694290192176	106.31322630320332	-1
?	-1	-1745.2814720550243	52.41109906453491	-114.91803214675151	699.7902173877931	-1200.9136245287493	1401.970924203209	2056.9663682329547	-1
?	-1	0	54.152562633533435	2.3957501287815943	718.1635882446905	-3651.7794235133356	1883.6177474308668	3843.507510667164	-1
?	-1	2185.07860929054	52.53088657097399	134.5280009625264	517.2012462121237	-8974.531191789105	1594.14629973657	-4524.877788265552	-1
?	108.25393046452855	2036.2880015600697	60.87896268165985	261.58661810058504	269.43702865522886	-898.9944854186363	1657.373858017586	2755.28117167679	-1
?	100.81440007800494	-223.3243010490329	65.61021747600343	105.73220546963546	472.25152194119124	7179.912734433012	1731.9103583204114	-9472.10023961297	3.2928816582252263
?	97.08771541207675	-2036.2880015600697	66.1655729551417	-265.4382713948903	628.4326653768845	3353.9426935277165	1183.7688460369307	-8163.413175394423	5.810385544220836
?	-1	914.8110245441186	52.33830390625872	-150.73149271000176	639.9486566175795	-431.4972262670774	1323.7396995506845	3394.3674766477643	-1
?	142.82826663928333	2947.6335492178387	58.628998319641504	379.07741431047174	606.8578040635304	-4581.572102943995	1353.4872198693213	-6252.614055461879	-0.5474746808568274
?	146.38167746089402	75.80655552915692	71.29217462178258	173.9116910437408	410.87005147037644	-5909.187058409949	1011.1089967775861	2953.2989469316944	12.09773637012353
?	146.61859441574123	-306.630719687832	67.32458287182867	25.840696168722193	311.3984511430287	-2426.952218411628	1501.152167215908	18760.0281361792	12.064832485379943
?	131.0501414765022	-462.68607341933824	72.5842094302187	-46.70945842461	289.5224405497933	-876.3293565700883	1949.1104035865594	18014.958094799862	17.30650894425202
?	123.48429074477399	-2641.0028295300067	64.98910995059813	-153.30941405284287	267.58198331452365	27233.41511271258	2401.900071955914	19814.59843433511	-1
?	-1	-2489.6858148954443	64.91873872757645	-80.84934970683675	1651.1931961854418	31256.83664681337	2939.840325303329	6458.761501143744	-1
?	-1	2257.817932168674	60.94664246525624	86.49144696785604	1830.4238156552144	-22516.08513942496	2724.8381470131058	-18500.507546634923	6.296133451529723
?	111.8908966084353	2463.846886424556	69.24331107596932	164.1356576197962	525.3889392141781	-24623.167563369163	2014.8149479715696	-10056.192173201618	7.066669624113125
?	122.19234432122956	806.6816090590293	69.15342534624617	-6.18136172706235	599.2654374867389	-1203.6897135234062	2222.0285383530177	-24196.42926698419	7.979088133473432
?	152.22497706138734	989.0673749366328	68.9342429896162	-54.6617204931048	465.20445353800693	-4202.413226991105	804.9934846223429	-25804.299733780354	9.008116377671016
?	171.6457130680619	-3064.499541227703	66.42033932159089	-295.6026031679847	389.1447761371806	3655.8969483134833	931.8135516639816	16010.093464510102	13.386223045186243
?	-1	-3452.914261361189	54.15411283121675	-325.9463941356443	647.9993009536837	5614.567506466564	1605.4981578478594	15627.230889149314	-1
?	-1	0	50.12301961480844	-13.328069019723992	669.8731514605128	-845.6831495298336	1713.1750961214584	4738.761648201426	-1
?	-1	0	53.48770938023054	33.90454384320074	605.7151434771914	1450.39619032422	1842.436240257934	7786.796941501705	-1
?	-1	0	51.8182468069685	-83.71905388285208	742.3929609767248	2750.384796629066	2102.514943196549	150.86502373326098	-1
?	-1	0	49.30175668608788	-70.81428626869835	743.2343833086467	11819.746217762588	1849.9794914445972	6866.54512845875	-1
?	-1	4076.7515580447093	48.277532493533535	312.1018610285909	1333.3802718648626	-4677.213529820371	2445.8421996194916	-6190.335803027499	-1
?	202.83757790223837	3933.1015622167106	64.90684973751765	349.34672794104443	509.3737068176248	-18255.409121888384	1540.4627012932178	-27566.79617725629	12.119148072716593
?	195.65507811083833	-1107.6391412597884	65.744868890586	-119.55989481419493	420.6098157704304	302.23678874034727	1067.5023907566576	4227.8840776070765	8.24103149686076
?	147.45562083924816	-1161.6627063739645	58.928854996807814	131.1178927522077	524.4855462546424	778.3249288932817	1751.8569051735747	9308.930782497959	-1
?	137.57194279213928	-594.4196365285163	72.30076352819648	378.9644621216476	459.526062215095	-2059.201144820318	1532.9489298815622	-11550.792975779395	9.278314858420458
?	117.73463901282192	-573.9185744487927	77.87707810289047	-60.044241734269974	421.525489013625	-839.3446732733645	1174.3172563845967	6996.215678825398	10.565186738299825
?	108.87601406969924	465.9469963948657	69.29855144148294	-300.7646412525248	417.5588285514262	1473.0570805088093	1882.759713822837	9951.722868295004	7.697282586920592
?	141.03198883256553	620.6021238052565	62.83884604026401	144.7412240933371	495.17834303906653	4227.829644015563	1671.903399799354	-11946.67937849428	-1.3791614277010935
?	139.9061202599625	98.90914871464106	76.5356126461499	232.46748347694617	628.9503107522073	517.7930628051678	1285.4257448981145	-3103.469656461099	11.650421668773696
?	145.97744626829765	571.2383236131102	74.46222021411148	-165.76482701400315	521.0679961793253	-4159.459349445879	1516.7299169762969	6853.42747103887	7.719703477902957
?	168.46803644061842	1117.8383415323271	68.24737129544963	82.65032783609708	420.97734327991043	-2114.0806533535847	1628.097118450063	9800.485110566257	9.230692525528593
?	201.8693633449148	286.9724240797665	78.5947366059164	-17.01469285172128	415.36396351164456	1384.7179489639502	2006.7541725046167	5218.9492484982	14.693579315187938
?	182.81665764460695	-4057.3872668982385	67.39663665286355	-437.5868738353606	490.21324072810893	1407.85851958407	1889.0445808749766	-3305.0752816463078	4.739373716765181
?	-1	-842.3316608872494	56.715392914148055	-115.16599106232157	485.75688949084906	-30.132042316549384	1841.500408422299	-4856.95160085127	-1
?	140.70007460024388	2446.8385984534893	61.63833709974739	364.491593637623	488.70663861228144	-2271.7622973167245	1646.1970008324097	233.72081065822053	-0.6912496085553403
?	121.3419299226762	-651.1637190109808	74.93997259602946	191.62865009290368	372.1687746250112	-3750.4431253328326	1853.1864489552102	4751.835711373261	5.868253758286916
?	108.14188864969438	-279.1983696796271	71.21976960439271	-80.37445280996423	301.18448234563715	-383.3396023368791	1883.788786401076	-741.3839453901013	10.417375951169422
?	107.38201143869465	-29.854218623174095	70.9212499555312	-135.1157500936066	353.001794508167	-323.20445890389914	1816.1172516857046	-2297.9171967901348	6.241824474632476
?	106.64917771853565	452.1592907430779	64.46398209971228	-3.4821624232028587	285.02425940044196	4949.760943328579	1768.8929265615677	6219.351385517096	-1
?	129.98997597584886	983.027336897743	70.74714183437105	378.3394837445772	600.4898416745995	3593.447933813142	2127.0848209615638	-10188.351700123736	9.931041428987037
?	155.8005445634235	727.1627090461174	83.38095628694141	204.00527280053007	464.6966560911016	-3816.6124013608423	1259.4753415553737	-13147.61530970642	15.297978580007598
?	166.34811142815525	-83.612060047954	80.9474054743977	-229.26325365477012	409.65922160655464	2818.0488623021456	1469.7040554762334	19508.952475229067	14.958327967127707
?	151.61994156102574	-455.4002319384873	71.91779360420274	-196.52211421396208	605.5990992062109	2456.4151364077534	2234.922965316841	24468.180864219365	6.059670496948459
?	143.57809983123056	36.42957747747351	71.12129976369945	61.300791242010156	532.4799784269441	-987.4323478620155	2693.113098687219	-6541.3123550658	7.087791281796692
?	153.44142043489944	294.0267695947282	74.9828331663033	102.24836871980725	556.2274818131094	2440.3922136453157	1907.8573475635462	-34491.029821781696	13.05177563237246
?	158.27943831096718	30.702805793576562	76.23371819968989	-30.489072868021047	654.4995891092116	4102.560201168647	968.5616075981097	-15932.414184714631	10.248257783095827
?	154.9765607245783	-100.1162865622112	73.45837952290222	-59.04248262973711	761.3554918715447	630.7038982404857	1111.2366383278033	7676.807256280463	16.42543436102652
?	153.27362398285655	-183.60881051167348	73.28159406820299	14.201661694080283	686.0347840212363	-2121.596594507425	1352.4019704121383	8238.44392350323	16.23350316161035
?	145.7961201989945	-586.0532724425414	74.16846260760624	-42.35310316995136	655.275662146172	-1400.16605575843	1523.1588345029706	3616.2575253612736	12.659689626625248
?	123.97096036072907	-2935.9224039798482	71.1639389097054	-272.17996647527906	616.0264812333138	-249.36463760694878	1533.2148466802046	-745.8373762508367	5.828530152258905
?	-1	-2499.4192072145456	60.5594642838421	-256.9892893469046	642.8074302658243	365.2806177330688	1485.8669656904283	-3543.923844812775	-1
?	-1	2182.3826653578276	58.31447444235998	140.3393995846848	634.2905121199675	-1530.914470463957	1356.0186544395633	-13060.310937143626	-1
?	108.11913326789293	2034.383611522013	67.57643426307644	155.06751755610344	566.2617067426254	-1556.3965127569288	832.8514188332377	-6041.588000175953	9.990819730530717
?	100.7191805761021	-140.71488282807223	66.06785032016526	-45.228373673164626	556.47068648212	1049.6392869213955	1053.9392544307614	4109.806885352462	10.678955390418249
?	101.08338912648922	-2034.383611522013	65.31501557941817	-105.67952966984114	618.7436710886959	2950.9951749530196	1038.3417631008638	15664.32900062091	7.447699312230814
?	-1	-68.66594950965138	60.78387383667313	8.182112360917868	704.020445229773	465.38192206529425	1837.155704461818	25042.727064852224	-1
?	97.6500916510066	2043.654569857703	65.72412119746407	75.21461595427518	642.012767191961	-1405.755220070651	2290.4781163434927	7606.99199417386	9.739502124055814
?	101.18272849288661	-1973.001833020104	64.54460463438694	-147.31159540906862	633.7326842262395	-808.0352090269388	2217.5053041705164	1166.564790569011	8.37095579629274
?	-1	28.97530458946521	58.358541427010536	-16.851732093758944	601.6110067406135	-579.2097016735997	2348.806355871944	-9121.39998422306	-1
?	102.63149372235989	2043.8494155871444	63.70201802969898	156.5132195185834	604.7721991425591	295.99629719154825	1761.435304959357	-11235.621211889493	6.651465896252189
?	101.19247077935867	-2072.6298744471683	66.18420240293982	-77.54930383155073	616.4108216001911	1717.738812008675	1787.0252952774615	15114.672955608716	8.927363702688506
?	-1	-2043.8494155871444	59.82455283812139	-202.97809861515827	690.6591397429941	2692.1955567432183	2517.1689527398034	15794.182146978863	-1
?	-1	2967.516658796474	56.03529747218176	125.13206940503771	751.0205994373539	-68.67753735426861	2576.734402626416	-15388.157377479356	-1
?	147.3758329398258	2777.1430171394322	66.08115630837337	318.38721862554496	687.2252628752806	-1096.5000623058725	1747.7610838658247	-27199.480417987797	4.461720961043308
?	137.8571508569736	-287.47516635393526	71.95465840345923	135.52415133682905	696.1955963220595	-5888.929894279195	1216.7603817270067	-3972.949242941402	10.637114245501508
?	133.00207462212884	-108.1183539184413	72.85736387521492	22.696059081499943	392.77876816131663	-6680.058659664095	1549.1136217187518	10463.48338454691	13.977487981143543
?	132.45123316105145	-166.96597430667217	73.08946135753425	-5.732322978954503	362.19266333884997	-1876.034072152632	1739.9345509543596	4853.695051912086	14.71387824831036
?	124.65377590679512	-347.61986421615364	72.57074772626719	-110.47487592047347	298.9770645536837	-2051.932045885243	1791.7983743143595	1793.5289617190547	12.944824159584611
?	115.07023995024352	-222.5339966728117	67.5657175615105	-36.10381175687883	259.59606104458635	-513.3877029152923	1829.6109990403136	1673.6544797939257	8.333615995758933
?	113.52707607315438	-50.76884330179139	70.76555713842322	-128.9115743109767	273.3076794079187	281.75337422103837	1875.481098304057	3990.385769478969	15.431138491160254
?	112.53179778515391	-2290.541521463055	61.12013884596157	-325.2440439659571	273.68372975563847	10296.779262950755	2029.1302875142649	1921.5784428788356	10.925584627539424
?	-1	587.2612107554297	54.503354940125135	16.803731845986267	788.1466425554638	8702.896944588649	1971.5600204480002	-11329.301592215486	-1
?	141.8948583229258	3014.536199408143	61.960325438260895	415.38230101436375	708.8285769850771	-6254.0306680925005	1462.6652079034825	-3225.0560721203915	8.586835715659435
?	149.7268099704093	518.1562211055763	75.27246999084362	275.3378285420886	475.44510915083436	-5646.6666325019505	1810.3072168419783	-11841.804086816419	13.774106135137995
?	167.802669378205	231.38149958988618	75.72721686536552	-142.44500716215097	426.49524535997557	-97.63226575778592	870.5750035626531	12107.578873465014	14.810997299647193
?	161.29588494990378	-3376.0533875640517	68.15021963273597	-237.59166941023284	470.563495862945	4283.571959188026	2415.6861605152376	35083.2509294635	9.397897597581363
?	-1	-758.6170162114161	63.84763339485371	-6.231503903122952	640.6738433193799	3919.5686484087855	2624.737550035853	-2536.0655710023916	-0.1510781062921307
?	123.36503413933244	2219.419852752307	67.83864443757982	180.45711715632578	666.541928283387	-3581.968515473209	2288.882881965116	-30510.36342847772	8.556844711038707
?	109.97099263761693	-432.40450217119286	72.87048925267013	25.17660688280095	461.5754175457169	-4885.782233145216	1099.2193786119453	-9420.972762361032	8.428298977879699
?	101.74480903077249	-355.74010226814556	69.09747478171988	-93.54497149863627	422.25281662612275	-901.8703699149156	1817.834243847058	14021.982675898122	8.034658185489073
?	92.1839875242094	-90.00930458829302	68.19324067773825	-89.75234021051378	416.4818990499705	-2834.01608278913	1800.3185124068614	-272.48249222261234	8.350447301395368
?	97.24434380135777	540.9764388057084	64.60985777119413	73.4894097179811	280.55201248666424	324.37734540726404	1804.210119235927	-169.58992512518975	-1
?	119.2328094644952	745.2958917895346	71.86771116363735	188.07608490040866	432.7007663203339	5499.8495886296605	1791.8390161506018	-1922.1286240577092	7.1786523055159615
?	134.50913839083503	450.78193376930966	74.0136620162147	-36.82546592106182	555.5444919181512	-804.9609667080994	1708.1036880330403	-1363.2120022863853	10.113682473217889
?	141.771906152961	-58.316820722643875	70.02643786758424	-209.4552762985255	392.45271798492837	-3005.926146824151	1723.6784160362815	733.5052079917055	7.941678237116581
?	131.5932973547028	-2855.43812305918	63.54089820128827	-223.7671252931319	405.24818457694147	3409.4509318764976	1744.778948432626	1678.2368698709013	9.530664307295806
?	-1	-457.729722280746	58.83808160292748	185.82971633764564	562.9252645787557	4739.968013443772	1807.5902595298278	-6912.829432317064	6.664740914121211
?	108.70681124066517	2179.7400777568037	72.83238401817069	273.9388849844638	642.2465852491334	-539.5884601037247	1399.137476816768	-11870.596549554015	6.399329307901127
?	107.98700388784172	-49.97988209414146	72.53502585215087	-38.70060119682423	535.945841573569	782.4443910523248	1214.0604320521186	-267.84156815650095	5.561881513449384
?	106.20781713595807	-2179.7400777568037	70.89735395832945	-272.1771012267845	681.3688048017502	2801.6739331980793	1385.7453984089427	6272.827155206844	8.371777185353096
?	-1	931.4462560271203	58.92617079081145	-164.86798233361677	676.029538233475	-312.5413957500315	1527.7017898124652	1125.29316043662	-1
?	152.78012993731474	3221.681847003561	62.65395484164849	243.2813070239346	665.7417350142484	-3777.3476278916264	1442.0100564307745	-13862.02929137653	5.293360369177122
?	160.08409235018033	231.54797201755184	71.09023614200835	38.498079042589545	487.162156838891	-3402.6742141852737	834.6003252436288	6749.144400398	11.725991643984992
?	164.3575285381925	1331.6433231134838	64.578858793778	-222.7919784529669	495.60802430498234	2150.8492332643027	1779.4672764506793	21199.36688187032	7.3991730269461
?	226.66625850585547	1362.4892674716443	59.95063721935985	171.56984023013575	594.7046185021077	4094.343519526395	1894.56866933716	-7074.214024361453	-1
?	232.48199191177568	518.9016504712424	73.1573508052849	191.5571863884723	700.325200281305	-674.1397223220015	1425.7565752326016	-5331.242218718969	10.096131015021136
?	252.61134102941796	-11.002005057140266	69.5284965387836	-13.316751039185514	560.9976323860071	-8235.372468129186	1628.0065584012077	-1157.8059892822803	10.578737342981876
?	231.93189165891866	-1698.12405278998	72.49151325332562	13.166678066957713	288.55657687483983	-4177.862940987839	1367.8662757684867	-4368.300764204489	17.571577902162154
?	167.70513838991775	-2247.3523645018035	70.1868304421315	-152.3549252289011	352.10448533661224	594.1300213203779	1409.5915201909802	6926.365015042686	8.680640603281493
?	119.56427343382688	-3374.102767798307	64.87376699188046	-284.0490048890664	318.26307794085915	90.01977473351289	1714.184526520626	4910.312858408081	4.891925516917547
?	-1	-2411.2854686765036	55.98438019767797	-293.7529389284216	356.60547407328795	10993.669886956382	1655.1071631113878	4841.727424305144	-1
?	-1	0	50.18612004545917	-94.00870242183325	867.9465722886861	6486.649072612073	1956.2708977358866	5238.973351967477	-1
?	-1	3466.3100893112437	51.28394507658624	312.1248897650764	680.9379277038962	-8916.992003216994	1917.0558307097654	-8248.76797770816	-1
?	172.31550446556466	3686.7174110021056	65.79236453371321	628.557699282432	422.09697212783004	-2345.8096480658796	1543.8324988504728	-17371.001374889365	7.753721908369524
?	183.3358705501079	613.4591279948993	82.71183004070829	199.60141106691594	563.6474453006006	2586.6317998106783	1048.5057619652848	508.8949377862601	9.243444477420368
?	202.98846086531006	499.3363150056038	75.77243508705915	3.3607478487018714	551.4285621183658	-2580.8052021864473	1569.2772457397862	13582.039547477627	6.449648426173195
?	208.30268630038844	-103.65558522177787	82.87986743314339	-68.71891676999967	434.60718519127636	-2958.684019828279	1727.6077393391759	4986.317172965452	14.68256940047381
?	197.8056816042211	-14.919138498992554	72.33648924855912	-175.87046134837954	403.49436112694974	46.18168675558698	1818.5931043880623	1525.5423600677716	10.284095942375679
?	207.5567293754388	-277.0595551411754	74.08634436572429	-42.04465345196067	436.91626952905574	-1313.353805070845	1803.8848573425655	41.03170618358887	13.72180213663585
?	183.95270384716213	-801.5037646589195	70.23425657596106	-182.35052745070956	337.82667087340656	-2095.8829807360826	1820.6446896972418	16.755322506450955	8.18378283599512
?	167.48154114249226	8.300644831287965	64.96881799318868	207.34866393928417	332.12212049225013	668.3345783850161	1804.722623467888	2681.3541439850796	14.624012381788301
?	184.36773608872653	370.5345530539959	80.60168977292541	137.56498781329643	371.24339979265784	836.482513336004	1954.7123968964977	1399.77795937625	17.286772511767506
?	186.00826879519232	257.77857645605	71.8470673838536	-107.43843761554747	373.94624615905093	2248.2164738157676	1874.7115214367016	-7230.740918685694	11.33231514070536
?	197.2566649115292	130.14613818180393	75.22976789214796	280.15887887183965	483.6542234834478	4181.259204852715	1593.1753509622079	-7333.430467874077	7.108788522044527
?	192.5155757042826	-755.4792792601496	85.85501132744578	-51.07684500002064	583.0092064016897	1848.4709634267833	1508.0399980429925	-1721.3122933358436	14.137308820204357
?	159.4827009485212	-225.50898159460493	72.6759256421469	-255.99010442185238	576.0777716547883	-1496.604583039938	1507.1097362954145	2669.1860621397414	3.2815212753568095
?	181.2401266245522	276.1202859671727	73.05550610635298	73.77150898059293	508.1789772496917	-3048.3242344762866	1641.4993011499814	4690.956022838206	7.5254395653762005
?	173.28871524688003	-111.7263477523461	76.36450109117659	-128.2927301305931	423.6615599309718	-1677.1532419084235	1741.657537437328	3058.785717424009	8.554526491356327
?	175.65380923693482	144.21470923060974	66.64086959982323	-235.59339964295367	424.3213151542693	4415.9071620766645	1794.438587021184	5980.098235672642	9.352713713256728
?	180.49945070841062	85.11134247203124	64.58483110902874	160.95054058460477	644.4569180348082	3808.4890805220384	2040.6624492209644	-16052.975465036743	-1
?	179.90937636053644	-50.74796469169811	74.68839662905359	300.50587606250986	614.7457691803739	-1072.6453933520663	991.7898137693355	-20651.465315655372	13.41647684095231
?	177.96205247382568	-118.73443898322422	79.61012491215445	70.822873978246	590.8246483672041	-1485.55251367931	1008.0891834381812	4850.7032583120135	13.780026249828481
?	173.97265441137515	-325.02166049039823	78.22954032796594	-120.94031587753078	540.4681434964074	-528.8023189668313	1234.3249766849397	7185.607143950968	10.172802318830596
?	161.71096944930554	-764.2377161047016	73.56310911827782	-18.681498791019084	564.3845324188621	-922.9599349860945	1367.3695406357347	10756.2906181956	5.372423377257629
?	135.76076860613952	-704.0458792566127	77.29546538841497	81.54289197240897	494.320146747102	-2154.9102316226276	1772.1395075947273	9293.514813067613	7.856117242481588
?	126.5086754864744	-44.03865217046979	77.64025371689833	-85.3259305294386	456.6390208377292	-1120.9975617146722	1832.045281289122	794.625530681658	16.355969709276515
?	133.558835997616	465.3630065498006	73.02916886194298	-100.08819324873002	438.2702686613676	-344.2962172143958	1811.8707841288108	-2772.1135240622075	6.664080151142049
?	149.77682581396476	344.71825123843325	72.63584405446176	-78.780964752699	439.4242099770092	6931.460275424581	1693.4396050860096	10556.117940012891	8.614565493377414
?	150.7947485595379	-3015.5365162792523	69.09012062430797	-35.7238165003779	784.8432824326015	348.1547805027704	2339.676681129463	13074.619465203492	2.485904949783365
?	-1	-3015.8949711907153	70.84965322944284	-1381.8024124861397	456.83194900214795	-15696.865648651808	2347.1705783461935	-46793.53362258859	-0.531130758230723
