rowLabel	avP	dP	avI	dI	f1	dF1	f2	dF2	h
?	569.6832852651611	-20	55.046310358280486	998.3061317893688	675.2564126851498	13657.884474947114	1767.0885642375215	35616.14357715071	-1
?	-1	-11413.665705303221	49.91530658946844	-121.471265038806	682.8942237473557	-102.04338382297465	1780.8071788575357	2962.7315761743785	-1
?	-1	0	48.97274710634019	349.64317240923367	670.1542434940011	10976.246742258172	1915.2251430462404	15808.85045268213	-1
?	-1	0	67.39746520993013	402.65333662660305	1231.7065608602645	5199.848385300342	2571.2497014916426	9069.274850928003	2.0498823639667765
?	-1	2808.230113591941	69.10541393767034	153.736009052858	930.1466627590181	-11505.82394580496	2368.6888855926404	-13744.387451212104	2.8318793320549545
?	139.411505679597	2645.6409151165294	75.08426566257303	-13.865552038679713	656.4153635700167	-3988.3711493630526	1884.0303289310375	-19766.609119989862	2.3641930484862534
?	131.28204575582643	8752.302430290933	68.41213633573635	-348.79566170844504	730.7281052908655	-918.7612240314459	1380.3584295931475	-9202.900378140595	5.192660015812376
?	577.0266271941435	-2645.6409151165294	57.64448257715078	-253.81602988396614	610.4773023684444	-192.26692395964625	1423.8853100240078	4296.823572616737	-1
?	-1	-7823.917571341215	55.721334841538045	239.97810543901642	721.1147590928832	713.793292651983	1595.1996082239843	12685.494771482689	3.167302710350934
?	185.83074862708287	3763.368689188148	69.6433878491016	380.0653249712314	646.1669670010435	-4491.5933706858095	2058.160048598142	14991.491037853752	8.465963486619831
?	187.16843445940737	-457.4427080606894	74.72460109009961	40.29365182531247	496.5350905585928	-3096.360914107913	2344.7741601166717	1702.3347735020327	21.772238210925376
?	162.95861322404838	-568.7899822009116	71.65807044036723	-92.97599061089065	491.34892129564776	-1279.2716417549207	2143.276787273244	-14933.797209684808	8.195724531463416
?	158.72893534936176	237.40601859627967	70.07580155955508	180.63156581215407	432.5715084708467	-59.31296899701915	1598.0842996324307	-8565.722944607329	8.312261220013287
?	174.82891415386237	159.65015546929735	80.68964873097494	252.79420513533927	488.3832728457968	1263.4059840515329	1714.990640042877	2865.958058605972	15.46535145183989
?	166.71144312282664	-198.52979936514186	82.71551181632205	-229.033970511151	495.7418076734234	-187.41324076941947	1741.3822025627294	-771.8426967545559	18.859506661897377
?	164.90242418560527	-57.60818793148639	69.23795020541738	-463.35672728953455	479.0126108073258	-339.01158638440137	1676.3985052051491	-1580.7169236420973	4.697927322810606
?	163.83103372625231	9.180238758997339	59.5476754518453	-305.51976834057615	478.7912283542033	456.3516033436402	1662.3463563806245	1269.787180282941	-1
?	165.36143612355514	-3296.6206745250433	53.96196178838856	-144.3442070135022	501.83019097450784	993.0016636431187	1739.8878642192963	986.0390115904729	-1
?	-1	-3327.2287224711	52.330465101170184	-149.55251453691588	528.4413115363593	27.439358477869266	1711.6483069601481	-404.6063348711547	-1
?	-1	0	46.484336061542756	82.46335084520905	503.2021588984013	1783.5110642485802	1719.6575474757385	-1847.275939761478	-1
?	-1	6814.284849510023	56.45363264343063	477.4301251877006	617.6168647487882	4255.869423702923	1619.2845099720744	-7076.83084745783	6.689473133935946
?	339.71424247550146	6410.680318805716	70.3558423209278	274.3452586966429	715.9956300835477	980.6864183932171	1365.8160051028467	-6231.908972035589	5.158618811325882
?	319.53401594028605	4993.347025970465	70.17089557826279	-49.11054616859441	666.6511856684491	-1884.9323466392032	1307.6890613702947	-2877.0703351153606	6.349822364465989
?	589.381593774025	-6410.680318805716	67.90031501249808	-283.61470519715044	621.7490127515874	-1172.325131397771	1221.9624883470785	-1822.678601452238	5.557633807835553
?	-1	-9164.913176391594	55.99016031840525	92.86739185223743	608.0349290985605	-378.884839337322	1216.5551312976827	17126.914493201548	-1
?	131.13593495444493	2543.649804599819	72.54368460510996	292.05831832258684	602.8047707847213	-1693.0097540468826	2078.3082130071566	18780.37304391053	5.261759519094555
?	126.18249022999107	-148.59326651505071	70.5930762345346	-286.28146652827814	523.3844413962163	-1826.7808599098312	2155.57378349321	-4649.359063994002	9.28857717391384
?	123.70627162869239	758.2306395274852	58.22961127869604	-160.1341429539555	511.4657277892297	-719.8959462798046	1845.8402598074563	-14565.760456434627	-1
?	164.09402220636537	744.1583795640426	62.586369086836825	281.350061014602	487.389644082226	-1211.5675635678429	1427.285760671478	-1416.9930689222915	9.805725925403587
?	160.91419060689455	74.9173331000275	72.29711432942615	287.25469148536695	450.8873496108375	-325.84464431332066	1774.9906063613416	-2235.971607094373	14.924046690890146
?	167.83988886136675	114.8317657566172	76.94910366110518	10.641903557180958	471.09741186656	560.4902865569325	1315.4871803167593	-3710.5058144823456	13.165897309128002
?	166.65577889472542	-29.265242155490203	72.8292095072852	-145.5039350482251	478.9118639386841	873.4251368329095	1589.4653156372242	6816.190875325299	12.39076928473398
?	166.37662675359223	-503.1379318872531	69.67390690869392	143.41563250304705	514.7686687082055	1805.048900609324	1656.2967240830246	-6320.8906024812395	0.8438113024422432
?	141.49888230036274	-505.3733990097505	79.99999113243756	62.66689177411331	569.1643089691504	598.5947049662849	1273.420785513162	-10691.998194441103	11.637288856180385
?	141.10795680310468	-21.257425442661866	72.80725149739959	-23.589080300191917	544.6984039565198	-285.6025164873947	1121.696814360969	-5580.4456856479965	7.609992392088164
?	140.43601102822964	-253.23452210451228	78.82053711742796	34.658803908185945	554.8841831447807	-1132.2215372031692	994.3985012307619	1212.8219712026782	14.120065156808542
?	128.44623069787906	-423.79647298954967	74.54019169280889	-122.76320146974558	488.08732709636126	478.77989791875694	1182.337912921103	11288.537324291423	4.5817660541235155
?	119.24618737875214	-254.83384720016124	72.68237704394068	-172.2707487549529	578.8231780407185	2825.883354878301	1558.8253674453335	18958.4930857105	4.687245891641081
?	115.70453833787099	-2404.9237475750406	65.92665425506124	-194.17677762821026	629.3814948402765	3564.7192056263307	2130.262567206629	18063.742904004823	2.5986235934265203
?	-1	-2334.090766757428	62.973538162530154	-118.02904992101048	757.0591383220352	611.6378386950486	2462.0125126455755	2391.151634312873	-1
?	-1	11849.17246138458	60.025201759010734	-70.51340556658897	659.9633867750288	3143.2141537134407	2249.820148922272	-1878.7019263950217	-1
?	591.4586230692269	2463.0235458908296	59.44786788420072	237.3117533467031	914.2198460077067	-4155.296571335589	2368.0774163258247	-9045.938233517427	-1
?	122.15117729454104	-9642.43915853842	71.89078942634585	209.6877394948645	452.19855820825006	-8838.47712930523	1797.5232372464022	-14773.430615392628	5.5684871352893355
?	109.3366651423076	-395.57627567607767	69.9322548589439	-182.97330135720878	472.2959895424467	1104.3027770400868	1629.405885556196	8759.719153569977	9.926962585875664
?	102.37236351073723	-2206.73330284616	62.74212435848544	-123.27956923568978	507.4136970602542	-449.39868925823066	2235.5091949248995	20859.033187594992	6.339185450668432
?	-1	968.0402606189128	63.76827639715944	68.38746481024141	449.82605507953525	10343.974813152372	2672.357544935942	6514.937218672735	-0.36392013644779053
?	150.7743765416827	2946.8085195214935	66.1614975989975	228.61208103534207	1024.612437717871	1519.932817587796	2561.256055858535	-17072.91236943488	2.6828652224888994
?	146.34042597607416	48.56002310075968	75.1988804489265	181.78194818228982	525.8226959589248	-10450.701074918876	1818.711926464201	-26483.838024134686	15.498516197148723
?	153.20237769672067	52.226305958655715	75.25059500811196	-181.22484294150817	502.0773839719291	-207.98904327620068	1237.0641546518054	5225.091082585541	19.513816061764782
?	148.95174127400693	-3084.0475539344243	66.13763830185113	-344.2034832627003	515.4232437951148	390.0722760299393	2079.966480593477	14865.19076915801	13.498355348614567
?	-1	-391.3786785581825	58.04042084497701	10.077102836106953	521.580997773426	-279.4902211945849	1980.3236931097033	-16758.704985704466	-1
?	129.38280734609788	2450.8139098476317	66.64149344365647	346.5577468617006	501.4487327353856	62.29732160113621	1242.0312313082568	-21464.604293233017	7.213649121795662
?	121.54069549238115	-357.19822359374956	75.36830818806197	80.41605036526079	524.6958638534828	-948.6174941692434	907.0934784480561	-3115.39664433674	11.992565298062846
?	111.52289616641046	-305.41098769191103	70.6622959619195	-102.42894482797092	454.0178580269236	2361.7900652433095	1086.2613990914203	10672.512243763558	5.687332002415359
?	106.27014610778565	-2250.457923328217	70.24686094666345	-158.97115998040675	642.7853671156479	1941.3669400026993	1440.719090636232	15251.531760845686	6.347202891411957
?	-1	-2145.4029221557207	62.71373796289919	-357.7570956298892	551.0862050270582	-280.0922962619562	1848.837987133702	4884.557285681016	-1.4007897642881684
?	-1	2557.200548514841	52.35900616516905	77.77401956372869	628.7807523025501	-145.3222174211424	1684.946954920282	4745.7014914726815	-1
?	126.8600274257416	2556.9174691862154	66.60243894108561	496.5389500192018	543.8200941560011	-3145.1239188876866	2086.123061707335	1469.221357285133	8.699205328294882
?	126.84587345931033	261.0688184865942	77.18595366612905	248.64956685693815	471.52455635816636	-1462.802610550054	1758.4080227845384	-7010.390377749029	12.988721300003686
?	139.91346835007127	503.63137073076194	79.03491728393247	67.82268322036738	470.6799636284987	-287.9039653001756	1735.603542819885	87.0053923085064	11.777395274254845
?	152.02744199584833	290.5553278192024	80.57708782714741	-176.55252669431013	457.12935809315763	-1582.178663953871	1762.7582923999637	2216.7080630242012	16.89612770395034
?	154.44123474103134	-55.224476247756996	70.207290949217	-379.1440463886513	391.5710304308054	-1167.494822282385	1846.4389459710947	-510.8087036511115	9.642925926796513
?	149.2662181834605	-3108.824694820638	61.61988550771491	-364.05435407230726	398.7546169790386	1710.3864629610716	1737.2178572174082	-2071.004970054617	13.645628797248822
?	-1	-3005.3243636692205	52.0045732456017	-215.62852103967052	477.0903535788587	4844.953979902965	1742.8886974683642	1575.6029568937095	-1
?	-1	0	50.838459455731424	-22.844913107095632	641.002315974186	6467.803229771643	1815.9980050620934	2132.790719770622	-1
?	-1	0	50.86232759024692	-24.523238778284	800.4805150674397	6060.469281082141	1849.528233456895	1197.5148442431052	-1
?	-1	0	49.61229751681723	-44.1320161285863	944.0257800282919	-1442.7417124407505	1875.8737472742484	-1392.8826029642237	-1
?	-1	0	48.65572678381761	-67.02819168681226	728.3434294454024	-3898.9653759889597	1779.884103308684	-2430.770750224942	-1
?	-1	0	46.26088793247663	-93.93263066026539	749.0775112288446	4408.311957464773	1754.3352097630018	3803.556371435616	-1
?	-1	0	43.95909525080436	17.728126908598007	948.7590273186403	-1462.2750465360111	1970.061921880464	6155.697632720952	-1
?	-1	0	47.147294277906525	-15.933816189747091	675.9637589020443	-2417.660449556965	2062.1200913990483	1367.6734233068375	-1
?	-1	0	43.16240444131701	15.891341787736536	827.8760048407925	6823.347196924971	2038.4455930458057	3998.9227952929245	-1
?	-1	3918.1079434138464	47.94186136729335	651.7702849984577	1017.1311187482917	-2302.580834969657	2262.066231163694	-8270.975004905266	18.29319620095469
?	194.90539717069163	4241.402562152765	75.75091869123978	622.2474486172145	712.74696309231	-9203.327892987512	1624.896842800544	-6254.192029476975	14.348695902060694
?	211.07012810763752	430.85571328331395	79.05423379815396	-0.11915839201094557	556.9647240989177	-3842.1508779093733	1949.3566296898462	10363.202130203532	19.486525089370424
?	216.44818283485725	-731.5426090820777	75.74496077163923	-158.640746025508	520.639419196842	-3714.9818353788337	2143.0569493107187	-12697.065045373087	19.965608481334147
?	174.49299765353376	-1413.4820513277025	71.12219649687859	-71.44624950826821	371.2156323299767	-3372.506418907428	1314.503377421194	-6534.143913353447	8.616386686347763
?	145.77408026847237	-769.3928853954468	72.17264829622583	58.694689289293855	352.01409825147124	464.35539814551413	1816.3497536430475	10124.096717982266	9.350553103857868
?	136.02335338376156	-251.12765386055034	74.05693096134327	-7.040467484669104	394.4334022372523	-231.70995983720414	1820.7082133203055	30.47453950222927	10.341178135374085
?	133.2176975754449	-121.37708287720315	71.82062492199238	46.4758410016991	340.4286002596111	932.9255616374734	1817.873480618159	-1086.482966296998	15.099023925831215
?	129.95449923990142	-242.85132893371525	76.38072301142822	-166.86786732798143	441.0796803191258	1586.758287370692	1766.3840650054558	-1266.4342182169094	11.556926149702837
?	121.07513112875918	-2619.0899847980377	63.477231555593335	-231.57095148321642	419.7665146281454	383.1096001736935	1754.5517697073137	3692.674907246264	5.336437598632581
?	-1	-2441.502622575192	64.80217543726744	94.43063924074954	460.23516032781043	4449.856683893456	1951.0178103677683	6733.023497074879	1.9530868628245714
?	-1	3020.403905140663	68.1987635176308	87.88780319050406	642.2593488228174	2020.4908765506814	2091.2029445610565	-9009.25836820116	3.0417444509518137
?	150.0201952570326	3032.116446153842	69.19656559679262	162.82945074010343	561.2597041553441	-389.830693619057	1500.554891957712	-14255.843132426495	10.009317951505809
?	150.60582230769157	188.02804226837804	76.34023605463594	160.8829221369993	622.7678141418646	113.0843409824642	1378.4107879397343	-1467.2542757273966	17.472402159070803
?	159.42159737045148	139.47548130598184	77.24071170364256	-89.66289336744612	566.9139212044673	-3965.2166021494513	1427.1921781713424	1111.3690330323736	13.872807965205121
?	157.57959637299064	-401.9938829725564	71.85709138626365	-88.2817603456684	424.50698403439276	-2667.5213278114898	1433.9792395913528	2375.865117647913	11.404214912596503
?	139.32190322182373	-655.8769401567665	72.82662368635916	101.08228307319258	433.5378548138933	2277.2423526859634	1545.9854340537377	-7459.197770277828	9.592193069354131
?	124.78574936515243	-436.4880187613177	76.91120553992326	-75.164879603671	538.3691016686905	4412.099113843494	1061.0193510774627	1780.7046853554557	12.360822407153595
?	117.49750228375792	14.844912850366025	69.06837970617562	-36.763472601839865	654.1428105060672	4082.8736508447637	1635.0206683215101	152.37562177844265	4.73430927874325
?	125.52799500767073	120.26673049192866	75.07303190983127	117.74759753463526	742.512784210928	-551.7366543447107	1068.6381321663848	-11175.610664953063	11.785284605655045
?	123.51083880835434	-26.224690038641064	74.95575958290736	-308.0748197483903	626.5559777888318	-2337.219664573876	1076.240135073859	754.1718665379522	12.320713666709135
?	124.21676050573868	-2490.2167761670958	59.66929092241181	-458.9335199933635	625.6518009822346	265.4747852141996	1106.3467254932823	1280.1188570390423	-1
?	-1	384.2059416645693	52.00908358323927	-157.6740601899371	639.8297170495417	-97.03162170227677	1140.2460779258108	3009.061940866397	-1
?	143.42705758896707	2690.420291915859	51.785587912914984	325.10722439158843	620.8002198971208	-6535.684597432429	1256.7998225366016	8961.998342636449	-1
?	133.52101459579245	-283.10783822069754	68.26444480281863	439.52635714328153	313.0454871779215	-3636.965031380761	1588.3459950576316	71.40986110426664	11.09919258546343
?	129.27166567793225	-385.8420996807282	73.76190577007898	-0.31674932154942437	438.95196832808335	3416.3310026421127	1260.370315591815	16844.81846272058	13.447426129023995
?	114.22890961175611	-201.39086782496847	68.24860733674116	-153.69852568779461	483.8620373100265	392.12644792087104	2430.5869181936578	24711.42328797073	9.153306753465762
?	119.20212228668386	230.23227575953027	66.07697948568928	124.01931428792027	458.55829072412683	-246.80151572695056	2495.941479990347	1130.4409958074343	13.427644334211571
?	125.74052339973258	31.61263472105685	74.44957305113715	-46.703714682818166	471.521961523679	803.8303080885709	2487.1089679840293	-702.9315763469756	16.261710110475697
?	120.7827540227367	-2534.8104679946605	63.74179375154838	-424.0840424448508	498.74980612855524	13.330090339197843	2460.7949011729984	-6504.6539413790515	11.916369574505088
?	-1	555.3968055924858	53.24537092889469	161.52845767202976	472.1884660406389	906.7492569839553	2161.876270915078	-24174.037207049787	-1
?	148.5525943023609	3038.716164916448	71.81821663514984	468.4677104916215	544.0872689777528	3674.2951073793547	1252.0930408205134	-21364.44819539982	4.343181790789259
?	150.93580824582187	-93.03216386692871	76.66875645347568	66.34471224438836	655.903221409606	1654.6364116064242	1093.6538611450908	-1540.0943204783207	16.565801858919503
?	143.90098610901447	-394.60024906169593	75.13545224736924	-136.74539977193368	626.8190895580738	-2433.132419669966	1175.0883247965976	-293.6498389664722	10.763064673731405
?	131.20579579273715	-2898.0197221802996	69.83148646487902	-347.2227847102435	534.2466004261081	310.04689577931566	1078.9713691967672	311.39602874249357	9.22930183773587
?	-1	-264.6381845902671	57.77431301185713	-75.17336896489012	642.3214343470395	974.8650049994956	1190.6581262337222	13639.637065855972	-1
?	117.97388656322384	2268.4462677589754	66.07281801663453	274.2867749374319	582.9898506760827	-3378.01205284599	1760.9532224895634	-9863.047892382534	5.341989981070757
?	112.42231338794836	-221.00410335044182	71.48865175872868	-185.89421076279615	473.4208317047406	2715.389685830042	697.5057316145973	11495.926531275421	15.863864760338904
?	106.92368139570179	-2268.4462677589754	56.77810747849475	-324.33383576961177	718.7593349675843	6697.0530152341435	2335.7495490533324	22161.61779808513	-1
?	-1	-121.92643840355444	55.27195997024815	-24.288385360637022	808.2734824664466	7055.338888114552	1805.5866215188498	-4907.612913615284	-1
?	100.82735947552409	2504.6368186903333	55.56368821046291	221.05915999970244	1071.5262793733107	-171.0733763106356	2090.368903372569	-4617.678659255014	-1
?	124.23184093451623	608.6363667368178	66.32491797023323	339.3134782155436	799.7198136509148	-6908.586801481423	1574.7026885561	-18351.080255957328	11.011994012011188
?	131.25917781236487	295.92869618609444	72.52936212124003	31.232635957198166	726.0969392992407	-2728.9757783103487	1172.814890574706	-6250.082521801077	13.03287348593408
?	139.0282757438209	-2645.1835562473066	67.88654976809313	-364.45620644986406	663.2710247353979	-1257.725703550907	1262.1985624660472	2531.3675714610463	5.905180519425765
?	-1	-2800.565514876428	54.30655179874689	-328.6835782513832	663.2106541216956	955.1796252785937	1299.3832691477578	2517.1941429186745	-1
?	-1	2193.616767914641	51.45237085552403	267.7689263739682	711.0300059993274	157.41499165974176	1388.0582696119804	3069.519368362391	-1
?	108.68083839573167	2077.5293091427134	67.69499811744525	184.90337736861898	671.0814037046827	-2921.039468697924	1452.8592375658768	1417.0564846835446	2.7325796116670142
?	102.87646545713531	-64.60823997917197	60.69753972395495	-69.18139812566263	564.9780325644317	-4220.580380524917	1458.9110938461574	6640.027552871125	5.05473281697023
?	105.45042639677308	33.16021496590151	64.23592821116213	6.2475196505160335	460.05238467843753	-2865.952938350888	1784.860615209432	10371.887396870161	10.661329612773486
?	104.53447620543038	-2129.0085279354694	61.00991570648075	-207.53290566144375	421.6803856468878	1928.1849732104774	1977.5054636896637	3028.700807777038	9.423064795157664
?	-1	-2110.689524108615	53.85928292808998	-178.0394188389136	556.4616333389611	4041.6964526288843	1936.2956555982832	-232.548663344738	-1
?	-1	0	52.1079447645351	-13.302872812205115	623.7652082783313	8713.828562984581	1965.8780305224268	982.6472237056113	-1
?	-1	0	53.19413928747973	-55.03761160723391	992.1530614881885	10135.095120950231	1985.4280167835636	5859.131131760271	-1
?	-1	0	49.35606418417341	-154.88997778274947	1130.519964325841	2105.1971817669146	2258.8345871104393	3567.446939743935	-1
?	-1	4318.672992956353	45.44964039834228	422.6034985770931	1097.412920576534	-4572.3359569371705	2163.8003637707598	-527.634900574023	-1
?	214.93364964781685	4398.409665039291	70.48623911302799	683.8084238774586	901.9031664789834	-9638.358658404752	2232.4528420817383	103.61355288619089	13.369970387092266
?	218.9204832519638	-122.2663696502592	79.64006159221509	23.398415967255428	615.494987656298	-8503.645805339891	2168.9810414150693	-2826.3120450703545	22.42819202405484
?	208.8203311653039	-134.77954116745698	71.65615991139076	-461.7711908069331	476.72087621199034	-1090.3867591518285	2091.137239828221	-7223.49418018576	20.54051726366145
?	212.18150619359096	-4196.406623306093	56.55150205186852	-407.36088421409295	560.9756496987068	1730.4819600120384	1807.8063324057825	911.2364842800284	-1
?	-1	-4263.630123871834	51.288115700686184	-213.97113935116116	563.244974212592	-445.6946708508001	2136.6990640422223	4903.7796263443115	-1
?	-1	0	45.8529450843105	-125.95831391426601	538.6909161561669	1576.7233178526396	2052.9953137229973	-2501.5425449843633	-1
?	-1	2341.6520624209925	44.990200004972905	232.7065100647776	642.0811401052237	-1929.5602075101021	2011.6219367930046	-270.82547366892055	-1
?	116.08260312104922	2211.144662826989	57.48827058754934	476.7788132404132	442.2129057806621	-5415.9308541710625	2039.4540400395513	-2167.1589181590057	14.481081440847674
?	109.55723314134906	-121.68313812900251	68.82914066699348	125.40428319453697	371.2845973966715	-793.7612248644183	1903.2639908850547	456.3823574173983	16.321756390322435
?	109.99844621459911	236.14222477748314	63.758484747276164	100.45619324927607	402.5248445374413	3370.163771485017	2062.273157910421	-7928.157077830011	11.526669448767672
?	121.36434438022317	96.729928793574	73.85195032945727	67.85122133788842	539.7927859709217	2774.226138253243	1506.8561369935555	-5168.632428032488	10.63242160194083
?	114.8349426542778	-2447.286887604472	67.15104581417057	-194.30255769732537	541.236151450103	4338.977141668913	1803.8415365087976	15339.131275689533	4.05285677556222
?	-1	136.4328408454056	64.13682244459103	-134.44389613388287	756.7416430543666	-289.91516295599797	2273.8127007780295	8569.180937132936	0.9367682711007032
?	121.65658469654805	2227.0540995244023	60.42885100747645	58.567094036711104	526.7403933023031	-7077.33243054516	2232.300583365443	-10024.230508384708	10.23864565224612
?	110.35270497621971	-298.2625364085521	67.06517714642658	46.02889881547585	402.8750215271099	353.8512710007684	1772.601175358796	-14910.402052538342	9.818245470410256
?	106.7434578761205	48.36243963644523	62.73029594825024	79.2883898563963	544.4329568523415	2169.837484491929	1486.7804807385285	-10742.55685359509	8.519638003456398
?	112.77082695804197	364.0964936276045	71.02959663924638	267.6304806648752	511.36689575170595	345.3851540698032	1235.4733326790433	-5850.790505641883	9.849601342275317
?	124.94828255750066	450.0808799850181	76.11181998149395	93.67661390447812	561.7022145558316	926.4215829360522	1194.2409554564354	-901.0445887015962	15.423827324796562
?	135.2748709572928	359.7293708560009	75.71342733447027	-73.74704496333945	557.6879748985084	-1149.3574670231676	1190.4211032439637	-1848.4606865420049	11.709154600788775
?	142.93475110030064	62.582075443546266	72.42446773332699	-332.2130575698357	504.2343412046734	1433.1854922147277	1101.8179211293354	568.8741549943709	12.220885644791156
?	138.4039747294701	-2878.695022006023	59.10277445597854	-389.6537976653816	629.3472495092445	2637.1886903288523	1218.864810993682	12532.91381836081	-1
?	-1	-2788.0794945894118	52.94177785005798	-52.09758726363053	636.0937757211156	1344.9650990954117	1728.4636120473738	27678.128142062622	-1
?	-1	0	56.49789509279702	229.93833711340028	696.5955044640149	4734.486259357171	2602.7712180968083	27822.759732717823	-1
?	-1	0	64.43869470572795	154.82829133658325	872.8180886889733	11072.601652721029	3119.60159868326	5578.114083213979	2.9724891635167836
?	-1	2549.3640309800103	64.23930965962616	98.72997684309986	1250.2255871000643	-6241.851532298973	2881.6769222575062	-21323.243937238844	3.312420422026368
?	126.46820154900006	2299.513829646202	69.37519354788293	-103.47353777085112	560.7255120740257	-17716.99748319603	2053.4394018213216	-19311.89398760421	9.067309507631844
?	113.97569148230968	-2549.3640309800103	59.06563277108362	-365.42391586886356	364.37571294026594	6.585880581183142	1916.0822228772993	2436.3730341448986	8.18187800680954
?	-1	204.5174803092998	51.10399775443982	33.12830610460336	561.0548061030848	4391.122075268882	2175.258053528566	12736.669427686706	-1
?	124.20156549777464	2384.1738129228825	60.72204807631378	467.4925913552442	583.9318167037093	-2986.1255984419167	2552.9156942616323	-8182.989904409421	3.90482721781535
?	118.20869064614371	-398.2968876408026	74.47862732220195	70.03055996303513	411.74852618098953	-3840.3373172678744	1766.1085583080965	-15579.381860220738	7.771479267168364
?	104.28672111573458	-208.0747550705671	64.22357607446553	-408.4583277860698	391.91495084031624	-24.756475644219424	1773.9466012505982	-295.8053501804453	2.7401206512841263
?	107.80495289261539	-2105.7344223146993	54.05571093289853	-151.89833906572642	410.51070239877856	2122.1384506911654	1751.3182907990742	2800.9410416058163	-1
?	-1	66.71662322241896	56.62865912117923	362.46367768213815	498.02187337487413	2227.506039677015	1913.9936533308885	-2314.2618708537693	-1
?	111.14078405373633	2083.0598154115023	72.17889481700537	248.13732920421248	521.8860043826289	1609.3690827313148	1635.6051972563862	-16672.62992137645	6.660649655031807
?	103.1529907705766	-257.933464426416	69.03552558139003	-115.70073062642314	578.490327511441	-52.20995929616191	1080.362157262054	-16177.420115736493	10.860496242478122
?	98.24411083241535	5627.913384645665	66.39385828568413	-127.46874334744324	519.2755064178208	-2780.8886340127415	826.7341914695501	12506.25160282098	10.435738457908673
?	384.54866000286387	8650.525470623372	62.66208841401778	-101.80096803180189	439.44589581080197	262.39404589686126	1705.674737403112	20854.79374953117	-1
?	530.7703843635901	-7710.973200057168	61.303809884093965	-104.52788510360271	532.395208712664	2367.9305935417533	1869.4738789461235	-2076.3505939036418	-1
?	-1	-8949.046906841382	57.43569415883757	-106.23652569317562	557.8424254878913	1316.3890185624014	1601.8572077079284	-4598.5650923591975	-1
?	83.31803902151466	0	55.99198359943511	-135.82107333448724	598.214659640785	3266.9953371721513	1639.5456243281603	4307.298003616182	-1
?	-1	-1686.3607804302694	50.64464049211311	-119.10674748195648	721.1921923465012	16871.134804402984	1817.2221078887405	19254.132694229207	-1
?	-1	10029.247261695573	50.0366462253372	12.771779708280594	1441.7713998609463	24982.577249960414	2602.2522590396343	9533.570136538185	-1
?	500.46236308478575	10395.256907200515	51.28322947752715	94.64977322195502	1970.3210548445397	1334.3542920054817	2293.9006147156565	608.3056860555648	-1
?	518.7628453600331	-10029.247261695573	54.76913488643502	-33.050200390673254	1508.4891144612213	-11620.377681674503	2632.667543342413	3332.544989257156	-1
?	-1	-10395.256907200515	49.630719457993465	-37.52200925728378	1389.3021707608063	-12521.533625243477	2460.5278641785167	-8975.693374840494	-1
?	-1	0	52.8930344235708	-61.40887727111275	882.4124331990386	-11154.993434117241	2183.882874600382	-10111.870456786111	-1
?	-1	0	46.56027559443778	-81.80959554879007	831.5524990549363	1509.7976710877097	1954.934341339204	-109.11399710040159	-1
?	-1	0	48.80255464613124	-26.10290133947848	957.9023167534251	762.7659014957095	2178.4271747453618	3031.6267266339787	-1
?	-1	5145.279976781529	45.25513052746384	42.85474785219928	869.6907941297224	-7125.489343273935	2106.515677670905	-6954.12916173295	-1
?	256.2639988390801	4916.103042261166	50.945292038741236	368.85891121720636	601.6278495897233	-8029.887558288279	1830.7207166587093	-7423.811387051873	-1
?	244.80515211306178	-219.9340177341108	63.69807608832442	113.84345951382892	468.1964162153027	-2494.571205575262	1735.325108318306	-769.1850205604651	12.136542571835983
?	245.2672979523744	-4916.103042261166	56.63746501443276	-227.91095610885083	476.8992893109584	418.77457563166644	1792.2614656306855	1821.187649294076	-1
?	-1	-4925.345959047419	52.30252828288172	-18.118894700928394	489.1351449968863	126.187225945336	1826.3844907830112	-5917.67554800111	-1
?	-1	5641.425849531923	55.73152027938633	191.65294298241943	483.2086506082253	-1007.3364291866817	1496.3776882306258	-12570.609829359199	-1
?	281.07129247660015	5403.202425237715	61.885175432002825	89.67807866772887	438.7683235375515	-2996.685923518335	1197.8539993150423	-10705.10046092628	11.979842841933392
?	269.16012126188957	-331.45338727199356	60.21542421277284	-197.92554240249092	333.3743544323064	4972.224358143258	961.1226651843042	20180.560026860294	-1
?	264.49862311300024	9.851653267495381	51.98889831187814	81.81682696462485	687.3795414447179	797.8994490664559	2206.8820006580713	6668.655851254367	-1
?	269.65270392526435	147.77760347605766	64.30626556100414	356.1253773276299	373.26932688562977	-7943.854190428479	1294.5554577470273	-12050.020566757563	15.389924341506523
?	271.8875032868032	-30.095777162030828	69.79516717825989	-6.032195756804611	290.1868319232883	-558.8071403862648	1604.3809723201846	10866.87587605321	22.32470211441106
?	268.1479150671628	-297.7725074678293	64.0046557731639	-185.09842113390184	345.32896986631613	3434.294484842517	1837.8992515496955	7176.7126471901365	19.629965114906412
?	256.99887791341155	-187.21537791631437	60.540246121564664	-44.2622502357137	461.9015561654166	-628.6227025286042	1963.2166046796965	3601.2788855973427	13.230907138314416
?	258.78714617134693	27.911247375614778	61.79154326137819	-65.2594080411999	313.89783473988547	-2282.077738160056	2017.9631958295652	-2215.776518327139	-1
?	258.3944402821923	-5195.742923426865	57.27727571950462	-121.13978511367789	347.79766925741217	16565.822664728566	1852.427778763338	12921.831055663146	-1
?	-1	973.3763110378627	55.73455400569421	163.40261483905672	1142.1889679763256	8830.360559458524	2664.0547486127316	-1670.3277457425784	-1
?	307.06325583408614	5893.091781079161	65.44740646145758	296.1093831245498	789.3156972303447	-12173.192674229998	1768.9113914762079	-34119.554080764756	11.293291802793567
?	293.65458905396224	-617.9961141839423	70.54002316192191	51.178110565914906	533.529334264817	-5477.4370809703205	958.0770445744697	-16441.06196242884	18.647707033582343
?	276.1634501248886	-624.2097826670456	68.00631198975336	-159.87643713343402	515.4438431818247	-82.82945540459305	946.8582933547541	5020.704241806513	11.679058746666602
?	262.4440999206095	-1353.7119798243868	62.546201305250094	-182.15716617596297	529.3878614945872	154.53738311357492	1209.112256664799	1184.2141430517509	-1
?	208.47785113366828	-1213.396266843923	58.89845368095508	-132.42989816343976	523.1707123375036	1727.1261374066084	1006.0690005073425	9498.445976137733	-1
?	201.7742865784125	-4189.557022673306	55.92470639707801	-144.0997677100395	615.7441683649189	1864.2773260852853	1684.0345554716923	15619.18908634645	-1
?	-1	-4055.4857315681925	51.693465295453	-65.10515408087208	616.3845786417692	4692.33698818916	1787.0284548246761	8278.953919341202	-1
?	-1	4442.314504114787	52.66944869303436	277.694335472893	850.3610177743802	272.1864490121045	2097.9822514387583	-6960.112929776661	-1
?	221.11572520574254	4454.265607498838	65.57818206909785	243.75861202608812	629.9939010923746	-3941.1973594563106	1439.0228083358381	-12228.941925789448	7.428356302259309
?	221.71328037494507	1026.7040364578738	64.85737929433894	2.416007574777234	653.3011498015619	293.362762946263	1486.5351551492772	6005.0572505211185	8.987825618664667
?	272.45092702863695	1639.7878401481762	65.69898244783671	-66.93049724833689	644.6620392396879	-237.97821286216166	1739.2756708618983	8532.539902242093	4.146539619124308
?	303.70267238235505	-5469.018540572662	61.51085443192205	-152.58439392537238	641.4022391584537	2417.64464739801	1913.162150261388	19446.358527406785	-1
?	-1	-6094.053447647015	58.069762751567986	-67.96239751127263	765.5442716095902	4966.211463522668	2711.5935972322513	17810.51440274104	-1
?	-1	5523.622670793968	58.11273455635837	-44.488822661733074	889.7128123345906	-2275.890555349658	2803.6878703984526	1086.7906834120122	-1
?	275.18113353970233	4913.149940120043	55.8453216184813	200.30808209205915	651.7497438421057	-9407.460573291126	2765.9331314028527	-4646.263719424403	-1
?	244.65749700600563	-1074.3992525018878	68.12813866096147	220.8913782433227	419.3397836700276	-5522.091457532914	2571.374684427229	-19938.39877570923	13.317857441651734
?	221.46117091460718	-515.1271344867582	66.88989053064759	-203.76277307126566	375.64517096545603	792.3041557914349	1769.0131926173772	-11032.565124433833	15.456153160009562
?	218.90114028166735	-4449.22341829208	57.94000000739804	-158.48220537874641	458.9549914595999	21149.060203129902	2019.7464282055296	22852.228333939285	-1
?	-1	-17.43598243276697	58.96578026171016	147.19488925021625	1433.098181121966	6368.964017884318	2911.6246093143577	5760.297948904695	-1
?	218.029341160029	4219.251478632047	65.29974446990896	207.3980026711573	777.4031923538204	-20434.843987370816	2307.7613256507684	-13692.071893590115	6.666509155728129
?	209.96257393160536	-265.95908641642006	69.33568039526817	156.57782370718854	411.3559817534107	-7346.734134602311	2227.0210146348422	-10485.086097278965	15.723425566449233
?	204.7313868392078	-165.334286092015	73.1286356552685	0.37822465916689824	410.0664856236996	-258.9074960137131	1783.5070207868127	-8411.071943589912	23.577475777866116
?	201.6958596270045	-190.92015616305687	69.35459162822652	-298.6054799200747	398.41060695272483	-694.0588089117401	1806.4674174553406	-3275.3000332883394	19.55249258797098
?	195.18537903105482	295.0321547023825	58.19836165926455	-100.18655591639231	375.3635451781121	-2015.1362868149656	1619.7420191223935	-2905.084874117451	-1
?	216.44746736212383	1300.0121604055764	64.34526383240683	283.5483635461787	297.6537926119751	1790.4192426515222	1661.213173749466	-8988.665403428659	13.335305533205934
?	260.18598705133456	1420.2048505953812	72.37577983657369	128.70193747262607	464.88450731068946	1972.2583290249468	1170.3087489509542	-12627.498052509662	15.715870650692873
?	287.4577098918939	451.4580484541095	70.78036070603822	-280.80665354981676	396.26670906322386	-271.9372783302306	1029.838271123974	-1613.7544140514499	16.810983262421363
?	282.75888947404036	-61.180202406493706	58.33544715908265	-367.64376040181395	451.28764339417773	2647.552473693407	1089.6210282483805	10917.388919650997	-1
?	284.39869977156917	-353.68438327433023	52.398172685947266	-113.50665146129126	528.6443327478961	1870.9894930302364	1575.7077171065316	10727.632435263247	-1
?	265.0746703103236	-657.8344051343672	52.660114586018004	394.34032002015095	544.8371180456909	-2867.125191719574	1626.0026500115505	-15583.281851279113	-1
?	251.50697951485034	-663.104394774464	72.1151886869551	396.92747793361053	385.28807316191535	-1912.7785315409335	796.5436245425649	-14444.361153635587	16.29447658730721
?	231.91945057159992	-443.8794961287021	72.50648848269881	-78.56649489338908	449.19819146864285	898.2708281829296	903.7845923297608	11670.09842807898	18.99454108842342
?	229.31300470841492	172.69485495802581	68.18686394228558	-59.21153509916083	430.20161457106246	-2343.8561621532344	1380.0485459465222	5059.596648878808	16.73166207196962
?	240.55419331950134	955.4228856671484	69.54591172774073	197.22398935406974	332.00538336097947	-2771.194537130946	1156.7644247737048	-10159.862167364887	17.511923883132585
?	277.084148991773	1335.0480402387227	78.04806340998921	170.51620471617937	291.6418877145132	-240.02417425595922	872.0554375782706	-3624.776643121048	22.033778951711497
?	307.3065953314384	584.9894901497142	78.07172196354982	-126.86098641014912	320.00417464818133	1698.108298736631	975.5255926176499	12730.120717251353	19.901830360487324
?	306.33362349925915	-309.6341047526757	71.70501408948167	-302.26708057163074	376.54730265134594	6977.745333435783	1508.5614734408473	22565.587190983926	15.298470748028132
?	291.8248900938044	-6146.672469985096	62.95836793496807	-214.88738631003608	668.8914413199755	4646.202520006204	2103.804952166862	10329.44493962986	6.6568662550919555
?	-1	-848.1182479870357	60.96064477397971	234.3416855907254	608.8574286516595	-3152.285500719261	2025.0337204223476	-6997.290071634685	-1
?	249.41897769445202	3559.343737483714	74.6754522145045	151.9265982967995	511.27716628401015	-1268.444909004327	1753.940448585123	-4580.020027578769	6.665980505547917
?	176.96718687418823	-2469.82050563349	68.55697468881979	-194.90995016777882	545.4351832014422	-564.7316918935643	1796.032719043406	1081.4789631099238	3.159289833185282
?	125.92795241277577	-3559.343737483714	64.92995470611542	-141.26046892690778	483.04058168933153	1290.4075228716986	1808.01439674062	898.2830775279454	6.409193832988099
?	-1	2271.020022171061	61.4939512424743	-17.739579079273003	609.9555593450281	3555.7526928592806	1840.9468729198038	-1974.8015219046367	-1
?	239.47895352133042	4559.77651130602	64.04297575215176	194.62407731897423	660.8282163322981	1183.263622599242	1709.2743206453868	-9236.487826792054	6.52478268333695
?	226.98882556530427	-445.6481632937112	71.22515510842315	80.57500463568827	669.118740474991	-606.1649519419079	1379.1224815801945	-6946.723884841655	18.56159860491404
?	217.19654535664455	-262.9213395224374	68.07172598393623	-97.05890623351597	630.5199687352023	-1377.3479910623755	1361.938126403299	3608.832346363741	13.798360750674004
?	213.8427585891822	-1.8595637193533057	66.37220979674729	-152.01744056053653	600.2513409218713	-1233.3074622757665	1559.5640988983841	4483.94658042057	17.263970703319778
?	217.10356717067688	64.57915796672317	60.4708539559093	-245.39979048515767	568.8545956214131	1033.4616462458905	1586.1354554243308	3987.986053960956	-1
?	217.07171648751842	-4362.071343413476	54.10222027248923	-180.1639871126318	651.9244232341665	2378.301490342165	1758.9634015964348	6840.833030007605	-1
?	-1	-4361.4343297503065	51.46265460027758	-22.350746222855204	687.769670138523	212.30601624447826	1928.1771069247159	3169.4145960257724	-1
?	-1	0	52.98468296134645	12.60713935165352	662.5397240463906	33.179102919627425	1917.4341313977257	1768.3874063118376	-1
?	-1	0	52.093011567860266	5.261473776574018	689.4286252845044	6122.567416806363	2016.596477240309	4788.598975678165	-1
?	-1	0	53.247756650175155	-12.079990082200394	968.6680948867131	2307.553588361185	2156.8640801816373	-173.14433049115658	-1
?	-1	0	51.48901206375024	32.98625503333933	804.8063047025653	3630.4563977295616	2007.939260715751	2641.666610198907	-1
?	-1	4851.428097117114	54.897069401842145	307.5543165371626	1150.1909147731938	-3682.637139037688	2288.9474106915845	-3857.83216292953	-1
?	241.57140485585913	4558.512748489322	66.86672789060859	440.9236890973142	620.6744477506783	-9740.968118158988	1815.0476525692718	-14168.404014302458	5.540296899266982
?	226.92563742446933	-517.3477725659797	76.94325385670817	20.27756937755583	663.1425088652375	-447.303634680939	1580.5272099764516	-4348.638568706921	15.286833634839013
?	215.70401622755978	190.12442402172	67.88060635948639	-149.90988581172346	598.309266016631	-4443.481469957276	1597.6157241339226	2709.8841273285348	5.921087179943023
?	236.43185862555546	1307.1198952214118	69.44775956612189	192.1393198725711	440.9684353673705	-5641.722727424511	1716.0214163428802	16169.71568517147	11.202974937105436
?	281.0600109886313	1059.2540512416135	77.48757235311508	24.83684565085831	316.22312964540146	-1956.3590943102174	2406.1015083925076	10281.227606681872	16.221670762139343
?	289.3945611876369	175.47262441054477	70.68960184866482	-326.60385883475146	343.15048065185823	741.0732408537532	2230.082796676981	-9177.991582234623	13.788400418590559
?	289.83364220915865	-451.8978572232531	61.15737941137728	-312.3283292448782	353.27679168808965	4157.912876868296	1947.20192928077	-6793.453879400085	-1
?	266.7996683264739	-887.7363320354418	55.07318538642069	176.4195936481105	551.046124495276	-360.994202725214	1890.410102706972	-2321.514267175206	-1
?	245.44682560738593	-438.1542073579931	69.97835909378293	342.5683042415161	335.2270815518287	-2222.129286561881	1831.126215922008	-2395.7995757588446	11.515511621692838
?	244.89195795857395	172.34541013715483	72.20160059849674	-188.38668191538235	439.93966016718036	3711.954904262005	1770.6201239190282	143.98423689235437	13.436836506519446
?	254.0640961142438	-110.60378725871784	60.559024998013676	4.0761103973459845	520.8248267649316	3007.140841432395	1838.3254277666258	-1241.5504771846422	8.637023631228038
?	239.36176859563798	-659.3847547819522	72.40540611836404	195.4122271044357	590.2967022388023	1138.8393552531122	1708.5426000597952	-5429.388589464538	8.706673056743504
?	221.09485837514572	-662.0268540571205	70.3296363532356	-173.65543412807463	577.766794527588	-1911.6836477929828	1566.855998293395	-1454.589830022139	13.005030974106507
?	206.26042589278148	309.10651446214007	63.722634411960186	-45.92856362921444	494.71251984915176	-6171.196095348388	1635.8131085586872	6007.187965943818	-1
?	236.55018409825294	1487.702121851442	68.03320817177485	169.305031909294	269.2069897601642	-3747.948130100264	1867.2153965905902	12466.191884347736	12.77180322340781
?	280.64553198535464	912.0821009679464	72.187886007425	-133.07058757528844	307.3151133441359	9735.70896787308	2259.122702776083	8224.414491094063	12.749780651980108
?	282.1542891466509	-5632.910639707013	61.37967879301033	-403.18463752179633	755.9924381538252	2389.0805074684818	2278.4361211452992	-8659.54910147485	-1
?	-1	539.1660854043065	52.0286541313349	108.146804642483	426.7691387175617	-4165.501131886663	1826.1452477023342	-11693.956670254409	-1
?	309.1125934168666	5771.7225157114035	66.78701902513456	423.94065040085644	547.7173815594891	5307.044783818666	1693.7382876325705	-4706.199331667918	4.679443408747144
?	287.58612578557427	-668.6967024751455	73.22568665137803	88.24282630612305	692.1213779084987	2681.3895510728053	1590.835281118935	-1409.7366813500212	13.751915660098158
?	275.67775829310887	-92.41412096377059	71.19916034044077	-8.431011638167428	681.7868591131313	-583.107065826492	1623.2514535650685	3990.2968597846643	13.410261428943164
?	282.9654197373857	486.94558466854335	72.80413606946965	7.656157807526432	662.9660246171737	-1754.7418417493236	1790.350124108171	5319.50863546351	18.5015179048957
?	300.0250375265364	271.1275902661391	71.5819682308171	-224.3242170925435	594.0497670256639	-494.1783774687517	1889.2268853382477	2224.1426886695854	13.118544952353966
?	296.5217992506928	193.90413332963314	61.587925214842315	-74.34418862826001	638.2571057437358	-2291.7375825481627	1901.557258541652	1772.8725971746846	3.807317576193736
?	309.7202441930182	-255.31695198956163	67.86475879940404	253.55868434478234	479.4628878982541	-3770.2796935502874	1977.8705151969832	6854.5191588383095	8.748857112367844
?	283.75595165121456	-1158.2584292390727	74.26585943208161	173.06380674059974	449.74312106621875	-3314.7076267008724	2244.2832164835722	-3911.7575640537134	15.268282271203386
?	251.80732273106372	-791.945924895959	76.51794913643415	-22.016385421693457	313.7275065632081	271.7038857355244	1782.2826369942948	-4174.967159112957	10.47615257724072
?	244.15865540641605	-245.28056412282402	73.16504016099692	-166.72756670344987	463.32831535299516	2321.3382484975555	2035.5348585279214	2908.998177724224	6.363306159016533
?	239.54329452492235	2024.0505601453108	68.18157080126154	-268.67411957045334	429.79441898808756	-407.8682983951534	1927.732545880508	-5056.434529713343	10.195114086647667
?	345.361183413683	-4810.865890498379	59.731334182474065	-150.96934938000828	442.9349004332372	5805.35572174131	1782.7131320422507	3824.8912080646824	-1
?	-1	-1312.3667501786003	60.63310333226102	157.68449046767887	720.0622050751572	4050.306416978614	2118.977106283745	1622.5095481150172	-1
?	279.7428459047521	5443.974182867815	67.61555870585812	198.7931327096341	645.4502212821708	1372.73269616879	1863.8386094480027	-13320.93743326622	8.457331770535665
?	271.19870914339464	59.58248921879687	70.57275996774287	17.717160856443602	788.6988398835977	-2019.0030572720352	1452.9302346204245	-8946.213392045262	15.957512623108466
?	282.72197036569196	39.42027405031525	68.50141674868031	-267.4509811783361	544.5000684185676	701.1578991205934	1416.5279398457333	-82.06970430189696	17.14083002495957
?	273.1697228459104	-5674.439407313758	57.20021090882587	-356.11226441830854	823.7567348396278	2185.4291588603596	1448.8267494053296	4558.050442641137	-1
?	-1	-5483.39445691813	50.69580352776463	-158.64509425665435	653.7715263615871	1292.4011521415239	1644.4304619777934	7653.7846408617315	-1
?	-1	0	49.267956195993044	-115.66443724775132	888.3767924467049	2473.5805654096102	1831.5159814484216	1382.5137389274628	-1
?	-1	0	44.91258166537698	-145.15012901581377	777.4505546320694	-3705.551790077804	1713.5561489241675	-2289.89018717224	-1
?	-1	0	42.01044974520225	-15.744800992907162	703.0992029428121	7674.113743835053	1717.021472089808	8734.179789717053	-1
?	-1	0	44.125341615731614	12.398415852125988	1161.1562418238275	3748.984899283852	2150.2651384100263	8684.460556716344	-1
?	-1	0	42.63037053780856	-9.504463874108787	890.5484479070074	-1931.954803448675	2151.2444999256313	-102.95158070539254	-1
?	-1	0	43.65011842202617	41.74110718629604	1064.5585016513924	-269.32738933210504	2145.1175593747566	-3030.3682419809616	-1
?	-1	0	44.71742589712339	79.91465838287738	877.0820784404019	3324.8195539275484	1999.726087826581	959.0364277496747	-1
?	-1	0	47.64585134117009	178.7995714002928	1230.7994793477721	6338.539600494326	2193.069380762241	7254.391605951457	-1
?	-1	0	53.65740446713816	46.52869893616133	1194.0090584651227	-6552.174660703231	2362.445668124159	-2715.6387046012856	-1
?	-1	0	49.97228628797819	-128.1229818858556	903.1907463126059	-2438.841996496346	2057.287445532175	-7197.950675048076	-1
?	-1	0	47.251255372845286	1.5329009205542614	1072.0669586403037	3433.304540498142	2002.5481343717502	566.7558902869688	-1
?	-1	0	50.04893133400591	100.22010533983078	1074.8559733375155	-4366.11829983972	2085.6252400465237	1714.6627091762214	-1
?	-1	0	52.262260639836896	9.141154647137325	853.7610436483146	4503.313600330471	2088.2812698305625	6416.445767787136	-1
?	-1	0	50.50598906636278	-75.92794831701332	1300.0216533540422	6456.871416913249	2406.447528435885	2832.4250000900297	-1
?	-1	0	48.465863223986176	40.41575380222809	1176.6046144939817	3504.9296127640537	2229.902519835066	59.392328536922896	-1
?	-1	0	52.52677675647421	90.55073607321545	1475.2681339922474	4069.5297356233336	2409.417144862731	1289.8366406942657	-1
?	-1	0	52.99340002764701	-25.7718249442319	1380.0811012751512	-5115.7705533383205	2294.39435186978	-3270.2450283896533	-1
?	-1	5381.943345500669	51.2381855092626	60.20412032283673	1219.4796063253277	-18454.63724848616	2245.9048934432462	-2734.132077366619	-1
?	268.0971672750373	5213.856312005801	56.00360604378889	203.32242556092177	457.34923885083	-14462.011631670388	2157.6877480014473	-9209.322495246375	-1
?	259.6928156002937	-5381.943345500669	61.40430678730883	33.99215979624324	496.37902474179805	3924.562509688442	1785.438768680921	-513.9561853839241	12.058709176467339
?	-1	14.12229636033524	57.70321403360108	-150.07396546251798	653.5773643352549	1310.8975616559514	2131.9899387322507	2216.1128930406817	-1
?	260.3989304183105	4906.650334000854	53.90060851418283	171.0266020652139	561.9239028245966	-6836.013060911908	1896.2444133329566	-13196.973023656068	-1
?	244.3325167000462	-300.9344607580388	66.2545441368619	321.5259955854482	311.7767112896546	-3428.9696073964924	1472.141287549438	-9583.163883094103	14.238886336298588
?	245.35220738040834	-270.00862642580285	69.97690829345547	105.56544787011907	390.4754224547695	4841.124969671927	1417.0862191782446	-5627.289415311504	13.72093972379418
?	230.83208537875586	-438.5800502610965	71.53281653036792	-122.45682133170331	553.8329597732544	2669.3630183184823	1190.7768167838587	4677.462494714152	9.555540692660967
?	223.4232048673532	-1719.7770828807354	63.854067226870214	-91.03468566733297	523.9435733706955	-2316.8703579096564	1650.9593439139555	18758.482357272496	-1
?	144.84323123471788	-1802.3779944156354	66.98108224700121	179.4669572349656	437.98944187776993	-932.2502537159475	2128.700934647497	8297.436584067442	4.136685627292112
?	133.30430514657016	-297.3085158348048	72.82741508861862	139.81089658102974	477.33106068489747	114.30098077336262	2065.8311731173335	-5751.77911332426	6.785847506097676
?	129.97780544297743	-51.164182018543286	73.9716270760528	-83.30860230881537	443.70449091643815	-1619.7723527884907	1841.11197898128	-5526.071982030479	8.826825030644711
?	130.74609604564296	207.23103401360663	68.6619849731778	-34.41054061951868	396.3424430454718	-247.62107761633263	1789.5275740158056	-350.77106984798274	6.88897023444278
?	140.3393571436579	86.62737437898205	72.25110004507684	-33.63874845804143	431.32343703562134	71.90075968679832	1823.5734254888805	742.3913819653793	10.370392100935335
?	135.07746476459212	1217.2400251064696	66.9800475502757	-7.928774451871335	399.93748102981175	-362.0920932008897	1826.647143114075	1578.6015929458838	6.6325812234686525
?	201.20135839898225	1062.8088268470717	71.85466132248327	-7.333628242882251	413.2188323755766	142.1671458000608	1902.5035051361758	2208.911029273218	9.928470492001605
?	188.21790610694646	-159.62458913327112	66.61336613813158	-261.9976298282029	407.0458383198149	122.58974945886446	1937.0926945777376	1124.3893130760193	14.269311456702582
?	193.22012894231858	928.2328699633398	58.75477983107294	-177.90968336970823	419.3483198485199	-439.78152986286716	1958.7229707899776	581.8691525479388	-1
?	234.6295496051141	-192.37453144137146	57.717881969646044	83.48649325327354	385.0567618266712	-675.2217738687905	1966.186152205135	-84.02610345098645	-1
?	183.60140237024987	-2233.489421483744	62.92910449373667	132.52475699637284	385.5872311550799	32950.57866581586	1954.5216656174282	16353.577006497066	-1
?	122.9550785309253	-1153.5085302353891	64.34411981946478	106.91250478943857	2032.5856951174876	11819.930490913432	2783.86500253	3965.6186384076755	1.5340153217584538
?	125.92597585848165	-38.75836391809544	68.27472973320849	96.67867652791107	976.583755700739	-26458.404724193948	2152.8025975378077	-16169.349121915886	8.133870430570205
?	121.0171603350205	-63.89772299616533	69.1780536458604	15.253716965372416	709.6654589077715	-11163.14787693534	1975.397546434194	-6514.304460159627	10.045828728665686
?	122.73108970867334	-52.73325903052221	69.03741558147712	-78.70042418081597	418.42636185396407	-5156.009374730162	1827.0873745298218	-3773.2354115079725	9.288352074552464
?	118.38049738349436	296.2272902066332	65.24303243681955	-225.5807948110479	451.86499017125976	1022.4944699813286	1786.7357758587927	-958.8427366718679	10.237786098716933
?	137.5424542190052	203.5183724972901	57.758375840924565	178.7013055344656	469.5510853530312	1520.4796805986712	1779.1452376962277	-9191.345530144346	-1
?	128.556416008359	-408.62685597565405	74.17809771354295	218.5206506122306	527.8889742011944	-491.14104894098415	1327.168499351569	-2941.8321668551735	9.529658230264438
?	117.11111142022222	-106.7390789729787	68.68440837153625	-173.1720860806295	444.99403290598167	2931.95075764908	1632.053629353467	11259.412984021164	9.04635367087072
?	123.21946205971	101.63449138621016	65.51949340951136	-110.66470937572318	674.4865120836505	673.8876762767957	1890.139148552635	3356.749423797885	10.607384253215201
?	122.1928359895328	-2484.3892411941647	63.15117290275001	-152.7678490693496	478.68841671982193	9554.440063081143	1799.8911005433636	5474.118506137442	9.659770066542446
?	-1	387.81038462564555	57.88110095604377	0.03679465514636552	1152.2085152377144	399.73234589185154	2163.845073859511	-234.76376591762468	-1
?	141.58335522081535	2597.9160932328036	63.15301263550733	310.58472416274253	498.6750340144148	-12561.833271201001	1788.1529122474822	-12752.918166892878	1.9388765843525217
?	128.89580466164202	-526.9273398166148	73.41033716418112	191.89486928345244	524.1168516776554	1814.3738658045406	1526.1991655148581	-7334.369210221971	9.001351917931174
?	115.23698822998423	-452.29726568447813	72.74775609968009	-103.32302052160567	589.3937273046431	-654.4058732835126	1421.4344517363784	-3344.3060032881635	10.107705779355369
?	106.28094137741779	-234.2661687030833	68.24418613810076	-127.03559412144689	491.3965580134793	-3741.3207131638937	1358.9838653504476	-1767.2803433343756	7.790403579687597
?	103.5236797948299	-12.867225770117829	66.39597639360765	45.00769547212762	402.32769164644577	-2134.595737017228	1333.0704345696583	8944.501317193126	9.272262829983916
?	105.63758008891189	708.3116215764464	70.49457091170717	28.051026411613293	384.6667711626164	-355.6571862102266	1806.2089312101102	13194.70940528708	0.6632620088934425
?	138.93926087365273	5333.261896351526	67.79852771418834	-233.56139401489622	384.5448323359342	699.8432566338605	1992.8059048340217	622.6013140958642	5.314524095396772
?	372.30067490649196	6403.705624854376	58.816501210962194	-237.2814520345864	419.6589339943099	1536.3412497686918	1837.3389969149039	-3031.165063369374	-1
?	459.1245421163761	-7466.013498129733	55.93445511245885	-142.35446305903122	461.36189482436987	817.9743720094175	1841.2476516655508	84.58993641375734	-1
?	-1	-9202.490842327392	51.69877805801053	39.30959913204675	460.55765259478136	6222.779678619968	1841.5684937355918	1104.1955726338917	-1
?	-1	0	57.899935069061215	185.364374809864	772.5008787553727	14855.802063782714	1896.4574302972462	8561.499745447705	18.987212142713457
?	-1	0	60.966996798503864	56.25439420349769	1203.3477557839276	-6118.756808187774	2269.643481007983	1453.7196608599718	-1
?	-1	0	60.71265477923614	24.81370957722682	466.56303834597963	-74.58484954625313	1969.1434133402458	-35.27047942308804	2.3054755152936486
?	-1	0	62.20768227736522	-29.117568843770144	1199.618513306615	19307.667534984696	2267.8799570368287	9360.418957035503	-1
?	-1	2821.74428607237	59.25677633704761	108.46376027455949	1431.946415095228	-16010.137379658352	2437.1643611920276	-5144.704974005167	-1
?	140.0872143036205	8248.138316987814	67.63087029109327	-54.89450697547291	399.11164432368594	-20428.350807199367	2010.6447083365667	-7306.439941006816	7.462769912276423
?	411.40691584939657	-2821.74428607237	56.51205098827393	-242.74257374510495	410.52887473524515	4874.347956450789	2071.8423641416816	3094.703230155516	-1
?	-1	-4999.207810984115	55.493741603837854	250.37711135497418	642.8290421462289	-1646.2112027150686	2165.3798698443447	1169.0630886006982	-1
?	161.4465253001873	2775.4526895328268	69.03090655602281	212.57819086078482	328.21831459949055	-6162.172179303562	2130.2955185717174	-6678.46861943886	7.682656417298216
?	137.7726344766433	-438.39333397986195	66.12265114687725	9.206556808599242	334.72043318104636	-371.9085006560071	1831.456438872397	-13612.932460769254	9.61240031312202
?	139.52685860119388	212.67952603674001	69.49123439645278	56.72685872977899	309.62288956668993	5102.664941536571	1449.648895533245	-8852.638951580808	17.690098099265825
?	148.40661077848046	432.56860725281695	68.95899408336624	-52.99409341817902	589.8536802578785	10946.814637936981	1388.8244912933503	10377.840929008173	12.809822841477347
?	161.15528896383503	-22.627476978706472	66.8415297255438	-51.46725652032712	856.9636214635467	159.8158582772635	1968.540941983661	-3019.5069319214854	10.745791544990116
?	147.27523692954512	-460.6785689493424	66.38563125734984	-183.22439379658414	597.8444731717418	-1403.7811451350358	1237.849144697274	-5811.582046169118	5.220561641885636
?	138.1213605163676	7862.424899113271	57.680310035714456	-176.00378684391706	786.7745642067939	3817.679067845957	1677.961839675201	13299.512151354891	-1
?	540.3964818852143	4801.55009432032	57.585441915153865	334.2948458660789	788.7284265640424	-5427.912654996433	1902.8247522650279	4111.629294032219	8.61368027404916
?	378.198865232387	-8507.651158662437	74.39505232901864	272.3884613818539	515.3789314569684	-7780.937738946589	1883.5433043768148	-769.7165477193157	8.175563640481741
?	115.01392395208644	-5356.934486827864	71.20486498424675	-125.61427152768877	399.68153961670737	-3491.9772024721697	1864.3389248790616	-1794.620177697877	8.94348100701158
?	110.35214089098996	-177.5178475232096	68.11433875263411	-95.5970616748005	340.78007133335745	-1143.0881839723074	1793.8122954919197	-2573.865775702152	9.442070365494413
?	106.13803157592584	-138.81228002199438	66.42501190050666	-21.54106029910819	342.5271304180912	1081.6402163653088	1735.6456360939521	-6426.2808539788875	13.173263087024594
?	103.41152688989014	8080.0513334013385	67.03728573767869	35.87489109194911	394.86208215162367	3129.2662835487668	1472.4982527929708	-3431.820960180195	5.949353134855411
?	510.1405982459985	8341.88364615089	68.21875645510414	-229.48305559677863	498.99044459553176	2075.8661691718908	1564.05458808494	2882.3172250155176	7.822877530445288
?	520.5057091974406	-1496.4351522381858	55.56313295783959	-52.18129376269172	498.6553906102197	130.89305220781782	1616.6141140437487	4460.579770336371	-1
?	435.31884063408813	-8159.4068297740205	65.60969176696952	233.0618792121913	505.53509720592274	-2859.7328134912964	1787.0835766017617	3391.2903180796475	4.746747880806848
?	112.53536770873382	-6473.455285163725	67.21622691844932	80.56286310360746	355.66874993565284	-3967.0573863063764	1786.1786299477335	-2631.160813520818	9.491019638418294
?	111.64607637589727	-171.29098464877853	69.63783492214995	-18.326997279056936	307.1822278906011	-42.405925996629854	1655.525535925719	-7557.739204250226	15.192044538310123
?	103.97081847629477	-184.97354805060377	66.29987705449646	-125.06404058774329	353.5484536358213	2270.2152251034267	1408.2916697352168	1368.5631312101063	16.34943698427667
?	102.39739897336695	-2099.4163695258653	63.384632892762696	-67.70535937054763	420.69298914577405	28370.211705466678	1723.9536924862252	25827.58879726639	6.71016654880712
?	-1	-2067.94797946731	62.91460908596903	8.509134596422307	1772.0590389091753	10290.49280986068	2699.6711095985547	18407.47912771543	-1
?	-1	0	63.81008962258382	74.83197443495307	935.2176296388153	-4657.828359421885	2644.32764887201	-3907.1341105759793	-1
?	-1	3492.2758491663717	66.65620780771674	134.96253931476227	1539.1676209380778	-8601.856115360512	2504.314404069753	-23181.910229082907	4.122064687727265
?	173.61379245832106	0	70.55821658832203	-150.91866173913957	505.12482387078364	-16607.14337332833	1485.232137417848	-17099.461322443825	6.5715810732843
?	-1	-3492.2758491663717	59.110274720759655	-342.71679201352396	708.8104522716495	7589.291675577157	1649.3413379475496	10773.267034645707	7.121166452719036
?	-1	0	53.422376987645585	28.68309588912867	884.5894076496469	5829.166411143084	2023.895489150141	14800.096447982103	-1
?	-1	3519.7651529651666	60.54442951521611	232.8193203078146	1000.2687728288079	-2207.3358861762567	2389.3461603466653	-8708.789983918818	-1
?	174.98825764826083	3373.3471996171925	65.06334300303648	191.6778268131098	774.2226133408325	-8128.795836895833	1588.455989954194	-20008.442179618844	8.325508641970208
?	167.66735998086202	-714.9264766758246	70.12832085587174	129.5102149472136	593.8289809840104	-5762.848868392168	1388.924051365709	-51.005537197869856	13.385893985617926
?	139.2419338144691	-1071.001795283436	71.53885375039725	-4.645688874323005	486.08016992122	-5575.527826189945	1585.9057130943004	2784.111596303084	6.253412686753398
?	114.11727021668946	-610.8578966988061	69.89603641215558	-105.886678456091	315.0525896745092	-2934.24671975116	1528.129631180865	-1136.0486836053244	11.44498022913282
?	108.69903897952835	-120.96925461272092	66.24451982759263	-40.902105316591516	339.3678339336599	1282.5404126226533	1529.1032789140334	4595.6348171150585	11.916021794851844
?	108.06880748605333	2.599417662178459	67.85093114632598	-123.83313333718954	379.17961030564277	6295.278298320144	1757.9113720366213	8626.174470682963	11.79582700002774
?	108.82900986263728	745.8100436609083	60.05286316073306	28.011404080926525	654.1317488496716	2330.3552468249745	1960.4120024481876	8585.79659907216	-1
?	145.35930966909928	745.9389917638753	69.25150135037232	107.00017499641153	495.69737264689314	-6115.312382354861	2187.2012019902354	3224.553043931937	12.262745709742452
?	146.12595945083157	-2927.186193381944	65.40287191055371	-282.0007266467939	348.36612973192416	-3404.5494704979324	2121.639654644787	-1364.7179501564904	18.196595792143903
?	-1	-2942.5191890165897	55.151465018032425	-279.3983291784602	325.4698991219941	13797.88989559341	2118.96530448241	4203.860735156017	-1
?	-1	3020.756286355102	51.432955451630505	152.87840992575153	1038.2606245116044	10882.502785833134	2331.8326914025906	-2753.799807730058	-1
?	150.03781431775724	2825.9497688863275	62.79538551432011	446.9906313416523	869.5950384136586	-12069.361560653744	1981.275314095905	-9511.290375202876	12.908684542938412
?	140.2974884443184	-259.10517244556473	73.78248701871344	227.28459063356073	434.79254647890866	-7140.924784707652	1856.26817264244	-86.37573269966984	9.845890857110412
?	137.08255569547882	133.03746306495307	74.15961504599831	-27.938839824470733	512.5487991782709	925.2499101828123	1976.9565274609215	2945.784588813589	17.70757356945191
?	146.94936159756614	500.18132145820033	72.38554502748988	8.114781637178394	481.05504198804994	-609.8952009260886	2003.5574020831216	-700.0039737805437	13.075389541290338
?	162.0916217683892	5659.329940717124	74.56535412785723	-130.95443374186615	482.054039131966	-247.33988444831982	1941.9563287718938	372.80706223278156	15.29488788352354
?	429.91585863342635	6138.772777714265	65.83782334039648	-422.48058113449724	468.68804776563377	-25.749714156563275	2022.197755194761	1185.4577468818857	4.653512903865446
?	469.0302606541068	-16.90594177479828	53.44132507113207	-185.6796202549018	480.76655342413784	-43.923746196159584	2001.229216115989	885.2443333574603	-1
?	429.0705615446864	-5984.759844535105	56.55384232765126	320.45052659926966	466.49186045582576	-1037.1190891763251	2066.4599718626346	1957.15159581151	12.507880705104824
?	169.7922684273473	-6331.6344605078675	69.46385140109578	305.0847667328683	428.91059896532084	-1091.266904760776	2099.086795906566	1006.6482673486228	5.195225584900273
?	112.48883851928852	-1256.884974542646	71.80808066429489	55.18725313722463	411.9285152177862	-256.0193253608211	2116.7923852300664	42.43302662029176	15.545289038663526
?	106.9480197002141	-167.75920470838417	72.22321405795705	10.779578037292612	416.1096326972796	-29.6533005944157	2101.2084472375805	-87.0685015857804	14.36454186684865
?	104.10087828386919	-26.96881691876503	72.34705956615953	-12.897740613543464	410.4458501880654	17.259532483273897	2112.4389601507773	-740.2072811685124	21.040313245815554
?	105.59957885427583	3014.477277209434	71.57832702727987	-54.471261841874615	416.9726093214433	163.9410162319029	2064.1980831791543	-2084.677810288206	17.58364599663102
?	254.82474214434302	6179.400587993539	69.62349647406576	-169.76987524820743	418.64290099966064	118.69668416702497	2008.2050696363656	-1973.79569179729	7.592754414509783
?	414.5696082539572	3354.827281047891	63.08983326486938	-337.4171003493473	422.90744352979465	-195.03259863320812	1965.5082985892884	-885.182055661645	17.1955478128326
?	422.56610619673995	-8311.392165079025	52.752641456598155	-207.9050101659509	408.8912710680001	345.07582278106804	1963.9459668532827	112.3918243514056	-1
?	-1	-8471.322123934679	52.694582756571684	-2.087457386167243	440.1612346688483	1043.2591582175894	1971.1278898068588	34.088559718770256	-1
?	-1	0	52.64826858728979	-78.65683994988503	461.0542289788803	2691.3594530315336	1965.6503948392212	70.83755685710811	-1
?	-1	0	48.76174075907738	-108.82589921273181	574.7292073204269	307.80641477449325	1974.6697676497142	243.5192482252716	-1
?	-1	11094.119035023261	47.206973626653124	228.84142083821789	476.4445497176052	-1125.4002064263477	1977.826357250485	-1607.179496541853	-1
?	553.7059517511709	7204.913743215701	60.20381180098843	467.48149173921877	518.4591969991087	-355.0680125235346	1894.3107928226204	-2766.68348944401	6.2981782902836505
?	359.24568716079017	-8795.185205642982	70.5810482136144	133.49511436449157	458.6911490914282	-3480.1148741331504	1839.4921827782825	-3123.784307275301	3.0741429160663505
?	113.94669146901555	-4887.468483977144	66.8785675192131	-352.15116667776596	344.4534532924487	118.14978602731063	1738.1215774588532	-1192.6685940214713	14.96820876868682
?	114.87226296192947	-2298.9338293802784	52.97348987972585	-290.7036995092282	464.5986383927938	6019.957065768481	1779.8587530772081	4459.214024437583	-1
?	-1	679.4586058123656	52.34338254375149	224.77542422709826	645.451306580877	1797.8589878094733	1961.0822786807355	-10529.220779333664	-1
?	148.84519325254823	2881.939272603024	64.21226109108092	268.7324479220111	554.4915877832688	-4089.9301704827803	1253.3977141105174	-17945.388711674572	8.366435865522229
?	143.09696363015325	189.58417679378798	65.78000493985223	222.90325353939207	440.9547980567351	-1904.7012223289667	1063.8128430969941	6267.63036444204	7.510759517842636
?	158.32440209223776	108.76025755308108	75.35742376805068	169.5435481999631	459.25652666681907	-670.5689784728652	1566.779232332624	10407.165681661652	15.08021615908792
?	148.5349765078074	-395.53467480279954	74.25718234985051	-69.46363765388371	407.4263491330914	-2219.369974523346	1584.171127180084	-2908.621186384416	10.074353240521361
?	138.5476683520975	-532.4216535431095	71.88424188535645	-11.91269199190839	348.2880279406502	785.6592101170261	1421.348173013401	-3663.935528372088	8.414885462514928
?	121.91389383065153	1984.2657764942364	73.66154775025508	-267.8327743664427	446.70930963894324	1920.4464183429866	1400.9743507614771	2039.405359032706	8.409136103567994
?	237.76095717681073	2355.921058800505	58.49260316703412	-361.452283721248	444.3103488578009	-270.5476322967463	1523.3184409650378	3748.1152413737177	-1
?	239.70994677067844	-2175.8789742039926	55.58893356419242	-17.67363590795046	433.18192802410573	-1353.8917369240085	1588.3801128301657	387.53396065166174	-1
?	128.96700846660957	-2331.244746221262	57.60892137163658	256.15777053635657	376.6157620115995	-3202.689244897547	1542.6951389976211	-2822.3231671720678	22.304615930307907
?	123.14770945961368	-274.75143719890133	68.39682209101044	225.29948108729107	273.0474657792261	-834.3738311432601	1447.2639544715603	-2000.18744839036	10.49603210135447
?	115.22943660666431	-316.57608797813344	68.8738954260013	-136.90610614390087	334.8970704544359	12183.712864491308	1442.6857665781017	9537.407035393271	11.389160130283344
?	107.31890506070678	-2324.588732133253	61.551516783815295	-261.0191387092551	882.2331090038001	19923.553037332185	1924.1343062412307	20493.06508940054	11.238702566272257
?	-1	173.2430496578372	55.822938490538355	137.4854701958505	1331.0747223210592	-1872.11883465893	2467.3390210481434	-4733.665256898713	-1
?	115.98105754359877	2201.8545690693372	68.42579029360792	293.96567267357676	788.6271672708523	-15259.623483835241	1687.4510433962917	-18322.473942117642	4.072419655204063
?	109.09272845346842	-184.15511684330932	70.5212221242174	-86.4633306274043	568.0935481292863	2387.8900875497334	1551.2153239422482	8160.398460960411	8.937693799743117
?	106.77330170143317	-2201.8545690693372	64.10262376223764	-150.9284692966301	908.0216716483407	19699.050980885062	2095.470966444318	21646.431744539506	0.8692501705756102
?	-1	-2155.4660340286327	62.97479865938579	-100.02162997091702	1553.0460971735533	17029.476524187372	2633.536911169239	12436.18506967388	-1
?	-1	2177.267371407422	59.10154226369172	100.36661422327072	1759.4954978577214	-19524.82537956495	2717.280219928021	-11513.823817299653	-1
?	107.86336857037266	2012.5302025424578	67.9931293705494	184.86174923004293	576.8048281952919	-27388.530646982243	2057.845720304248	-13818.101584340033	7.215292081761668
?	99.62651012712432	-107.99906866296442	68.344629725194	-194.69103189506208	390.0689655085898	-4218.578555874986	2026.3751407110094	-30.14600972172914	14.32779649044563
?	102.46341513722436	-2012.5302025424578	58.258577775796155	-382.28664572080726	365.8759004015396	928.9612848901395	2056.3384198181616	-1493.3931845328486	-1
?	-1	-2069.2683027444577	49.23029743915336	-142.23403532690722	436.51702975309746	6510.980009524787	1951.705481484366	-2438.168357530987	-1
?	-1	0	51.14687600945069	48.976856393399984	691.4249008777836	3791.178034354427	1934.4300019416105	308.7440183633682	-1
?	-1	0	51.679140258823395	1.530401986971817	626.0759314708215	16545.49970438208	1967.1426824025345	9227.29011781095	-1
?	-1	0	51.223396108799285	-9.146093897651197	1518.6998860968993	1393.8579862224544	2395.7945078321645	-310.74393928434813	-1
?	-1	0	51.22183556394083	5.7895695320322345	695.7688307819452	-14794.862751759105	1951.605485438317	-8331.011335836201	-1
?	-1	0	51.5128745854009	-96.00442480697018	778.9567485089335	-1525.8161824071078	1979.2439410403485	-1829.9132120789786	-1
?	-1	0	46.42161432359225	-140.59400682953324	619.4780216615887	-2513.6908770777386	1860.1098248343667	-3340.3144394247265	-1
?	-1	0	44.48317424392414	-3.552356600635796	653.2722046550448	333.2223482508219	1812.2282190691099	-524.269786145798	-1
?	-1	0	46.24399649356046	36.42091610261948	636.1391390741301	9107.202598805605	1833.8963355270764	6294.481659912137	-1
?	-1	10455.35945913289	46.30422004905514	306.0793022862672	1108.6323345953315	-2150.409531636259	2126.952302064721	-4127.81702709679	-1
?	521.7679729566519	2212.231042334585	61.547961607874036	475.87785489691635	528.6186624923156	-11389.772922042797	1627.505484172234	-9803.403008284942	-1
?	109.61155211673082	-8284.246391567367	70.0981127939013	257.102261060232	539.1436884931835	189.134210457225	1636.782151650467	25.130443788970847	5.091144334274155
?	107.5556533782776	-69.09800209732951	74.40307466088582	114.72608470505158	538.075373015177	31.589548428291444	1628.7620063616826	1330.6194228743282	18.950739883077553
?	106.1566520118643	-24.286042577698705	75.83441702915395	3.669908521105986	540.7231659145981	-84.82645818867802	1703.3131227941844	3286.2059240208223	15.314226246518547
?	106.34135124939264	19.88769834633814	74.58657008694112	-89.18182029740608	533.834050105743	-795.6848624815508	1793.072302562726	254.10525394237177	14.64964772090104
?	107.15103692918122	-7.452952649627101	71.37532601428359	-223.67938980556056	500.93892279052	-2511.7392377760902	1716.0183854913032	343.97337923528505	14.3549826182286
?	105.96870361691128	-2163.020738583594	63.402600596662936	-321.41665310917347	408.24708821693673	-1358.2388952794736	1810.2709715244905	4708.204538530095	6.6936332968898355
?	-1	-2139.374072338195	55.304493358824686	-255.47802963048574	433.02697802654535	1502.6648909329165	1951.4286124178113	1569.3036734843013	-1
?	-1	0	50.62869911513847	-104.8099158902864	483.3803327635836	1087.4872510223342	1888.7361551987067	-2004.3056955466625	-1
?	-1	2531.686538448195	50.06399756431029	135.33958547426215	487.40134057766284	2182.8831603500485	1851.2133276404768	-150.76830246173145	-1
?	125.58432692241155	2628.681608092403	57.39567838885167	479.4736259575048	592.5244907810876	-2201.882598855677	1881.19774007562	-14617.796195543771	6.191770295922207
?	130.43408040462202	846.1244136325762	74.03767886218587	389.3914530065797	377.30721063487744	-663.0738108787201	1120.3235178632779	-9122.892456362699	12.318394359470727
?	167.89054760404096	830.1169605662205	76.86525103918093	-44.9502964040456	559.3708002371511	10413.162089267224	1425.0531172574786	19481.03809584268	8.223051630680278
?	171.93992843293364	-67.69601449797011	71.79016404198356	-172.66081647576	897.965315098246	19121.611193995166	2094.3754226554256	22725.742428189667	6.458864625490423
?	164.5057468791424	-62.419012822481044	68.23221021539281	81.69410732712632	1515.451359936923	-6086.247383947563	2561.340238666978	-4303.263363160675	-1.2263400716597626
?	168.81897779180954	-79.32208179890496	75.87486940833993	124.02444200968085	593.6529459008635	-22327.752657407862	1879.2122544973888	-21869.945990576623	10.38638103257163
?	160.5396427891971	-320.1954024955626	74.43343231587694	-34.45335782819577	399.06372706651405	-3754.3542328230105	1467.8429391381314	-11254.818407667257	9.133715741624503
?	152.8092076670312	-257.1553180100856	74.15220151693012	2.549155873182335	405.93523425971034	3275.4935691283495	1316.471334114018	297.9731586688971	10.976796654492086
?	147.68187688869264	-138.83083287189694	74.56089010953606	-71.30263554044758	562.8384055229338	1547.4456477241968	1482.7415970715765	6059.693553435541	8.832947309266542
?	145.86766602343624	181.82477849060004	70.58706973990769	13.585737985943444	483.3075166459213	-1384.2580362904966	1619.4560117857993	6350.949291247808	2.7331703391386166
?	156.77311581322277	398.90618394530577	75.24017700883324	147.44471574570997	493.625503708408	-111.89326775491236	1800.2890616339714	7953.976659417604	7.848689302949744
?	165.81297522070182	266.02901959059596	77.9593055271933	51.369423026136595	477.7128532581756	-1229.6206910099131	2017.1548447566852	7230.30812959724	10.661684427109652
?	170.07456679275276	463.76488787015455	77.80864816014011	-43.79731558798079	432.1444691579115	-634.453745012071	2161.8044681138385	2197.5030843245854	14.106089261419882
?	189.00121961420987	5312.320933847374	75.76943974779422	-119.73400993952538	445.9901660075716	225.6837547983948	2127.029998972916	-1934.4483350158132	12.7468621748357
?	435.69061348512525	5045.741419893042	71.82194766316376	-258.4034046049955	443.4286568978314	581.9914370794887	2065.0820513630465	-4736.405236143429	5.884111245538873
?	441.28829060886557	672.9151780196282	62.849269517544265	-57.87547926432015	475.08973786154644	9460.425827344425	1890.2097371657412	391.8776729216223	16.92200241958137
?	469.33637238610714	1984.0777829885521	68.9281736999477	180.46981848391724	916.4499482650593	10707.76722460523	2084.675935009128	5343.043396959794	3.7810757725312154
?	540.4921797582946	1389.497478004027	71.87276044174026	-79.46318189981697	1010.4780990918155	-1395.4204718214357	2157.3619070137347	-1370.6407252632184	29.952537060906312
?	538.8112462863095	517.9177181712447	64.9550146049568	-143.28910043866864	846.6789246739866	-6397.521755240814	2016.143898745966	-8749.237053444102	16.547314510243872
?	566.3880656668572	-10796.224925726036	64.70830541980672	-88.16517337282636	690.6020113297702	-3309.205815549047	1719.9000543415234	-6521.121206009587	-1
?	-1	-2300.8656651379424	60.54675593631542	-82.94016038789475	681.2186338965319	-2976.2488250452893	1690.087838445482	2853.569635385011	-1
?	451.34478240995844	7465.457530240569	60.561297400411924	13.80508488327175	541.7895700775036	-3862.846455576301	1862.578536110776	2063.870558607039	-1
?	372.27287651203375	-9046.89564819904	61.23701018047902	-65.55529499151766	488.07631111771406	95.53310678374464	1793.2813663758354	-4414.742354954943	-1
?	-1	-7465.457530240569	57.283532650835994	-142.0851515710653	546.5662254166909	3961.995727443468	1641.8414183630257	1628.693886487726	-1
?	-1	0	54.13275260192565	-22.410525962835912	686.1760974898903	-1790.4872929784115	1874.716060700223	6046.003603492742	-1
?	-1	0	56.16300635269418	4.024557543992643	457.0418607677691	2490.2011051850704	1944.141598537667	4395.691416015553	-1
?	-1	0	54.33398047912529	-67.79724770015139	810.6861527491456	6907.641311054595	2094.5006315010037	-7092.12844501118	-1
?	-1	0	52.773143967686565	-106.78613799198108	802.4239263205037	97.70058186251251	1589.535176287103	-10247.52145407449	-1
?	-1	0	48.99467357952616	-39.83356483324002	815.5711818422712	3500.740849051654	1582.124558797272	7208.650764316159	-1
?	-1	0	50.781465726024535	-8.520388879743187	977.4609687730889	-2499.0050913941614	1949.9677145029161	-491.5696948839989	-1
?	-1	0	48.56865413553899	-52.63705140597846	690.6209272725614	3789.9371925731643	1557.5460740530716	5485.911158199405	-1
?	-1	0	48.149613155725575	174.6638199362655	1166.9578284017498	5045.563263275707	2224.2632724128903	12544.692572612152	-1
?	-1	2526.875457256849	57.30184513235239	358.8796062971977	942.8990904363503	15974.818468627482	2184.780702683688	9369.760738354675	5.673267707743271
?	125.34377286284425	2792.8050523985225	66.09359347058572	257.3363140616492	1965.6987518331352	-10935.81581350666	2692.7513093306306	-4821.573227322165	1.5306305994688323
?	138.6402526199281	271.7354289319833	70.16866083543503	84.36602310344364	396.1082997610096	-32892.31981205194	1943.7020413175765	-26637.459162289433	9.342219850229894
?	138.9305443094436	43.549702291151625	70.31189462575796	-89.01496272655992	321.0827612305152	8592.580312611912	1360.8783512161401	-4920.822067990951	18.38905496830172
?	140.81773773448572	344.70334573847447	65.71791269910698	15.743109372728615	825.7373153916113	8533.908163348799	1697.6609379180254	9390.572034802515	6.617557161907774
?	156.16571159636757	374.88080433882635	71.0990500943944	189.17292516042536	747.7781693979612	-7474.147585201566	1830.4069529562726	7984.354782754676	9.21787647708016
?	159.5617779514273	455.2295043157196	75.17655895712838	88.0246039278025	452.02993613152773	-6539.845257958525	2096.878677055765	6735.1708940043	15.491305295337316
?	178.92718681215388	5032.860448953893	75.50028029078459	-146.7102904651542	420.7859065000303	-775.3676390886316	2167.1654976564923	954.6357402585137	9.987358112562072
?	411.20480039912553	4856.834503177905	67.84104443387056	-385.49171327168614	413.2615541770956	199.2910825163807	2144.6104640686913	-1926.6376534893698	5.345297500238849
?	421.7689119710526	-8244.096007982393	56.225694627200006	-329.2959332662314	430.7504606258495	928.3387720377361	2070.8336149820225	179.36352613164416	-1
?	-1	-8455.378239420932	51.37624777055876	-186.25370753638128	459.67849277898307	1108.6857734416153	2153.5786403752736	987.6382031972886	-1
?	-1	0	46.91300925038081	-88.30787727451539	486.18474929793103	3845.781087188694	2120.2155251418876	706.756168510773	-1
?	-1	0	46.96085390683293	24.476597816401487	651.9675471384205	10132.952852388818	2188.9164488008128	1767.7343253617278	-1
?	-1	0	48.1368391412009	-33.376207770738326	992.8323919173791	3217.1783172342743	2208.6022414099752	-68.0192219353275	-1
?	-1	0	45.29204351829599	-76.02459419313354	812.8264630001365	-6517.934658721602	2185.5154877040463	-6031.997082756544	-1
?	-1	0	44.33560943154417	-37.483444485999264	666.9356589812944	4872.254038014538	1907.0023872721438	1011.8809980866392	-1
?	-1	0	43.417871293996	-4.0394868027026964	1056.439164900867	7591.476001524698	2236.109537608379	2097.657210571999	-1
?	-1	2210.5033546225445	44.13363509140903	321.9508220135243	1046.5094590575347	-9865.28883403759	2011.8852478007452	-18428.568617046345	-1
?	109.5251677311288	2238.1271465182904	59.515412394672445	469.2438204702738	563.1747231989804	-7070.279893734916	1314.6811067560486	-2800.763782887094	4.460768772360354
?	110.9063573259161	292.14034760244925	67.59582611492306	176.21744056670244	692.9954643707839	6432.527888504143	1871.8470586563885	21707.595060673408	5.431414088815691
?	124.13218511125147	962.2837043436977	68.32628442300769	179.0092756522418	884.8011176241921	-3749.930208637867	2400.0608597897344	-10143.441700712776	5.014069400814181
?	159.02054254310167	869.0562552585424	76.54628989753527	131.05462697260646	505.4989539388879	-10649.216745278734	1364.6749736207425	-24132.978839293886	11.563511902087026
?	167.5849978741792	125.6952534220624	74.87901577163811	-187.1141296168425	352.34028036024773	5537.538829607948	1193.411917825023	18143.069248626605	15.798041139422427
?	165.30530521420488	212.45231867252397	67.19058341669302	27.373128400078212	782.3758954192892	320.96687412745837	2271.8284360520856	4817.0286932128465	11.939093966771654
?	178.20761380780556	157.70400761684814	76.24767219164204	177.4305778237647	368.3886240666209	-7993.105874804882	1434.2633524856687	-10191.958938281901	17.19877408937902
?	173.1905055950474	-193.09721648599756	76.06211230788138	-20.658455624779595	382.7206016790395	-575.4665041471205	1762.2304891379833	1003.9015154441853	14.487978970802095
?	168.55275298350554	-40.54454566983281	75.21474941040304	-26.41031894798109	339.61529885926444	-645.2746167320685	1484.4584282578787	6024.7260751451095	22.1358098712113
?	171.16327831155573	25.166424065641518	74.7415963604823	-22.376784381692083	350.4568708424356	291.1490315330836	2063.466792895243	16701.303122703288	23.02679631640258
?	169.81107418678764	-210.2947350261222	74.09591019131842	34.2112810338447	354.17275043591883	953.4057444648944	2319.523584393055	-371.000191787579	20.617556475432018
?	160.64854156024947	-410.74669955914015	76.45216041217456	-191.7124697004486	398.127158065681	14663.603950452896	2044.9167833058639	-2031.0192341418935	11.944850075369112
?	149.27373920883034	-3232.9708312049434	64.51028670629586	-240.8886273152882	1087.352947958574	27439.581424086453	2217.972622685959	21505.24452038692	4.957280525766794
?	-1	-3005.474784176564	64.40772904640998	-22.36725504540726	1770.106229270023	15190.08228863848	3120.1790093252253	19533.688399584495	0.05429015432324963
?	-1	2376.423224414409	63.39192395402548	-13.554098719604987	1846.8570623905089	-14506.584346423946	3194.6570426651974	-20241.37656382058	-1.517734926802633
?	117.82116122072215	2007.006236326554	63.730024110429724	119.77125914727154	1044.7770119488155	-27644.08223677262	2108.110181134182	-38986.51629286591	4.031667403543995
?	99.35031181632913	-603.8482791476152	69.38048691138914	-7.637764330117738	464.65295055185805	-9012.330379189181	1245.3312280218743	-13083.815032533672	7.086631103797018
?	87.62874726334096	-2007.006236326554	63.34813589392383	-221.80544448087286	594.16049298935	15431.679752340637	1453.919429507489	26945.015915350294	7.500351745492882
?	-1	-1772.574945266794	58.29021468734534	-93.4512720638872	1236.236938168901	20090.02827346847	2592.582023789408	19010.966244357027	-1
?	-1	1859.1585274002523	58.675572290729406	9.969110850137213	1598.6619066627877	-7115.533137275703	2404.467741725354	-15867.358716006309	-1
?	91.95792637001394	1776.306526675959	58.78867022985221	61.63016285028787	880.4602813051107	-20677.06340141819	1799.2140879890815	-16864.007181981353	-1
?	87.81532633379922	131.43923843560583	61.75708043324384	104.7965828437632	564.8087365918636	-9616.416926962782	1561.2673826262742	4799.818741464355	-1
?	98.52988829179432	471.1822216110748	64.02849937204044	165.8124727232947	399.6394349569648	-2920.1248430428104	2039.2050250623026	5757.868875203012	7.391770692094978
?	111.3744374143533	-1990.5977658358581	70.0477040694087	-4.947069440468327	418.80249443972104	3036.924752831028	1849.1608263864289	700.7563636662635	11.560776078729566
?	-1	-2247.488748287034	63.78114590001702	-173.5524651312124	551.4856725985184	7783.357381032577	2074.2428432456163	3929.6793954971904	5.288471422642624
?	-1	2024.3397553658206	61.37008081284795	-23.997239571354726	807.9703634913554	1186.4729470000989	2045.6447961612912	-18770.527940715067	-0.6635465182787287
?	100.21698776829247	1844.7883847863345	62.58128392144927	-48.833817580621016	610.8093199485242	-4695.029760411561	1135.7164462098497	-12067.658730691242	-1
?	91.23941923931804	-2024.3397553658206	58.92838993381687	-186.4560080935822	573.218875470774	3623.8646481206124	1442.2618596267205	17993.981633057076	-1
?	-1	-1844.7883847863345	53.25848351677003	-102.73757205721931	792.0025523545573	5059.528488334261	2035.4155278627163	14251.211127774443	-1
?	-1	0	53.79151133095583	106.55671931456756	826.1952998874907	-6787.299596068104	2154.8224160154527	19.825904299741243	-1
?	-1	0	58.58631948249848	80.72812754433711	452.63757255114734	-6474.466907378754	2036.4068230777034	-3296.536582259035	-1
?	-1	0	57.82791770817274	-94.40153030495674	502.47195451854844	-1269.3642083185139	1989.9955869024986	-2126.4189096802393	-1
?	-1	0	53.86624296725058	-81.67580252583275	389.16936213522075	1417.9486333362197	1930.08587759369	2286.5805025887307	-1
?	-1	0	53.744127581881045	66.84699510976888	573.3693861853604	17975.003233591873	2104.324612031937	15310.18618365305	-1
?	-1	2203.8647133487593	57.20859272273907	170.89659122089614	1287.9195238148272	8084.688174265551	2695.5951867763533	-2730.069676876799	-1
?	109.19323566743952	1895.1557910783715	62.28895714292597	159.78468138170484	977.6037948986437	-15658.580372882361	1967.821128188095	-26443.634117032114	2.977487359924011
?	93.75778955391992	-429.15724092845653	65.19782679182443	35.63566996491253	504.99050517069804	-6565.048942838816	1373.413480924729	-10528.897737004481	5.830213752254132
?	87.7353736210164	17.54512678487348	64.07074064117163	1.7968582791254761	649.3513477566983	2334.1912778478318	1441.3762413378633	707.804048666484	6.407277665926089
?	94.6350458931636	67.25991891262784	65.2876697057807	-178.53587103326805	621.7000690630913	-1823.3403214470504	1408.8036833580536	-1771.2281496005264	5.313313782457793
?	91.09836956664783	-1912.700917863245	55.143947089508096	-151.40861510471322	558.1843316843444	-418.0583919332466	1352.8148338578358	1452.5166906494153	-1
?	-1	-1841.9673913329304	57.71723895054493	28.18389711769259	600.7971494664287	-336.6423424798561	1481.4295178905254	-1023.4834980912128	-1
?	-1	0	56.553141945392746	-69.13056250369438	541.3522145603514	-1703.9104923117893	1301.6406589532744	-1038.0022913214395	-1
?	-1	0	54.260710825360164	-104.67539586797578	515.601624850838	1271.5327345643097	1429.5294033244527	9880.307270236504	-1
?	-1	0	51.31937215199388	-42.591424848949764	604.9288512885678	13235.634488448932	1795.6560224651066	17493.180488347905	-1
?	-1	4437.436630508936	52.131139582912645	41.26881528558469	1177.383349273294	-2747.8607102783094	2304.1884277418603	739.4885376419356	-1
?	220.87183152544998	4756.4259611649595	53.382812916273146	204.10706006822005	467.53581577465036	-12293.054202843476	1832.630449347204	-5443.15725622369	-1
?	236.82129805825136	415.74260987136915	62.33649258632379	472.4716203964271	562.7306391311115	829.2835036829588	2032.030564930672	-1967.6263215867987	6.0726242055416435
?	241.65896201901873	97.70203676067669	77.00639393609484	137.97664124863036	508.9999909587989	-614.6289202562074	1734.2491332678626	-9081.381524731594	13.491315195162377
?	241.70639989628526	138.1152669588872	69.23532464875541	-144.55402243176388	531.9991931183007	138.63031241515304	1577.9614886940858	-3221.4639654664866	9.93979644149047
?	248.5647253669632	-114.6107144165888	69.77869281450654	129.92553164353367	515.9315065795566	-47.193072507679304	1573.175934994536	-8549.108817585258	11.806844716015604
?	235.97586417545574	3897.07959097147	75.73160123093219	-34.92857271960396	529.6395394929167	530.4077992463265	1150.5060478148168	-10208.538230873479	11.662900694965412
?	443.4187049155395	5461.052131000658	68.03226417852632	-291.8033087319185	542.4518965418733	1275.611566107932	1062.7490234508548	1071.517526715864	3.363354063593643
?	509.0284707254925	-6633.335160720638	61.141435794336054	9.044089828161518	593.4201177983142	-248.02588076169616	1204.0819241506108	9080.917562261206	-1
?	111.75194687950288	-6127.973580940551	68.4844686699344	84.9100486683259	530.0506025037884	-1877.1085563325034	1516.7949015639215	13108.412726315673	4.815780872671781
?	202.62979167846058	2339.5003833934165	65.38693822775241	-175.97145991977945	499.5646899816877	-692.8973030088824	1859.5025604664038	6043.989046244334	3.8148651340267667
?	228.72696604917536	1350.8063163578465	59.6858956739453	43.767964237838385	495.40573735334374	5184.165418426195	1818.9943538761424	17109.606986266503	-1
?	270.17010749635386	778.8251038709965	67.57533643964436	214.458148186828	758.7729609030012	627.073072314138	2714.982909779741	-8333.70610708614	11.932109494930087
?	267.66822124272574	-336.68367283923124	70.40880308328686	-40.00053713003325	526.7593909690511	-4804.120668406974	1402.3090485218295	-26136.84591944777	15.186512411136178
?	253.33592385439206	-506.6759791405896	65.57530958314267	-40.43161962173115	518.566927482649	-572.6593827264524	1408.140613807334	11938.722205193806	8.811650673191227
?	242.3344222856959	-512.4065318252287	68.38722210220027	23.86951677360509	498.12642183272806	-2729.9734959443776	1999.2451587815283	20545.719575591946	12.928869900262072
?	227.71559726313026	-373.04856191420225	66.76878542182294	-124.4681949303658	382.0682526854282	-2176.6729627727896	2435.426592586946	11333.260353713666	8.945672763739893
?	223.68199418998552	667.5850929012429	62.16381235568189	18.727335367184157	389.29277369408703	-1678.8182984397406	2565.9081764672196	-6997.529063384537	-1
?	261.0948519081929	942.1651963652848	67.70515219018216	-21.096247413889827	298.12733776344	-1479.199750508363	2085.550139417714	-10668.59726452253	13.42909730987886
?	270.79025400825043	138.50815865557738	61.108999984987385	-224.47956906982463	315.33278616866784	1626.2205970314865	2032.4783132410855	-799.4924773064781	14.01665864589987
?	268.02025984097185	4628.818659367721	56.48117373669077	143.59024299666467	379.43836761501547	4850.26980563619	2045.5755155523896	-5257.224729029602	-1
?	502.2311869766398	-1179.6332927552728	68.28851213482072	205.3077504583664	557.8462764504808	4551.26059267508	1769.6170767896017	-6178.14430677772	1.9983189194574882
?	209.03859520320736	-6050.073373650924	66.74656125960924	15.485117186779924	607.0013972487727	-2109.6090288152627	1736.6683002134992	-2041.2861855271358	3.9846820616371064
?	199.72751829408932	-335.1756510272222	69.06276799415973	44.41966065112063	452.36582500971616	-1954.3093158625807	1667.5527675132435	524.5948538262171	13.026786563975307
?	192.27981265184602	-56.702852940993345	68.9675442921653	-20.699120868280534	509.2859314556423	-229.6160522710649	1762.8980429048104	4230.460388480136	12.709471088131695
?	196.89237564703961	764.247671446547	68.02781195074569	-14.960433032229119	440.88502239616275	-2676.7506367779783	1879.0757869372533	-34.480218536354606	4.847063593746162
?	230.4921962241739	1179.840127840225	68.21952264055383	17.002732163525465	375.4483996167415	-1666.0695215863964	1761.1740319779926	1496.060859243345	8.155397640919642
?	255.8843820390517	243.89582800875638	68.87794855892197	31.2988193009768	357.58154631684175	428.0743603459128	1953.8788298994216	-429.757682166008	11.451071677963554
?	242.6869876246119	-20.674354533536235	69.7844636056027	117.52116209610509	396.8521176340374	4424.86355904047	1739.686147869692	-2476.986246792618	10.783008831714941
?	254.85066431237487	182.67244631343797	74.75400666372731	-51.93496990880914	578.8247242688684	3634.759034854201	1830.029517559789	-1650.134766127848	14.80419927373497
?	251.82060994028393	-7.021391230508598	67.1877151101622	-319.0745874740375	578.5900693767501	771.3922211260256	1657.1794095632983	-1101.7958051455414	7.062682313971235
?	254.49959475084944	378.3820159445807	58.80027729002521	-218.16601939484914	617.3943353251702	2851.4458325578294	1774.939727302511	4742.281662455231	-1
?	270.73971073751324	542.1903044173521	56.27941414041959	274.39443279117404	721.1623610046436	-4330.660341003641	1894.2934926860632	5140.728353455561	-1
?	281.60910997171743	-101.02957936651903	72.5199989295841	155.7744037429706	400.8613182749851	-6806.681741255944	2031.9761449752928	1023.0452988157858	11.763082995370741
?	265.6882317691872	-330.82568758407075	64.06813432756823	-376.0457580397109	380.82827394184153	2094.9487905939723	1945.4457576268533	-5037.3795274744825	11.764443361220227
?	265.06782559251366	-738.6413421844427	53.71771102759829	-10.678721239191296	505.6087578046852	5612.249687678256	1780.107168601565	-18555.452194245703	-1
?	228.75616465996455	-942.8985786930829	63.53419826560866	351.16563502776387	661.4407583257583	-192.80674504147964	1017.6731479145549	-2919.826184751168	3.7918931592674623
?	217.92289665785884	2689.352488899498	71.27599277898673	5.180667433857519	495.96842055261106	-2959.103185412029	1634.1158593640046	16016.689805896522	17.052824118708973
?	363.2237891049414	4885.5727400526885	63.79323163730154	-241.36259311843855	513.4855990551548	935.7248884975619	1818.5076382093923	-189.3284335348035	8.973138604135992
?	462.20153366049675	-2938.973220310186	59.207863123064634	72.29187423363212	542.7546649774898	4431.802310969959	1624.6494376872643	-6503.469197275679	-1
?	216.27512808942998	-5238.473149048328	67.4078253489832	119.28568962873344	735.0757146036559	1181.1600664851553	1493.3341783456037	3078.283839353123	7.028325882801168
?	200.27787620807666	-253.8133411728567	65.17214760450139	-249.62185259839103	601.8126683017484	-673.1665200651237	1778.5636296549226	3752.815855063606	10.135394117844182
?	203.58446103078697	-4025.557524161476	54.926732719063466	-278.59973505336444	701.4173886003993	1780.5044628554808	1680.9749710987867	503.4468077096127	-1
?	-1	88.71257826240411	51.24216085183297	218.5081402721028	690.8378914445237	-5770.3885702483485	1803.7359700404036	8270.431084959446	-1
?	208.02008994390724	3947.6972349063353	65.85213973266876	91.90559405948147	412.8979600879777	-5197.296931251122	2094.496525346765	3878.719188301074	12.568536118333176
?	196.38486174531957	1958.8353957993031	55.83744055480711	26.910915030454035	430.9730448819639	508.4334747714566	1997.67192945546	894.8286227560184	10.514381798657693
?	305.9618597338738	1982.156989591858	67.19768548419148	312.33534114912624	438.3196338265509	-796.8364041642656	2139.2379564845664	489.5472127502875	7.089715878057798
?	295.4927112249139	-226.4420776285876	71.45420761226364	-122.36962827812687	391.13122467375007	-504.9685550605474	2022.1492900929748	-1176.5533798706397	14.307447221607342
?	294.63975585244424	658.2877186826315	61.07920407028505	-306.923388708687	413.0712060735232	4194.097828640468	2080.4102874910336	-4743.821074435951	-1
?	328.4070971590459	-2.429736519179607	56.108038176829076	219.3718341009226	600.8361161057765	-1438.9331057072275	1784.9582363711738	-14333.204306655203	-1
?	294.51826902648526	-1675.995322492508	72.04779577533134	199.23029198750854	341.1245507881608	-5462.995765200897	1363.7500721582633	-8226.774080632396	9.728435514721621
?	244.60733103441933	-1063.7957059497908	66.06955277620465	-53.59758607115206	327.6863278457277	2281.0317439539817	1373.6195323395482	2949.2521007009773	13.199144952174768
?	241.32848372899497	-215.47124923556999	69.3679164717737	79.94495674581032	455.1761379858615	1269.4595837541399	1511.2126771933142	1321.4657476211862	15.316479032326049
?	233.83376857264068	-4826.5696745798305	70.06680061349522	-1387.3583294354542	391.1593070334356	-9103.5227597171	1439.6928197206084	-30224.253543865856	15.087481925301885
