rowLabel	avP	dP	avI	dI	f1	dF1	f2	dF2	h
?	128.06999871329262	2346.1778651512122	73.26783389998643	1434.4159484313793	369.04848245100345	10388.697125805396	1649.6093440845739	31967.31613450883	13.7245638221723
?	117.30889325756063	-372.7636698183042	71.72079742156898	-90.58279586768691	519.4348562902699	2158.1043082442316	1598.3658067254416	-3411.562537382747	8.81164371449007
?	109.43181522237741	-140.40310681671878	68.73869410660208	-251.67326675690083	476.95369786321504	-1587.4916219492031	1479.0312172154365	885.7739671388659	8.366397114693537
?	110.28873791672468	-2208.636304447549	59.13713408372393	-59.14743603055628	440.0602751928097	3068.5591225637468	1642.654505082385	4818.216027321297	10.710408226459098
?	-1	-2225.774758334494	65.78132230507427	-58.02845088262502	630.3816539914024	3194.530806384493	1719.9420185815013	5308.918107222822	3.1258147308436683
?	-1	0	56.23571153959268	-233.91041820889376	599.7868155120343	1806.8139681016673	1908.100410443526	4910.629989890345	-1
?	-1	0	54.085801394629584	-182.96495547686706	720.7223523964857	686.5876468956595	1965.4735180760185	-2144.7648299876987	-1
?	-1	2163.517231686657	47.08746376574933	246.2602821986403	634.1161978568173	-4950.422056583916	1800.862168944141	-10138.615476708681	-1
?	107.17586158433282	2050.736475041468	66.3988155045616	366.6947171818634	473.20124956728995	-2877.7350735916293	1458.5427442405846	-19136.187943396162	3.174408369744548
?	101.53682375207339	-224.57830743284012	65.42219962484249	-142.84303298506276	490.22944417723585	2051.33906028479	844.0527717743332	1317.6246183925425	9.322984183096077
?	95.94694621269082	-2050.736475041466	59.25666385530846	-314.10040311095884	575.7682025815294	4025.8781783921495	1524.4239751602117	20910.711054094943	12.96025728998237
?	-1	-1938.9389242538145	49.717179469294535	-61.37219088152813	691.5233530968435	10153.08458108195	1889.5883244790814	15600.993434010046	-1
?	-1	0	56.18805431123205	2.7157281934061905	1083.4224316356274	7799.049325948237	2304.473646860715	9848.244550829564	-1
?	-1	0	49.852965878964845	-299.15811556937285	1081.4758193942557	-6336.144211094848	2382.00055202056	-9379.597832566406	-1
?	-1	0	41.230148532763394	187.7801306174349	766.6152210808847	-1102.359927243937	1835.493755232394	-3847.1861761562523	-1
?	-1	4012.408159247569	59.2419724098366	570.8973324757166	1026.3578230320588	4095.5316944422893	2189.641243212747	3442.4142888771134	-0.6970250903008236
?	199.62040796237864	4240.201022838727	69.77501515654924	-44.89475263168582	971.3918058029993	-5467.745213657465	2007.6144696762499	-4760.677169815758	8.123947848568339
?	211.01005114193654	-4012.408159247569	56.997234778252306	-420.4860403568879	752.9705623491853	-7254.75797653326	1951.607384721959	-2065.7315084226393	13.93300738856728
?	-1	-672.3224997090603	48.75071313870483	151.3459952469482	608.653906976336	-3070.1619920220396	1904.3278942551178	-10394.119608004803	-1
?	177.3939261564835	2900.5663365759187	64.56453454059972	443.37447551656726	599.4624627480832	-1255.109673193919	1431.9014043217185	-14094.406219369357	6.465901076214081
?	144.02831682879574	-1043.1418424745668	70.91943691453317	64.87252934328689	545.8984233166401	-3883.118702824106	1199.6075832866509	2404.5999967272496	7.44940144404615
?	125.23683403275511	-568.6611619309466	67.80816100776407	-23.74342866867861	405.30652760687775	-3181.1653778227815	1552.131404158081	10229.90012707041	13.947975985066893
?	115.59525873224838	-527.4153219038386	69.73226548109923	-94.51461744871116	386.8401544255009	160.9340625198341	1711.1025896401718	10963.573671251064	13.720869049033194
?	98.86606793756316	-322.07428873394235	63.08243013532851	-263.70928523872925	413.35323073286946	15127.08132664322	2100.310087720635	12190.65684202886	8.703336573908166
?	99.49154429555125	131.20505942389133	56.54680121916276	-24.123061401525497	1143.1942207576626	1562.7859933284456	2320.6354317416153	-7134.567901177223	-1
?	105.42632090875773	-2009.8308859110232	61.87627706525223	-21.601646230709814	491.4925303992918	-9355.100477975791	1743.5816926617733	-6041.379999339901	9.762428575828052
?	-1	-2128.5264181751527	55.46671890762727	-247.0463389359947	675.4391968588726	952.595853324605	2018.56643177462	2042.368872799846	-1
?	-1	0	49.523960118452486	-224.01222457874889	539.1223230655221	-2680.62141421507	1845.7001363017657	-3348.5479069368025	-1
?	-1	0	44.266107678689814	46.050296216450405	541.408126148119	5384.126252554344	1851.1390364277797	3614.7560703333797	-1
?	-1	0	51.82647492927501	-7.496586209610421	808.3286356932396	7411.876337030451	2026.4379398184349	6501.50176251478	-1
?	-1	0	43.89127836820929	-31.77880787279716	912.0019429996419	-5432.269974827991	2176.214124553519	-4320.609500302954	-1
?	-1	0	50.23753453563515	159.40198063191033	536.7151369518398	-8354.88560655553	1810.407464803287	-6020.88056167372	-1
?	-1	0	51.861377399804816	92.11558577216357	494.25766267186503	-815.5597443863046	1875.1700964698327	1813.2376351483147	-1
?	-1	0	54.84331382424333	75.56391322313822	495.9371497325245	3205.4205840477885	1901.0693465607028	2610.736510772474	-1
?	-1	0	55.63957306096173	-51.31038326659858	654.5286918742546	5504.217754483468	2005.7069220084566	619.9622915171307	-1
?	-1	0	52.2777946609134	-171.28327816819592	771.1480374566982	1018.8402537510538	1932.0674611365594	-2794.350697657462	-1
?	-1	0	47.07540915255193	-196.64943872870663	705.4707045618073	-1864.507734892655	1865.9893871255833	-973.4703175277891	-1
?	-1	0	42.44532272447806	239.0814826656753	677.9226507120653	11950.551408080355	1883.3939452601699	10480.557860895364	-1
?	-1	0	59.0294832858357	508.7078394334794	1302.9982749658257	22873.13494570716	2390.017280170352	15595.65490843221	-0.03403651104270897
?	-1	3910.2610228534736	67.88071469615205	197.13302993434354	1821.5793979974244	539.57937061107	2663.176690681781	5117.9343785889705	-0.9768527721650946
?	194.513051142673	3912.2662142406684	68.88613478255284	46.16133055563227	1329.977243496379	-29397.85684949506	2645.9139990997996	-10323.450918871595	2.605317221967126
?	194.61331071203273	-492.2043218826537	70.18878122393366	-27.363720362267355	351.6865555226767	-20982.163193372806	2147.004144738203	-10807.602250000065	15.661408683138188
?	169.9028350485404	-624.4862035929106	67.51794876443948	-45.37524083645098	280.8690838277426	-135.64902558805377	2105.5338865997983	700.7825544514187	15.492841203248798
?	163.3890005323873	-53.84026285818512	67.92001918211112	131.14707755451366	344.90410424327405	1806.9052001007453	2182.043272460774	-11646.350366951174	13.114558690307714
?	167.21082190563115	-266.5044064163673	74.07530264216514	-48.24072615277021	371.21434383277955	746.2733842914773	1523.2163682522416	183.23737727795626	20.32046308264102
?	150.063780211569	-358.6214032350291	65.50798287447262	-162.28130568637198	382.2177734578478	-294.2749578765505	2191.205141324672	8664.286579641179	13.699412190506612
?	149.27975174387976	199.45003087059106	65.96123735784657	122.2357736649626	356.5005959389521	-486.9298534582714	1956.430697234299	-19464.10191146491	12.987467331977603
?	160.0362817550985	224.05186696470844	71.61977155772073	138.82341558240958	357.8712807849343	-585.863025676342	1218.0000457514298	-9895.644543110997	19.993218686173925
?	160.48234509211514	218.12097430366143	72.90240813696703	14.428520305212993	327.2074446551351	-395.39624448381943	1461.648470078751	13200.666042845465	14.234202969840698
?	170.94233047028155	570.261099194751	72.34119757298137	88.66884658643019	338.1014685607434	1043.2999514022688	1878.0333478937007	12081.65686109084	16.161216953820986
?	188.99540005185258	357.47330764522826	77.33585046628852	-145.84544032453317	379.37244222524834	715.3170604606125	2065.7313131332908	4877.088320196448	19.0773787890943
?	188.8159958525429	25.122602066443367	65.04892555675474	-334.676010609643	373.8673215837739	1446.7504489139442	2121.887763903522	-983.4658071863477	12.774877835778495
?	190.25153015517475	-1496.3286883361945	60.60204993580643	43.82536185912231	451.7099646709453	1852.512042946216	2016.5580227739736	-17101.0466976915	18.788000327421532
?	113.99956143573344	-1718.2078796141461	67.24019364971085	132.24803775178975	466.4929237310844	2193.141978224911	1266.8354290189502	-10819.788705819376	6.152605409745399
?	104.34113617446775	-275.5890940463719	67.21445182339589	-59.213604318805935	561.3670635821904	-346.01845477666654	1475.5685874830067	10133.221626901353	10.788227835439063
?	100.2201067334149	-167.666549445639	64.27951343377056	-80.67508707220426	449.1920009922511	29048.20902080126	1773.496510364016	23824.96863939763	11.646567966670354
?	95.95780870218583	-2024.402134668305	63.18069746978569	51.43510551196631	2013.7775146222482	30605.431103798855	2666.817019452884	14631.334732482854	-0.4442597108650521
?	-1	670.9971989428792	66.85126870936887	162.60954079090496	1979.4635561821883	-24980.039551865622	2505.063246988156	-15139.9967238319	-0.9826507203996682
?	129.50766864932967	2793.3738381304165	71.31117450933091	134.6111870402418	764.7755370289715	-28869.05042063227	1909.8171832612916	-22125.21679845965	7.1286863677304995
?	138.66869190652034	374.04178356899666	73.58182806138093	-9.350842201414798	536.0110351505799	-6233.204565576986	1398.8024070651777	-6679.55137968761	13.825531968456028
?	148.20975782777944	-156.30679815740677	70.84363239926017	-120.01626118669023	453.1153087501233	-4135.802373113524	1575.8396142769122	2645.118146434061	11.644276906652605
?	130.85335199865003	-874.1694372727676	67.58101500204644	-69.46832522579508	329.2209164949045	-2811.30724560361	1531.0583143868803	-3487.833973764726	11.92422805031659
?	104.50128596414122	-854.5339654708498	67.37021613797043	-155.1880245253211	312.5499464699433	1525.2551997787803	1401.4479155886766	1451.8650013297572	12.804704874157162
?	88.12665372510769	-2110.0257192828317	59.82161377578041	-363.0913832708409	405.4836764838432	3367.5066128399903	1603.6515644533679	5217.9649094830575	4.192608581559446
?	-1	-1782.5330745021602	49.21564697442845	-177.74217144710767	480.9252771119422	4127.671430764917	1662.3461610628285	3144.850249985618	-1
?	-1	0	50.93450520342506	1.1773762136790864	611.8672480220884	5860.71512468078	1760.8940769526482	4620.007624543949	-1
?	-1	0	49.274515785112406	-127.95464872742744	773.9610333459801	3724.0568325079034	1893.3465422900251	711.6140609092852	-1
?	-1	0	44.53677276705371	-98.6093935631667	798.0700896474829	10249.395743586472	1796.4747799981124	2617.3207891285892	-1
?	-1	0	44.34404610695409	-96.31772995246769	1286.430820525302	6594.612259682688	2024.2125817464541	4578.42384106418	-1
?	-1	2955.693310592549	39.720886269430345	437.8013687082236	1127.800702631616	-12856.546334463721	2025.3959720513205	-15175.005140571315	-1
?	146.78466552962692	2718.1330784638144	66.23411454236519	681.9092150514263	643.6035038021181	-14855.224551463269	1265.462324717891	-18929.25421296752	2.4681874708368365
?	134.90665392319025	11.482802819855392	73.81634702200154	141.47178106086778	385.03947505845537	-6738.288924467079	1078.933261402948	-3097.2079892751362	7.8192596031564445
?	147.3588056706197	449.8722989943484	73.30770359540856	-2.510643563530559	306.68905757876536	1229.6107829576122	1110.6019252541348	-1248.4561998971822	19.56101102105963
?	157.4002688729076	392.23287998372797	73.69081484382501	9.76751962250777	446.52001420633576	2865.737688057309	1016.510451408089	-2248.1337658666225	11.404897025733987
?	166.97044966980602	56.98501196235233	73.79607957653394	-52.86132269171209	449.9759419816303	509.8902952671933	998.1952369608041	6713.173108645989	18.283097461629676
?	160.2495194710252	-3359.4089933961322	71.04774870923941	-120.95271057939058	472.01452896969533	5154.491007560505	1352.1691068403873	30826.78301997277	12.90645633158265
?	-1	-3224.9903894205154	67.74844404756443	-80.92540420255347	707.7004923596546	6575.4510085445445	2539.534387959437	24508.720767442093	0.11004282392861527
?	-1	0	67.00147849911176	-55.933317269776154	800.7870793969214	13343.400549801338	2577.6051452124875	1222.646523687922	-2.839414939833956
?	-1	4353.360835784643	64.95177818407564	0.583926246959836	1374.8705198497191	-9099.165660216668	2600.666714143833	-11043.755581597028	-1.5199148187163458
?	216.6680417892314	6532.804225435583	67.03067481145975	-229.9322749722344	345.82879638608966	-19959.457329875975	2025.417366132638	-11077.228068596745	3.7463269625959237
?	325.640211271778	-1598.4349532221268	53.455164435463956	-205.82175784129848	376.897653355924	-21.195093031287872	2046.8053107139976	-27.485754849203754	-1
?	136.74629412812536	-3837.986450360591	56.73958691939486	399.4661628855684	344.7690417345253	-1327.6149607709058	2024.043078390178	-2574.2225236710055	8.584578086455597
?	133.74088875374915	-321.43567245419945	73.4284725797423	313.97290541353965	310.5169053173789	-237.6302530778284	1918.0941845304478	1458.650489891839	11.275220087134922
?	120.67451050541544	-188.87018609795075	72.43823219007179	7.615984151445643	332.8875290806339	1713.3865974281473	2096.9756028847696	-3204.383866693395	16.010594605160826
?	124.29737944885164	141.63954246144266	73.80927178731459	-2.998456173986039	396.186235188786	3932.103637295303	1757.8749911957786	-9638.183271952941	13.286398614259246
?	127.75648762848755	-32.77856767067772	72.28830938137249	-115.21983428502564	529.4927109453984	2635.494776655517	1615.0664392871242	764.5518894712159	10.907489608367197
?	122.65845106531776	-2575.12975256976	68.04828007306332	-92.46724584978101	527.9609740215614	13660.433568018996	1796.1025856693393	16655.336295261615	3.4591794429508207
?	-1	21.766074330044	67.66494708888345	-15.210020230474068	1212.5143893463458	449.57339050430323	2447.833254050202	6273.184744233522	1.2711801073401536
?	123.74675478181996	2237.5428731582615	67.28777906153962	49.38958372906132	550.4396435467764	-17802.748859876232	2109.7618228810143	-7130.965514206153	6.935191860959715
?	110.87714365791268	-152.3978714342709	70.13442627533651	-66.13427796369602	322.3769463525373	2950.771370393626	2091.2849783398956	6394.857666642424	14.423442194188208
?	116.12686121010644	25.713606038719753	63.981065163354835	-272.5600050222074	697.9782120664572	270.0488702861274	2429.5047062131343	465.7070874219806	4.932384148614483
?	112.16282395984867	-2342.537224202137	56.50642602422619	-236.68703109707906	335.8793898668436	1223.98554836682	2114.5703327109945	1299.79554917712	-1
?	-1	554.3373572612563	52.146713608500924	265.3504449926616	759.177489484798	6897.566473269963	2494.49448367199	-9460.321330752642	-1
?	139.87969182291138	2627.5878394551028	69.77394827385922	406.72219790197846	680.7577135303405	-4164.859241513463	1641.554266173364	-11515.961155231802	10.20117926413446
?	130.37939197275466	-2817.5938364582375	72.48282350359978	56.88975367277655	550.9345274091256	33327.87142276407	1918.696425910402	21134.64808489674	8.537239948377325
?	-1	137.4213457199203	72.61843595749804	-62.06899362536455	2347.1512846685378	26298.435461738256	2698.2866704181974	14433.87888308887	1.5750812081904426
?	137.25045925875065	2435.169092340094	69.37937382233156	-23.916916405270655	1865.8563004960338	-39593.43746174365	2640.390370064843	-11842.55411948017	2.58754776035873
?	120.75845461700426	-693.2678294214795	71.42259013723451	-84.53502555563149	367.47941158136217	-12081.865484149059	2106.158964444191	-4338.1094999441	9.821457578770346
?	102.5870677876768	-2435.169092340094	65.15262254455	-141.6800245278332	1261.763026288583	33440.718070566254	2423.4848950676387	12797.779293331332	7.325673134415265
?	-1	-121.98009628437276	64.33858891084287	-51.31266215992203	2039.515315109669	-6739.111031877786	2746.0479291107554	378.07148862881286	0.40080922207848113
?	96.48806297345819	1881.6424636151455	62.58698943655391	-155.98981655119968	924.8074746946949	-34404.961887888334	2442.3884694990793	-5931.11738169145	7.287345976963897
?	93.08212318075694	419.95165249437184	56.539098083282916	-174.74200573573106	319.2672207152583	-11606.21842963451	2449.492060026184	-3166.9227593061282	-1
?	117.4856455981767	4419.454640242047	53.849889149767385	201.60868493737865	344.49655321297143	2055.181872741055	2284.0423315337734	-10754.54491795993	-1
?	314.0548551928585	6544.229595856895	66.61953233015181	274.9319849389889	422.0263143523107	2157.3039077424196	1911.7648141281893	-10857.035655494281	4.064354013888547
?	444.6971253910203	-4090.502809731684	67.59648839671678	3.2712277392266857	452.361748600092	-38.12087941037489	1741.1905487590614	-5145.977779213663	7.499506953959336
?	109.52971470627503	-6939.051151008536	66.78309371711315	-167.78480852131398	420.12027038179195	1891.351791824477	1654.465925167507	2655.899556294931	8.425202787872582
?	97.74456784059473	-2210.5942941255084	59.20724797065111	-128.6732773449528	546.9293381913155	8465.858396256472	1873.9855265738074	12558.173470294732	-1
?	-1	452.99061757523833	60.34942984986553	71.86437793369248	843.413190194614	320.52490421093694	2282.3745986822414	-1953.3284995176998	-1
?	120.39409871935656	2258.127267651175	62.80046686733572	170.54239080924506	562.9555834018623	-8906.471463938799	1776.3191015979228	-13411.598768942296	4.655312993980584
?	111.90636338255834	-194.44060596811437	68.87654939032775	21.786288890023478	398.08961699767565	-5208.3552941667085	1611.794660235129	1916.688796652113	6.8426034561325775
?	110.67206842095088	89.1863761623438	63.88978131183689	64.86579763294793	302.5378186935278	-1439.134524680482	1872.153541430528	9671.870860032475	13.145534917920145
?	116.36568219067551	83.66417286067959	72.11983927197514	145.6851205398369	326.1328907636518	3089.78025740496	2095.388203236751	-98.41057491816208	16.420698795152497
?	114.85527706398484	230.8676867978991	71.17403733882871	-207.95629312513572	457.02683156377526	4281.478666545889	1867.23301268462	-10292.569364114066	8.398960329856049
?	127.90906653057043	4742.794464624282	61.72202461571839	-169.49183128660397	540.2068240909455	-178.09133507535142	1580.7597350310496	-15000.027886674701	9.40014189379676
?	351.9950002951981	480.9772802378589	62.69944577449854	-87.59100976180807	448.1222648100077	-2218.45941465598	1117.2316183508876	5925.502413613638	3.5631172715710293
?	151.9579305424633	-4199.476107797618	57.342474127628	244.5293216862996	429.28385335814687	-650.3123066026751	1877.0348557117304	583.9136698343439	4.925945984957695
?	142.02119490531794	-570.0473624765411	74.92591185881348	116.89077533899534	415.6066494798741	-921.3744636500893	1146.4273018426047	-7829.211326683331	9.014292327677193
?	123.45556241863633	-2860.423898106369	63.18701289457775	-362.7285985054371	383.21513017564257	730.4591178721549	1485.5742893775653	12539.00765970377	9.361344027326137
?	-1	149.78688549977218	56.78948193354169	200.0470781986762	452.1296053734817	262.0942169359191	1773.377684827791	8105.706596777097	-1
?	130.94490669362492	2317.044304516381	73.18936680451152	90.3230460809046	396.3198410224385	-1741.5878459413857	1890.8596192164187	3115.7006735833165	7.451475127154441
?	114.85221522581865	-2638.8981338725075	61.3056342375869	-396.5625731410208	365.0502130764127	2266.203242796827	1929.1627185069563	-1675.5454820434775	5.710308045884773
?	-1	373.3758349409685	53.361238147460554	154.14093683658106	509.6300031622794	2707.2931888171483	1807.082345114245	-11919.205711044935	-1
?	133.521006972867	2601.456931046846	69.01268107941593	398.0927381429987	500.41487251726966	-1293.8666794340759	1333.2024329547116	-7565.109380739514	5.785148750621292
?	129.07284655234184	-146.63574003679764	73.26587505461042	-1.0033722986827378	444.93666919057586	-3612.101509590224	1428.8268760772708	3649.545873609513	11.675543010478323
?	126.18921997102716	-261.2284503836063	68.96251246448179	-108.3679946723431	319.8097970377591	-1055.1373812532759	1515.6797266351866	3534.629129613194	17.41292093185732
?	116.01142403316157	-81.26444992349633	67.84747532099328	-290.3420324608425	392.17980012791224	2504.650415074412	1605.5583325579298	1894.8221151973144	7.065919729410364
?	122.12599747485235	-2340.2284806632397	54.44541084143972	-286.7299721205176	445.04231779147926	6112.68132478665	1610.420832395052	3148.6048156405764	-1
?	-1	-2462.5199494970557	53.510976714967455	-91.04936399587633	697.8138663672437	4729.870379208071	1762.988573339958	4617.115070798944	-1
?	-1	0	49.89294264164592	-105.12301670915684	681.535836751882	1741.8135650650531	1841.2765859349984	1424.611970054289	-1
?	-1	0	48.25482587950963	-55.26677048329665	784.904544620496	3400.2613103534973	1834.2191718426723	29.736822833174408	-1
?	-1	0	47.129604117481094	-61.29732750750528	851.5489022695563	788.3544300354794	1842.763427076657	-1852.6789974075766	-1
?	-1	0	45.18995950413438	-22.599404548117203	824.3222661222699	2721.257016224959	1741.5852219722938	1102.2299308271288	-1
?	-1	2114.072355884973	45.99963389007524	383.29414348336763	987.6117530808037	-6989.9712748858765	1897.8749236180133	-4061.877957775406	-1
?	104.70361779424829	2337.643752646454	64.35466667830269	536.8474472065215	474.82370237797727	-10316.019725279511	1538.4913240835242	-8373.543527019721	9.896887484784566
?	115.88218763232227	17.297063321000852	72.84200625040121	132.19419807663363	471.8107668168299	-432.15205104513115	1479.1977472670287	-1683.013528625453	10.560922387865046
?	105.56847096029833	-152.98654518728424	70.96437658213435	18.38327787761137	453.2160998257208	-642.4570663240093	1454.3406476522518	-42.824183798416165	15.615688417491654
?	108.23286037295809	-21.323515625027273	73.76117014428178	-19.01126935976016	439.6879135006296	100.48015282888322	1477.056538077108	-53.99409179934556	21.128688249372132
?	104.50229517904697	-131.9825525681158	70.01381311414635	-106.0884479422064	458.24010746716493	426.20131966711637	1451.6409430622846	-626.8714791709749	17.74802020874166
?	101.63373274455232	-45.100055377354686	68.45674774717148	-1.3960100165246607	460.9979794839853	-321.99726560437057	1445.7129641185593	1414.3924763677346	13.046143387313652
?	102.24729241017924	7168.363346935965	69.94401261332011	-76.48003078670114	442.14024418694646	52.15900201024074	1522.360566880671	2107.4207205824296	13.390239258541971
?	460.0519000913493	5768.429342313238	64.63274620783643	-114.67439193319889	463.60592958449735	-273.9736865797975	1551.0840001476804	632.8634621384367	3.3699837697192807
?	390.6687595258401	-7036.050100643308	64.21029301666019	-79.52180429730348	428.44155985795663	-2927.3591424357164	1554.0037399875928	917.8506620077802	8.222832624220525
?	108.24939505918515	-5800.370033344585	60.656655992971274	-196.84405555693672	317.23797246271204	-2499.6430544168743	1596.9765332480692	755.7260939683902	-1
?	100.65025785861182	118.91621854961315	54.36809023881339	-9.569977141410424	303.4594071371134	3859.6674204322235	1591.7900446860122	5437.103916537463	-1
?	114.19520598666578	88.86883338867821	60.178157135900754	339.36495187924714	510.2213434843225	2443.7126340365567	1868.8317290749414	-1734.0276049143192	6.599751595748946
?	105.09369952804572	-268.7717562067739	71.33633783277568	162.54752590036773	425.64503883894076	-1200.0271963961459	1505.0886644402965	-7316.38705025316	16.077660379948323
?	100.75661817632714	-88.02209816213494	68.30553343091911	-41.61752955564496	450.21998366451544	876.7558489978725	1503.0123765622848	-1881.1405713774523	18.07103976601757
?	100.69259461993899	-29.227948777719167	69.25546135499344	8.869036657186516	469.48283128883423	402.8056053640515	1411.0316358714242	-1712.2606386567184	20.23851647718705
?	99.29522073744118	-32.655320149821534	68.74898526377844	-11.261025856131011	470.36026393271794	84.53570232155501	1417.3993446294492	-53.49059826551203	20.186890480978484
?	99.05982861244792	-67.99990300866337	68.6924100621869	-23.232342620802708	473.70961640491197	25.045800820281645	1408.3571059581486	-108.02280928891416	19.19336733368682
?	95.89522558700803	-46.69591558421546	67.5873681327383	-31.994293648192638	471.612553973732	-293.16225128875533	1411.9982041650035	-441.9088552077317	18.564950565836867
?	96.72503283323715	-13.454958064825794	67.09269537977727	-33.933633724592035	459.05150384047425	-253.33643154122205	1386.2616631977621	-893.0019676559218	21.51545718296114
?	95.22247768376674	-131.9050033828599	65.89068644650871	-71.41874178880923	458.94573239667096	-437.139836231634	1367.3481057822075	-821.1738949230205	17.150268875645292
?	90.12978266409418	-37.654805891737475	63.52175829033682	-84.77233804127637	437.19451202889263	-841.7573296722226	1345.2029684516112	1598.8416555856213	15.067804553062958
?	93.33973738917987	180.78146678053835	61.652069544444906	-65.72407533592519	416.85786591306	-1866.3687167758687	1447.2901885614883	3950.738892732252	-1
?	99.16885600312106	382.3450035289033	60.23555452354057	103.04881836084314	343.8760761900995	777.1478712044375	1542.7399130882231	4844.244463271615	-1
?	112.45698756562497	448.0108050425055	66.80451046248705	268.8775088067639	455.7152594732817	4536.288461355487	1689.5024117250682	-1091.8546823190256	8.673517437355914
?	121.56939625524626	77.942339266379	73.67942996387872	-42.21516345313504	570.6904992578731	2784.323500603966	1488.147178972272	987.6594084850093	14.048559867220252
?	116.3541045289439	-60.500274651407366	64.6937522898303	-176.04296368727523	594.9314345034795	1918.081545443938	1738.8853821493185	-457.53318710434706	5.80591168250928
?	118.5443825226759	46.71255154341696	64.87728177951499	64.93661506434785	666.5945765300696	-62.86937079844869	1465.2705196170548	-4533.667010647198	6.039458831269068
?	118.68973210611475	232.52533755603918	67.94058304304768	115.77311442847963	591.7879659635571	-3477.4487641905507	1512.2020316169594	1202.850352767888	9.932236645130477
?	130.17064940047803	143.7004344374588	70.66593750093905	128.4114105900183	492.7221383205396	-780.6836909970959	1525.41303725545	-541.1988978162631	9.500870950639776
?	125.87475382798779	-293.1981529365198	74.36115357254869	-251.42165765550655	552.7537814137017	2039.2243778817187	1485.1420867261459	-2575.119256291564	6.755231437106436
?	115.51074175365183	-2537.4950765597196	58.094854618163545	-281.2652588487697	594.683357214627	1419.51415795475	1396.65707444087	9417.648174439062	-1
?	-1	-72.44911140782659	60.297890630110004	183.83469565402103	623.7294893114403	-4893.17134540287	1956.0244954481057	16251.04566561286	-1
?	111.88828618326045	0	67.28658940086473	-151.80735123385728	350.02478994448	-3143.310692106124	2209.2093577215246	504.19911137360225	9.101325590992428
?	-1	-2257.7657236651767	52.70752306841703	-437.1748922133293	466.5639547061318	7628.195130951728	1981.2344510167861	-1950.6340551605076	-1
?	-1	0	45.42784479019795	92.88770851017243	731.4345464920718	1474.149251397592	2111.677654963498	-5990.911904558671	-1
?	-1	1725.883911764783	57.35190849392572	323.26037469551335	540.2714172760125	-1760.4025236033158	1681.6888557888483	-16465.814379668125	0.570115122337539
?	85.29419558824039	1986.305113433361	61.59086352497385	92.11535916761204	643.4144203119048	-1940.3653547702627	1288.38693598008	-164.39605871284806	8.186780604100521
?	98.31525567166946	136.04540934403025	61.95767645230639	-57.609445503908496	443.25314953749796	-5133.864283964813	1673.4690528532058	14681.712861609612	9.497457028766659
?	92.096466055442	-225.28091490164448	58.71039124977838	-2.621661947158989	386.7212061136605	24053.92416851741	2022.472579060571	20831.498042359217	9.815305638878982
?	87.05120992658708	53.56571030681929	61.826593354948436	147.29269100565165	1645.9493579633856	5815.4636948071075	2715.0439549711814	-7378.949215593566	-1.6723710075320395
?	94.774751570783	104.12722042969074	66.07502580006107	66.66575025527327	677.49439085402	-18073.361596778024	1653.5251182808875	-13614.945632079827	0.30472660668377394
?	92.25757094807169	-1915.4950314156326	65.15988086771215	-67.35885670890501	742.2812781244716	2227.830121847742	2034.2966733671803	13784.242390484482	5.90184586949933
?	-1	634.7073999115552	62.70708296461577	-145.8021372632327	788.8858969464087	3635.5349925350815	2342.7372378051214	-1768.4013414728154	-1
?	123.9929409436499	2415.707662808207	57.86977400455041	93.11456081461041	924.0580277512282	-8047.902800043792	1945.8766062935383	-24946.807864457056	-1
?	119.78538314041205	-274.42846356292284	67.36281100534636	226.11775727984926	386.4907569442134	-10171.891109203269	1095.3968445822509	-6585.9129359226445	16.28561515022944
?	110.27151776550356	-252.98912301031135	69.17566186854303	50.841931271360025	415.4634722910576	-893.0082696965017	1616.5809594974014	-4621.710697108459	16.407854233701926
?	107.1359269898963	110.56094987673374	69.9049075689144	86.31986498140483	341.84034345938767	-918.6293750866872	864.3113097268247	-15696.09631817309	19.570302095439338
?	115.79956525934033	301.2123852239557	73.49165511761333	103.91200630243185	369.5320035367226	1001.5258120397328	831.7761435887358	440.2033026460623	12.952954174426111
?	122.1965462510943	18.400462286964533	75.10050788403606	-118.50102226973009	391.916634061375	1036.2725007048687	886.3214748591281	7686.968958407069	17.846397341694647
?	116.71958837368857	-144.0196590227165	67.56660400412675	-437.292929538904	421.34562857196676	3822.053659289482	1216.1245915090947	25292.60312232403	6.994030371056096
?	114.99556329995838	83.07470254642222	53.23586140709055	-66.39482118750797	583.0193170258518	1200.843746435271	2150.9516309753476	11116.506388050871	-1
?	120.87332350100974	-43.03513198108841	64.2468629447513	374.729542688196	481.38781589373116	-3556.3483870615205	1771.9499109116462	-6039.439809990941	4.4079762036786025
?	112.84380670090393	-225.78080268717335	71.97233854150062	-153.58337822688392	405.20189767277327	-1506.272223047936	1848.9796404757963	2270.9672871947528	11.53603760025367
?	109.58428336665091	969.2225937726319	56.567694033406994	-263.5542400140718	406.0742047413333	5342.563989063109	1885.4982752713854	-2705.5132938863176	1.069065528830898
?	161.3049363895362	429.1785541271351	58.79462654079684	325.21484217899166	672.3300971259325	476.45071618117987	1713.7039757814784	-9806.797540915115	5.095934589573469
?	131.04321107300797	-1101.1504462421228	72.82843614235681	111.35420069034082	429.8967405503926	-6622.809795915223	1395.1583982256227	-4101.826412680299	5.087175011604729
?	106.24741407742928	-594.7305655473006	64.36233657531396	-210.11889910358633	341.18960733016667	-1138.392988885647	1508.6126551474606	5196.327791766015	10.188762914651177
?	101.30668279564252	-134.27501303947147	62.32249118717734	41.06719057259197	372.97709110610947	4758.97106609881	1654.9747878139272	6414.663495094633	12.373629289240665
?	99.53366342545562	-2046.1336559128213	66.41569610394359	10.678633749986792	579.1381606351106	32199.923879375736	1829.3458299021968	19578.424502742273	10.160011838552517
?	-1	614.9116645515514	62.85642287467669	82.3831092959787	1982.9732850749192	9230.217906846328	2633.8960129510547	11027.768225038079	0.7746135890372432
?	130.27924665303362	2500.061357578444	70.53485156874258	198.55471398288802	1040.6490559774336	-31168.943526575098	2380.7342411541085	-14587.983917373584	5.857765571808563
?	124.00306787892399	-342.6489652396938	72.78415857382123	-22.671992469139145	424.5261087461421	-12248.680375031941	1904.4968170823652	1609.542667516739	12.62255579501858
?	113.14679839104869	-2500.061357578444	69.40125194528561	-161.7743310054362	428.2150372258278	8873.400467645875	2461.2113745299466	15872.731944256562	1.2748765319093454
?	-1	-2282.935967820941	64.6954420235493	-172.61970085240148	868.1961321284422	21984.347463043046	2698.1334142952046	10357.34260077861	0.25957822441747935
?	-1	0	60.77026690266541	-32.94265097304357	1527.432410377996	29536.511690779134	2979.0785045688845	-610.1262657338343	-2.051282518054673
?	-1	2207.78572753909	63.0483094748971	196.63015115976043	2345.0217166674197	-22227.19518961698	2667.6271010085125	-23269.040093472686	-4.5701065006842105
?	109.38928637695608	1804.854908540772	70.60177446065357	16.638802852376433	416.0726508971311	-37232.97493929599	1815.6264998952336	-17417.626843203136	4.7712307211874005
?	89.24274542703988	-345.85049860227366	63.880249617515936	-247.7639685047288	483.3729697025939	2604.738525701359	1796.7457588483433	7870.759931161803	8.210369828038106
?	92.09676144684215	-1804.854908540772	58.213576035416956	-292.5463333975335	546.3095771822009	1094.8848470419834	2209.1644964533293	-710.4441073959914	6.5685376590552105
?	-1	-1861.9352289368167	49.25293294763905	-168.92008613408908	538.1172120546938	2869.2242990220984	1761.2235534785432	-8313.314628453132	-1
?	-1	0	49.76757172871238	66.7714558037027	689.7707921333079	5023.039569085783	1793.4987650306668	4578.543587054408	-1
?	-1	0	52.591505737824235	57.283538930290554	789.2691905089865	3167.1638056286206	1990.1507328312669	3791.8108207012856	-1
?	-1	0	52.63174867522695	-6.337306808094264	848.1289824147411	2584.5046179998344	1983.0893060657338	627.9711499044836	-1
?	-1	0	52.27464039741952	-75.05271610640442	918.4944214089801	-1207.6653178702088	2021.5492903264915	-1074.7063572878217	-1
?	-1	0	48.87911286990668	-191.28665692201804	787.7457165212298	-1335.9655977278446	1929.353988201342	-1424.311559446676	-1
?	-1	0	42.71030755131848	205.06302635275992	851.6961415225869	12492.043075632571	1950.3337123541567	9364.696227789067	-1
?	-1	0	59.13226418754482	559.9333117802269	1412.3478703028672	10669.663605808795	2397.588799590802	10725.68298399781	0.6067249199506672
?	-1	3328.5259787744985	70.70697314033022	129.6613235528632	1385.1793218130342	10104.187162804557	2486.617861554055	7354.684311044107	-0.052738000980921
?	165.42629893872729	3259.9856522350406	65.61533036518807	-37.36553923750083	1917.5572284431023	-21534.488426584852	2765.3230151430125	-8623.650741066855	0.5329336602112502
?	161.99928261175435	-170.99510754728485	68.83869617845515	-12.828551549621737	308.4549004837763	-31534.837504772724	2055.435324500706	-18407.12404921173	15.53522301126666
?	156.87654356136292	168.82173868670907	64.97390278770698	120.17552792988056	340.8153532044437	1014.9993765120238	1844.966812682413	-21739.441956664516	14.124610794154648
?	170.44036954608993	229.04323165841575	74.84747257494927	64.17234798151293	359.20486930937824	781.1945059658981	968.4632266674649	-9438.518404425615	19.148170374414565
?	168.32870514428387	-192.25273845036963	68.18252018678267	-139.11835287253297	379.87507850273914	799.9685667448739	1373.0408924611256	13562.789209525135	17.660243390978703
?	160.8277326235713	-67.06459528106525	67.89155493132252	182.2663890331793	399.2032976466225	-526.7873450527468	1646.6026871437314	-2600.6956268885774	16.365182669921264
?	164.97547538023056	195.55182887393647	77.29583963844176	85.79073714915316	353.53571125010143	-1115.6940793800402	1243.006111116695	883.1204414278693	21.57905159884835
?	170.60532406726827	390.28674824827317	72.18109178878024	-10.616321792483765	343.4185936776197	724.7320831593821	1690.7587092151255	13160.771024055497	15.912631518446606
?	184.4898127926445	317.2386446407689	76.76502354881757	103.63109397238043	389.77231540807105	811.6102946026944	1901.0446623194791	8826.714926186322	17.859257000190404
?	186.46725629930694	21.313032321483814	77.36264648739933	-201.19315394402716	383.999108407755	-233.5553905891846	2132.0944555244478	4785.452034054761	23.158684226112914
?	185.5554644087187	36.0925548998643	66.70536585161607	-445.20465740042647	378.09454587861165	437.10991868202376	2140.3172640222206	-536.1544719366899	15.115609169268529
?	188.27188404430018	-3731.109288174321	55.10241361737769	-194.22305765960738	405.8546043418565	4579.543607034266	2105.286731927613	5111.589967852897	-1
?	-1	-1111.582165887045	56.99421296863556	295.8355197525751	607.0717262303282	-1709.5451131580348	2395.896762414869	2522.0538975451295	-1
?	132.69277574994715	2228.5502203742276	69.89418960500666	239.1145944123481	320.3773486839535	-5869.873957385753	2231.389426804871	-4424.189260942686	8.286398878658204
?	110.42751101871296	-589.390706711048	68.94994268925314	-248.6908771655796	313.5780283610364	-955.7177140498449	2174.6872993677316	-7148.460816752434	13.922654176933472
?	103.22324041439433	-2228.5502203742276	57.4596457467275	-371.62111940087755	272.5914629814606	15461.495886631581	1873.9663859672444	-3610.227970162235	-1
?	-1	1017.3112516494095	50.368886719208994	286.9952157209905	1086.6528226926264	4620.120804869034	1994.1759008596173	-13560.917026799942	-1
?	154.08880299686552	3023.3084422299967	71.80940653277723	337.39981023750363	503.5975032249156	-11147.431564573058	1195.9205346272377	-10532.6408354933	7.417346519855542
?	150.16542211150198	35.766515147348116	67.23887723108442	-71.74454412872518	529.2812444639656	-2295.11879033561	1467.5438590849449	-3984.382039273937	12.635891718245206
?	155.87712875423296	-100.65387277778284	68.22217932634092	13.454992894909687	388.8415637081335	2413.838830801933	996.701432663538	9897.979343386396	14.067430885118771
?	145.13272847261277	-557.1973894927538	67.91162687582991	-104.86791519636874	649.9731860040639	6770.631251390931	1962.4428262542717	24243.943794999086	9.875181575895976
?	128.01725927959487	-2922.6545694522138	62.97878356652241	-72.6887147411686	727.3731262776848	3932.324708276011	2208.8986224135097	7122.7583887520395	6.592489139451089
?	-1	-2580.3451855918606	64.27719113877143	-15.643188974824431	846.5894214178672	2687.6004930111394	2318.5807456918787	-5018.5624623141275	-0.8288724014095571
?	-1	0	62.19662411778118	-84.34875095122686	861.7531509282437	-4403.48576568685	1957.9704992977997	-16558.10158664044	0.43921740420966315
?	-1	0	60.059753591210026	-330.69443512746443	626.4151331335216	-4719.198186754817	1490.6756663598449	-7348.575029092722	3.3599567654683886
?	-1	2597.5812461524633	45.66190236140772	-94.15477404995522	625.7932415904995	1060.6954580549027	1590.5417478431584	4463.969485178932	-1
?	128.87906230762502	2359.208803412817	55.3520148887122	439.1636991396031	679.4499060362675	-1624.1258650712593	1713.8741406187946	-1789.4697742700755	6.832722961067655
?	116.96044017064251	-520.3957185205317	67.62008731838819	213.4748426658711	544.5869483369354	2486.7861312861587	1501.0682591296534	8592.993863453763	5.366676630128023
?	102.85927638159806	-2359.208803412817	66.0257570220059	23.26678917161696	803.7892126005772	25116.954819476898	2143.523833791489	26805.315300219707	-1.4925150160344918
?	-1	-2077.1855276319316	68.78342677696905	-33.02976173827953	1800.4346893107981	18516.19044797438	2841.3340241406577	10396.730673094324	-0.41796786040879913
?	-1	2446.1198737904133	64.3742689350919	-26.896942351626947	1729.5987349993093	-25651.636554704746	2663.3603674462124	-13503.8823178855	-1.0990338916548492
?	121.3059936895224	2231.9396945777235	67.43857965938769	129.62364206118153	517.8528615755425	-26487.140197461456	2166.139908246373	-13427.617132526793	10.08110992658751
?	110.59698472888775	-310.2021468091486	70.85545103815107	-38.43855715573371	405.24172512621783	-1095.9772923261987	1991.9795108198632	-4497.890715686281	12.004272026722976
?	105.79588634906474	-2231.9396945777235	65.51665180160097	-268.4076287386624	463.0539969592318	2251.0167731218985	1941.245372462056	-2435.2436525441835	5.760737213633954
?	-1	-2135.9177269812644	57.43506960121776	-233.51492115549797	517.7925637823144	5208.6687206805	1870.2173281926523	-4011.0200851830064	8.292935985992418
?	-1	0	53.84090574382591	-54.9311059079627	723.4874329932605	8345.926370115867	1740.6943682029028	-5509.4931941237555	-1
?	-1	0	54.68851430581959	-121.55181703016237	935.0888822881136	5087.491829108886	1594.7426684864606	669.1994072647772	-1
?	-1	0	47.7633148923177	-217.37327156688085	977.8620244487084	-3423.5034155679627	1774.154338566142	4037.7377283994356	-1
?	-1	0	43.81985072747539	-120.17384847576466	763.913711509713	-3457.4290160875566	1796.6295549064353	1658.472229841308	-1
?	-1	0	41.754622468529384	31.930831428372784	804.9905736443282	2713.6457579398643	1857.0779500582087	6780.408939241464	-1
?	-1	0	45.41639229889405	123.862722080547	899.5959994067082	8490.13602034236	2135.6500018685133	7995.697503101446	-1
?	-1	0	47.94775857255682	7.189753288745675	1229.497374661452	-4329.340174998774	2256.8628252132867	-7814.581909609363	-1
?	-1	0	45.77587996333134	-39.94708087190446	683.1289906567664	-10123.938334271337	1744.9209063880396	-2027.2631263083606	-1
?	-1	0	45.95040452896157	27.879281208992836	723.300457947878	1724.3760372382444	2155.499668897867	5038.465709639787	-1
?	-1	4608.518692539694	47.169844023781	549.2469788602473	769.3477925186799	-4849.566003757665	1996.8441918700325	-14442.940669393724	-1
?	229.42593462698798	4602.493580967758	73.41275347197433	505.64080991297095	480.82215775999134	-4752.289538049961	1433.3526354281707	-12033.21055057299	7.183469876290414
?	229.1246790483912	213.99048182483776	72.45188451942991	-268.4952898545278	531.7333156161784	1921.5233197435123	1395.1836643413744	9627.783046425566	8.441590024146231
?	240.12545871823002	222.71810260872908	59.987988979247746	-412.3209379914162	576.8983237471683	930.4545658695774	1914.7417877494559	12476.170519415546	-1
?	240.2605841788278	-4822.509174364532	51.83583761985881	27.894371513417894	578.2560439096579	-647.2585436565008	2018.9921903121606	146.92759762032685	-1
?	-1	-2360.1534009598636	61.38270755491866	445.2726268915077	544.5353965643428	-2960.56396994049	1922.0881676304723	-21313.835487633696	5.211199538608076
?	122.25291413083293	2155.675047159323	74.09946896443451	266.32518791087284	430.2278454126313	-42.66153195151386	953.3004159304605	-18323.39415642718	7.139235123941437
?	106.7837523579677	-83.30615296731277	74.69896695046249	-62.97774565621519	542.4023199667671	3222.825177437329	1005.9184598091002	4324.9772411054	8.03629445247974
?	118.08760648246724	1177.1369896453175	70.9505816816237	-220.58987955710933	591.3691042845	-236.6861410743025	1169.5492779857336	3095.0789502377975	4.962444593776334
?	165.6406018402344	1496.9562204075557	63.66947297260687	-363.44508347621763	530.5680129130518	69.39694804879211	1160.6724073209923	2075.143316581491	7.232591053134344
?	192.9354175028461	-3332.8120368046407	52.77832750781256	-340.47206081423536	594.8389516869397	3180.015984440875	1273.3064438148097	823.5892082552638	-1
?	-1	-3878.708350056867	46.64586993189486	-174.91604583216125	689.5688121350978	2293.6905200359492	1201.851867733756	6142.059578937255	-1
?	-1	0	44.03252521620438	-34.47961447243309	709.5234776887388	-372.36231172636434	1580.4094227616768	19117.897224142216	-1
?	-1	0	44.92188920827318	97.05492393473183	670.9506965487793	1310.2036931527045	2157.7467289408805	6563.196597075909	-1
?	-1	0	48.88527141294104	49.275534315606116	775.033662346375	5689.463335537026	1908.569252615477	-6024.871581282224	-1
?	-1	0	47.38566592405352	-20.977761528426257	955.4238633256347	-2027.8578817279579	1856.503149876765	-4484.4060874533125	-1
?	-1	0	47.83638333651971	-69.18028982200455	673.6407682599756	-5143.510052900647	1684.348948242808	-3613.4005959605415	-1
?	-1	0	43.92665143295324	-120.78530499650113	698.2483606805987	292.10550105125134	1675.8331200787354	4159.086028917668	-1
?	-1	2915.697534133473	41.79711808669457	195.78504869415644	688.2460433125384	869.5737366267089	1892.3032496886945	7247.785172426536	-1
?	144.7848767066757	2889.4657487364893	53.715903867661204	676.4428223603355	741.7270475119348	-7603.253686179637	2038.2223787000673	-8173.586532425936	9.821334077643286
?	143.47328743682652	92.60781651998211	75.61925920471182	382.36169341556956	308.08335900355115	-6823.6345863196275	1483.6239230673918	-11245.198858353333	14.966427603276975
?	149.41526753267487	147.8307045908055	72.83398853843995	-413.28854781065655	400.54531819594854	2373.606853349134	1475.9624357823927	-194.35411216443478	10.833529518042285
?	150.8648226663669	427.599295786567	54.954831814178704	-40.49833607471697	426.7637016710095	2917.4306421887895	1473.90621745917	-4082.819145171694	-1
?	170.79523232200353	-77.65446153360588	70.80907173470408	301.1915480237269	546.4168503053901	3974.365372379754	1271.8214785238051	-8571.38445031173	6.0361475295948175
?	146.98209958968656	-3435.9046464400217	70.01440921536526	-187.74836362176674	625.48197029	3428.9326852222043	1045.3369949435773	17545.3549276665	10.01834317157316
?	-1	-2959.641991793689	61.421653553615606	-180.2213059491504	717.8634845665027	2950.543033334483	2149.0892249071426	21640.61051156834	-1
?	-1	2620.5369557064814	61.003343917907614	219.34692333315198	773.0091219567263	-5901.518911933406	2127.3675205220097	-4919.082254253738	-1
?	130.02684778532594	2350.470073987934	72.38899972027336	202.6287018956995	422.78753896982823	-6447.518190231407	1903.1351121944522	-5889.256892574211	5.783047807340471
?	116.52350369939836	-2620.5369557064814	71.13477901269273	-202.05248009496455	450.63321244515134	6062.753806262144	1832.904675893295	-8629.828717359274	11.87457864228867
?	-1	-2350.470073987934	62.28637571552499	-133.96102552757307	725.9252292829398	12102.839742050253	1471.6436763264824	4018.2859464592657	-1.618637349799721
?	-1	0	64.43672773631398	216.7052159788013	1055.7751995476726	10531.18127577676	2033.8189732162612	19597.809269394267	-1.0171371344972635
?	-1	0	73.12163651446521	132.8862466933249	1252.4842930717853	14398.998150549602	2451.5341397962097	15831.979505278485	-1.0475972969978755
?	-1	3991.474389979846	71.08104007098032	-161.17255177653018	1775.725107075163	-4759.516353983102	2825.4179484801966	-160.38657895573806	0.5086565100963618
?	198.57371949899513	3801.9298078497923	65.06300892563858	-58.75788761838864	1014.5084753726268	-29057.047268640596	2443.5148108484227	-12466.96794305804	4.927591667070004
?	189.0964903924923	-427.88882608370574	68.14314569006085	121.97625479614229	322.87274364311247	-13352.148327705889	2202.069551327286	-23123.941507377014	13.823183648664308
?	177.17927819480954	-534.0846500898889	71.16182166544579	97.38315641865005	346.9010589873228	896.670127113998	1287.3177354795555	-24454.611950621755	20.657664338841677
?	162.3922578879975	-598.3714529591344	73.01230351099342	28.407893833128973	367.706249998813	1776.5624150917038	979.3389537961807	-9848.848818463224	16.03781635155621
?	147.2607055468524	-468.70165159373545	72.58221635710225	-47.86709307619691	435.72917974190926	1437.1030926910305	794.8752945563873	-1055.5610797117433	15.248915291895027
?	138.95717530831038	-50.889005286092996	70.61894885718354	-70.82926631040961	439.56140463336556	1913.8767333800058	926.5608998105928	4414.657650035248	14.228578500454612
?	144.7162552825477	582.3641623878214	69.04075304158172	-86.5264451666484	531.4230164109109	1112.8737233312836	1015.6081770581528	2541.9676552101537	14.899520312612196
?	168.07538342770187	846.5957879894954	66.29262659885106	-184.46602656008574	495.20509079993053	-298.3778571975725	1053.6592825711023	5044.773083726235	10.399258289086895
?	187.04604468202308	-3381.5076685539893	59.817451713577306	-312.69284504492555	516.5041235510321	2021.3034390811308	1267.8468312444681	-405.3389997967849	-1
?	-1	-3760.920893640408	50.65798434660456	-205.30789938071356	596.2702627539885	5737.854527515369	1033.3923325812627	6636.131834714107	-1
?	-1	0	49.55205674454148	-72.8791404800128	803.3968499268046	4281.6187470134955	1599.6534229801782	13688.345390447732	-1
?	-1	0	47.014027322603866	-108.14139728994536	810.3512001046663	-891.3489008505109	1717.809602103659	282.7784480816495	-1
?	-1	0	44.14498688004414	-27.863845894238924	758.8294048842785	-2637.6618661241346	1613.792345384261	3155.182718142865	-1
?	-1	2916.5658806643664	45.6208350278919	496.17595894270625	678.4681067984577	-7523.969751963161	1875.5687380108045	-3810.7305916511364	-1
?	144.8282940332204	2945.3533342895425	68.9537848271798	565.5352684361369	382.63091728611505	-7112.052512965355	1423.2558158017014	-15862.178002928911	13.951086697628478
?	146.26766671447922	513.7624054374733	73.89759844969915	73.71523256022024	322.8654811501849	-542.7702011328315	1082.4598378643477	5200.100985571061	16.858200779905893
?	170.51641430509443	2504.846764886564	72.63954645519087	-173.36857714770596	355.4924072294731	536.2395281379057	1683.260865080258	13206.155412513848	12.487554500413815
?	271.5100049588092	699.0218445366342	65.22916959231372	5.826247663527712	349.6774575570806	-354.8925961971606	1742.7676084900495	6582.115520078316	8.257402587206409
?	205.46750653192663	-2175.218966324233	72.93085883836726	177.36100487726904	337.7477774196148	1796.1084845621879	2012.3666410841786	10047.233584886657	7.862859944528386
?	162.749056642596	-945.7000764410949	74.0972198361773	-60.73420440104683	439.48288178519124	682.8894177697526	2245.1292877343894	1394.5827386961566	15.09232784297125
?	158.18250270987122	-256.40535567799566	69.89414861831487	26.30223713925309	371.8922483081029	832.2786857240483	2082.0957780189874	-9691.705613561411	11.123177896678229
?	149.92878885869604	-427.5918509236199	75.41233169313998	44.87958340357913	481.09681607139424	-548.297874551463	1760.544007056312	-6313.5883848847525	12.661887971212312
?	136.80291016368992	-304.6938904795845	72.13812778849386	-27.820309332199887	344.4773545805294	-3347.0335355313023	1766.4163587747453	185.6643985517231	13.878210205504308
?	134.6940943347166	1.141995586644368	74.02131622652996	42.08231589265179	313.74513929482674	917.7162563296378	1769.8272269838983	5382.495181780024	15.884833454351085
?	136.86000994302213	294.14999650183154	74.24224358312648	28.862528142909003	390.3631673970119	1927.9642050415214	2035.5411178637503	7247.439627805072	17.754795970063597
?	149.40159415980838	644.9029594899632	75.46444263367543	0.4382830266268849	410.1433495469042	-864.5026342538827	2132.199208374157	3837.2854591741134	15.685799638724376
?	169.10515791752076	685.8877526884094	74.26415773445783	-184.54064556816684	347.1380356843172	-1108.7115101797112	2227.4053908224587	1950.111919172286	14.891113607567803
?	183.69598179422934	274.88477921515715	66.23741035526696	-279.8761286848446	354.70777403791783	309.1601970262197	2229.7048043327727	82.93430887180757	11.102019660095044
?	182.8493968782788	-3693.9196358845343	60.270351300215395	-339.8822967660648	362.5960455356284	4128.259583169527	2231.552106266049	-5854.6914894169495	-1
?	-1	-3676.987937565524	49.24329551696348	-230.6684602192027	561.1207531963971	8122.121587501784	1936.970229861921	-9131.548345291732	-1
?	-1	0	48.7369282892551	-85.21286461733531	768.7021249107233	3408.8711931573416	1774.974689001456	-5080.683336161547	-1
?	-1	0	44.98265228609665	-87.08268757274824	731.5643128542666	-450.8421786241234	1682.9360630538401	-3082.5371692533117	-1
?	-1	0	44.38279391061778	24.671029860243227	746.1600159795177	2178.4962420566862	1620.8478305387937	2826.487193177919	-1
?	-1	0	46.21620377910883	-34.56783561616171	840.4891249571025	9016.115617506563	1824.260422712738	12989.121368058752	-1
?	-1	0	42.65440212980967	-82.49807553595343	1196.9657968548522	5181.761306967266	2270.3038989417405	7649.055315771775	-1
?	-1	3881.683628006465	42.0913000023111	208.13653172108278	1099.5771903054695	-4737.858165762819	2206.7131885013323	-3366.948994376669	-1
?	193.084181400326	3746.47561600745	53.061228715863955	693.6901469886062	960.0728885667079	-11366.956318735101	2101.9564492229047	-18245.196790260376	14.172528395673984
?	186.32378080037515	-557.9560482721922	76.7758073517419	318.30427787885316	531.2293743687063	-9956.431499795113	1294.4533489883006	8177.484427738438	12.335343874241781
?	165.186378986716	-3746.47561600745	68.97644260980684	-163.81997430011148	462.2513135769451	19524.210748340443	2510.8306706098324	28699.654705562636	4.221475038869239
?	-1	47.42082242762127	68.58480863673621	-6.659775086989062	1507.4399117857424	4826.966681460226	2729.436084266453	-4199.911221862534	-2.3887531507039754
?	167.5574201080971	3069.3664080719864	68.64345385545738	-35.80594030684557	703.5996476499598	-2963.057820582238	2300.8351095167027	-767.8821018432409	6.539495157210173
?	152.4683204036015	-160.54768148177004	66.79451162139391	16.54536820752758	1359.2870207566284	-236.85947335128623	2691.04197917429	-6276.737104706719	0.8880842977332776
?	159.53003603400848	-431.62503711248985	69.47072226583377	136.46239180075702	691.7566739823953	-17263.519186888603	1986.9982542813623	-24534.86158334037	-0.40132415807271005
?	130.8870685479767	-686.2000179000713	73.61763121143186	-12.880087514743751	496.1110614121859	-7651.001395408678	1464.2989000072541	-12620.380374784274	7.541445819879672
?	125.22003513900442	-301.511231413553	68.82671789009658	-49.85848343367067	309.206604211956	-3970.528000379685	1355.9792355421396	-5615.358057968285	16.228433674168517
?	115.81150697729883	-407.3277147385143	71.12470703974829	-33.158134654983186	297.5846613931988	1658.9388892482693	1183.530997108836	-8684.104735738694	14.760064112598906
?	104.85364940207842	-401.9213621024497	67.16881115734739	-171.9740207462807	392.15354867437065	2603.141117562025	921.7739987551987	938.3956096374781	10.578633209024172
?	95.71543887217607	-288.20170739180116	62.52600600243413	-122.8298143477664	427.7417172713019	-672.6671241592471	1230.4507775907105	5485.088765972607	12.089212321498932
?	90.44356403248816	-228.6027783702794	61.027320439958984	-100.9087080605414	358.5201924664078	2267.2771700528842	1196.028437053833	3263.2137811338216	-1
?	84.28529995366193	-1828.8712806497372	57.48057059940699	-316.87167619203626	541.1055757739478	5056.602396092801	1393.6114666474039	3709.0361464013376	-1
?	-1	-1705.7059990732143	45.18373663035695	-284.93343017286014	611.3503122710515	7155.065454647122	1381.4802443739025	18582.631369398856	-1
?	-1	0	43.23389909076378	-64.59500632239148	898.858848506309	1565.6705789866696	2322.74303511736	8350.249952950338	-1
?	-1	2584.4044816659207	41.953986314237326	232.69518964049777	689.6338412203861	-5971.618602881012	1798.9927420214253	-10864.892778315758	-1
?	128.22022408329786	2825.285493602587	54.86865857278883	597.9394968184818	600.2779183622541	-4524.23924238099	1779.4983962015642	-6827.000033745265	-1
?	140.26427468013136	39.45558038867319	71.85096115516184	307.99284636604614	463.4218791013334	-3342.442538474559	1457.6427403341572	6393.240075294248	10.251299971620927
?	130.19300310273155	-13.394796926802806	70.26830089109136	-76.09863962500219	433.1557914385238	-2131.7864767934966	2099.160399966281	17706.15950099204	10.794000918973394
?	139.59453483379122	495.71351804988274	68.04602917391168	113.74213215644667	356.83255526165703	-1481.6680258221509	2342.9507153837717	-4112.913370444554	8.439454326074085
?	154.97867900522604	215.77136266986975	75.95540749891377	89.03620042948448	359.0723901474152	-864.6731580671897	1893.5147314440505	-11356.547460496939	18.14264497799585
?	150.38310296728486	-157.72742348000978	72.49783919538596	19.30935729816839	313.59889735829694	684.2661375007951	1775.1233423589167	785.524977491398	9.682794798580076
?	147.09230783122544	-229.99582421279243	76.9208753638222	-150.44169471973944	393.28569702245545	561.6309884959503	1932.790980318621	4688.228245431416	13.87501967713905
?	138.88331175664507	-20.946483581955974	64.97575445939889	-410.9655857241584	341.68044678309485	7089.974528319753	2009.5347546304909	-817.0197968175373	7.237076062128494
?	146.04498365212763	395.03259593902675	56.37259607761399	208.6039379155962	747.7844234384481	2885.5154834389928	1891.9399904777435	-13024.96056051343	-1
?	158.6349415535967	223.11294227036421	75.40595135517884	383.9703976934248	485.95622095504655	-4884.762407355079	1358.2867266048102	-8602.497343265664	7.595828400887153
?	157.200630765646	-70.35874624043132	75.5711159622855	-68.45946053835735	503.5463030706907	-2810.511811162112	1461.8151233144542	3729.847257776825	16.98443510692924
?	155.11700424157507	-294.62521551116345	71.98297832826093	-67.18098994031512	345.43063039693897	-3725.382159019371	1544.779089493654	2574.277041674536	15.442991772951748
?	142.4693699900876	-660.2407046187938	72.2120664652697	7.161347022490827	317.2771951197195	1885.2862201041528	1590.5289753981829	425.4296259677161	14.129838119987468
?	122.10496901063492	-2869.3873998017116	72.34104567938547	-343.0025465379948	439.69494140214795	2179.695935805067	1566.0505707920402	-537.9438715684925	5.8302752158397695
?	-1	-2462.099380212663	55.061939138369716	-404.711763512851	426.2619919099744	4122.092905491666	1563.6317818197579	2204.9169037652614	-1
?	-1	0	52.105457503742635	-84.55574799353734	645.7995866767342	4516.189432777559	1676.2964159803048	4610.526515728855	-1
?	-1	0	50.83415173869279	-98.01534072149468	652.0714635488556	1920.45634274323	1794.1581076062039	561.3295860887558	-1
?	-1	2521.079113606314	47.20469046766783	23.15008030568161	741.822403813897	-2060.540753889459	1704.362895284743	-1566.897823031732	-1
?	125.0539556803175	2486.6154802650144	51.991655753976886	560.9225527123749	549.0444258543812	-5105.340228938095	1715.8132164546162	-3915.924893904393	21.024931639728578
?	123.3307740132525	-276.53677451296124	75.25081810328697	432.58770266210587	486.55539236698866	-1895.792422229952	1508.5666505895206	-5330.49447828125	10.84372389493555
?	111.22711695466924	-297.13434439320827	73.62104088708249	-80.41466837074182	454.25480474288224	-658.8839747031327	1449.28849254055	-2529.1882226400826	14.186159560139561
?	108.47405679359187	-20.44877065621818	71.23008468474983	3.9777524932031274	453.61119363183155	-124.63812709915196	1382.1072394575147	-703.6637647035868	16.166164359304993
?	110.20467842185832	-27.255935558947794	73.81992851174265	21.584073906547566	448.02289838792456	183.11504621813663	1414.10530430537	27.904513914599704	22.90991091145957
?	107.11126001564446	-111.1859958118525	72.30928838007722	-72.70742076900955	462.7669459427385	917.6677986770727	1383.5024651532447	-1558.5179573332068	19.254720604449385
?	104.64537863126561	67.77968631091216	70.18455747329212	36.06958377415515	493.90628832177885	1429.9591071663056	1336.1794064387086	-1446.1470926598918	18.357430665055155
?	110.50024433119012	7599.308915556013	74.112767568785	-55.464054206676174	534.2649013010548	-90.62860828983715	1311.195110520249	880.2519196854303	16.10654024312499
?	484.61082440907165	349.07398521439507	67.41135476295827	-268.0806607568914	489.3748579072869	-2769.4971130092667	1380.1920024229807	2244.099794450981	4.908706183916438
?	127.95394359191012	-6833.0868105677	60.70873453094024	86.20574345936907	395.7900456505895	-2556.7612398544193	1423.4001002427997	6821.368504537434	-1
?	142.95648388068182	-180.21758984568095	71.72164193592678	201.59537281937372	361.53679591456415	-1168.9909525384933	1721.2604276498573	8411.30705454132	11.512981940093296
?	118.94306409962594	-200.69116501530004	70.78850317190907	63.768379852918656	337.340498023664	281.9501055592349	1843.9654529698716	-3469.6710863211965	7.856084229698412
?	132.92192562991667	413.1599598234511	74.91006092857276	110.45438416952791	375.6343011925261	-60.58115824934844	1547.776873333795	-6162.826428134603	7.391156159226876
?	139.6010620907988	405.48425340722866	76.31122238038554	55.18386147347947	334.31144011119653	2017.3819346290495	1535.8241315631371	1178.1458447013088	9.205670295586382
?	153.1961383002784	326.5275482346441	77.66925400224677	-16.620271686183564	476.50339792398	3696.0829563619504	1606.6841655688613	3448.0489878076796	9.375632186201287
?	155.92743950253123	-87.45447440505974	75.48020879607635	-236.58075697556148	519.1155879292967	11574.43350570154	1708.2265809535236	18551.249355561722	5.537706100385163
?	148.82341458002534	-3138.54879005058	65.84021615346853	-134.84548578886185	1055.2250732090652	3498.8485131499606	2534.2466333469606	17624.198275439976	1.591318559226431
?	-1	-96.77325808332488	68.73793450663317	160.4378278382626	694.0580135867972	-12574.211499945975	2589.436494725535	-10935.617343007338	1.9607964776808386
?	143.98475167585903	2707.7668016591074	73.86210754538178	122.8236832192999	426.5144982117575	-6524.775887993358	1987.465766196586	-11237.994588623136	3.5869237794658795
?	134.38834008295728	-514.3104366506811	74.87911866759825	-106.17431387628861	367.81921918712465	6105.5859528570345	2027.53676529437	143.89686399434845	13.03932124896096
?	118.26922984332461	-101.51389498091388	68.55339185156727	-136.77469328018083	731.7937958546136	4853.84332887288	1994.6606093963035	9588.530056383015	1.4140823725714957
?	129.31264533391152	199.90041800526342	68.04038400358911	156.93953966357645	610.5113856307721	-6870.398129211125	2506.9632681135276	-1254.0978576442562	0.8505905529225721
?	128.26425074358792	22.8282330410283	76.4003688347462	152.14011443098042	388.27388939405245	-4417.041857172423	1931.9557165140898	-12326.357899058728	13.169464856796216
?	130.45405698596295	-67.98022300562184	75.64738972513824	-203.72124509938737	389.6592927721478	-9.722729828663294	1890.6453731605825	2240.395405266795	11.426349467312448
?	124.86523959330678	1847.0495205117209	66.21430657977669	-340.07021749239027	387.7877529026193	1352.384402905377	2043.9754867774311	1328.9810738508497	9.465377122996674
?	222.8065330115503	-2517.3047918661	58.64387885051848	-196.4862091455054	457.27851291741763	1553.881446044847	1957.094426853126	-3484.3750458944446	-1
?	-1	520.3658152244179	56.38999612250128	-9.60205942393245	465.48182520486273	-466.8339966892792	1869.7567344827064	-16.052570599899582	-1
?	248.82482377277157	8116.889905162247	58.163775879321854	78.44764017668086	433.93681308295334	-1336.1422402585256	1956.291798323131	1916.6311388799568	-1
?	404.8444952581181	-1421.446407153612	60.31237813133538	40.59714553465525	398.6747131919355	-421.627092961688	1965.5882914267056	-3081.8444696642446	-1
?	177.75250341508996	-4664.594359478086	60.193633156054645	102.26678066656885	412.85545843486864	1656.27337287772	1802.1995748399165	-8550.69740201992	14.229166135318911
?	171.61477728421053	-278.53683112676435	65.4257171646639	70.4525781511407	481.4883818358227	4106.137640850553	1538.0534213257035	-6003.925112228168	15.20493792529588
?	163.82566185875154	-524.4059774824159	63.71626206361173	118.20441455473033	618.1623404773992	-924.7815628656729	1502.0033192285039	-2561.424082240055	4.155362468499224
?	145.39447841008936	-14.69440296274151	71.3359378924005	198.9933621130466	435.2493036925384	-2490.742157479224	1409.982217213699	-7154.273929955942	6.81946528100363
?	163.09094171061446	449.7354090846544	73.6659301692642	-69.52506906506514	493.62523260343625	1414.1867704507915	1144.2896227307017	-11001.459429595521	12.273045569989403
?	167.8812488643224	352.9023422413509	67.85968443914719	-121.72561949340829	505.95864221507895	-704.628780884241	859.9092457339151	-6662.855665226703	13.884563249136281
?	180.73605882268225	431.3773879132141	67.5796491945937	82.10897291892704	458.3937935592237	-2211.369531564716	811.1468394693618	913.2653086642251	12.158794453186214
?	189.4501182599834	110.74306058271033	71.9651330850936	26.933056205272877	395.3901656368416	4143.824957748537	905.572511167127	16928.450634254816	16.470111990201755
?	186.27321185181785	106.4397280095121	68.92630200485736	-79.52706664133814	665.5850414466535	27820.39918593845	1657.5693711821145	34931.78079164516	7.029209037735484
?	194.7721046604591	-54.58110492559435	67.98877975302663	-12.697505128671299	1786.410124933784	-2728.07335410042	2652.16155074941	300.553231899726	-1.6410518996808499
?	183.5441566055381	-403.1118612957709	68.29142674842379	-117.06112802925408	529.1813737416305	-25635.993018662724	1672.597032777101	-12800.191326138278	9.507039457748906
?	174.61651159567026	-421.14728227065683	62.13572335156385	-117.95848797524388	504.6104740006295	-3242.368320149308	2012.1519844424868	4656.418089935157	-1
?	162.48679249200495	-172.07172354948608	62.39350234966151	-0.42541220095073945	367.0629577341628	1058.60993416612	1905.4179372738622	4623.191769092412	-1
?	166.01292541819583	838.7005893856986	62.11445274151631	81.07914670139179	557.5409707089362	-404.647009469711	2243.3115728971106	638.5256884580394	7.116551053442491
?	204.42182196129048	1204.3718709024813	66.44745968473116	134.82099987444224	346.83060726067697	-5224.653014733017	1937.3442216967646	775.4053393985649	12.875038680375866
?	226.23151896332075	280.6108223318847	68.85550273523852	15.057712347748193	296.3083199722817	-1190.1570494813907	2282.0818398670394	5005.407542913592	17.588249309116662
?	218.4523630778849	-364.28111263906084	67.20034530211858	-178.2371612808406	287.3227547866066	26732.305495142744	2187.614598842448	5187.385985968184	15.880874853822949
?	208.01746333136745	-1355.5449582299843	59.94364467119636	-100.87345173680673	1632.9235947294378	14617.555292822582	2541.4511391654523	-5340.530582728722	-1
?	150.67511516638473	-1552.3651320854397	62.15667271527817	222.8767630874155	1018.200519427746	-25474.356943595165	1920.588069706008	-18151.829963736036	6.719581517089565
?	130.39920672709437	-557.6493090359091	71.08748282556729	36.18536992075752	359.2057475496615	-14949.918514328316	1633.8596409786376	-2975.137021637582	10.164967115441973
?	122.79264971458888	-84.318527476295	63.96594121131607	-19.77061534024529	270.70459371131966	-365.49460312806383	1771.8312186241267	7564.904548291385	12.85462569074799
?	126.18328035327956	-189.1294814692388	70.09895205855501	89.94259551156546	340.93101739325806	1221.5190121316537	2012.1048683932122	4772.056107405629	14.602137551337009
?	113.3361756411268	-120.81599775122412	68.46307098689441	-34.215295272120244	331.7805443179032	1248.5067660379746	2010.4340239944115	-4262.052142056653	11.693330633807046
?	120.14248046571826	311.6926245155862	68.38818729494898	33.14124055635044	403.3563556951577	3761.600379053225	1799.0022612903765	-9486.648404140125	9.376863491611355
?	128.92080686690633	329.1415061522874	70.12013301471195	92.05441180733556	519.8605632705671	462.44503170100893	1536.1016037873985	129.71968979934715	12.899704684804167
?	136.59955577333287	-2598.41613733809	72.99090788531582	-220.56231974602568	426.47860728020845	-2094.401260818	1805.488245780344	6843.465980082099	11.01595929496538
?	-1	497.64797319342256	59.09201702741051	-139.30573230545122	415.14050022966563	-1388.8375730923958	1878.2749027915083	6063.190884108008	-1
?	161.48195443300435	2420.8309019478124	66.02562127004316	103.10856361874424	357.03672862558767	9884.164664865095	2108.6477899857487	9986.263625797496	6.002067741114977
?	120.04154509739234	-3249.6390886600407	64.2474452083478	-35.08792926751859	909.3487334729274	29604.883350467288	2377.58808408139	10761.255882957004	8.056102041040836
?	-1	469.0521773936833	64.2712248066672	12.354992409261564	1837.280896148973	-1552.752895075774	2646.7105841336065	-6990.8340336459705	4.908984168372972
?	143.49415396707684	2619.394380538369	64.86519482881089	127.64775220865818	831.7110887191376	-28705.490382547287	2028.0463823990867	-30678.08514808483	6.117270857517129
?	129.96971902692033	-599.8671668274039	70.6536124171002	6.176899938452803	402.0063770215881	-10991.276214291933	1112.8063267293433	-11876.941050080126	11.688822342474225
?	113.50079562570622	-221.24187636300147	65.17403982573353	-43.249880499987185	282.1472780045332	-1738.573802532459	1434.199329895072	14522.673252383436	17.540003306708613
?	118.9076252087701	198.49874012101512	68.49111839210082	150.97869231556004	315.0776868949639	960.9619062640741	1838.9399893485254	11174.414585540195	13.583962359554269
?	123.42573263175711	27.97339303032419	72.72297444151164	-31.677456256042095	330.19537331773756	-102.2474676518365	1992.9200591720896	2195.288728661972	16.602531222695422
?	120.30629486028633	145.31110051238974	66.90724557929869	-39.91900692749226	309.965313512372	3836.362571659081	1948.7044257816256	-9717.040794281105	7.265117370066075
?	130.6912876573767	48.64282473438964	70.727024095137	-68.94306878473203	522.0135019006943	2915.348109938586	1507.0680194580275	-9517.449503216933	10.042522098268805
?	122.73843609700585	-52.21065107721114	63.46009214006204	-338.67778927301106	455.73271900930337	1811.1061086656189	1472.8319506207722	-336.9465890225954	8.842140763268157
?	128.0807551035161	556.607945356345	53.793134631486204	89.02523782017683	612.5688073339766	1051.293444468482	1490.2206900068975	-8500.848562244553	-1
?	150.5688333648235	16.409469144229313	67.91135403107094	295.01899636814466	508.2973912327282	220.86804715483964	1047.7895225085385	-11253.239762304487	7.4015670829670634
?	128.9012285607276	-544.5955369057372	68.54408444989365	99.61016523674033	623.6122096917187	507.81772506682574	927.5587018916651	9140.923055802916	10.597396762133457
?	123.33905651953624	-294.326017391054	72.89186229290803	-30.084195442517654	533.6882774860699	-4731.902938629037	1504.8356752986908	13960.329928834264	14.700070257425756
?	114.18492769117468	-2486.7811303906897	67.03987467776774	-286.9412387112897	387.0170627602635	-180.8691440068921	1625.5751983333882	3416.9453838936456	11.467205488930935
?	-1	-2303.6985538234608	58.54480035734334	49.85530729609607	524.6448202857251	2358.5892358874394	1675.6829444933755	-1013.0168000716268	5.251947385288962
?	-1	0	69.53264004257258	-87.58493401795906	504.94652455463716	-167.26045731462807	1574.9243583298062	-1841.1040640625845	3.0132390885576736
?	-1	0	54.165553656445326	-280.13054491802166	516.2817974199936	1686.7333279696027	1583.627741290245	2409.2202191933325	-1
?	-1	2345.1436288149844	55.5261127966713	265.22891492384383	589.2831909531185	-508.9252887978951	1695.3853692894745	-6058.025122873396	-1
?	116.25718144075088	2103.2086480167973	67.4269994026377	214.18016420050984	490.8355329800985	-4068.223458215921	1280.726485146571	-12290.300948364786	10.40772242780943
?	104.16043240084136	-408.2210019846615	66.23512100669694	-233.24710010668832	385.87201804231955	1129.3712820855055	1080.8703218712265	7702.217861778117	14.026204726446737
?	95.84613134151752	208.37017573412214	55.76464439730312	131.54866679118965	547.3040970843746	938.7827577148497	1665.8373782354822	8392.302648170242	-1
?	114.57894118754761	275.19425148297023	72.81255434625652	257.2850073008614	432.8111559280627	-3760.9030735967144	1500.4854542797445	-2257.865799396531	11.909977302829704
?	109.60584391566623	374.50958949136924	68.62889476234638	-68.02155112491977	359.2589434045362	-1418.9013889405671	1552.944088265654	-3102.5211451262944	11.102815891612495
?	133.30442066211634	1403.340451868239	69.41147679001048	39.4776698823759	361.86608648103334	920.3191252712878	1345.3593970234276	-10457.248075874415	10.298839781739897
?	179.77286650907917	1772.8793370465307	70.6027782564652	21.132457919074437	405.2748996681012	1679.4271181499278	1030.0816844719259	-8693.396942371464	11.258316775599022
?	221.94838751444414	730.4738848357583	70.46809968596422	54.62077131134898	445.8374423885309	223.73024067670622	910.6895499048483	9291.090924700005	15.033737412671968
?	216.2965607508676	-946.5601118518176	73.33381682203269	-102.50765534526859	416.4614117019367	-1054.026695074634	1494.6362307069328	23489.839420394477	14.753249451567958
?	174.62038192185258	-4345.93121501729	65.34271691870072	-219.54641412167007	393.13610763479846	7017.663401386191	2085.1815209245888	12599.457381515911	7.208021402097231
?	-1	-603.8643607674254	62.35649611594903	128.9606246135374	767.3445817712512	1159.1066521128046	2124.6090997827373	-14437.380958462685	-0.06686330786405405
?	144.4271638834809	2394.353318457564	71.79074814937768	204.57184920562747	451.0914402404395	-8013.827076784669	1363.3124730014442	-18084.811144611835	8.155051060703762
?	118.7176659228799	-576.5135277762568	72.58508857623055	-192.06959489502464	366.6532279320121	6942.684926726464	1220.3685425521328	16293.901112622103	10.294239985563067
?	115.60148749466764	323.57234248439875	62.18726840462631	-46.19024488284785	798.2256865767677	424.7687063534132	2178.007528632561	15708.322575590628	-0.6318853117438966
?	134.89628304710007	151.52598314587135	70.27557633208812	280.2419437934063	387.89166324968306	-8561.61111863029	2005.7846713316753	-3891.9622736274314	12.411591418808696
?	123.17778665196131	-327.7565794594942	76.19936559429682	-81.41085983400329	370.1451306452471	-596.7310131364042	1983.4094149511866	-231.69254585220312	12.53910734710636
?	118.50845407412513	214.8674715678994	66.2050333403879	-349.29466252077606	358.05511259286243	5506.375920045298	1994.200044039065	2478.1444601252147	8.569889711688374
?	133.92116023035643	649.7360699668768	58.73463246825777	142.32414210040187	645.4639266475159	3590.225318690465	2107.316637957449	-7753.923026589313	-2.0299659725660857
?	150.99525757246943	213.43252782523146	73.3212404454081	256.7105424014705	537.5663785273882	-1731.6751570787806	1606.5038927095939	-18097.323788985806	7.841291681826578
?	144.59278662161816	-448.6038219351956	71.57015958833148	-214.16048138343479	558.8801687935757	1663.2547955365649	1202.4504485081459	5559.433621600954	14.89466607439601
?	128.56506647570933	495.15075707255653	62.6132163762362	-115.22920789160402	620.7291183042177	130.62720598885832	1884.4755737896455	10349.864573141134	6.454518189406851
?	169.35032447524634	480.57179944748555	65.8086991937512	230.01275832098742	565.4115290930187	-1538.5347856117673	1719.94367716521	-18476.373528221065	3.9062589094727267
?	152.59365644808395	-706.1001336465548	74.11385429228574	39.95599657041964	543.8023790236282	2135.766347049031	960.6568973785792	-16360.967051969777	6.70059755391746
?	134.0453177929181	-957.2657182998222	67.8064990222722	-234.37209087691252	672.1998464454717	641.2583901569724	901.8953245667094	12601.021603924628	2.3669205494865873
?	104.73037053309216	-287.0846771311567	62.395249748439944	31.891900347670344	575.8652985314773	-3865.030325034665	1590.7079775748196	36768.17647249253	-0.36804926901941154
?	119.69108393636006	221.57299963165312	69.40109403965575	260.58387837322596	478.9483301937357	-2805.3577576651114	2740.304148191362	-4270.351653805058	8.681674468380544
?	115.80902051467497	-172.99414076591046	75.42444366710143	84.34096172803459	435.5974106482197	-1813.4902828687852	1377.1903948845636	-19990.889379165408	11.425291378168707
?	111.04137689806441	173.8755056418851	73.61814212605754	-61.27863762078929	388.2738160502952	-2499.436357106144	1740.7596792330773	10501.17166260482	9.973441196113544
?	124.50279579676935	1082.2251498332746	72.36051178606192	76.64548263753692	310.6255927929107	-967.2303325925985	1902.248978014812	10784.760639304779	13.564627086022018
?	165.15263438972892	2009.4059243447182	77.45041625793444	27.7279816740209	339.91229942066457	1141.3257108263642	2279.997711198324	7907.786016303286	11.585110879619156
?	224.97309201400668	2178.215624868211	73.74691086976299	-68.8145424195652	367.6918783342297	557.6160850078031	2297.638278829982	-7001.5246168710255	10.732342960903619
?	274.063415633141	857.1455124892171	74.00968913695613	-51.563314354890345	367.7931036710551	416.52562847409604	1929.9214803547677	-7898.234895247962	11.548524523108014
?	267.83036763846815	-5501.268312662742	71.16874515201843	-79.2806461955732	388.5181597579348	1642.0678368498277	1902.7265340675783	4636.026852949129	8.931945612574756
?	-1	-2803.842535066211	70.04565682717741	-89.23515348291419	449.8964955135477	-122.91063091559006	2161.7228230022274	2603.682687087871	1.4212426231774888
?	127.6382408851556	0	66.70698747787266	-161.66565252372845	382.37262821215523	10555.181456083406	2032.9106684219737	3480.351255355868	8.555755523636403
?	-1	-2572.7648177030756	61.96237420099087	-130.65670236638354	977.6555683177254	15993.204414817661	2335.7403857700233	7579.597966174117	-1
?	-1	2146.696663799795	60.17415235955339	32.595169865812856	1182.0328489530496	-10831.123722009266	2411.890566730685	-6829.096962411975	-1
?	106.33483318999127	2213.057766653154	63.59213269428154	43.80681300987939	436.0993822172544	-15848.338427500412	1994.2855376494197	-7661.679812571683	6.559534833596396
?	109.65288833265927	72.53780152543452	62.36449301004739	-48.29435097945679	389.6159275780177	-669.1684350760597	2028.8065761020953	1074.1281102569958	4.4431467198481895
?	109.96172326626305	-2213.057766653154	61.177415145308665	-50.505157221830636	402.64096046345094	5729.058974132954	2047.9919431622702	2402.5394624236856	-1
?	-1	8189.49241387619	59.83923514895582	147.3372355053505	676.0688762846695	2750.092176908797	2148.9335492232813	-7060.05203726289	-1
?	519.4363439600784	3928.7649213797263	68.5442769205763	358.24721383727393	540.1455693088927	-4819.453866039078	1694.9893412991207	-2582.167508063448	3.4153153307834936
?	195.43824606898912	-7291.435971286478	77.75159584081978	161.29899357769798	435.09618298271215	-2967.4966163895565	2019.825173820107	6660.91686233227	7.064567926509423
?	154.8645453957493	-535.3666445970695	76.60922659946131	52.61689124757748	391.7707384894128	-1657.3263946864577	2028.035184415739	-7346.4886141956595	6.922643179179052
?	168.66991383913526	213.20763335076984	80.38244040319869	48.984909787927094	352.2298632483881	-138.77591092591078	1652.5007431103188	-12538.354068482686	13.692524083943482
?	165.52492706328795	-508.478507254347	79.0584720888577	-270.26831855477536	384.83194294311716	1351.8760448582364	1401.1174809915958	4263.928466460618	16.59878708616424
?	143.24598847641755	-596.4457632409835	66.86902447545972	-97.13819756029498	419.82366549130086	3267.2418552531294	1865.6971664333528	1686.5770480338495	6.006260796830267
?	135.70263890123834	-495.409610233449	74.20156221084288	107.14316581456377	548.194035705776	385.31581206293845	1485.4463333932895	-6564.185688443869	7.545663021613231
?	118.47550796474475	-46.02052020919521	72.22618276618799	-30.206632094399165	439.08945609444805	-1679.9526943348394	1537.4878820111546	-3379.728381316633	8.404856054401185
?	133.40161289077855	499.1361637866686	72.6912306061229	-1.6660582456279134	464.1964009890328	1577.4348953934114	1316.4599143274554	-11245.159506800905	8.758967402379058
?	143.43231615407853	158.12691193353263	72.14287985390659	-18.36957104981226	517.9612008641198	-1817.5225085355864	975.2299066711014	14.707549471304237	10.698184826604702
?	141.3079584874553	-128.46292284403705	71.77275205363227	-155.243193737353	373.32027556225216	-995.9564801202005	1317.1952918010206	19562.13806610032	9.287453449543685
?	137.0091700118766	-2846.1591697490653	64.38072016703883	-170.47428129394646	468.163376858109	4732.899133130326	1953.3368099761312	14573.780699003793	9.78997980270428
?	-1	2590.7994527038218	63.24903798893483	-25.36321996850482	609.9652322187718	7819.8009958193325	2045.8843267512207	2378.8756220520263	1.6821157872206127
?	266.5491426470695	5050.028815730094	63.11255916861357	279.21530125524754	859.1534266490812	-1614.6970745202427	2072.2805910787342	-6048.953200427018	-1
?	251.50144078650828	-432.42015273803827	77.2098030516974	266.1529927616407	529.2303784927585	-6686.76852254908	1743.4366667298655	-4613.286943510628	10.07789142626228
?	244.9281350101673	-410.7456214544247	76.4202088066958	-95.99022149700608	524.8150005216224	4.3570788157125495	1841.6162439031996	3466.737570842666	5.904786553177926
?	230.96415971378676	5501.437043843175	72.41029197684703	-17.93742668275658	529.4482324335442	804.5110564136893	1916.7735452720012	-1212.344818964103	7.652353174280369
?	519.99998720233	-155.65428214734942	75.52333747255796	-90.71589465531771	565.0405533423075	358.36482635947675	1780.9990029549936	-5019.0640980892995	2.8301880440775307
?	223.18144560641917	-8457.1407233126	67.87449724408108	-206.32542326139705	547.3664737515182	-1411.9305066380098	1665.8203403675327	-1228.608741165909	3.0013391436790915
?	97.14295103669399	-4483.62891212832	65.20706630948796	-184.01420279431642	494.444028010406	626.4216714267993	1719.5685658966972	378.32320036639345	3.1596587194301207
?	-1	2664.2548952957527	58.67378710436513	-57.767360748236484	578.6875573228587	-359.73210788335734	1684.7365003858527	4798.430945176706	-1
?	230.3556958014835	3874.9988618120838	62.31869827207609	225.97112273307025	476.45742261623786	-2299.9212335885036	1959.490113155536	7187.119659797061	6.989343934337858
?	192.74994309060693	-1740.8279556913342	69.9723432410188	114.60052826586242	463.69149564343184	-658.127841476796	2044.0924833757108	3481.1727797630197	5.338999985599623
?	143.31429801691556	1353.749709407594	68.0487246853693	23.429873316069013	443.5510305423976	11032.5979095631	2133.5487521436894	5374.192135608315	4.228979622420712
?	260.4374285609876	1237.202368721604	71.14383690682227	113.47271670786607	1015.3213911215946	3104.921475632224	2312.8020901561304	-6896.2100706527435	2.3884856624691606
?	205.17441645299664	-2475.6340892970725	73.72236052076268	28.011350316632956	598.797104324011	-7483.198682841028	1788.7382486110473	-9569.158639340436	3.7934015430376684
?	136.65572409613222	-4123.488329059875	72.54440442265394	-120.92941486045048	641.1614569795379	1918.0430532248442	1834.3441581891018	-355.52887960611264	0.9812664138603029
?	-1	3.958810797540139	67.67588977774007	-65.79245754499502	694.6992569852546	-1521.4266237657023	1770.9618046307414	1169.325827376412	-1.0348715187893742
?	136.85366463600923	3299.4183902878235	69.25478154540414	270.8562391676379	565.0901257912517	-5625.603091376697	1892.8104495579232	-5899.687748741292	4.482274196312862
?	163.97091951439353	1547.9650353850827	81.21870173612216	265.1693246420208	413.41910241641574	-2758.160062204993	1475.9774171936726	2687.7119526595043	10.646530975560875
?	214.25191640526447	1638.6726522928836	82.51324777750537	-92.60561373312679	427.18212268100007	887.8579016103662	2027.1960471909003	10250.147018866068	9.822557132915614
?	245.90455212903888	-176.32732746484953	76.58842104946575	-199.55310385110067	457.8119974969347	-152.6630418721653	1988.4847681369833	-318.4932358116839	8.957347553416025
?	205.43555003202187	-1798.8744027749851	72.5355925849502	-20.259818880801387	419.5489705873917	-394.52336747151895	2011.271385400316	-796.0062028697644	8.314817889186717
?	155.96083199028834	-911.8884037057655	75.57543010542567	4.015099735919648	438.08582912335845	893.3497466148592	1948.6844579934946	-594.9904915699842	2.458072645115032
?	159.84112984673294	193.23349170678463	72.73634757174618	-192.7419216168725	464.2164579181353	6329.625000025591	1981.5218608218163	6508.898302361184	6.450238339553735
?	165.6225065756277	1443.7241149366548	65.9383340245819	-128.72767431359267	754.5670791246425	3502.901915841384	2274.1293731115584	4665.57848997558	5.062741744176384
?	232.0273355935667	1303.8787612802853	66.29996385606646	-25.463598510257192	639.361553710207	-4097.28529152925	2214.8007853205986	-11412.839036331436	4.850161580968893
?	230.8164446396429	-262.01296851713687	64.66515409906903	-173.07650616446205	549.7028145481771	-1044.5474513523493	1703.4874212949785	-13526.949786160429	10.602967748598846
?	218.92668716770967	-4636.328892792792	57.64613854784323	-210.56026154168563	587.1341811425888	3065.367180473431	1538.4532960125675	-3739.6959559526354	-1
?	-1	-1220.4032505292323	54.1371410219846	185.94118900742166	702.9711735718508	-3103.0369643700365	1516.502623497344	294.6807808060752	-1
?	157.9065246412472	3673.9686526528026	66.94319799821444	453.36537811387893	431.98233292408474	-6696.964395338027	1553.1873350528715	3039.0418509925644	7.47824686077335
?	182.69843263264275	1143.5833786905598	76.80540992767887	139.04889698487835	368.1229538049447	-1461.1228448859604	1668.4547160469745	15041.627130339448	14.21147891062609
?	215.085693575776	879.2371527732621	73.89564284745846	15.566396177054918	358.9261906797857	359.914062387881	2305.2686915698546	8263.031308518654	12.858650779465773
?	226.66029027130648	-253.2461503723031	77.58372973653162	109.9247737072507	386.118656924339	795.1988577266708	2081.606281472913	-10566.938246263484	18.379913155945868
?	202.42338605716066	-935.8686504318607	79.39188153282107	-9.415214349285614	398.6861335661198	-485.3380847607661	1776.9217792566728	68.37251919404383	16.60084010152592
?	179.86685774971278	-291.16259043587814	77.11296901906734	-223.92984242222008	361.85175268630036	-219.03653296297222	2085.0249074326152	1198.4434132850913	11.096626387284587
?	187.86525653536654	247.90045605317448	68.19538941170991	-115.98763984389058	387.734306917971	5751.208967211404	1836.8439499209283	-6563.29087025738	9.39925979966453
?	192.26188055237168	-254.57028053401226	71.31358702687273	202.64763401307076	649.4122010468747	-457.0547486311515	1756.8603639197415	-8629.754920715082	9.995528632100173
?	175.13674250866575	-193.56682064881633	78.32777111236359	114.95683695649213	364.8815694864131	-5320.213084235969	1405.356203885168	-6137.823336343844	13.084179077764452
?	182.58353951993072	29.899763117404774	77.06142887469741	-91.3651552621276	383.4015468350724	903.8587048685391	1449.969197102545	-1739.768179342507	11.503670318418534
?	176.631730664536	-35.356837974224	73.75951334925715	-196.37617365926337	410.0745047298407	265.9444580717942	1318.3677949180415	7078.301196022916	11.182825172194795
?	180.8156976212195	282.11018967044873	67.2426201917341	43.842997027117235	396.6987697386623	-454.943076685602	1803.8842569036958	4426.6170493890795	6.820318209644827
?	190.73724014805865	252.26541880957296	75.95166320061304	14.143696237463045	387.3273508955603	265.0753660048414	1539.6986473874986	-8640.817372409469	14.127908462308216
?	193.42896856169833	-50.89220680671629	67.94980500360727	-228.99829020635298	409.95253803890455	386.3984854045829	1371.8433882832162	4334.590542263488	10.671401943020731
?	188.1926298077228	-8.281049578255757	64.50174869029523	-119.24699267327911	406.6472751657897	8056.910456984619	1756.428174500676	13043.638371478697	8.062191041553689
?	193.01491608278553	-141.80745467370653	61.98745536994323	273.115397764203	812.7980608881412	-483.6852525230949	2024.0253068571603	-15702.227180082225	2.672833836610768
?	181.10225707403737	-605.4452038537868	78.15751857850557	316.16849489378853	382.46301253963463	-8639.66185560188	971.3168154965537	-22381.549359103494	16.74843545751024
?	162.74265589009576	-491.2790834749488	77.79588011463288	-46.699657099828094	380.81496810804106	1581.0615984257233	904.9478389019697	-775.3273725574107	15.171017839216182
?	156.53830290028958	-280.38506426042716	75.82253572351414	25.722233236198438	461.5160924609219	1529.8687892091275	932.5504468686826	8412.302609223922	14.380679934406578
?	148.7234026770742	-116.29488062913998	79.08199177644282	-154.17827513241016	457.3084075684985	-844.3890295817771	1325.5629693631718	9115.236871829002	11.17646866693529
?	150.7235588688325	128.11882088812	68.11362196689352	-159.758092275313	419.29664098183247	-2226.3898458995563	1388.3122904601391	4345.715321034988	3.9541805096185376
?	155.1293437214803	227.85090938870002	71.09408716267706	150.76390611976123	345.9889152735191	1378.4581845726902	1542.8487354149242	3336.493957086762	10.945557181010088
?	162.11610433826766	272.54549745159136	75.65181727288169	91.11921330190866	488.21955021046796	1473.0865774600063	1555.1369883144796	1862.350012651119	11.95947397378853
?	168.75661859406006	84.42138842349601	75.65004782777255	-231.96602254649218	419.6432441465205	1601.755325330688	1635.9662360474815	3556.089947489963	13.354137804062685
?	166.33717375944252	268.9536096397747	64.05351614555691	-103.06286123429398	568.3073164770035	3659.2026171656726	1732.9414856889803	-8045.771974993958	7.52316113200033
?	182.20429907604898	-36.19000521164202	70.49690476605778	105.88284942034952	602.6033750048067	-618.4974834068229	1233.677637297778	-17243.27999970481	9.00361950364392
?	164.5276734988604	-3664.0859815209274	69.34765861657446	-306.7140491460866	537.3824423066619	1051.2076074586012	870.7774857037276	7090.543409607316	5.346965549065231
?	-1	3171.1934398780095	55.16120230875323	-71.06744798800192	655.1637553777375	-1371.6396350273155	1588.2048077781487	10362.725196459487	-1
?	323.0873454927631	3138.4732302883613	65.79428621717432	313.0030536854737	468.80046055529516	-5505.248653394655	1388.9137455267094	5462.703512057187	5.1362998170937635
?	155.9236615144203	-3193.559910735823	70.81135499302714	1.3313057852081822	379.90132270800086	-2500.849210557427	1861.339983381012	12207.175609700393	12.001509269812583
?	163.4093499559697	479.35511445066766	65.86085150643473	-137.74536052306533	343.75800002742204	-505.65889391763415	1999.2725260117377	7919.344867518067	14.43094751569528
?	179.89141723695403	-230.1216253767491	63.92408696687377	96.72620797616905	354.6183780121188	-1080.068476791568	2257.307226756921	5582.308015699139	10.390135473768604
?	151.90326868713208	-797.9117239292827	70.69716190524325	-2.812063211875926	289.7545761878429	20223.941967155817	2278.3879267966986	7362.341280095038	10.140967511540133
?	139.99583104048932	558.2478892412786	63.783483806279975	-184.87944304231584	1365.815476369924	18143.810913428006	2625.424290761678	682.5356656479829	4.9871727762882285
?	179.8156631491964	863.5549533677553	61.453189753127326	192.5488984543294	1196.945121859256	-19142.508145661115	2312.514710079098	-18417.924203259176	-1
?	183.1735787088777	144.76240882114234	73.41092872899658	308.92021922973413	408.6900690868547	-16389.541474783062	1704.5280805987063	-21719.7771551028	15.195687435944219
?	187.05378359025363	-365.1699621114039	76.89920071461425	-35.35570069285149	377.46804812009134	-1043.8618121910451	1226.5258523239427	-308.1190024097306	15.005800263533189
?	164.91508060330725	-1257.0581997769625	71.64314369435398	-71.02066096642615	356.4969784773017	683.2987244512736	1689.1221304782196	6285.542753761249	5.125904068680454
?	124.20087360140461	-889.3783938135989	73.3481676662929	-205.28131858954941	411.6329843426555	818.2454541634181	1540.8029900120096	-3296.8993975874023	4.2522142227276785
?	120.44616091262667	-2504.0174720280565	61.379077764876364	-417.2834489358958	397.4092511854732	577.4874386874601	1524.277160598847	-136.35197186493122	1.9256638085489803
?	-1	-2428.923218252499	52.48399521949781	-170.18040653661785	440.5073562770289	7562.559672201786	1533.985391418763	2241.793813025265	-1
?	-1	3310.544422568286	52.87005743804535	32.06529915913674	775.5372347955679	-645.0754721353222	1636.366851250112	-810.8145076195136	-1
?	164.52722112841664	2964.1385764898364	54.08726017745467	283.4287742453318	408.25358267026235	-9162.589290388753	1493.4446660377866	980.1018028929135	14.265712587500943
?	147.20692882449393	-636.0030450336399	67.04149615031214	331.36684392539263	317.40777027612376	-1880.8954941064376	1685.3719413947583	9780.465811000842	12.165241083113159
?	132.7270688767342	-444.665203519591	70.65560237372453	197.50633062995124	314.2088079649391	3414.5232403928812	1982.4679565878357	-4605.489313367901	14.58077954491576
?	124.97366864851406	-303.87158886697387	76.91681268180984	-116.21095016783363	488.13393229577025	3442.596787662767	1455.09747572636	-12637.268998207044	9.452762336599786
?	117.53348943338528	236.03665845822155	64.84505486533277	-224.7903402314031	486.3386473480799	443.08294986864604	1350.6045066774745	-5727.523424495117	2.1790919821921477
?	136.7755015714253	1305.6103614165586	65.67729567023953	173.69655957764573	510.28807978920287	498.8831665059328	1168.7213045016001	-6969.842975068055	5.431756774291163
?	182.81400750421415	1767.4757267777982	73.52988284421518	244.98952926757505	511.2828056733769	-632.7605446265706	1002.1123579240668	7475.749002384726	8.55638230665594
?	225.14928791031647	803.7693522951986	77.92677213361846	-31.506952431053158	478.6500525578739	-254.4624808865431	1542.5087546208417	14971.525480295515	16.864779560876592
?	223.00247511897464	-1108.3888362210992	71.9545352226625	-210.8692107431726	498.5596816290496	139.070988607414	1750.6886319388532	5577.547018584008	13.364978872256058
?	169.72984609926073	-1241.648267243209	67.38331159645968	-132.09267808500766	485.6036019882447	-1235.3316847349329	1821.386105550046	-10215.220285112033	7.246508151211926
?	160.9200617568133	-662.5591290662478	65.34990131841202	52.80424556346087	436.79309739230206	-432.1786970396927	1239.9276176832443	-12484.493484400895	2.5103953484402686
?	136.60188964594786	-732.3384971427558	70.02352387463276	-71.2034334151687	463.99466713625975	579.3622972311707	1197.1614313299924	433.79334544472226	10.058083322030226
?	124.303136899675	-2752.037792918918	61.78972964765354	-380.6498169152381	465.761212253861	896.2730192602041	1261.6172849554807	1070.2537132499294	7.43123377708495
?	-1	-2506.0627379934645	50.99103302887058	-296.67262166977343	508.8083180992706	1270.2450238624353	1250.6741169924896	3734.5921561283208	-1
?	-1	9447.263274954841	46.956098564164655	17.481589969677636	529.2734634469837	2950.6236933079003	1448.3468927618994	9429.378324203892	-1
?	471.3631637477488	9625.991095552643	51.865112527354476	301.2527631082004	656.3395027646677	-793.9008631197181	1722.143033202691	679.7212025332414	-1
?	480.299554777639	-1763.0789002682945	62.01873671957489	497.0962695223044	489.5784202909972	-3586.6179221094912	1482.332952888562	-5037.769554066013	7.898481160984304
?	383.2092187343328	-6851.443154158498	76.71992600347005	244.68236567816228	477.0086066591906	-842.3946366151819	1470.2545554993867	-206.04777992936468	7.791384375728946
?	137.72739706970924	-5118.067206480847	74.25285500348318	-39.8957804169936	447.4586884602375	-220.3838534456284	1472.0305638920936	-79.7203618135552	11.83685348779684
?	127.30585841028683	493.6451522820856	74.72513698262034	29.17769168272842	465.989413986909	369.9600501537752	1466.2685374087089	-414.1018556068352	14.04186047939866
?	162.40965468381387	3822.6918362682914	75.71173958761962	37.38890504671449	465.95669096792653	-215.82781498920247	1451.3254711117515	-1007.3915434164285	9.24922028681686
?	318.4404502237041	-960.6158977392956	76.59458223495609	-29.49816370526478	455.19802323744875	-1377.7278273951877	1415.8989602378867	2995.397682833157	3.867635387834581
?	114.3788597968484	-3952.1863389325986	74.23683140235636	-6.135295569373708	397.0702995981662	-759.4975815398522	1601.0953552534115	7600.335041492914	12.136737936104392
?	120.83113327707136	6756.331591130412	76.2878174564874	-58.22631047968858	417.2231441604556	1150.2890071008262	1795.9157123125378	3464.0989687837427	10.199813964848278
?	452.1954393533738	6314.625876898809	71.32551587837189	-36.27596119447849	454.5847499532083	643.2668163759138	1774.3003036926011	-3189.779388793463	3.206033171323797
?	436.5624271220163	-4947.424546270937	74.47401939676345	52.37166774651751	449.38648497925175	1442.930173380198	1636.4267428728624	-2562.138702350103	5.521378798502965
?	204.82421203982344	-5383.907417073093	73.9440992656978	-221.10990288133235	526.7312586222192	1637.8448216223007	1646.1933685750942	-582.40604115144	7.611175814589023
?	167.36705626835783	-165.7347049550099	63.41852425269668	-203.55593309825673	531.278726060368	-1361.3516767952615	1607.30644081529	-368.99201422069314	5.00991183293963
?	196.53747679207282	1751.3187339465244	63.76630261078482	99.59635803324105	458.6636747824552	1379.4056849683498	1627.7437678640592	-7197.611421143454	5.277105081140024
?	254.9329929656853	809.8671762342302	68.3983421543588	52.436952444337344	600.2490103087864	3158.452475009321	1247.4258697581122	-8372.600081248678	11.062716727195397
?	237.0308356037849	-5118.659859313633	66.38815023300172	-197.15322146916196	616.5862985329235	623.7243284171975	1209.1137638016194	970.0042310120851	0.029845783998874942
?	-1	-4760.616712075631	58.54068108090056	-297.45726001181583	631.4352267296467	988.7750583340376	1295.9260813087171	1938.2678340150776	-1
?	-1	0	51.51528723241072	-212.12213727041853	666.0250514496261	968.219564271469	1306.0271555023746	5500.961317456821	-1
?	-1	0	47.934574217379485	-126.6932194777029	679.8462049432209	1198.488448521133	1570.974147181562	9858.821749087938	-1
?	-1	0	45.180626258525486	51.61465847177792	725.9494738756836	-750.9129094482576	1798.9682429567786	3657.4671858718903	-1
?	-1	7657.884823989951	50.51530714096842	642.3695034824468	642.3005594708075	-5165.685595998381	1753.8475064751592	-8968.61223691309	-1
?	381.89424119950297	3751.064065987773	77.29910143264829	569.0713193952154	467.66519407576084	-4178.196884868981	1350.5376311111177	-7107.859362606554	9.317364665907254
?	186.55320329939133	-3731.084616391495	78.96887311072959	10.922790752922667	433.39071522735543	419.1675892352484	1398.4545383448265	11251.239206631708	12.014902905543419
?	195.3400103799256	-260.07858008366867	77.84524097029443	-198.8325875081819	488.62357353752355	-344.0855366535876	1913.099591442711	13316.01471651769	7.356186685338207
?	173.5492742952077	635.8545824187355	69.02724373532035	-161.26821492372696	416.1864383946758	4419.360541730463	2064.2552741707204	-1961.7190920850264	3.567230285024017
?	227.1327395008628	1059.095107365537	69.78183022410796	196.83529279755112	709.5916006240499	3876.4112242336755	1815.0136368384583	-22530.979888354665	4.191249486902641
?	226.5040296634853	-4542.654790017192	78.86900837519805	-1395.6366044821395	610.0069996063623	-14191.832012480796	937.7062797529712	-36300.27273676865	9.75086833034439
