rowLabel	avP	dP	avI	dI	f1	dF1	f2	dF2	h
?	215.98980842652438	4800.020005893007	72.49375769022714	1481.9974393818984	618.4598715782839	15074.818036890569	1255.4798910071777	36598.21335299702	7.247714946313882
?	240.00100029465034	277.55875438028283	74.09987196909492	15.055850427825987	753.7409018445285	2275.870990298122	1829.9106676498511	15435.208890779977	13.483692926124501
?	229.86774614553852	-471.78003149261355	73.24655021161844	-218.1340738799269	732.25342109319	-1407.083621171741	2027.2403355461765	-5307.308509469802	13.810706816952939
?	216.41199872001965	-82.04986914007294	63.19316827509857	-283.4194848518623	683.3867207859414	-963.849348513734	1564.545242176361	-3590.155642149617	3.0566943942684204
?	225.76525268853487	182.57412148313566	59.07557596902533	147.46337320992555	684.0609536675033	-5882.028956519033	1847.7325534386957	13760.421500189766	-1
?	225.54070479417643	-428.4616242543542	70.56633693559485	148.02476772650624	389.2852729599898	-6147.18010883787	2252.566317185849	8135.48650665243	16.642282667984638
?	204.34217147581717	-561.1569325569981	66.47681435535064	-59.80040211147811	376.7019482256099	-65.50585969110104	2254.506878771317	-7615.149597136012	13.816386858539998
?	197.48285816632654	-317.49316428240894	67.57631683002094	172.46560533831885	386.00997997543476	419.0658723965886	1871.8088373290486	-5458.443252117273	13.848078815777239
?	188.46751326169672	-479.14343580471336	75.10009462226658	166.90797298046252	397.6552418454393	-247.13272938622487	1981.5847161654535	4798.147060820116	12.713817809532667
?	173.52568637609087	-340.2437008052198	75.92171547904407	-265.81551591907464	373.6533435061235	-139.5101955469352	2111.7161903700544	1039.6891631089559	16.32483112950371
?	171.45532822143574	-3490.5137275218144	61.809318826312854	-414.36215499216195	390.67973206809256	222.8610047342145	2033.5691743209013	-1928.5263837001257	12.938061986872212
?	-1	916.0194170947157	55.20360772943595	78.7763677555467	384.79639374283425	3530.588627236615	2015.289871185048	-6130.797849623799	-1
?	217.25629907617156	4339.480473976605	65.74813721409019	359.93254949712946	567.2091634299235	7143.835236539014	1727.029281839711	-17764.086035296525	7.925708131046437
?	215.97402369883045	111.54541394159641	73.20023520429244	156.10720368171812	741.9881555697853	3733.1100521847397	1127.085569420221	-10211.830033436087	16.587807902760932
?	222.83356977325138	-429.40714351724654	73.5534973981761	28.39019304545585	753.8646660391606	-378.9630691098406	1216.4377801679063	4120.427092591363	17.563379479410195
?	194.5036665229681	-950.5115438876439	74.61974485656523	15.800231095018077	723.0400021142932	-7003.907994829685	1333.1069240497893	2061.779599251716	8.315795805633572
?	175.30799257886915	-260.45665404217266	74.34350895292701	14.247918935703	403.6692662976761	-2856.6307368200064	1319.5267601304922	-7715.836869618626	11.842418133923013
?	181.48083382085946	-0.34173774317594025	75.33214080335038	-183.9426072652169	580.2084652732928	5623.820813104913	947.3150805688576	10893.124474121587	12.905261411073463
?	175.29090569171035	43.3304813020197	65.14637858966616	-369.42988586635846	684.860306952922	1526.6804963971172	1864.182983836572	16207.158279162986	7.7561631261781905
?	183.64735788596045	367.105802592693	56.860646510032446	49.88892366677141	656.5424900931487	-1481.1256934986407	1757.6729945270076	-3625.8241791944743	-1
?	193.64619582134497	-22.676549201067907	67.64082477300472	248.13581379635642	610.80402227799	-3545.98370052868	1682.8917748768486	-6733.883157739449	14.982354002691181
?	182.51353042590705	-420.17479126839606	69.26743719985028	43.71398184150106	479.2433050667145	-3264.310402417712	1420.9788366400348	817.452772019323	10.312631119131945
?	172.63745625792515	-531.6966914316175	69.82652386507978	82.83623930973953	447.5885021571043	-302.75767981843813	1723.7644134778147	9151.799425092997	11.498550624667358
?	155.92869585432615	-397.0292382877474	73.40924916533726	-128.2547067210061	464.1054210757926	252.68254222099335	1878.568807894685	2056.6852568627774	12.958976718841303
?	152.78599434353777	1274.9356859078212	63.41378852902947	-308.87891031176355	460.222629268154	1183.2277801019916	1826.5986763209537	-1584.3170862405473	8.849507846062668
?	219.67548014971726	1559.9401724445179	57.96530364974907	210.47657160583265	523.2668100808922	4715.673459917624	1799.3529535826576	-13699.850679534113	-2.48885802265184
?	230.78300296576373	430.55599279371523	73.93761710932111	302.36723933550667	696.0063022640354	4301.383096062503	1141.6061423442475	-11277.553196794323	12.906878831821839
?	241.20327978940304	-265.0097714969528	73.08366561652441	-89.67937908838044	738.3359648840176	616.305627826377	1235.475293742941	3591.2579212295727	16.735712275708263
?	217.53251439091608	-4844.065595788056	69.45364815490208	-177.08986734199652	726.8215836553543	2217.3962181400047	1321.1690384057263	7735.594386709351	8.373134176738605
?	-1	56.84897731552491	64.22917224942458	-38.67422050148601	849.2057757910179	561.4687654170753	1622.2550130784089	2256.710655693835	-1
?	220.37496325669233	4360.706150860175	67.51993712982778	88.34661521663	754.8950219262081	-2696.628928163175	1434.0045711904181	12548.025673766904	8.905352884089854
?	217.0353075430089	-629.5840148926146	68.64650301025608	-158.14898735316547	714.3743293828591	-1472.411325149054	2249.6562967667546	17740.92882345911	15.280184861988014
?	188.89576251206157	-4360.706150860175	59.6124877621695	-301.6526921218181	681.2744556687553	-509.6915302126349	2321.0510123633744	-9370.389095454799	-1
?	-1	133.9159133984815	53.56386840416516	152.0135318002187	688.8897528722273	-2604.089649480329	1781.1368419940143	-22600.1342638055	-1
?	195.59155818198565	3453.937455795085	67.21316435218044	233.34535316788512	551.0699731947387	-3070.1130664293755	1191.0442991730984	1862.6536976966356	14.72765267385534
?	171.6968727897544	-3931.8311636397093	65.23113606255943	-160.9982768167484	535.3840995507584	2064.0133339016625	1874.2695268788461	24756.935653729182	7.449712563948996
?	-1	-3453.937455795085	59.163250511343016	-109.83977520576691	654.270639889822	10996.030952588164	2428.8910818595587	9409.962776500397	-1
?	-1	2991.333286545623	59.73914730227108	37.938944201461275	1085.185647180167	-28.767374707483643	2344.7676657038664	-12915.682516638506	-1
?	148.5666643272813	2405.06647335948	61.06019772141608	73.33443848547738	652.8322711544478	-9648.124122052312	1783.1069560276328	-25773.95119762028	-1
?	119.2533236679741	-716.9127048644062	63.40586922654495	-92.47352591919413	602.779441077551	-1973.3965157893479	1056.0701058228512	-6347.74456122248	-1
?	112.72102908406112	-2405.0664733594904	56.43652142545639	-302.82131022466154	554.1624453649807	748.9752575261676	1465.71972796651	20036.90334870664	-1
?	-1	-2274.4205816812305	48.26480371531193	-213.21120224634802	640.2282039538593	3829.930296093569	2057.9152732581797	9310.92158080654	-1
?	-1	0	45.77596131313903	-47.054025602265625	745.6589601696585	1875.556887854709	1931.2658070068353	-4857.100937776162	-1
?	-1	0	45.912102435198655	11.210248185054365	734.0060483465944	333.98398623816894	1815.0602263693725	217.63189773381404	-1
?	-1	0	46.336473722391744	26.87487002993161	762.3581594815669	263.57520167385337	1942.147401893526	691.391548785348	-1
?	-1	0	47.25584593669523	2.0375204591326295	747.184808430287	-820.7802649329854	1849.6298038086397	-2228.06099300696	-1
?	-1	0	46.438349745348376	-12.680101628733143	721.3191462349178	-3657.558229477035	1830.7443522431784	2509.0486423651237	-1
?	-1	2840.1080060650747	46.621840855258576	283.1171775240033	564.3068969564359	-8039.87228165574	1975.0822359268955	-2641.4720739282034	-1
?	141.00540030325323	3408.86334833884	60.59420862154849	516.4336802891276	319.32553215213215	-4112.511041154831	1698.6707485467687	8.504177655704583	-1
?	169.44316741694138	781.1556054255049	72.44352486971486	319.65262000102257	358.6813448986951	1141.3179135799471	1975.5074448096807	8278.071557715086	10.783216781911095
?	180.06318057452833	95.96867698123594	76.57683962159956	90.12504155348698	376.3914278311293	-186.32510536657898	2112.5743264325215	3261.436319573179	20.04991867714987
?	174.24160126600316	-269.74899565425557	76.9497769473892	-188.6219089472557	349.3650896303662	-667.850373069033	2138.579260788339	-875.9068063908338	20.084268951942665
?	166.5757307918156	352.5277900299478	67.14574417423681	-99.30619691185406	342.9989091776778	2203.5176641414464	2068.77898611298	-6486.429968955781	9.975942855248349
?	191.8679907675005	634.5267431171175	71.98446710179651	270.30091705257473	459.5409728374381	5553.264792323747	1814.2577623405512	-10126.13106047529	4.243932198321521
?	198.30206794767136	3.982828421515606	80.6607900268655	-6.274076124757095	620.6621487938642	2938.2361214923253	1562.4724330892172	-6117.789358051308	16.09860967963788
?	192.06713218857627	-127.90447497804382	71.67076329555866	-221.17901165862287	606.4527789120539	-2258.6045774929585	1508.3682944379868	6028.03875243263	5.112511455678594
?	191.9068441987692	-77.12001868350028	69.6018394439344	-41.42839591151657	507.73191991921664	-3522.077363146367	1863.8743707108476	13790.044395811572	5.557529730863202
?	188.21113125440127	-373.4703489436824	69.59934349998284	-2.0891639516301628	430.34891075473615	-2921.4265117717423	2197.870514228563	8535.941597798917	11.459300719215575
?	173.23332675158514	-545.4260401849043	69.49738124635289	-124.09449587476446	361.66059433063003	42.74270177337386	2290.671450600792	116.77132328207377	11.061738494017472
?	160.93982924515615	-3484.6665350317153	63.394618706244636	-165.96264448612604	432.48604584340484	2081.7545324015355	2203.7090803926667	-2789.737795533275	11.02945941628072
?	-1	-25.566250996519194	61.199249022046615	17.870202244513315	465.74832095070644	4580.12671017336	2151.1845608241288	9980.023279107634	-1
?	159.6615166953302	2646.5534048858153	64.2881288184703	103.70551882292554	661.492381352072	2156.496222091499	2702.7102443480467	5610.16304390858	6.338123355285172
?	131.3276702442903	-1083.0439046255533	66.38452496319287	-193.07753206635195	573.573132055281	-1674.578007982731	2431.692713019557	-4324.791853479434	-1
?	105.50932146405272	-2646.5534048858153	54.634252215152735	-277.5333832197934	577.7634809529358	1110.053401648576	2486.4706516740757	-10305.656412740142	-1
?	-1	2228.773317406462	52.50785580220325	369.385636771892	629.0758021377096	2161.3249728124274	1916.4098923825516	-28661.172291464325	-1
?	216.94798733437543	4235.892569278676	73.10353405374727	237.8058550580468	685.8297295935568	4027.943756084938	1053.4120371008646	-7983.2001109718985	10.740214334326485
?	210.79462846393304	-4358.959746687524	64.39814855510555	-324.6131604905034	830.4729899419558	1183.636590320952	1517.249886833958	5473.624040222186	6.302019872764696
?	-1	421.2610345813696	56.872876029222155	-101.44459277177027	745.0115591096042	-1934.1276314246807	1327.093239111973	3381.0203382384207	-1
?	231.85768019300144	4118.26978595335	59.325918916517054	415.76465076998863	733.7666083707221	-2779.410757903041	1686.3009037458785	7927.994291455994	0.5396330714431408
?	204.91348929766679	-975.1443662333031	77.66110856772151	307.455318170368	606.0410212144526	-3908.936369093031	1723.4929536847712	5476.590020334771	11.984354686059024
?	183.10046188133646	-1196.6536604903556	74.6986848250354	-188.16506002892663	538.3197899160713	-1030.0706674137055	1960.130404762616	9044.716453791321	8.749919313237413
?	145.08080627314922	-3682.009237626742	68.25285556627522	-209.14072960445554	554.5374878437675	887.4319741760392	2175.7287763743357	7787.032279705813	5.536244205700999
?	-1	995.3288378657608	64.24164834481266	115.98808898216033	582.6913886248731	-2692.6280061425377	2349.4820187479054	-534.4432355055616	-1
?	194.84724816643708	3956.226485625034	74.05226001538321	298.05905206520487	419.9060875366411	-3659.0256695087414	2149.0066145990577	-3007.9001379396427	14.861551534616599
?	196.811324281251	363.9776623686858	79.14460094807285	-13.978327102226778	399.74010514943666	193.8603034453622	2199.087011850924	2841.5077702402787	25.129842139265197
?	213.0461312848713	654.2105478637353	73.35334366027188	-224.1387311584196	429.5991027089092	1177.2325349784985	2291.082003111071	1966.6224105290783	12.899033109422607
?	229.52185167443764	177.79320856451767	67.93766439015191	-274.4256601009778	458.6017318983614	320.21698996449004	2297.4181323773773	-1474.6224664335894	10.435888582595396
?	221.93579171309716	-4610.437033488769	59.632060655223036	-316.6591018082252	445.60995220713363	2805.569966826942	2217.350879789392	-2527.755621410888	-1
?	-1	-4458.715834261959	52.104709299740705	-204.78510785474998	598.880230239708	5800.831343648005	2171.0303513068334	-3789.5148153232776	-1
?	-1	0	49.392805262485574	-128.07284923295728	735.6515193895328	1327.1508630224141	2027.8751390232287	-5039.454669539036	-1
?	-1	0	45.70106683809286	-99.01624034988494	665.2377733908285	-3336.7783522184077	1919.0576178298825	-3997.6337299520223	-1
?	-1	0	44.441993244991345	242.70826103988952	568.812601778613	13487.239260410739	1827.9934525256283	9292.236312962246	-1
?	-1	4478.428651062269	57.8364798900873	431.8115940981067	1339.599736411363	6000.46221848603	2383.669433477993	-384.8359415416021	-1
?	222.92143255311262	4193.207026616319	66.0325729498966	378.5679870815145	868.8357127029135	-14730.739413989377	1808.7516554485483	-26179.61578404992	7.404650870367559
?	208.66035133081522	-456.7447459180897	76.76487924416296	96.24827849351254	603.0627657118968	-4040.6501259966044	1074.6886442755017	6042.97653047432	14.869701180340822
?	200.08419525720822	-739.6122153882786	70.84498687457221	-228.85208445867673	666.803206403084	-573.148676093351	2110.900481972263	15508.218856459367	11.602165765728628
?	171.67974056140142	-146.7615620286693	65.32227502122916	110.58345047933085	574.4053319072293	-5059.592583412087	1850.0995870984673	-14680.111049223862	7.129280727191103
?	192.74611715577478	426.72758054132584	76.37415939853874	214.79099897256296	413.82357723248055	-3511.6333233394685	1376.8949295110726	-3296.1328118080046	12.285872106838735
?	193.01611958846763	29.110975329838414	76.06182496985727	-287.0209583301129	398.8236657402565	-326.12863463425356	1685.2929465080676	2843.9082467405306	18.365558409331904
?	194.2016659222667	-3880.3223917693663	62.023111482033144	-385.51538688674793	397.5171455007679	2454.264166037644	1519.0903418480987	-886.8421040173266	-1
?	-1	502.06414917282933	56.78605562551994	117.25661891492605	521.5368740421383	1086.1837864602755	1640.9508413072015	13119.608865365504	-1
?	219.30487338090808	4484.9905353669765	67.88594242777943	289.4134188507096	451.8263348237815	-2469.7743750529635	2175.0707851163716	11862.458118436263	13.954746634221332
?	223.249526768348	-204.48537858656738	71.25672656805537	-34.722958283541466	398.0481552894905	-722.103578922262	2234.0737472290125	-6623.222634413806	21.55554366413265
?	209.08060445157975	-607.837129911084	66.14979451360236	-289.2991869641283	415.72115587766854	1253.9583452764555	1843.9096533956824	-4839.306937904634	12.232667166987328
?	192.8576702727939	-4201.61208903161	56.79176721984901	-225.24799583461325	460.74607255331307	9298.494071246452	1992.1084003337817	3728.044961422033	-1
?	-1	-119.73058357096122	54.887394721871736	348.0712250562983	880.6458594399895	1745.9909967062656	2030.3119014667834	-2210.8207251704957	-1
?	186.87114109424587	3368.8198137419818	74.19532847266386	324.02887247778114	548.045622388626	-9995.934216235351	1881.5673640752573	-8556.313833250886	10.317152021324846
?	167.4409906870985	-456.18859843272554	71.08883834576074	1.2404330361187066	380.8491486282237	-2278.578883673371	1602.4962098042406	-12004.599778505113	8.539498995544111
?	164.06171117260968	-102.60065415187833	74.2573501244698	82.93820396546524	434.1166782049579	2817.4535710648124	1281.3373751500037	-14970.599438306206	10.863955135677134
?	162.3109579795046	0.6685168538194853	75.23574854403398	-59.83839882469759	521.7218271814638	3145.9866051124004	853.9662378889329	-4156.460418719044	16.538485995748132
?	164.09513701530065	-70.19134803854084	71.26543018323493	-196.80093810863937	591.4160084605774	-411.6530065907526	1073.5143542140522	23878.52437430564	16.692979765673588
?	158.80139057757756	-209.45768963603842	65.39570163860205	-0.07171974024032604	501.13917685192627	-2566.5982216140414	2047.8924566042108	7510.593198447877	-1
?	153.62225253349877	-174.63703351134035	71.26184419622291	47.64284126410661	463.08609737987575	-959.4821390904281	1449.0440141364447	-14678.986612184997	15.534075897474974
?	150.06953890201058	-40.408498742158514	67.77784370180737	-309.2992010550295	453.16506989740503	166.81466095707893	1313.9431259949636	2873.489063316416	14.670013775915388
?	151.60182759639085	-143.0130855601572	55.79688414347149	-187.03121163301967	471.42683042772967	2551.928410528126	1592.718467302265	5296.938121802665	-1
?	142.91888462400274	-346.0193445355294	58.42628312015642	295.58466442103327	580.7614904238109	-1130.8942047216096	1578.7900320850958	-9645.373424051324	-1
?	134.30086036961444	-386.20716549808657	70.5761173645231	90.80166939071138	414.8821201916494	-3678.8130060568933	1110.4497960997005	-8477.823430154444	15.331677734652288
?	123.60852634909848	-2706.0172073922986	62.96636658969197	-395.5497714904405	396.82084012096686	1591.0979989858595	1154.8988605773752	8903.475355526552	19.321980966803174
?	-1	956.8267156919412	50.798628790001146	-10.403150929731206	494.4370201409421	2813.4023137290033	1555.6235638760265	718.8549081166937	-1
?	171.44986213369538	3617.229781830688	62.446209043205414	522.6954158577626	537.4909558074165	3533.0839597572835	1190.8416059832098	-11274.519980268833	3.808598177961425
?	179.86148909153374	859.4058403747155	76.93339958288918	282.2781689566303	671.0912181288056	3928.8177508170797	991.8975648625869	-443.41972473981673	12.312525592957414
?	214.420154152431	1246.968186912822	76.56011749103688	-49.22447697807758	733.9318433482698	1864.6726500242355	1168.670619746219	5520.645386110502	10.235045843778973
?	242.20989843717462	671.9625030627652	74.47217573398531	-152.37257806684707	764.3248506300171	678.409463945925	1267.929834168111	2385.8825645425572	13.690782632556628
?	248.01827930556914	-38.32613549103214	68.94148858769455	-329.89131014319884	767.8523165455659	-7.0723239817584975	1287.9647479733464	-272.9597006997174	14.300911832356507
?	240.29359166262302	-4980.3655861114	57.977610226825426	-384.1629939534402	763.9712344309291	1075.5243923250753	1254.2818491331252	2434.9318984285396	-1
?	-1	-4825.871833252478	49.73333889002261	-162.80459528181595	821.6285361618195	1665.1488055482755	1409.711342894773	7772.85446123085	-1
?	-1	0	49.83738046273466	-23.11719983440619	847.2286747083426	-756.9999548914034	1642.9245721946663	6951.658401046813	-1
?	-1	0	48.5774788983023	-32.391376737560876	783.7785384172495	-1420.7198795636855	1757.2942629471124	4115.12957439461	-1
?	-1	0	48.21781162585662	13.515874556354012	776.1926807301586	-2404.684613752367	1848.681050914396	-376.6494996048382	-1
?	-1	0	49.25327262612	-4.678583714077166	663.5443077296316	3152.5491810333438	1738.4617879668706	694.7242590371732	-1
?	-1	1650.9126699790177	47.98388244015276	208.90737354248773	933.8201397818252	-3356.416819999683	1883.4172638662546	-8188.901843183591	-1
?	81.5456334989506	3124.574475682394	59.69864130324435	552.5156103414178	495.723466729648	-9223.056289682188	1329.0166958076925	-12460.326582687701	9.633182341061408
?	155.22872378411915	1322.023872477072	75.60966295722355	321.1611416949215	472.6673252977174	-666.9658356467677	1260.4009347318718	-1021.6354472596313	12.358673546879169
?	147.64682712280396	-206.46884264946965	75.75669838799037	-45.16670880100849	462.37517494730974	-61.072426386723684	1277.934923444711	1284.4905319605004	21.33457663475327
?	144.9052816516457	114.64212221496196	73.35132751717313	-71.13242692956501	469.61370397838124	-433.71415504150303	1324.6254613298966	3941.0310552124524	15.62348187179092
?	153.37893323355203	54.54737144676093	72.20007704151213	-249.8827196259015	440.68946719523467	2763.0330316570958	1474.986476205333	22817.237479358635	12.854793842170244
?	147.63265022398375	-3087.5786646710517	60.8571915358781	-216.18125068123197	607.7653555612355	2796.9984871089614	2465.4873352978243	24452.295926271196	-1
?	-1	1813.5212247167308	61.39101450745057	119.39467397745815	580.5393915506822	28729.995732422663	2697.6012725188884	4340.03211382236	-1
?	238.30871145981996	4413.643541743091	66.82692523475099	190.8406634705585	2044.2651421823637	-4590.636620657969	2682.4889409889415	-14697.74961257155	5.098249955893998
?	219.68217708715378	-709.9084053273375	70.93304768097846	-93.74403998346769	351.0075605177846	-30615.54731351626	1962.7137918903136	-13479.55458856288	12.202361675239858
?	202.8132911934532	314.5138327114887	62.13972323557762	-200.24571990386292	513.4877765065561	5659.178632492477	2008.5112115608	-4979.558382336189	-1
?	235.40786872272815	608.4084226785642	60.92076168578535	226.72673215787847	633.9664921424075	-1249.2429166298143	1713.735872773505	-1167.5280658036531	1.9327393715000665
?	233.2337123273813	-386.70682768437325	73.4760598434715	225.87188851094618	451.0256306750656	-4250.889608944311	1950.1348082706174	6147.5292952575355	14.382855847192582
?	216.07252733850956	-435.659519138221	72.21435611133262	136.1185904143894	421.4220116951927	-342.4508042161813	2021.1123375363807	2200.258343960371	15.196293998765146
?	211.45073637047034	-318.8736257103625	80.28198936419095	110.51726920307442	433.9030904642566	249.29489882594086	2060.1477254686356	-3953.512006416427	21.014518054305835
?	200.1288460529915	-491.28627130821604	77.74021957148632	-60.455614389804495	433.8867566364897	2957.754205943369	1823.43673721556	-9481.32852008948	9.731464044702157
?	186.88642280505962	-733.6131998820864	77.25920864470074	-90.03025641632921	581.7908007614245	3654.285551944409	1586.0812994641633	-1529.502807268983	9.719260616236287
?	163.4481860588873	-720.4581800383992	73.23870675066988	-272.1305763008476	616.6010342337095	163.83028987871796	1746.9615968521111	3992.2961378836867	6.802990572838592
?	150.8635138031398	333.7148351479596	63.6526798296584	137.9178961259466	589.9823152553604	-127.9756415453794	1785.696106358347	-596.0632508438652	5.93717397629635
?	180.13392781628522	334.74761256134235	80.13460155696718	219.76914561297497	610.2022521564405	2734.989263726755	1717.158434309918	-8524.7365286603	9.599456666367312
?	167.60089443120685	-485.2305061072218	74.64113711030711	-260.5323656040671	726.7317784416977	2581.201578894388	1359.4592799253335	-8104.419955240607	5.528309923815049
?	155.87240251092422	-86.80626259804203	67.10798327676388	9.06474281174187	739.2623311011595	-1810.8714554849457	1311.937436547889	-5604.7744500197105	1.5105874537602413
?	163.26058130130477	43.43343474319583	75.0943742508942	108.00495722850637	636.1882056674507	-2846.5073425216938	1079.220557424349	-7029.317895615686	11.946030069950426
?	158.044074248084	-296.24400931760016	72.50823113818917	-158.41354543066188	596.9369639750753	-650.1993980654515	960.471541767106	7005.6090461304775	14.566614207672586
?	148.4483808354248	-3180.8814849616915	67.17369697936114	-352.0158266798839	603.6782357641782	2912.398879010888	1429.5010097308716	8544.748652685266	8.918870717434336
?	-1	935.7731160237204	54.90743980419504	-98.93839925410411	742.5569079256192	143.27437774742572	1387.7089744013679	14909.025487729845	-1
?	195.23703663661067	4398.180851509368	62.22677701665595	314.24142180880165	610.8419546515495	-7430.8904677653145	2174.952284117361	19417.16174727819	10.167976044662417
?	218.90904257546762	381.1553913476589	70.61951089463507	183.90191700470632	371.01238453735476	-5035.168349855444	2358.567061765274	5668.923853335411	17.089193913900683
?	214.29480620399355	-850.7001981216578	71.42187286689124	-81.80592436918658	359.0835371587782	-402.69924082185213	2458.3984767841307	-207.1147834247866	18.619883397717338
?	176.3740326693849	-4305.896124079886	66.52921467617576	-326.3354745325562	350.8774224962622	-446.5124250532999	2348.2113225940348	-6231.205191175099	8.712579033010545
?	-1	-3547.4806533877104	55.10509914026348	-303.9945008700753	336.7579159061133	5062.486637905553	2146.838217225377	-8604.738963746166	-1
?	-1	0	51.32948963267204	-130.5817284643385	604.001754391539	6910.465563543151	1917.974374406728	-1680.0142674584608	-1
?	-1	3637.3042073830075	48.57601271704658	55.89992559745673	682.2811940832696	1070.9342257667179	2062.837503852454	4672.171530124127	-1
?	180.86521036914974	3851.4982861818994	54.12448591254487	623.5240195162609	657.5484656798747	-5868.985976274637	2151.5829509129335	1606.4437756293557	-1
?	191.57491430909428	491.3760892497931	79.75221369285951	496.93699992194445	388.8318952695388	-4881.75272154447	2143.1596926339216	-4886.105201474692	18.006603750704095
?	205.4340148316393	352.79751407632216	78.971335908642	28.985557008683248	413.46082960265204	3421.1411901558345	1907.2776908391997	-10556.295471776717	12.98416576672762
?	209.21479001291033	-374.1235064175324	81.20149154329367	-47.89274492618648	559.8889547773299	3275.7771807761414	1615.3449190450876	-191.64878226305132	11.970842242528569
?	186.72783951076275	-786.00944894208	76.57669866233269	-269.7949542269954	577.2496886414585	-14.080370179797278	1897.6952517260472	7841.1167642782775	9.276034244219666
?	169.91431756580647	217.75403475190862	67.71174383194395	95.80742673811136	559.18493626834	479.5024275276154	2007.400757259	-2895.313320354086	4.040076731206525
?	197.61554124835814	98.74061347743158	81.36706999923824	133.1615860450764	601.2248100178392	1159.6455750877085	1752.9295857083434	-12208.454134393043	13.155171482429324
?	174.85134823967803	-336.964070410285	74.36982313419775	-174.63247268819978	617.1672150227253	464.5939697644442	1396.97805053935	-11723.116219245341	7.038772420104072
?	180.76733772784365	465.81910146545306	72.63544636482813	50.857448497485066	624.4545085060618	516.5866277322078	1166.773774746068	-7373.807601694352	7.2426445368979815
?	198.14230331295101	50.54161807404497	76.91269555907203	-10.960333984817922	642.996546409336	-998.4247517188481	1028.2876704546272	2712.0925687553313	18.069144455797932
?	183.29441863154594	-118.9156055130485	72.08742966558722	-337.300849263547	574.5332709201186	-303.7271782364203	1302.3784031838366	6888.348151517645	12.930180072638777
?	192.1965230372985	766.7635201076722	60.04765309589445	-160.685766603564	627.8101874975148	-36.95441121425294	1372.7050780305144	13854.443651900714	-1
?	221.6325946369301	862.4950529521484	64.05314133540891	263.348798283944	572.685550359406	-5791.98894183623	1995.100585778882	19018.181126783387	3.8913310305702686
?	235.32127568490654	38.12582282379313	73.21509301009183	217.98063184868627	338.2107404056992	-3504.1303910675642	2323.6141343696972	7376.986421247284	16.43737789481514
?	223.53888577811978	-692.8701432349013	74.95217292784338	201.63137300098808	397.47903080602526	4392.343802296142	2363.9499068412515	-9384.6499942747	14.071737100578403
?	200.67776852316098	-1048.6899173118882	83.29666166014138	47.087971350722356	557.8279305205094	1881.3508592828412	1854.3816346559556	-16303.199819051057	8.54895930589712
?	171.10438991252462	-615.6323494638352	77.30657149537953	-36.96822329351481	491.54657377016866	-931.1003697039341	1548.7899158886871	-13807.628413091652	7.242730388269277
?	169.89615104996878	-520.5003690902004	81.44825049546562	-38.430515296275324	511.27291203531206	1736.0651237748575	1164.0002140013632	-11070.618180163932	12.175862885408351
?	145.07937145801424	-853.2488289106318	75.38504573056574	-287.77741443139735	578.3498299589128	2729.1222960449545	995.2590068804826	3186.0731051613766	8.242959681000624
?	127.23370960443658	115.56645740233938	67.05937977389554	-32.472253586146955	647.7290268375617	-2067.2689662073903	1323.3038692594344	2011.012990866344	5.883194094290449
?	150.8576943281313	1136.3035636501293	73.76143305125837	188.5212071219927	474.9863816485418	-80.21416075883167	1095.8096564238012	-972.2951227971314	11.990054912581325
?	184.04888778694385	1588.1092132568713	76.48544012999531	78.76791666159137	643.7183187996201	6736.764954930766	1274.689113119577	4173.5593823592035	7.356391794374526
?	230.26315499097598	1940.4435357410873	77.69982888433799	28.15741506117592	811.8246293950849	3190.922291560794	1304.4876255417644	4574.012588386935	6.340291879943726
?	281.0710645739996	968.3040022804572	77.89331088305413	-15.857300688444186	803.264433377662	-2457.599679886079	1503.389742538927	11465.229658897102	11.121768021942128
?	278.6783551049995	-819.6780827945677	76.90696384991577	0.6380476630391649	688.9446454007792	-5850.848702441839	1877.7491084866276	14818.159241740845	14.177696065687002
?	240.08716043427063	-997.1611391237167	77.92521326620609	-224.52057881743764	510.72199825556595	-2114.3183431344364	2244.29770462598	5505.349761149936	11.153918392324133
?	228.82029814881298	31.274834814319785	65.68093490904373	-302.68333224021075	583.2287282440559	1077.6517904809277	2153.0165965441283	-6693.964222379004	4.464853063898849
?	241.65090217498664	-229.91934639649585	62.791046654195334	242.70293502681622	564.6045877796131	-282.112572642157	1909.5994935070248	-18321.597359136867	2.377495514475295
?	217.32433082898802	-910.8652963114799	77.81608166038471	250.5966535714586	569.1230996119479	414.66203666286765	1236.936728587272	-18328.246527328487	10.328982707413008
?	196.107637359412	-380.33728347842015	75.32087933276844	-288.2966390423928	585.3376896127568	679.5356925170535	993.1871671405875	-4279.810847533014	12.266953106590725
?	198.30746665506675	76.32498196976434	63.401249708264864	-287.3489131204669	603.099884237801	1183.7467618358132	1022.9461862106183	4978.545039900648	-1
?	199.92388645790027	328.48679815276216	60.95343367674489	282.1755865025922	644.5250277045483	-2038.250109768033	1242.1144191356234	-3401.181041810268	-1
?	214.7318065627051	47.79525693863138	77.51002903339467	326.17070756207016	501.1873787493979	-4271.781190588795	852.8871341201025	-512.1968283741871	11.954825650158412
?	202.31364930483187	-234.99120503266974	77.26196905484864	5.619200108268592	430.93596817510553	-302.1097419668595	1216.5045777169137	14817.411872715087	15.36865566158915
?	202.98224631107144	-19.86456242846288	77.7909890388081	-84.73067521047362	486.0818916510547	1531.8034319215858	1593.7577277558673	9109.688758630511	15.504467898104588
?	201.3204211834087	-107.56454448461415	73.0254352943249	-157.97566273856464	507.5261397711859	875.4622894112937	1671.9890156484457	5388.465098003727	13.439560693533355
?	197.60401908684065	-358.74594694644543	69.89220590187976	27.559535714042234	529.85500612162	2712.804872640385	1863.1809826560575	-3956.397709917922	8.587040112191708
?	183.38312383608618	-657.0025411083683	74.40341208002702	-53.27769926350707	643.1663834032071	1424.1009118078912	1474.1691301525468	-4573.907658298212	10.71297621576745
?	164.75389203142177	-3687.6624767216713	67.22832093870437	-306.07315881446556	601.0600517120156	73.8280072894839	1634.4855997411437	3324.299916663829	3.9118244184544917
?	-1	314.1769742987157	59.09975413930353	-69.73096473231948	646.8577837676813	-3239.7523473220717	1640.3841259857406	4842.137332167516	-1
?	180.46274074635778	3323.209728764664	63.74177270208835	13.311122452845819	439.0724343459097	-5683.344252893289	1876.592466349523	5041.61388920521	13.7911989024913
?	165.16048643823555	-228.10920550194868	59.76531026194583	-237.55622467903964	362.69057112301283	1303.6080920711502	1892.4648204460048	3960.053045535222	9.32949200473887
?	169.05728047126019	-47.90784349651392	51.863961468136196	95.22863310555103	504.2528389494681	-1129.0491377406486	2074.595118626287	6541.982294204493	-1
?	162.76509426340982	-664.6264041520205	64.52674191722345	179.89135498072784	306.2381142359796	15897.909168520331	2219.563935156234	9963.949349233239	-1
?	135.8259602636587	-3275.30188526815	60.858529217172716	-103.74558115108422	1299.148297375496	39108.07240929757	2572.792586087956	9133.836565631462	-1
?	-1	585.1653891493916	59.33946285966916	113.59736359177455	2261.641734700886	-10064.222750032493	2676.2557634378136	-12433.393381061696	-1
?	165.08422972112868	3001.8957727526454	66.53839739676153	266.2333270239359	795.9371598738642	-36163.70031193429	1951.1229170348622	-19405.833201642818	11.756097001831888
?	149.0947886376344	-531.3936482125876	72.65112921086615	-34.26351679281944	453.4567191041456	-7667.887687961316	1705.9641033556588	-3173.151568994545	11.644759968203129
?	138.51454731049893	-346.44935551450277	64.82522155712053	-136.7845490110114	412.5427754757929	1607.8583845664366	1792.4653385851327	997.8794955913548	-1
?	131.772320861909	-212.10604636528683	65.81190176031548	57.530939450499865	533.8496383324685	2809.9841332392953	1755.8580781352273	2221.772494141174	-1
?	127.90924499223443	-216.70362797077024	67.70176852964556	-38.82077493218874	553.0419821377597	-2244.396860388772	1903.553963292193	-135.76305123215923	14.386351004680334
?	120.93713946337034	-238.50230454449817	63.870863013706014	-148.38824352936842	421.62979531302835	-3063.8379242900473	1749.0699255736192	-4824.5096523482835	-1
?	115.98412976500936	-219.54669285055047	60.282356353177036	-214.33445079739678	399.8500859232551	-158.26425612316828	1662.3284806747754	510.3413538852801	-1
?	109.95980482084266	-2339.682595300154	53.15414047383602	-231.95390280458565	413.7165825068698	4047.1050245950464	1774.5869932678836	997.1774359803925	-1
?	-1	-2219.1960964168215	48.68466121294759	-75.33089218119649	602.2053371530103	7215.851789576805	1712.1873524737957	1984.7762769391638	-1
?	-1	0	49.387595864776145	-35.542778743784346	774.5091719857152	6137.784671532935	1873.8258071148432	5117.898760606013	-1
?	-1	0	46.907522275758346	-64.8270961335755	909.0945707296614	1330.5227631690598	1968.0822905041	-673.4987101454494	-1
?	-1	0	46.146241058097324	10.097347045540912	841.0353101441691	1896.6793787887812	1840.1508716075703	3025.438367801237	-1
?	-1	3423.2644467766836	47.4123896280354	329.54208542039726	1003.9285396691018	-3119.683592365533	2119.354208894164	-4423.058219093506	-1
?	170.16322233883662	3417.6857340533356	62.62334532911742	508.9335752732585	685.0511305258902	-9243.100509726433	1618.9979606528918	-10728.410584068517	6.556046780411084
?	169.88428670266921	-3423.2644467766836	72.85906839169869	-29.239413936375637	541.7735141827736	-788.8657555248393	1582.9336796907305	15888.673268356562	13.990083611570384
?	-1	956.3194655860764	61.16137463229862	-327.21421964868443	645.6078427496477	1741.4468242188038	2413.4316240707312	11528.489952752097	-1
?	217.70025998197372	4198.230671257489	56.49835740926423	363.86407660808	628.845855393715	-4653.96291368038	2159.3581773283436	-11291.155270340763	-1
?	208.91153356287742	-520.7052792496728	79.35457846270288	309.9407170461744	412.90969706562544	-1980.2799096498293	1848.873860553685	-2023.0674959882513	15.281257610935706
?	191.6649960194897	-4198.230671257489	71.99539326157317	-166.04115269829114	529.8318599112222	1244.5592915311743	2058.2048025289296	8306.5653451438	5.324556295994613
?	-1	1667.3835320871458	71.0525208277882	55.110555624278916	475.13766164218504	-3117.2707916363584	2264.202127810881	4780.704406360278	-2.5056500146323533
?	275.0341726238482	5591.1189550398	74.75092104278716	115.19869234596008	373.96832032940205	-2974.978711143643	2297.240022846947	1475.8983895230058	-2.658531868329304
?	278.555947751994	-216.67700079746203	76.81245544508629	-54.02683250513783	326.38872608500077	311.66939942013653	2337.9970472870323	2216.1714674725185	14.836629022642805
?	264.2003225839749	-497.91198309338006	72.04957941753023	-43.847714577222746	389.5517903004091	2140.5604245123236	2408.0485962205744	-561.694335934609	11.831528012376044
?	253.66034859732463	-481.9736005393912	74.62006971622512	172.1301517434419	433.41674731061846	1696.6641625210978	2309.9123304903014	-2902.7869518065604	9.671460993418135
?	240.10164255700502	-570.142722476375	80.65608700470244	-2.4201601137775355	474.3849984264652	230.25077131710205	2262.9092486302443	-2119.8316582066736	14.791957479087174
?	225.15321247350548	-275.87926753695234	74.49906171053624	-428.1710427008008	444.9292858764737	-774.637372497613	2203.9207475799662	-264.1742785731966	10.244382825422392
?	226.3076791801572	-4523.064249470045	59.2475348696621	-425.1190902839377	435.653129801584	1007.2388320552823	2249.7005347015843	683.7562569077085	-1
?	-1	-76.54096666625041	53.243107196339054	283.1156545582088	495.29122747923856	3459.479170546659	2238.108560425352	-8362.876654834836	-1
?	222.48063084684463	4082.39683629812	73.40331759757274	487.85679961907323	608.6270883289194	4484.409660983966	1831.5567019598366	-18443.24739932753	5.864088510551203
?	203.1198418149089	-730.9528994224535	77.63594717729306	39.933628471997906	719.5117105284401	2432.630519891672	1315.9461904589625	-11066.646467352086	15.325532798146924
?	185.93298587572144	-809.8029936356004	75.39999902117266	-79.96982576678647	730.2586143235047	329.87864225476403	1278.2243785922244	-1535.9311398836744	10.601729724096538
?	162.62969213312832	-876.188976485933	73.63745588895368	-114.10280698581354	736.0056426411785	371.39644662233803	1239.1496334647777	-1111.8203197859045	8.142044959510866
?	142.12353705142417	-728.6816561510522	69.6948586718819	-181.52428483500213	748.8284366546219	229.55669036058808	1222.6333626029284	-387.605790396532	8.83129549271959
?	126.19560932557519	-2862.4707410284427	64.56124164720345	-156.71432816569327	747.4834771592081	2496.7615249045284	1219.7693439449508	2368.8355940608362	3.865969414266419
?	-1	6635.756037168927	61.85914226359713	-87.10648142547375	873.6665128998501	3023.1714946894685	1341.075142305972	7047.489716213277	-1
?	457.98341118402624	0	60.205917575929696	-140.22456148341718	898.6420518936836	-1726.5346541756644	1572.1438297556197	8197.797371083885	-1
?	-1	-9179.668223680394	54.84791418942617	-137.31056070066347	787.3397801910656	-2703.88434959825	1750.965010860172	5857.893113342869	-1
?	-1	0	53.340389540896425	-62.99620915329224	763.4478344137692	-1536.0284744342457	1865.0384854227673	5085.81822948092	-1
?	-1	0	51.69810373176151	-180.0281437264384	710.5383564693523	1772.6750150234077	2005.2559223342216	-990.442982131312	-1
?	-1	5409.385776014076	44.33898235457438	-2.5547311279056464	852.0815851649409	3969.1284206004757	1815.516336316201	2680.125206272808	-1
?	269.46928880070766	5526.863101271634	51.57036717536623	591.6838222282987	908.9947774993789	-6370.983412028739	2139.262182647864	9496.873630472457	-1
?	275.34315506358564	221.1994658479389	73.92317346598973	505.99159723601156	533.5324145634994	-8117.835499728677	2290.3600178398306	3796.688778820599	14.348566064845382
?	280.52926209310476	53.73247991171562	76.86994703716717	210.98427815729892	503.10300251293927	-1052.675480971619	2329.0966215888966	502.76708135054116	21.903184855333627
?	278.02977905917146	-801.7570240572746	84.47238737385483	108.83149978814559	480.8986405149177	-2773.0345861440755	2315.498371907358	-1074.0567861666234	8.383442936988383
?	240.44141089024046	-928.8630505154099	82.31152202657452	-54.81893219507704	364.4512732057335	-379.336461281562	2275.3937822805647	-2587.712082718817	3.0374910768691112
?	231.5866265334003	-393.0190014147224	81.73144076410094	-14.42213371947056	461.93181745083933	9734.485990553838	2186.1127677714153	4968.076023564328	9.456643130908356
?	220.79046081950406	-4651.73253066794	81.59041534060098	45.974434700167905	851.1755727334323	16728.333118512932	2523.7975834587846	9446.727004139122	7.796685521133077
?	-1	-175.20423043440564	84.03016249910937	-63.094039536840924	1298.3484733764979	-4322.604059248944	2658.449117978378	-15011.040032793395	-1
?	212.03024929778366	4139.095300815537	78.4357133637589	-112.02823499515387	635.045369770982	-13895.708211903808	1773.2455818191042	1912.3676871774842	4.1990355557442784
?	205.9547650407798	-4260.604985955612	78.4287507493516	138.1452874623176	603.5630627812976	1929.2780304478945	2754.0675023372537	15610.238451551837	7.130299210440846
?	-1	7099.178199586592	85.34297773687487	-59.59553243591757	731.5092712933781	10866.188237025388	2553.757504396707	-13510.823677227198	2.601247470415048
?	560.9136750201144	4920.468501451254	75.44897412755567	-248.28468688625878	1146.8724746325747	-3584.0020339953585	2078.526318475884	-3951.8513230991707	13.735049788943234
?	245.0234250725662	-7446.023982042797	72.92874339256176	-93.43076219634308	552.3091695936076	-15747.73713717859	2356.164938241746	1583.3702399391088	10.851534369062488
?	188.61247591796925	-1532.2425944386962	70.77743601773845	-49.66365744191493	359.485617773634	-2860.9728457621386	2157.6948304728407	-7829.909926156659	8.923132141485239
?	168.4112953506303	-117.83217343891866	70.44556052046598	142.19141007410028	409.26052730549867	1816.681598396091	1964.6694419339074	-8473.10685635832	7.765154840035723
?	182.72086724602323	-27.97093497760062	77.88700652144357	161.16195747909413	450.3196976934398	4383.249882915734	1734.0394876549187	-12274.926267429331	11.729379622693855
?	167.01274860175025	-683.0714074234487	78.5036583944208	-187.58948346932004	628.4230214512885	1262.8377552484155	1350.923128562432	-8617.730746617532	11.588027834195334
?	148.5672968748503	-93.23316669127603	68.50753234797743	-251.9402216748132	513.4615854558615	-1775.9012181134174	1303.152950324036	-949.1175935428192	5.531674276736208
?	162.35109026718638	234.30866044603485	65.90664731067996	134.8221524165451	539.6279605456164	1119.5965556381043	1303.4672488852905	4758.540064059685	5.727471319178638
?	160.28272989715222	-212.01522696003946	75.24863996880478	69.64189122272117	569.4414132377675	-1095.5607992481946	1541.0799535270237	7593.69082889537	10.002431874152538
?	151.75032891918426	-83.15345862141608	69.38874187181607	-17.725482341658992	484.84992058320586	-1986.6845829388571	1683.1517903300644	6772.149727118803	4.698100738288359
?	156.12505696608136	9.25665901402952	74.36236585172182	69.35651625497586	470.10718409082324	-813.9771306887767	1879.6874398829686	4310.935865569148	12.45559157572087
?	152.21316186988574	-205.7012992191675	72.85656768456491	-194.87303578042096	444.15106404876644	-890.9827862523297	1898.6985836085248	-513.6969106776924	11.896575057873893
?	145.83999200512284	-184.3499050677226	64.61871406270063	-172.89997489413577	425.5580447782061	-201.06328367455203	1854.0025943490837	-2581.420233523049	2.6187010442117304
?	142.99566661649948	-19.270951544012018	64.211568939858	133.44859864578248	434.0978998650387	1828.4102464797913	1769.6275719323705	-13502.62325498295	7.9167463848689
?	144.87644442792222	-277.5753882184268	71.29114399498985	7.015580800614785	516.978557102197	3230.10527182776	1178.8714315999266	1791.8716779790084	11.137653366708264
?	129.11689720557794	-400.5741086070117	64.56234797988874	-183.28196234250052	595.603163456429	2749.312804913224	1859.2211558313222	25442.380848092722	-1
?	124.84773899757135	40.364925375939144	62.127045877864695	-100.24286031729517	654.4441973478602	-1575.4503702496963	2450.990474004581	-11738.450703070626	-1
?	131.13514347437493	-2516.954779951391	59.55020496402391	-162.54597707421067	516.8306449439431	337.5380857461912	1272.2986206777825	7525.4523290272955	-1
?	-1	-2642.702869487461	53.99974702415405	-37.46091370874158	671.32110163517	14127.445607386571	2827.263090455951	23907.749751780448	-1
?	-1	3917.5540869529827	57.67715927858681	401.7740358702815	1223.2029253132816	-820.9759522595342	2467.686108266822	-29819.415906436378	-1
?	194.87770434765193	3979.4446088343234	74.08844881766841	389.4486376693797	630.2723040221927	-12053.889891942228	1336.2922951341109	-32725.754866015453	9.576906347166728
?	197.972230441719	41.58849451755086	77.14959116205607	-196.2466313135696	620.5084307161617	60.97969462769156	831.3983649660261	8566.231958555496	15.485274982411465
?	196.9571290735295	26.78322156269549	64.27611725198979	-361.1298668623804	633.3212887535773	166.4692925564008	1764.6038930618918	4399.676834447956	4.765896898530193
?	199.3113915198538	1501.5905901425479	59.09309781893679	-87.35008580818236	628.8318953439818	-2163.791496536456	1051.382206688427	8045.862595680773	-1
?	272.03665858065796	1914.3337822754013	59.90861296158061	384.8292931827567	525.1317139267529	-3194.6401589590937	2166.897022845936	21570.40172609647	7.527582071714952
?	295.0280806336252	544.4523290934901	78.3345624780749	362.76102293757174	469.0998873960249	1055.605486336518	2129.9022929932657	-17053.33584631326	21.17058689356651
?	299.25927503533285	-5920.56161267242	78.04666410845945	96.17247960924635	577.9119882435796	5061.033595316158	1314.230230530261	16343.490821849995	15.06362697957567
?	-1	-6005.1855007065715	83.14318645853729	10.071897422377416	722.1515671618364	1668.870274753855	2947.076834085777	30470.2748137953	-6.777714464793788
?	-1	5266.130275388096	78.55025897957833	-93.81374339318691	661.3555019812735	-2879.7111874252846	2837.7439712200476	-31512.61488457833	11.09061585744788
?	262.3065137694086	4735.714525293684	78.45249928887787	-49.423083032622664	578.1660077905701	1540.0107300293312	1371.4460898568384	-27162.204865387368	8.229669647825848
?	235.78572626468758	129.82756766772624	76.07910482794716	67.3588089939695	738.3560384827412	923.659561962973	1479.63372795066	-3722.234140616435	10.865206403473877
?	268.797892152795	1275.1275554395227	81.8204397385764	91.12212586009618	624.3489858887194	-3619.3014195383294	1185.334382826014	-2376.512773895891	7.084916910250277
?	299.5421040366646	709.4138959711678	80.63521112095204	-166.15581852873098	557.3909675058221	-2173.8354356189493	1360.8080892558637	533.4628064213954	4.224126327726292
?	304.2685869513539	-485.4552260555976	73.51264881213973	-282.07047537798553	515.6572141077704	2727.219965167162	1212.0075231470842	9844.966338758883	5.373399954856421
?	275.2693427338844	2818.6048216880963	66.53168735205256	150.88359493126987	693.7519657641822	-3379.8741401352045	1853.0564061938148	21583.097899443623	3.52024601804343
?	445.1988280357607	-5525.386854677609	81.05682855870333	233.48872880944165	346.6635071010078	-2730.302709350906	2291.1624181192806	11131.843371533192	9.059765729047186
?	-1	-4702.975688484306	78.2061237925248	-208.31884106693838	557.2368302966349	6860.193065993888	2409.6485747704824	2041.7651477180498	-1
?	210.05004361154204	3954.640293900655	70.64088650535626	-51.04635601093106	689.673160400707	-3504.19228673049	2393.2506755051845	-3246.3089119832052	17.431146700390443
?	196.73201469503556	-736.1603242154823	75.65380599197822	12.350583301232342	382.0272159601079	-6498.181783387974	2247.33312917132	-9542.660573890671	12.39583522072037
?	173.2420274007674	-329.73899004224836	71.25841567041789	-17.414255577896576	364.7640712313037	2711.391995081626	1916.1176468106441	-19912.31721969531	8.673852644781745
?	180.2450651929229	-92.860936288594	74.78309321308338	25.674699860680537	517.5968157141912	2900.4025602729175	1251.7172681865402	-19462.872489567075	11.466621688849553
?	168.59898058633763	-961.918241659792	72.54215066345194	-200.4732498910107	509.78419924495165	1636.0629980887525	942.9740223322766	10779.666606618859	12.208201794611423
?	132.14915310993263	-788.9481028122863	64.7594307185327	-212.8911215868322	599.39996561863	-1046.3730188677857	1790.7005985174908	7413.012905873599	6.786027231785287
?	129.15157544572276	630.7325522859698	61.89759458411017	181.2212205523002	457.4655483015616	-4252.146206377831	1313.6246676259618	-5760.703502702404	-1
?	163.68578072423156	502.690031250722	73.82049174614784	142.42536000400673	386.7926552997354	-929.5864851835033	1502.6654233823665	8973.618221041792	13.306637939042878
?	154.2860770082592	-3293.7156144845844	69.01886258431061	-244.41363724335994	410.9862240423858	3352.0037687980007	1762.3055786780578	21568.27877770786	12.706185123787927
?	-1	-3105.72154016514	61.59980988397967	-178.33730168411552	554.3928437396378	23641.19067976319	2581.0793622677747	23204.20406125198	-1
?	-1	3221.2744077526195	60.10199750010471	93.17248846280502	1593.0457580305622	1406.6307158079626	2922.5157817406734	-3646.600480980863	-1
?	160.06372038763325	3386.2662938192134	66.25843430711998	276.28207463548495	624.7243795300369	-24526.740416802913	2398.749338218729	-14031.49068274849	13.124209875795085
?	168.31331469096307	673.4599738145444	73.91610123187915	146.07590434116068	366.70873719039895	-3909.1955034000844	2220.941247603239	-3447.931483760418	16.007695094665575
?	193.73671907836095	978.6218689473291	73.56222952417812	-12.806238120225931	429.2646043600299	2004.23747401475	2226.3527640307057	-217.60880488646453	12.483861482681618
?	217.24440813833021	463.1801056127798	73.27578932586785	-301.1925502056276	466.92061089113787	1226.107583475767	2210.0608073589156	-1464.5750751143687	15.458053412607336
?	216.89572435900027	-4364.888162766542	58.50260201389653	-393.300027982261	490.56998353381914	2621.244422164703	2153.124010274986	-116.5713104505068	-1
?	-1	-4357.9144871799435	53.61078792675452	-168.71607729772438	597.9828319993749	1790.4178807897865	2204.23224183639	-746.6780181241651	-1
?	-1	0	50.06679814901019	-157.44602005453007	580.0908775733097	2747.3535970869257	2115.7901093687774	-3328.948632827899	-1
?	-1	0	45.7384869240279	-5.270415547902086	735.3505118537231	9675.930581864419	2037.7848101949928	6051.272108839034	-1
?	-1	0	49.80327737161508	213.56169393651606	1063.8874066665376	11463.63354668764	2418.3537148107334	12714.93203237828	-1
?	-1	4098.721906940927	56.41657162085386	380.73884131879566	1308.5321891881133	-2765.377649244203	2673.531411813916	-2465.4737691733785	-1
?	203.93609534704925	4059.630903463762	68.84021943755514	414.6172247401666	925.6185242043255	-17038.77870756783	2295.0800263520628	-13730.20099230339	9.951508011167645
?	201.981545173191	-38.0505654061125	77.14743285786248	-132.97289666653793	456.5932538097096	-8313.66479052859	1987.0213621987366	-5395.4002069341195	18.709673542487536
?	202.0335670767436	628.4810751258693	62.191574604228144	-188.17404363512867	509.93528467789	2444.1178108018466	2025.310016005353	-6699.017704303815	-1
?	233.4055989294849	560.6167880254719	67.73873067610592	251.21026474235546	578.7991443498037	3132.2814051534647	1652.070476983541	-9170.589543273292	6.871222884059504
?	230.0644064780176	-4688.111978589632	74.7520878413461	-110.99454151146004	666.5493549355655	1570.1455503132734	1566.7805388416818	-78.90342176048195	11.4710306104614
?	-1	-4621.2881295602865	62.189003600532835	-376.31563646234315	657.3064218654685	145.94281094416849	1648.125305895517	2010.7837309906822	-1
?	-1	4929.22225269473	55.93630601822867	25.591540581513847	673.846495482774	1954.4850154931983	1667.3197253912174	6955.337551064559	-1
?	245.46111263473998	4416.396131775797	63.468580629608546	438.6152805790802	755.0306726401298	-1801.6242671198067	1995.8921834487498	5706.278683191282	4.972075528146334
?	219.81980658879297	-1472.674461127195	77.86707004718299	97.24991194967164	583.7652821267824	-4609.216989761426	1952.6336595507855	1094.8910010084892	9.105546085701057
?	171.82738957837918	-823.8229130806419	68.3310762270922	-288.7280164738664	524.5698231520552	-218.35131550435935	2050.636733499175	3282.491965672624	3.83514916375562
?	178.6286609347603	752.7657861944614	63.43066922348947	197.23438568808407	572.8477163515643	493.9101374795949	2116.758257834419	-7087.7397023411995	2.011610237532873
?	209.4656788881028	1354.0588375848151	78.19279551149654	381.9648560656862	549.2653300260353	2647.8754362108016	1696.24974838211	-14044.55318141393	12.764423914331058
?	246.3316028139996	4726.730205157078	82.52891202677337	118.72327531056074	705.2414881621015	1474.9887504544195	1414.5305987637375	-5612.739092032418	10.47265807321675
?	445.80218914596	6342.36221129174	84.12895927702466	-120.77352041942986	623.0147675487573	-2319.45100224429	1415.6127937804852	-5187.93873693215	8.238639715377625
?	563.4497133785911	2662.1369735096946	76.49023600580179	-340.9498364563777	589.2689380498854	509.7662274309046	1155.1336619171263	-1615.5807574353137	5.091016640265177
?	578.9090378214467	-7239.211407695681	67.08146745420554	-184.4335760303502	648.5030789203029	-345.7233873614697	1334.8337559087183	15605.042097158599	3.2035083860637332
?	201.48914299380195	-7674.004845177791	67.26855720428415	33.77053482523914	571.9827686818117	-4416.965393657094	1935.3857667750674	20087.335552934128	1.8896936604991965
?	195.20879556255164	-692.9190188582456	68.76999419546752	-43.59014710842241	427.654809237445	-2259.224603023398	2339.200533555439	3395.7402254337667	13.262530053401893
?	166.84319205088917	-419.2652523187431	65.089049848863	14.056613508979666	459.02153853064016	-1239.282148132623	2105.172778046758	-10270.345563820869	-1
?	174.2455329466142	-69.30362436169746	69.47282487091651	138.79305374420798	365.690701830813	-981.7873831061692	1825.6832553643883	674.3507921363921	10.722075461422408
?	163.37801083280425	-536.06246834774	72.0287025360735	-169.36576950678003	409.932169375331	773.8136056653437	2138.890317653578	5423.464375518843	11.661254101482886
?	147.4424095292268	-3287.5602166560384	61.00453639557739	-404.82619069117936	404.38138211408074	1009.4850262968275	2096.8564741403343	-482.56913871242654	-1
?	-1	-2968.8481905844938	51.78739300151424	-7.354847422168442	460.4064206901731	3001.5040564877877	2114.7618607179566	-6074.016860484853	-1
?	-1	2456.042417034737	60.63679402446896	297.27729854956453	554.4565849384723	5229.416527331338	1793.1556311160873	-14588.834317937706	-1
?	121.8021208517386	2373.5122312614703	66.65125792899268	91.4042626459843	721.8772470567437	4449.204437939907	1385.320144821061	-9548.339809162953	4.964912455952386
?	117.67561156307521	-23.23192700882056	65.20700715676824	-203.6485949464227	776.9168068354708	426.4396511088724	1315.7386406579328	-456.4403182452796	13.915673390330785
?	120.64052450129755	-2373.5122312614703	56.4688281816714	-327.3201390753858	743.1992296121877	167.05161156628253	1362.4981289087966	1891.6902026290159	-1
?	-1	-2432.8104900259164	48.84100020299872	-78.32616394733253	785.269387413785	2251.3510723893864	1410.323150789385	7272.428587951955	-1
?	-1	0	52.552519984304716	90.64178446566841	855.7667832316586	4619.476683893334	1726.1195583063995	12261.595876003088	-1
?	-1	0	53.373089426282206	120.30511531491726	1016.243221608455	-2253.9955373644625	2023.402944589548	6984.112663335883	-1
?	-1	0	58.567775750050664	107.30153874330729	743.0670063634339	8558.585043456822	2075.3251914731986	5844.436062005579	-1
?	-1	0	58.73816636344765	79.15169491092628	1444.1724737813022	16493.289208405116	2315.624747689831	14147.245965091695	-1
?	-1	4106.5281138718065	62.525360495597035	136.66521277337102	1567.7314667837013	3463.424001081954	2782.6874897277935	9773.047472976094	-1
?	204.32640569359324	4434.010647145035	65.5714270021163	175.64901851822773	1617.3436738354023	-24149.583633159305	2804.2771213386427	-10221.504195268753	-1
?	220.70053235725493	104.7361500783844	71.30781142150855	52.4021427431553	360.2522851257188	-23806.752200472623	2271.6122799643485	-10376.759094817924	11.916224063635598
?	209.56321319751254	302.0528893695981	68.1915341392741	135.23811669114144	427.00606381175425	2188.0220254536875	2285.439166597739	-2857.9551478001626	7.677320324999764
?	235.80317682573505	341.0930480129352	78.06971725606572	99.19326751265773	469.65338639840473	544.7297994938074	2128.7145225743384	-893.7869773128714	17.32681314105026
?	226.61786559815954	-22.046862096638307	73.15119751490705	-385.3396396867189	454.242553786445	-481.5118292814316	2240.749817732095	1904.6231160855225	11.475365289332355
?	234.70083372090312	831.7660068320943	58.802735271729496	-169.03481445035638	445.5777949343328	1233.629250684349	2223.945678378616	741.8987456123053	-1
?	268.20616593976484	701.2540567198735	64.69945679238911	375.4840829619388	515.9240163206633	1817.4439621668685	2277.8447550127107	-1744.391769646584	2.5895953716299123
?	269.7635365568973	-202.85792709727102	77.5769394198267	307.74540191365975	536.4499930426775	670.722188718134	2136.7260898962854	-3334.75530555186	15.479675715842953
?	258.06326958490115	-627.9821502180951	80.08672688807232	-73.51267055525776	549.4601257565705	4938.856818555505	2111.1069897351153	1399.763358243452	15.858095779125808
?	238.3644290459921	-5181.26539169795	73.90130589206376	-243.42597435707057	783.3928339704563	5040.255545748754	2206.714257808459	3717.163285618328	2.9561038059867455
?	-1	-2566.5221235143417	67.91542817021862	-111.68921292177811	801.4729030440118	-1566.448330916624	2296.9651540160344	479.53718834181245	4.197965180501758
?	110.03832287027319	2222.8661472958393	68.31684524597478	166.23736397574382	705.070417424624	-4686.629937107775	2230.69111722555	-17690.10124351691	1.7545195585543805
?	110.14330736479354	425.54853720030303	76.22729636900593	11.739004622851443	567.1414061886197	-1461.8437454814782	1412.4600918401763	-18366.49383703077	4.753831645705451
?	131.31574973028864	465.0060889945686	68.90379547711736	-254.99943393532	631.978230150549	1898.0144111113443	1312.3664253739985	10589.97597229189	4.083542923943148
?	133.3936118145223	1749.6140256387084	63.477324672239746	205.02981430231605	662.0421267441883	-2989.361230590567	1941.9588904547784	12118.033924666412	-1
?	218.7964510122253	1567.4688439811375	79.1552861922333	262.4434014309983	482.5101686210186	-2173.2545813721854	1918.2681216073277	2569.607080543742	12.417174853142901
?	211.7670540135803	-2175.9515292930564	76.59949474378985	-249.54287628475257	553.3793976755775	554.8286619772899	2070.4392444819673	-2423.389645002505	12.786212781638229
?	109.99887454757095	-220.7530278467445	66.6781423779955	-126.17152905087087	510.25160171988347	-56.48170419920836	1797.0986393572007	-10615.466140830025	-1
?	200.7294026212429	2088.2051351907444	70.29091829124621	226.4538043212601	550.555312465617	1680.2214087329548	1539.6659374404585	-3290.875356219902	3.4825362387528016
?	214.40913130710965	60.94888487092446	78.00083259405866	13.531854617071794	594.2626721565324	-2012.8286266925668	1632.5548715462032	2479.220104042089	15.661374436602268
?	203.77684686478918	-255.9006393900197	70.96751102209981	-159.85511852842393	449.91388113098725	-288.3176893178693	1663.6269426425647	9374.146932178586	11.60816301016793
?	201.61409933760848	-330.9409032443197	70.00807666763735	86.12094185998379	579.8467876906387	5388.05275894043	2101.262218155139	-12430.37787808591	6.418644358652658
?	187.22980170257296	-726.5235460044322	75.27355811509906	56.594687345868856	719.3165190780126	2344.5470068093196	1042.1080487382603	-13053.276125167082	10.251529959911306
?	165.28792203738635	-800.2358424067558	72.83781103493084	-199.47075343559078	697.0741380311064	-777.9454013145258	1448.5984118967758	-1299.8202311117277	9.089113365917442
?	147.2180095822346	-3325.7584407476797	65.30002044331938	-332.17937202579856	680.4192490122857	490.8451491787694	977.117037182673	-7603.907395664242	6.606124627709771
?	-1	-2964.36019164465	56.22884243364067	-293.8155417716065	721.6163954900452	1470.4987821490085	1068.4030421135583	18517.94847939428	-1
?	-1	4919.708605046355	50.60924335473885	74.89451734555665	753.9441881197372	-623.2520401960417	1903.0144611524001	9475.826628369898	-1
?	244.98543025232124	5138.155265257122	59.97356830091856	648.6848162335064	690.4537934802427	-4820.489170363526	1542.19437353206	-17236.056658904265	11.913887394734006
?	255.90776326285976	199.85662480368148	83.04348416641463	210.5864292599763	512.9197296015575	-3451.267146553522	1041.2116282071747	-5485.250363356503	19.372789045333064
?	254.97826149250545	58.41920546831064	70.50288976391752	-435.3867632941364	517.8904361525641	533.1779237407151	1267.9318553642308	2031.5966877574267	9.870384398745651
?	258.82872353627533	83.26784938719011	61.2741460017075	-120.4605869455358	539.5786257885936	2724.7881264693137	1142.7914625950475	11140.424114465532	-1
?	259.141653961865	-291.0761512381866	64.47986041664065	435.41240731857096	654.1298424760317	-535.9774522322383	1824.9530610875154	4404.311390732606	5.494833804433577
?	244.2749159743658	-955.3527245699423	83.04476636763636	234.74895692551294	512.7797531769813	-3791.839031831474	1363.007032131681	-7795.262150160068	16.67350156082076
?	211.37401773336722	-3010.920436265235	76.21730826291646	-250.66811471576258	464.53789088445535	-1437.56159602828	1435.1899535795064	2351.3328325091957	9.807076863438482
?	93.72889416110192	-1031.3510548486945	70.51136063184805	-11.876299683574532	440.9016733755663	2748.821820596051	1480.5736737571424	-2531.474766093684	4.817371651281819
?	159.80646499093177	1116.8462660685725	75.62349327873773	89.18730949074772	601.9789819142599	3020.3080052055625	1308.6162152748204	-7219.9565631544165	8.079934181065763
?	149.57120746453134	-436.4236798321759	74.9707261063855	-192.25349071754533	591.9170736358466	-962.4425521943454	1119.5758455994164	-4134.231205751744	10.007344534391875
?	137.98528099932267	-189.17609626391211	66.01081874286032	-209.26527365094515	553.8568543045419	-2332.4091711124083	1101.9046549872303	-2200.1148864464863	-1
?	140.1124026513356	-168.04243522236493	64.50746242383809	-75.73783145607158	475.2966150802245	-1761.2396974965657	1009.5701012770905	5607.362192756679	-1
?	129.5831592382043	-321.8519739110428	62.22392717005669	-60.69569362853641	465.7948694297124	976.532076702516	1382.2727646250682	3574.193595965884	-1
?	124.01980395578323	-248.5167893096899	61.47267774241123	-139.23730701890108	524.123218915351	2747.7090309507535	1188.2797810753873	692.6047352013794	-1
?	117.15731977271963	-2500.396079115629	55.26206181911154	-242.75704081177335	603.180320977252	3251.130417625822	1416.9030013851377	7318.6418812308975	-1
?	-1	-2363.146395454359	49.33482570182239	-125.77525853004337	686.6797397966444	6070.117967538084	1554.2118751369374	8368.99744593948	-1
?	-1	0	48.97329889260928	3.149063371779261	906.6862193541605	2446.6356862519065	1835.3528736821177	4035.471844030023	-1
?	-1	0	49.492278870411354	-5.602006636461345	809.0115241092415	-4091.110871877116	1755.9854673384414	-2609.001410981704	-1
?	-1	0	48.69319856078621	141.02804715441889	702.1306757603018	10840.854275905554	1704.9028031330306	14345.032479827978	-1
?	-1	0	56.5436812281324	234.6082864137862	1351.0542379045269	15863.330261227118	2473.2370913298505	20522.311950706757	-1
?	-1	0	60.423612881475684	174.1145165307112	1495.297188821669	-5842.587983135762	2731.018400668383	-9751.866205115714	-1
?	-1	5215.028195453033	65.24940705466808	166.87249213604935	1058.9248387477346	-12154.011648093747	1985.6437810740579	-15992.624492361647	-1
?	259.75140977265534	5436.05662892737	68.76723748827827	226.8625162235056	887.5966064169729	-6344.5558335043625	1931.3871760502893	-3893.9509996061624	6.799217033109577
?	270.80283144637235	257.60164701076724	76.59253286584352	96.25776029171226	741.697047072512	-4985.737502653155	1790.946231093747	7572.667378157841	11.706900993493992
?	272.6314921231939	-1028.750530326072	73.58012550286395	-204.31057876295648	638.3097312843116	-2886.909252080054	2310.0205449581867	-4212.361054920329	15.229872416196566
?	219.36530493006802	-601.8869508539871	66.37700392769555	84.45460178747504	597.3515844685072	134.0606809497357	1580.3281783477275	-13705.069831259552	-1
?	242.5371445804941	-173.45272371001366	77.80285559223776	200.59513162517078	645.0127653317985	2919.35602830219	1624.7670533951994	-2989.367289363148	11.277764299684858
?	210.69266874456721	-869.5948101701266	76.40676050895424	-165.81738895951835	743.3193858836188	1337.0165402213697	1430.859813879568	-5381.716910841788	8.672723510730478
?	199.05740407198715	-4.994716971643172	69.51198614426173	-12.518723803524772	711.863592342868	-197.89727100296378	1355.6812078531061	-6303.808960383405	4.197059471060349
?	210.44293289598505	2.5027501117875417	75.78082431877799	108.15406742120547	733.4245223334705	-416.8485336765375	1115.6693658603933	6308.830766476773	13.783165634479786
?	199.18254157757653	-288.1080892664561	74.91968951532208	-175.46090487400966	691.0211656590408	-1542.5547470071783	1671.1227461769492	7249.348623148832	15.326930638250866
?	196.03752843266204	40.05941476986379	67.00777907507738	-285.6876017712633	656.2967849831105	161.57344644810107	1478.13679701784	-1981.4172101405748	4.832600890359806
?	201.18551231606975	21.790910684358355	60.63530942675871	-83.37195457642845	699.099837981446	-1698.0115034739206	1572.051885669919	16851.34562250527	-1
?	197.12707396687998	208.1501442655723	62.8391813462559	210.5292133964612	571.3962098094132	-6217.396308917434	2320.7040781431156	13989.900795587302	10.188659434087704
?	211.5930195293485	596.1123358480347	71.16177009658192	203.48156905604293	388.23002253556984	-4449.314460888756	2271.546925449294	102.09922810185017	14.949337060652852
?	226.93269075928214	684.574940459152	73.01325979905819	17.99656865635373	348.9304867649723	-707.0911072814627	2325.809039548208	3269.9469815632337	16.054947625017185
?	245.8217665523066	483.18030666905764	72.06159852939962	-21.452819053492625	352.8754671714962	-22.898110360472074	2435.044274527458	4347.680321643176	16.86229880142084
?	251.09170609273536	-451.9863365193559	71.94061884638354	-68.5811965079789	347.78558124694865	36.255403220344014	2543.19305563037	2663.663594893104	17.86774121107972
?	223.22244972633848	-1695.0795079431912	68.63253870400062	-172.8289219918558	354.68823733251344	-438.0250775910605	2568.227454272115	-264.2939410799553	11.365685083656455
?	166.3377306955746	-1952.7868945327111	63.29917274679063	-122.45079013750353	325.8843273673953	-1035.4138697384792	2529.978358576372	-3233.056531952288	-1
?	125.58310499970153	-712.2003139638521	62.50999919712536	67.64030978977547	302.91754384558874	2391.3058089191486	2406.5746276744985	-10350.422361794761	-1
?	130.7277149973815	37.73880817370216	66.68118823627945	-10.767414720948938	445.44961781335445	2207.5042032462584	2012.4572404866267	-6289.897921463564	6.793633421429522
?	127.47004540838667	-2634.5542999475924	61.971628461077906	-78.2755209160307	413.2927540079032	507.4766871534094	2092.079731601316	238.0318314235831	3.089480711163137
?	-1	138.12403307919058	62.76741219047786	104.56032800753412	470.8234521710253	5238.045718338004	2024.358832057806	-19135.235436932042	-1
?	134.3762470623463	2752.3593773840344	67.19964486145469	107.00158141091582	675.1950399248071	421.3130646912154	1135.3179597547003	-13662.917655672292	4.081983334179228
?	136.61796886920368	110.29072898831046	68.11749126102373	76.5191000539338	491.88910540558635	-1844.6299007979576	1341.2129492741817	1970.884044639428	6.641062329225784
?	139.8907835117619	135.5361678983994	71.02559986415143	132.46207763775158	582.963544884908	2262.2637091988313	1233.862161986673	1712.7071472804466	5.725209480887287
?	143.39477726412375	660.5278047281021	74.7405951429114	-26.911674810288744	605.0022908655295	-2143.6673686730232	1426.8483066382053	3708.142022621989	10.562420610233861
?	172.91717374816747	894.1478302372636	69.68001612363698	-48.68945208906427	475.7801764512553	-3677.437964784765	1419.2692631177752	1024.1858871792047	5.383638852085035
?	188.10216877598756	235.45185211355266	72.30612253845816	105.28300804192604	421.13039262628865	-816.6320818087897	1478.0576009971662	6355.8214030158715	6.079492377079116
?	184.68976635384527	-1210.2287425466861	74.94416652573335	-113.0647058377367	434.9485723608152	-311.9702315393955	1737.0603332685732	10202.629887652483	6.467496343842353
?	127.5907316486524	-1167.7290793719499	66.65288724657124	-159.72176103996532	405.53188104931866	459.89177227007104	1988.1890953797977	3855.9136028090325	5.996351268229252
?	126.30331238524695	-244.11601908588375	66.95807847373497	92.2089224435565	457.9431609743191	5161.207134302197	1929.8560134090276	-9854.764680372851	5.266098552540939
?	115.38493069435803	-225.00264226832334	71.26333336874913	91.51614702064973	663.5922377644322	3313.407258011969	1495.450861361148	-8435.755077065955	7.651822951567435
?	115.05318027183063	64.40688823648509	71.53388582476752	-124.46882557041727	623.6135238749199	-3487.689667545016	1508.068259555724	222.88301135835493	7.895316920687099
?	118.60527510618233	392.25156079439853	65.03989209022818	-177.1620098921861	489.2077543871789	-1555.4432903862478	1506.595011929066	607.8969755797475	2.2472972469682464
?	134.66575831155083	-2392.1055021236125	62.67578533015809	-126.99008662683103	545.8413593556064	-31.934498624228354	1538.4631083347117	-1242.2727897668533	-1
?	-1	-2713.315166230978	58.69038775888654	-278.0299979283835	487.61102945596747	1043.713568364584	1444.4813724407225	177.63250029312732	-1
?	-1	0	48.77428543373872	-236.31574357992952	598.0270377738364	2479.6706755965843	1547.3447333493682	6810.118563947421	-1
?	-1	0	46.87460057988989	2.1803635942869137	611.5945632357984	3831.812910919234	1784.9873006380983	10391.984399624123	-1
?	-1	11128.48260722645	48.883303613453066	375.90148296441976	789.6176833198008	11468.869881578466	2066.9439533305817	11811.049923964229	-1
?	555.4241303613304	11197.774953929738	65.66967472811115	510.84351336189326	1185.03805731473	3130.7174260486236	2375.539796836318	-7602.340530821267	-1.2868084004299725
?	558.8887476964949	-1936.589095522646	74.42547928154809	28.64125184223285	946.1535546222342	-6592.235216674473	1686.826926789513	-14805.469386525754	2.0430126417962757
?	458.59467558519674	-1781.6562788745646	67.10173732022281	-227.0958462520011	855.4262964810016	-2762.3376479923304	1635.26632751002	-2728.469245032454	-1
?	469.8059337527654	369.93204595270345	63.070686968947875	-148.09253109003552	808.0366722226157	-784.8282394098626	1550.4034645378883	-2225.743003744278	-1
?	477.0912778828322	-9416.118675055173	59.69711076572093	-234.58157792719882	816.1848845105079	2242.406506275802	1523.9791773228044	1349.6917443157	-1
?	-1	-9561.825557656508	51.34160807258777	-216.42596983457244	920.1569975364074	3784.7374373487296	1617.8880517536743	5717.291037840183	-1
?	-1	0	48.87581227399215	-86.71217498561607	1005.4217563779471	1425.9570325389611	1809.8437292148176	7024.998898806343	-1
?	-1	3811.657426664452	47.0059993233069	418.9756947107688	991.4548491633565	-6934.87260344078	1969.1379966939965	-9432.588035994733	-1
?	189.5828713332253	3444.262581337926	69.82459700953089	493.89954296970126	658.6781262059031	-6366.4850556627725	1338.2143274150742	-17447.39925984005	5.880805531631169
?	171.21312906689874	-516.7613918994891	71.70097647179232	-21.653947416785943	673.1305963802133	-589.3699920617253	1096.7680337019815	-878.8593474827405	7.023587541004778
?	163.7448017382505	313.6000346909368	68.74189963869158	85.32242620933793	629.2096266028165	-1158.249880028272	1294.2713600409365	-4690.36245624098	3.073188519721503
?	186.8931308014458	763.3349760106404	75.96709778225927	90.96253793806808	615.2181023787989	-961.6785348988742	862.2499108899292	13358.749946584487	12.552518191095356
?	201.91155053878305	1081.9486026339257	73.29002653559505	-159.91890364585316	581.1256998578721	-1299.843319779843	1962.2088573701703	23418.24132728911	11.844026131905775
?	240.99056093314286	1315.6997816309213	67.9711525999665	-249.07468582706827	550.2259363898058	-93.72900753435354	2033.1619772544013	-13299.280656249846	9.712903441053477
?	267.69653962033004	-4839.811218662789	60.836292244241456	-260.9049489043387	576.4392494811543	175.22040748949144	1297.2448245576686	-89.26633963066125	-1
?	-1	-2954.0628530158087	54.92590515474938	66.99786914959167	558.9869567642805	-2697.890718685351	2028.6986602728682	12003.478984835127	-1
?	119.99339696953751	0	64.18618570172109	102.85960264922333	441.54471354688485	-3272.8881450933386	1897.4187737994334	-2104.901602883908	-1
?	-1	434.14501826706277	60.06888528721062	-66.10280417430153	395.3425495096113	5382.346643098916	1923.4535801286713	-1145.01830360439	-1
?	141.70064788289096	2649.4037107070358	60.88104549300596	148.81483590908846	710.6620457018345	5939.975087482581	1840.1678586192131	-15460.541281162199	-1
?	131.47018553535366	-344.9075402883951	67.50962708266515	28.887766331850898	692.3413038837446	-114.85212948626959	1150.4265160705504	7594.696195928842	8.290326549014994
?	124.45527086847096	-84.71523391874534	62.32543380959853	36.65493067853651	704.9194392275209	-3021.6277451805267	2219.9026684156606	1661.5114710718844	-1
?	127.23442383941634	45.4858703828588	69.342373616592	127.43423821481547	541.2599166247161	-3571.09326390378	1233.5020896241458	-16678.75843155454	9.864757306209066
?	126.72956438761393	19.897948168419077	68.69714572033939	-200.74150039206302	526.3647760323294	1235.763555677723	1385.964746837922	5284.477472627088	9.613583772793147
?	128.2293212478373	-183.79686370608874	59.305298596988706	-191.7777728389451	603.0480944086031	2320.8333892562323	1497.725963255504	7885.297455955967	-1
?	117.53972120230937	-175.49899501265946	59.108257078392	143.25636077071374	642.4064454951426	-3271.0127408821177	1780.2296196357258	6793.331412676856	-1
?	119.4543714972042	20.115466661857226	66.4681166355245	9.781563060251276	439.4974573644949	-5566.677111531898	1837.3925338893516	3853.402431817053	-1
?	118.54549453540224	-72.9995868266938	59.59733523140457	4.335843780941327	364.07258991854377	981.3685750630347	1972.8997412265812	1587.1768085419856	-1
?	115.80439215586946	-202.68912875591266	66.68490882457157	180.00216098453564	488.5658861176473	6027.584994540398	1916.751374316452	-9206.681252182194	4.2908012382241365
?	108.41103809760646	77.0610641264705	68.59744328063148	-8.815480483218481	665.4518396455679	1278.802190192514	1512.565678617465	-9362.141413103394	4.733244677021641
?	119.65744536219304	394.2854505938491	66.24413480041064	-205.70620412752567	552.5059956272739	-1874.7144396960773	1448.6443036612757	192.52923306533103	5.244703048828315
?	128.1253106272992	84.29091442901176	58.31213307425505	-113.79865603412293	571.7161176607627	1230.9523398307995	1522.1921402707317	6277.641834102021	-1
?	123.87199108364369	-196.55582030608406	60.55420199870441	145.10085206342046	614.0536126188148	-3926.992650731341	1762.5263953663812	2202.2772955988244	-1
?	118.29751961199486	-155.1440627459113	65.56717567742618	144.1351861623543	375.3664851241929	-4726.603786111338	1632.3060050506745	-1771.4749391879943	14.160410622248719
?	116.11478794634802	-89.48208338316549	67.76096130682223	24.949406323010734	377.7234233132445	-346.68336814541664	1673.9526484069802	4124.646267040599	16.41530946182314
?	113.82341544283652	-57.45748297759011	66.81464599357673	-24.758648213724474	358.0323167169218	-913.7942724190846	1838.5383184027073	7637.770557407758	11.295822089630404
?	113.24191379746847	1.583108263462498	66.52302889613598	10.449787775662138	332.0337096922896	-1073.4728171766717	2055.8411762773735	-860.7223737083191	-1
?	113.90257085600965	-19.081287593521964	67.33713538235985	-128.59256376210826	304.35867585808745	14775.941698482142	1795.5021997172908	3199.661212913761	-1
?	112.28784941779236	1790.1116117389558	60.09340070803048	-146.81306166677138	1070.8307946164073	25072.770970783306	2215.824236923064	18690.908057917557	-1
?	203.4081514429587	1859.2725057664277	59.996482299021174	421.6626663911505	1557.9972243972707	-9862.611073871745	2730.047602613182	-14296.493603788651	-1
?	205.25147470611506	-149.26555333013553	81.1765340275883	418.05405420510357	577.700240922813	-18111.570608203718	1500.9995567336211	-29254.303240399197	6.763239722479585
?	195.94487377645183	-118.54171283969835	80.89918500927665	-264.11843479193516	652.4186939870718	1050.4415797111606	1267.3324405932012	-2211.106499549656	10.653670962367205
?	199.32438906413006	1197.69368083953	67.97061228799136	-4.489424704120715	630.2223199083718	-1948.6184908330365	1390.4442317561368	847.911336987933	4.123217257478108
?	255.82955781842918	1193.0882219933903	80.67471377407061	298.6150363928766	554.9877694454186	-1.0526495039880353	1309.7280074425985	2631.0491381394368	10.557807228898453
?	258.97880016380043	-153.83108423090968	82.9013641076354	-107.31186845081358	630.1696874331724	957.9764051201255	1521.9966886631105	7958.600283670108	11.38305419943104
?	248.1380036068836	-3218.280352232756	75.30912035152986	-272.4269437808051	602.8865897014256	-2001.7061241976091	1707.6580216261095	2503.6435419635754	2.1513550288440184
?	98.06478255216034	-904.1500905117075	69.28001691859495	-12.422809094201279	530.0843812232905	-2922.4623529715377	1647.178865761291	991.4289690908704	4.396108589879524
?	202.93049908129757	2606.1997053863233	74.68797989681978	136.30079083274785	456.7634720528466	-131.98471229380442	1757.2294700806538	8251.681352896778	4.016775972746143
?	228.37476782147834	-517.9499851886675	76.09505646023244	3.7280174392256	523.4851456086002	1965.6664594226497	2059.7629334061357	-130.91797359770496	6.098006670727187
?	177.03299982186383	663.4620027417341	74.87438076878107	121.60023232976326	555.0467950239805	1766.4374987329643	1750.6835714007684	-6478.686270292159	7.381946120539344
?	261.5478679585655	1461.0968363649508	82.17506807672069	98.53765484766258	611.8070205452497	3112.7987815962515	1735.8286198915232	-1269.814311949954	8.769160105142285
?	250.0878416401124	-1029.7898685100167	79.80126351116427	-72.2494922066802	710.6867341037953	-3125.9240568939513	1687.1928558032698	-2036.045856287322	7.90449378090396
?	210.05837453306395	-1059.1721408390433	78.56259346638663	32.95785705552258	455.51081770054986	-4602.188244895607	1634.0263270771557	3189.846362016692	9.93541076394797
?	197.12923459815948	-334.40093681485314	81.44915636394042	52.75724481618805	480.5773218590117	-449.20699327354714	1846.6851739041067	10182.701917984268	13.445907806828606
?	193.33832769232106	-186.921818213926	81.20045570719607	-279.5721722671675	433.0504680368722	-1604.4867483288408	2143.1614229763763	4570.182143443589	13.50209234229239
?	187.78314368746305	-3886.766553846366	67.47054775058184	-263.4868986612411	400.3529844425685	8209.932993653905	2075.1942810762894	9769.048014008202	5.948777870919406
?	-1	1569.9687456960116	68.02611077413383	149.1345318058272	843.5471177195733	-1665.7788819772807	2631.6138236767933	6818.594644413482	-0.038202805288400365
?	266.28158097226475	5871.701862194515	74.92727434087331	171.51871177736535	317.0640403437033	-10206.919151196933	2416.1240132969683	-4621.821158163391	9.224204511014737
?	292.58509310972994	359.91933769282184	76.60204636300222	-33.866649252466715	333.2011601597194	2341.9903926896527	2400.5227657686205	-4273.5127135964585	15.517733945065036
?	284.2775478569061	-5871.701862194515	73.23394187824995	-313.6770041998984	434.1635599781876	4497.035106779449	2202.4483776171423	-1383.2997334527759	3.683344206255709
?	-1	3528.474220967615	60.918196153007074	-190.13545018286365	558.052915498695	-634.1713344223912	2331.3577790959807	-2945.7043482210647	-1
?	460.70125890528936	9941.990384396595	63.72716936910663	231.2477796273667	402.4549932570676	-1064.5765629210252	2055.163160206087	-14314.951422884353	2.1438220607558867
?	496.09951921983685	104.07570266151504	72.48058513437557	126.71915482064851	504.824087352643	2617.8314097837997	1615.610207951753	-11317.02447318561	10.107384677929918
?	465.9050440383652	-5859.3038555270805	70.06312711013915	215.61545360650746	533.3465637462595	-1404.673774144008	1489.3119365467985	-18694.910185966157	6.583062549682716
?	203.13432644347867	-5218.721636767826	83.2613578147011	283.28469181952437	434.5903986454416	748.2810794444192	680.8646986534319	-3536.606221634774	18.722560282178932
?	204.96896219997015	-86.58689800405502	84.22736170111557	-18.423192031829693	570.760617718481	3039.92260395215	1312.4816254650573	15222.31476952455	14.06060363432278
?	198.80498154327586	-604.9481295178883	82.3401982131096	-99.70371781865993	586.5865288430513	758.9865473537844	1441.9804371296702	5719.881643308591	9.31194857865842
?	174.7215557240753	-1045.5081078048931	79.2421758101825	-320.4719443466425	608.7099450861707	-31.63581317776971	1598.475707630491	1419.3580855029156	8.616713761561496
?	146.52957615303046	-43.18969778548929	66.31660099577725	-175.38667346857812	585.0047381841628	-1908.494753702528	1512.948341404817	-61.53502480625233	-1
?	172.5620708348008	1479.665732417244	70.47284213675347	438.1285369850971	513.285207401043	-2726.7451395920534	1595.3989563901782	-1793.399757531758	4.5182284608665135
?	220.51286277389372	949.8994080119855	88.22302784503242	310.1110665655882	448.66748120455816	-1285.2159258782785	1423.2783535282279	-1171.8052065736872	24.18382018188449
?	220.05704123540076	-229.19194904479824	85.9783954650331	-258.2792871102552	449.0244111071281	-581.782847042676	1536.808696061493	7613.498920561429	20.37239723045165
?	209.05326532165364	95.9953469871923	75.30906348951947	-36.065350476158414	419.57833885242394	179.63245495568202	1803.9532995563047	6253.590456340746	11.033220454329957
?	224.85680858476044	1010.5028824428335	84.17512794122516	212.04077887986796	458.00603385491235	2043.2382853083895	1849.4882188785348	6250.963608613399	15.024870492742457
?	259.57840944379603	1185.3487700381238	85.91110243351302	-93.18644356080692	521.7402531178449	2060.910541489658	2116.501479986979	9463.607801098377	12.175913750488977
?	284.1242470866675	-298.09508985142855	79.51580576318474	-267.4444514036431	561.0515609293967	-583.6694437305581	2322.6686089334603	3160.4586476430636	8.471545854613463
?	244.6736549512244	-2706.8014065044326	72.53887986333068	-190.5637179296646	492.55678093131655	-1371.149111041385	2274.5244123691346	-11510.82602500438	5.088193657758115
?	148.78417676144392	-2265.607656336697	69.98761986670138	25.39962749705999	492.4941053773265	3588.0341909919766	1747.127307683233	-23172.56255320715	9.34376053455706
?	131.39327213438793	4.255951418473327	73.8088612381837	80.64776149702367	671.9584904809179	2677.625080908729	1115.8962847087605	-8845.044368594541	7.972532208393166
?	148.99697433236759	1694.9836725777589	74.02000794155262	69.7678667017739	626.3753594227649	2469.9490493865997	1304.8750892534997	3677.8165300347223	4.580208301198203
?	216.14245576327707	1533.4245994811447	77.29725457327244	194.14755901185524	795.4559429502497	1929.8293242522275	1299.7871112104992	4840.338635488796	3.116663533713021
?	225.6682043064259	-562.6143617850579	83.72738589214552	-93.04666359492227	722.8668256353776	-1161.4454553417606	1546.892021027943	5080.470543958469	8.36441940179879
?	188.01173767402378	-1212.5205655669247	72.64492139352626	-268.7179007757779	737.3836701831608	-1421.794635990732	1553.8106384084263	4370.217705382081	1.022416189081115
?	165.0421760280788	601.0246367113734	70.29149085335644	158.09035590480195	651.77709383584	-3483.805758636402	1765.40290629705	1654.2536387475132	2.490431559873561
?	218.06296950959288	880.476965820805	80.54943918876647	322.3350129226892	563.1933822513382	-632.7363546450262	1636.523320345803	-10124.39020628088	4.606378103431052
?	209.0660243191197	90.08334196659334	86.40824149949113	65.82900490311906	620.1402761035882	955.4458490701564	1259.183395982999	-1099.655331659167	16.788033770568248
?	222.5671366079226	815.9424558090072	83.84088943392247	-72.77917222256643	610.9656747048467	149.12016951320098	1581.540553762844	5603.500378898863	10.027771054985225
?	249.86314710957063	879.6184713810936	82.76928288836275	12.285611950511107	627.5962845792484	1030.8071548766306	1539.3584149279461	-1889.6605878356518	7.352036927225955
?	266.5480601769779	88.65651303513276	84.45517003144803	-44.916643965780096	662.506032448679	1505.9674906078626	1487.05752437106	11722.873207551895	7.505715705972254
?	254.29597276132733	4434.993890782313	80.52345069007372	-179.52814657153795	702.8946591096426	-940.993562664519	2125.502075305549	7647.356196059296	4.262115292563719
?	488.29775471609673	5343.253756172302	75.47876270287101	-261.9240124231783	615.4563543154524	-1974.295998134932	1869.4253341740302	-6046.679044850754	1.5694316599191946
?	521.4586605699462	-6004.130319591282	67.42725006891462	-95.68758336015213	604.1798592028946	2814.591108277003	1823.1681230630072	-1784.1430087532917	1.8428570127786028
?	188.09123873652837	-8069.594090092679	70.69438353486333	153.6613086889586	756.1859097293045	912.2654626334049	1780.2181837363644	-9241.0605217653	3.2888230841900694
?	117.97895606530652	-1973.9133848711515	75.11031550336266	40.9598030028033	649.7931323345655	334.01492420588033	1361.1150969747357	-11914.605543786472	3.062323409149985
?	89.39556949296939	-603.1279650802568	72.74237368500353	-86.75414594437218	772.8866559395988	2391.8638873322175	1184.4879065470323	11448.813608210963	-0.1178685092690382
?	87.82255781129325	-1807.911389859362	70.77260820614399	-146.45992447023835	769.3863267011781	-830.5726741321037	1933.555777385292	10236.661586844975	5.2227168213314465
?	-1	-1776.4511562258397	65.41937746149151	-134.27627016212918	731.358022232993	1202.2142594111153	1696.3209858892883	5339.847337976141	1.5836876393960189
?	-1	0	64.05879469803743	32.96938418170025	829.4970396717347	-554.4395232056799	2200.548144284103	9541.985448421765	-1
?	-1	4532.133609703564	67.06784667057654	212.39780903852687	703.6360460727086	-5702.621029744476	2173.4202583103834	-6017.146445837876	-0.4698723725403559
?	225.6066804851814	4550.671254561225	74.67868514996393	115.51544252389539	544.3659881845068	-3804.0515815563326	1899.6908219922047	-8420.503900852895	9.245553275359379
?	226.5335627280645	-4532.133609703564	72.8436187967714	-51.046139508816125	513.4334669948893	5078.472460682877	1752.3950632677327	7572.52781642079	7.351016860026223
?	-1	-4550.671254561225	72.12637817452308	106.09446482692155	798.2896112186543	5415.319706421631	2278.3172128132496	4435.62352174105	-2.110520228431416
?	-1	5091.857067740979	78.14834203811755	210.68582741117396	784.1994523159747	-3132.547580048532	1974.1762393547883	-19192.937212797828	1.1364478593251837
?	253.59285338705254	3470.594524210957	82.66066954508193	153.23233814803112	641.6622322162255	-3783.3835720868715	1318.6703521733446	-9722.554909318273	2.6933604584137383
?	172.5297262105503	-1328.792647279357	85.80995894551921	-13.149261430872725	595.0302737116284	499.47939940652503	1488.0484938888678	798.5500788273953	9.082116741977355
?	187.15322102308374	1094.5114090243485	82.00320647353829	-25.678114292905637	666.636202186552	-1254.7345612860822	1358.597856114715	-3988.5491951672316	4.539918642037156
?	227.2552966617685	263.798886128558	84.52605323087391	-45.159258082266476	532.2935456473234	-4615.4438078825115	1288.6210341305034	-362.55181337909954	9.807006820320748
?	200.34316532951183	-263.8972050236307	79.74524356942493	-311.1859678669698	435.8640117924232	-162.56829233620007	1340.4702654457597	4741.617937147194	8.998367935826517
?	214.0604364105868	-890.7469608328761	68.9667548375252	-113.52146869342457	524.1651310305133	1522.992437242359	1525.7019309878665	9932.28422737242	4.445747014072547
?	155.8058172878674	-1045.2708950781562	74.06917013475362	79.03124843063013	512.0136336545422	-192.84642218087993	1837.0844768143877	7222.674352396472	5.523947945451753
?	161.79689165667824	1253.1461043008208	72.91831725905676	51.29087757425379	514.5228099214692	76.65167400007822	1886.8356486076952	-596.6689816571994	8.116021122137088
?	218.46312250290933	2270.2486086553336	76.63371401346635	150.8596504431769	515.8462173545462	431.1634080562096	1807.2510277315273	6229.85072642993	6.60804809074231
?	275.30932208944654	-529.0752596684534	80.46129978121572	-75.79126189455144	536.08098032428	210.68468638351234	2198.328184929196	5994.889847550026	11.6828327269215
?	192.00935951948628	-2124.9722978998802	72.84415091873872	-125.27040371462753	526.380451673722	1257.5007844316362	2106.995520109033	-6859.394465598282	10.16857198578773
?	169.06070719445103	1499.329759351888	74.19777959548425	139.83640569830726	598.9560195458627	17.75400789688067	1855.3584616492772	2345.8650045180125	3.6382197235139264
?	266.97584748708175	1451.5071226077605	79.83597120365418	1.2473101838611278	527.268152068566	-2064.134973800867	2224.288770334935	6353.494815092164	9.50321160213563
?	241.63606332484008	-5359.516949741559	74.2601451046773	-188.45651947660332	495.7492708558178	-578.3768380736851	2173.03320240389	-2538.1252760798548	4.672921901672817
?	-1	157.5207205719926	70.41314522982388	-34.94864704234182	498.34931016488133	-1407.596563812479	2097.3825065309406	-2563.540117801008	0.3705350928291421
?	249.51209935343982	4742.081211647826	72.51271275256019	198.54510578288458	425.3694426651929	-491.5802576764268	2044.8561965138376	-3224.283354530566	-0.08869830684991661
?	236.10406058239468	-759.57411325647	80.34040051896825	24.23388619939112	473.77029728105964	638.3359122924094	1936.16833880441	16.4901506280737	11.94851806778981
?	211.53339369061578	-4742.081211647826	73.72440706252976	-277.14363753291656	457.2862382798138	-78.96889806826722	2045.6807040452413	3727.906360224294	6.298770853690863
?	-1	464.847864198156	66.48321864232223	-34.333782474927624	469.8218523776462	434.86907391057406	2122.5636568156274	1871.55289868847	-1
?	234.7757869005239	4862.821650765186	72.00771793878336	323.17399064154125	479.0296919753428	560.3269624466668	2139.258348979666	-13309.339820538828	8.642325590297805
?	242.14108253826276	358.9241835282468	82.64191817439952	218.6745920374128	497.83820049997996	640.5838934096914	1457.0966657886765	-13976.065212793897	22.04278831525223
?	252.7219960769365	267.29648840468445	82.94144754065415	-20.765651642433046	511.05888664582784	500.4196948148612	1440.4550883399613	-2386.244237464814	21.939134213574988
?	255.50590695849718	555.8842363525077	81.60363559227785	-219.00454002956167	522.8591852407234	3058.4873925436464	1337.7844539154341	-5922.222782529049	20.045603975502747
?	280.5162078945623	4866.995496898017	71.99122053917591	-373.5565993099629	663.9832562730123	1248.8662129130562	1144.3439492135046	2008.102361657046	7.737029407193548
?	498.8556818034015	4411.453021170996	62.92580562677944	-213.84458290282006	585.3024958863771	1763.1921178769949	1438.1895719982879	20080.89853657015	-1
?	501.0888589531152	-5783.634557841439	61.29899139403476	154.31759094840822	752.1428621668633	-3379.227293421014	2148.3888760420264	18760.597908275868	-1
?	209.67395391132544	-5893.243317630193	70.64168517419996	386.3391730983021	416.34113121532397	-5453.147949136921	2376.2194674120947	-1070.7935860000755	8.122779845607127
?	206.42669307160136	-587.5311211515534	80.61595004895014	113.15292106965084	479.4854647100134	3518.9668665768286	2094.849196742022	-7488.584229210367	13.214697507080027
?	180.29739785374736	-767.5529652204834	76.29933122768259	-128.25948405086467	592.2894745441679	1155.7287090356722	2001.790255951571	5479.641810616735	8.760093535572018
?	168.04904481057665	-3625.9479570748954	74.20297584640682	-283.3204534128927	537.2719001617978	-754.0333881650402	2368.8312872728625	-3488.792435535925	9.769975828292658
?	-1	1384.2931597806667	62.13330855703775	-68.57025723672494	554.5878051359154	441.5208894574067	1827.3506341747723	-15174.93771610447	-1
?	237.26370279961097	5029.273544882938	70.77446298457052	431.329097817307	559.3479446346685	-1115.215391105968	1610.0844014676281	725.0268788248455	12.019823253519164
?	250.4636772441505	74.67578494030313	83.69976344790341	76.66627524214452	498.82703558061615	-2332.8135413692166	1863.601978116015	11232.690758405573	18.918893806907896
?	240.99749204662618	-508.89704328647684	74.6077767466778	-218.00015155842263	442.707267566206	-1290.5530226234769	2171.718939387915	949.648653737345	10.35855498774988
?	225.01882507982629	-480.2497111217724	72.79975586998212	131.34992119339228	434.2993844494414	1042.485374704578	1911.084410802883	-19468.347733211685	9.031383093493703
?	216.98500649053722	-243.72044916426313	81.17527280634751	-131.49559571157351	494.8315363014356	2905.6348646237434	1198.3015527273167	-10078.15576130505	14.161308143301174
?	212.83280262161296	-35.002978143120984	66.22497608440335	-240.27175590485797	579.5811276806306	526.1324155949824	1407.1766227376233	4691.685557467415	-1
?	215.23485758338114	-203.37758486308581	69.16168501110444	277.7914628090395	521.1381570811851	427.9092301888143	1432.8858306006907	7739.536789087796	5.621606100164287
?	202.66392337845852	-751.1037878406644	80.11454922485552	124.20750955170087	600.9765891900717	1493.8298749280596	1794.1534621920187	6190.3462559121845	15.900455611006413
?	177.6796681913474	-475.4412714884291	75.37206048868957	-101.4139957083219	595.8296508275892	362.51284587990705	1742.4031433963044	-6871.718322298287	5.4892639873456295
?	178.89185980403673	159.1704150083416	75.04384943943936	29.057030098955906	619.1022314840673	1376.9416795916377	1450.5675460770995	-8112.223905415674	7.029863924171051
?	185.63818894176458	-147.9818307878988	76.82491199363739	-44.03432086010832	664.676734807172	-111.77383538037088	1336.7919481255149	4106.211811000731	10.892581821512904
?	171.49276826464168	-3732.7637788352386	72.84213339643391	-202.44510888070974	613.5135397150486	4195.384104822387	1655.878136627139	11826.682204546505	5.774588229655012
?	-1	703.8515875143562	66.70265654960176	-31.25037382128239	874.4459400482944	1459.48526423228	1928.1260583528485	14605.833788184715	-1.9345895586154467
?	206.68534764036	4481.914198082379	71.27961470536977	293.51459120213616	686.4878029266637	-8711.249210744707	2386.169826036385	-2275.16748802594	3.502643616525306
?	223.09570990412212	358.2857957232301	81.37838610970877	140.8566923460711	438.88347951105277	-1142.8529734270521	1814.36768395155	-18698.567198297445	12.267004741961523
?	224.59963742652175	66.78061592243314	78.32244932267342	-73.11063138883309	629.3451542553103	3858.77726584413	1451.2414661214996	11006.224058895363	13.790067861304589
?	226.43474070024382	-109.01494322631054	77.72285454026707	85.94638994937205	631.822342803262	-1066.9837694846462	2364.678886896326	8891.42846105897	6.6313422663774375
?	219.14889026520615	153.86250203884126	82.61976882014209	45.93639041560854	575.9959657810772	-2379.2361067163397	1895.8128891744543	-9875.513848255978	7.433689918308312
?	234.127865802186	179.20956354558967	80.01967406104753	-203.69291182979902	512.8605374674434	-2043.6734920375197	1870.9031944835199	-90.01597627777628	9.756593316596016
?	228.10936844248576	-28.965880897614667	72.43512322865199	-303.20428005465254	473.81229117919975	240.81737180909727	1891.3120903605654	-474.5633741811958	6.98361872559556
?	232.67957175730524	54.93868217078308	64.85946005831468	-30.443309008563368	524.9014060578984	1594.9212326263068	1847.1750257744598	-1889.0832209605428	10.053812043597851
?	230.85630255102495	-298.4414050726352	70.9129577782238	314.0453702628978	553.5583528105162	-792.6942945097075	1796.857929312537	-8298.519976224066	10.206967361591879
?	217.75750150367327	-169.17494185560585	80.5617285714598	32.38733119138356	485.26669133241245	-1504.0568698449842	1432.2490269632506	-512.6627503662094	14.55432653645972
?	222.39755545824454	42.84992982104707	72.532324337793	-280.95367356438345	478.35550931826594	2380.629928171699	1771.2247917942261	7619.912875087212	7.291178843290561
?	219.89999799472565	-294.1013831294638	66.51404489324042	94.65097761682252	604.2981877409991	3545.3513502553546	1813.2446707176166	13288.436286249233	8.335679137061915
?	207.69248630177114	304.097353942391	77.2648732186342	326.0750729680196	655.6230768310362	-480.1203767150332	2435.646606106697	5614.167877349971	12.68339257177448
?	235.10486569184542	1322.3397670491715	82.81779854164164	190.2780803172091	580.2921689052471	-1931.6548315959424	2093.953064585119	-13945.338654796516	12.299493365642675
?	273.80947465423066	694.3050942314782	86.77877723449478	-127.34895650471874	559.0403352512377	-58.49101648780478	1738.3796733668614	-8246.069625032274	16.531157557910227
?	269.8201204034198	-1513.2920160866133	76.45035071640561	-149.26053048524736	577.3676180808568	-60.69318931437379	1681.6495833334995	-9741.958754729069	8.47839140650117
?	198.14487384989891	-1820.1181291472344	79.31575071023231	100.45200983887497	556.005675785519	-355.34599928317397	1251.281735630401	-4780.238239197979	3.9580730272026345
?	178.8142139460568	-1250.1773388401664	81.47295120834943	54.984027796435626	559.6003181166979	-210.20454788734853	1442.6376713735972	7754.314282870381	4.000002514243926
?	135.6360069078897	-1188.0191016713588	82.06495210005413	-73.09627970107424	545.4954483911514	1637.9046092269546	1638.9974497739256	6400.82053062803	3.8210151543393094
?	119.41325886248802	-186.70111685201326	77.81813722329567	-217.60061169850306	641.4955485780467	5246.657684827322	1762.6786979050032	12120.881101794508	4.27453613794453
?	126.30095106528891	1762.3395397562256	71.18492151512882	-95.75326643401189	807.8283326325212	1131.4100232112125	2245.0415048636596	12404.168211507187	0.9367660247498177
?	207.53023585030056	1509.5134547815194	73.030473901595	197.88852809734382	698.0660497386082	-7730.642009697056	2382.8871084803714	-6134.019491936937	2.3698739779000917
?	201.77662380436595	-784.6670238310062	81.07934791999615	-20.639419487163185	421.2962321476629	-4045.657053278266	1938.3405302668084	-10627.871830126995	15.009089412734852
?	168.2968846587497	-521.2594307887395	71.99850292723683	-107.14515239283021	495.783197074692	202.0568879801004	1851.493516974014	-221.0489347910075	4.000747153782134
?	175.7136522649286	-3365.937693174946	75.72209030035457	-1439.970058544716	431.3990765466681	-9915.6639414937	1927.2880835272579	-37029.870339479756	4.494472262362049
