rowLabel	avP	dP	avI	dI	f1	dF1	f2	dF2	h
?	118.4237322729882	-20	58.677949411085585	1077.8706611746975	705.9547015401416	10501.577333640244	2111.3776975421356	33842.56949411392	-1
?	-1	281.69932006255095	53.89353305873488	111.2782233626045	525.0788666820122	1096.7965524770852	1692.1284747056961	-2273.6879236616232	-1
?	132.50869827611575	2404.518478159701	64.24186057921581	307.50297036024483	760.7945291639959	1251.3409677944078	1997.6933013590544	6819.607321318288	9.503380405133065
?	119.22592390798509	-2670.1739655223155	69.26868157674713	73.30368935196192	587.6459150717326	8975.465556697127	2033.1088407716106	16853.689332871945	10.102009231237982
?	-1	-2404.518478159702	67.9070450468139	-13.969704308679812	1209.5678069988521	10370.215813901894	2840.3777680026515	15396.673132409409	1.9535553328071886
?	-1	3281.261573426997	68.57019636131314	-126.86764570901377	1106.1567057668271	-5238.7483629056405	2802.942497392081	-10071.526308168251	3.2795560843844407
?	163.0630786713498	2938.959866424995	61.56366276136322	71.06994392744868	947.6303888535701	-13307.77845123205	2336.801452594239	-22105.863898777763	13.308407649124515
?	145.94799332124973	-727.4626746753831	72.12369355768557	99.82616211704286	440.7677832052248	-8872.860380892793	1697.649302453193	406.48884520549484	15.215488316209147
?	126.68994493758066	-324.3389575716794	66.55497086721536	-34.43232057038103	503.98736980893057	-1291.1417222341142	2357.1258948545137	-6321.093767753775	13.316637642075657
?	129.73104544266576	275.07854320435064	70.40207752916652	86.5300758168985	376.2106970935191	-3309.5758145406257	1381.5946140655044	-3882.031155525584	15.945486393302417
?	140.4438720977982	405.7067350050985	70.88147465806028	12.46309641926074	338.5085790818993	-1435.9837458108505	2163.0243370782346	13697.095240074088	14.347917013446525
?	150.0163821929207	244.17465847500898	71.02523235012956	-7.702241394450759	304.4115098029765	-572.1587075581074	2066.4493760692094	-2552.338019315896	17.57762904705792
?	152.65260502154865	-79.60899861107855	70.49636258833775	8.987019803160472	309.9006437039939	-38.240762202703955	2035.4074361124397	50.09038229250105	18.01597793359951
?	146.03593226236677	-451.5959036941293	71.47458334028758	47.44485376680326	302.4994716928413	314.4988592884894	2068.9538951838344	525.5305943806657	18.59483008484191
?	130.07280983684217	-522.3328623297591	72.86860527667791	-112.09477875050017	325.6255866684184	3065.059949375272	2061.683965831473	-1836.7612367726208	13.627501818826541
?	119.91928914587879	-637.2415804203471	65.86984440276257	-258.67208962576916	455.75246916160506	10036.964588995865	1977.1158333452033	6253.550019160824	6.885252042498042
?	98.21073081582479	-350.42370555097364	59.93500079538944	-24.87913277192886	827.4738161182121	3808.683634535743	2374.3614667895145	-5592.566816379704	-1
?	102.3981038683301	39.579245132195204	64.62588776416612	178.71102557459534	646.1866508883924	-5734.774057633657	1697.487492526218	-3636.5235411629114	8.774250924779041
?	100.18969307243455	-118.0757027457965	68.87055207411922	103.67055449900383	540.735113236529	-2978.9127558523987	2192.5352897313687	769.5077875631152	12.487918121908153
?	96.49431873104027	-84.37004442459465	69.80941548911632	-11.114998743520928	497.2410130957723	-1133.2019453233277	1735.9628819043737	-10359.088143044128	15.927307620121349
?	95.97119085120482	-48.14884154846705	68.31480213694317	-66.18094388266991	484.07501597036264	131.07823347684405	1674.580882579163	-3022.790436251782	14.410003038700703
?	94.08687665361691	-1939.4238170240947	66.50036829498282	-120.402632688827	503.7949247696145	378.0908952643048	1584.8233600917845	-247.1604257761735	13.327354854188258
?	-1	-1901.7375330723366	62.294670502501816	-283.693079183028	502.9795607335779	-50.54385451692265	1662.2228612903543	6464.309879828706	-1
?	-1	0	52.31571433583141	-259.90242368811386	501.2677320437684	6490.228805204635	1908.03885408322	10984.641155549383	-1
?	-1	2946.343343294044	49.29954931809611	161.08944590578815	827.49100099381	4169.522122012586	2211.454919067824	6243.287930663413	-1
?	146.31716716470234	2746.887056432059	60.37018663112082	381.13734344905475	709.7438381443978	-6008.7959667380455	2220.203250616391	8152.2515758375375	-1
?	136.34435282160308	-397.8905519216067	68.35641649054887	48.727053322751274	527.0512026569074	-5673.908334906228	2619.0674978597012	3400.095145458096	14.206530847296335
?	126.42263956862199	170.29239157705135	62.80653929725839	-136.06863380442735	426.0484213990862	185.20762372864039	2390.208007889296	-14661.222371110522	11.738307910372008
?	144.85897240045566	438.6357793497375	61.55298480032749	197.16690475620365	536.3115838433395	5595.192739625875	1886.0063793041745	-22689.019154299636	3.764295448868193
?	148.35442853610888	-123.87597247451754	72.66488453506858	33.52686508787113	705.8080583803802	3833.1364205998593	1255.757050174313	-3360.3786500722404	8.258979368308362
?	138.66517377672977	-2987.088570722175	63.22932805472105	-110.54354144198147	727.9684048733326	3776.0282816691565	1717.9874468005623	13238.32988293547	5.78708441294753
?	-1	-2793.303475534593	67.1377074629695	14.60917931122451	894.6094724638382	2688.5081495741088	1917.673544321087	8364.850738596653	2.4157697416587904
?	-1	5034.862329680896	63.95978702028228	-106.41523809754692	862.3938123520381	-6374.503327387087	2136.2299837303954	-5195.288787734667	-1
?	250.74311648404506	3392.4932166658155	61.81694555809215	126.9816272584082	575.8843060944836	-8660.678317833685	1657.9091049343535	-5270.038121756534	9.234306585944447
?	168.62466083329093	-1034.5046098853006	70.3088683832027	78.97743920150482	429.3598964603535	-3455.096307917054	1872.7280776425685	8785.654823611463	12.984120466808553
?	199.01788598977998	1478.97812897229	65.7658175181674	-182.77456097566696	403.1294906986307	-979.3784416540043	2097.191846114927	-491.5723706246622	13.53141669971287
?	242.5735672819055	-4000.357719795596	61.17014033441934	-223.1236026288223	380.39097437765327	503.77974187206587	1848.1494591113353	-2057.3925718551554	-1
?	-1	-2543.9991286782542	54.60963738672627	147.22972724668836	428.31847779223403	122.92824927022696	1994.3222175221692	1966.3268702710438	-1
?	115.37361084799267	2232.106707774914	68.53162669675376	262.63842713107397	386.5373868411646	-1808.2352767460277	1946.4658026248876	3485.1230417508045	9.3696890448429
?	110.6053353887458	-2327.4722169598617	67.74155874327998	-30.558796091831763	337.90671395493257	6326.847835203435	2168.5783696097096	11446.973620911953	10.568389006738256
?	-1	684.5677945095328	67.00368689216218	-103.3291610612755	702.8797786013353	9816.341302278703	2518.8144836704832	-434.89581566823443	4.730632497354547
?	144.83372511422232	2815.1496992169873	62.575100690216225	16.768391163325365	828.723779068866	-5888.025603883464	2146.833578826298	-13508.499793215544	1.206310719223387
?	139.75748496084887	-2916.6745022844566	67.84210645032844	-205.40034681880005	408.4784984071631	-8066.668223768908	1843.3894940097084	-6918.288665620332	13.29747907710644
?	-1	-2815.1496992169873	52.30508334927626	-310.6261905579556	425.390367880422	4857.361069498721	1800.9191455452826	4063.538109350203	-1
?	-1	4886.729155326861	52.31079692243072	339.29915035647815	651.3465518820983	374.1805412222188	2046.5663994772178	-2237.1035978490804	11.895014430013372
?	243.33645776634216	5208.567789411793	69.27004086710011	361.30584834671595	444.09939494153286	-3694.039453484184	1689.063965652829	-1515.7001693587981	14.231940303372731
?	259.4283894705887	399.39704566224265	70.37608933976645	-135.86985972194276	466.64457920788976	-2372.5009561467364	1970.7813910092782	1524.9901036688389	21.022378402711904
?	263.3063100494542	-5208.567789411793	62.47654788100299	-377.1288003336392	325.4743471341965	-1806.2173341160594	1765.3134708362707	-3595.1244498133283	-1
?	-1	-5286.126200989103	51.51964932308456	-275.3149489970883	376.3337125020871	2802.4433866398267	1791.0251685186124	-295.3170690665421	-1
?	-1	0	48.71080043114863	-154.5482843179998	465.5965164661873	5629.945251365659	1750.5476173829436	2651.958225056583	-1
?	-1	0	43.792235107184595	-87.53978592116968	657.830975070369	9186.249166905562	1923.623079771441	7493.104193393678	-1
?	-1	0	44.33381113509016	24.74808998828232	924.9089748114637	1160.046568929742	2125.202827052626	475.9626798974176	-1
?	-1	0	45.02963960659871	1.9912517622391661	715.833303516856	-1887.1958769003616	1947.421213766312	461.19499073526805	-1
?	-1	0	44.433373723202116	-44.29334175692277	830.549180966446	-784.9365067654509	2148.2625765893895	208.35535739621793	-1
?	-1	0	42.814972518752576	-24.07342642493157	676.5864781785836	-2847.997592222542	1957.8389816361228	-5047.756337539527	-1
?	-1	0	43.22970240195554	60.10479952734791	688.1493013553194	-2504.7948381703372	1895.874759712414	-3931.1062310035054	-1
?	-1	0	45.82021249511996	-2.5796233409896367	551.3467362700671	7713.435179150795	1761.2836700859482	5184.193398370849	-1
?	-1	2558.1727827151108	43.10072123490606	453.4251485324076	1073.8210603128578	1443.29330750137	2155.0844296309556	-6024.943415782026	-1
?	126.9086391357551	2390.744454565893	68.49146992174026	490.4621259165663	623.5114016451354	-5267.7136881953975	1460.036499296848	-14064.206276702484	5.529839977144084
?	118.53722272829424	-2558.1727827151108	67.62382753073429	-178.663156883562	810.4353759030888	7286.232171584694	1451.8741157958339	10537.658406727684	2.3776242461950248
?	-1	-2390.744454565893	59.55831207756219	-112.90911710170076	987.8230102243688	3916.5185387430647	1986.9194196332303	18180.76641180428	-1
?	-1	2816.8979455956683	61.97837167564927	180.45437962972537	1006.2613028402413	-8468.930058860342	2360.9124363860446	152.38481234182981	-2.6919197241246957
?	139.8448972797829	2498.451248383388	68.58103105904843	152.74149594593237	564.3765072813532	-6066.489393354719	1994.5386602503218	-5141.172930161965	6.266415738257304
?	123.92256241916895	-2816.8979455956683	69.61544647294586	-15.652138051102382	702.9368331725065	25364.75640085523	2103.8537898779473	11684.33135349988	6.424325899026842
?	-1	1447.3098828718819	67.79842415649331	34.4221086491474	1832.6143273241103	3489.743569211217	2578.7552279253136	-1146.9005760477735	-1.7419317759565025
?	196.2880565627628	3850.5348891434164	71.33655190540323	66.09935246629188	877.4240116330667	-22895.721000070796	2046.5087610755588	-17878.003185959446	3.0252166340446927
?	191.52674445717014	-3945.76113125527	71.1033917798079	-300.47314861434467	687.8282773205743	-2684.901406004813	1684.8550686273445	-10327.781793345308	11.508239409728176
?	-1	-3850.5348891434164	56.31289447468605	-165.46100351598386	743.1789413328265	1608.8638570754745	1530.1196714082953	3866.8914268148683	-1
?	-1	0	62.83034160400873	136.98308042065966	768.2714701743478	3120.8316122024094	1878.1996399680872	7770.815918881281	-1
?	-1	4165.319406906208	63.162048495719006	-0.5648990540430552	899.2205219429465	-2168.97532185936	1918.660467352358	-2501.049848828925	-1
?	207.26597034530965	3843.149404852052	62.80209665130658	371.1877256072025	659.8227040813802	-7220.500103371815	1753.1471475266414	-20943.991768395153	12.240658652414494
?	191.15747024260193	-581.175527115864	81.72143477607906	347.2342557515568	538.195516774357	-959.5826999849703	871.460878932604	-9849.44716200496	13.953720107553318
?	178.20719398951655	-462.1632619011984	80.16380943888436	-205.21088074136304	611.8435690821318	1570.2611738485746	1260.6747894263951	12993.19905928205	13.464326022792552
?	168.0493071475421	-3584.143879790344	71.46089073901095	-431.74760336042107	616.7085754667854	4085.980118607891	1521.1208318967042	8713.464245369842	4.446775154050626
?	-1	-3380.9861429508537	58.57642927086338	-187.1356725799307	816.1425750125256	4925.000535184967	1696.3480016948856	10994.61873770557	-1
?	-1	2755.3067579249723	62.104107110014446	270.2171020015248	862.9586022260329	-9673.901366139608	2070.851768781981	5278.4126468307895	-1
?	136.76533789624813	2721.3141094666794	72.08728437093957	287.5906899110777	332.447506705547	-9856.242374786643	1960.2686340364241	-4261.5250766136905	7.707659559524524
?	135.06570547333348	-38.9465546433594	76.48364160556828	95.24047565594776	370.1464834867025	-153.25065900908666	1857.775514951297	-1760.7093248346628	8.412839258756657
?	134.81801016408016	133.31010676805298	76.84930815373694	12.41694508367492	324.7849737550927	450.1461720881234	1872.2331677946913	281.1272367323555	16.64894207810365
?	141.7312108117361	-20.111419155432557	77.10448885975202	-30.19456298547805	392.6537920911086	2748.5624029118703	1871.8318767879148	-1699.366087602704	13.929276321778971
?	133.81243920630854	3089.777181334227	75.33958000446305	-293.41083209303366	462.21309390068575	738.4950174126406	1787.2648634145564	-2588.256704175251	9.601072507875495
?	296.2200698784469	8322.410503541387	62.43394725510039	-121.95944270706676	429.5785429617405	9473.72191599093	1742.4190415791527	10627.100155370486	-1
?	549.9329643833764	-5944.4013975689595	69.24160786910973	178.28118271046952	935.8991897002305	12904.619214163069	2318.619871183079	9675.53269372879	5.100647407319178
?	-1	-8251.937780631215	71.34800639062384	8.389065865237088	1074.8095036698917	-6111.459447329654	2226.1956762655905	-16155.405819670954	4.543161810283271
?	137.33607535181716	2620.5458530361216	69.66106116237158	76.55709706769697	630.3262173337489	-7210.079325963589	1510.849580199534	-15366.279778275954	10.696538053419767
?	130.02729265180562	-257.1900629595732	75.17586124400867	87.86082933779002	714.3055373717135	650.8185364012843	1457.8816873517956	-3540.2649200310716	12.379391281098851
?	124.47657220383854	-214.9221752795315	74.05410262926107	-29.442626364957892	662.867144153813	-1656.5146403976782	1333.8363341979812	2829.879920481795	14.326832765391348
?	119.28118388782909	-296.95369214950483	73.70372992576078	-41.578120988451	631.4798053518299	-90.26608667849847	1599.3756833758848	6477.150060224121	16.010816252446684
?	109.62888759636336	-555.0196582114722	71.97519657983852	-212.28791495874424	658.3538398198881	-1275.6330494007557	1657.693837209186	2410.0390022375946	11.60993930503553
?	91.53020097725558	-2212.577751927275	63.08933417782361	-356.6102128846245	567.6981528817923	190.73779031746267	1719.8776334877641	-1919.9437904854153	4.2605975008698
?	-1	-1850.604019545118	54.14468593560736	-221.98088223441326	667.8907293357612	5341.155993263226	1561.6966476849157	6474.854431269496	-1
?	-1	0	51.990290066102986	-78.13903798830523	834.7559525449527	186.94095825587576	2043.6203550512378	4963.249406763238	-1
?	-1	0	50.237734036192116	4.188992218823146	677.237777248555	-1292.1058976091354	1809.8591180230767	-3518.6502766529825	-1
?	-1	0	52.19973967704414	44.86666821206542	770.1506576644962	9429.53372414993	1867.6878412185893	4572.402891685763	-1
?	-1	0	52.48106744679538	-65.43185775293361	1148.7144634560498	4290.410995540782	2038.479262607364	1078.982659589282	-1
?	-1	1943.4550758735154	48.92814678939747	239.0431761360344	984.6712074415345	-12383.454453956456	1921.6369741980532	1152.6578091428423	-1
?	96.17275379367543	1876.3512388283064	64.43322625359706	382.1338376859938	529.5417407582291	-9353.196278847065	2096.112153064506	-90.19247821449004	-1
?	92.81756194141498	-182.6701160602378	68.0348386736971	113.08361135302687	517.011393499183	-115.4056580034539	1917.1273502873287	-2621.4051196402443	13.058551859038523
?	87.03924799066357	-125.81771162979025	70.08740682124838	26.820365679935303	523.7714578580565	254.54824730750806	1965.0418970824942	2935.8750715405326	14.925367039975502
?	86.52667635992549	-81.3334731841411	69.37585695769386	-45.435808311599025	529.7388058645583	40.02864286630498	2063.921103864355	2290.1734222877567	16.059245666316137
?	82.97257433145653	-181.75923661802906	67.81561640566844	-264.7914612135257	525.7728900013717	426.0003888988528	2079.5505681968816	-3616.2430887815062	13.237471838029364
?	77.43871452902407	-1679.4514866291365	56.13628389701762	-303.33672527149895	551.0388253095009	2527.751101204258	1883.1089494252801	-2675.6919858240058	-1
?	-1	-1568.7742905804869	52.64878014209354	-14.378362813269002	652.1604450615841	1173.930520120527	1945.7659689056818	3265.046563275544	-1
?	-1	0	55.41736575635417	160.88762675366198	609.735351315527	5451.075184571531	2046.3612775890567	6063.289376240822	-1
?	-1	3229.1202611382873	60.69316147977661	308.4441317336455	924.7142042901597	-1293.5708402657451	2248.930437717722	2885.738582840619	-1
?	160.4560130569138	3173.716475322414	70.8395723430364	311.18972107352346	545.05680930224	-8113.607672796476	2190.648206731087	-4621.928402683068	6.240062310650088
?	157.68582376612014	-185.87934112520438	76.25264753345273	-21.04828342755191	519.0338206503374	-2998.7492613189925	2017.8340175835692	-8300.55012529261	14.374531652911681
?	151.16204600065362	-223.05462299030717	69.7871581716588	52.845125738889365	395.11934623629094	-3100.027803847822	1775.6207004664582	245.2036227913695	6.4362897380148425
?	146.53309261660482	-3043.2409200130833	78.89490382039719	-129.32257990801435	364.0324304579468	-638.6883690448315	2030.0941987231377	4257.224496993983	10.923998680160413
?	-1	-2950.6618523321067	63.32102917625811	-395.3666736069611	363.1849277840495	2802.131757941448	1988.4819253161565	-3568.030524194677	-1
?	-1	0	59.1265701400492	101.51464158740716	504.1390183550187	4669.933817868901	1851.6926725134044	-1589.8297899957527	-1
?	-1	0	68.39676125562845	93.73353533570541	596.6816186774937	-555.8496537653249	1908.9904358163692	6374.673463011172	4.65042426969934
?	-1	2736.619493826642	63.81324690683446	-91.98763900444622	476.3465356667526	-1627.363053889818	2170.426345663962	-9757.973436913524	6.395717840447437
?	135.83097469133162	2605.1536634701756	63.79737930540615	278.0444651588701	515.3134659830031	-1493.468122206279	1421.0917639706947	-15401.098618126158	1.09489046809385
?	129.25768317350833	-269.6551852160978	77.71547016477791	104.09501183017662	401.6731295564389	-433.93067563515314	1400.3714147576568	23596.382337237363	12.877584839934007
?	122.34821543052678	29.548609821139955	69.00212989691497	-157.53083584286486	493.6169322012455	-1347.5540929252193	2600.9108808325586	19825.628438456282	8.223268020559873
?	130.73511366456532	120.49203083196616	69.8389283726347	-42.10473573061322	334.29542491017816	-1642.703837599627	2391.6528366804673	-5089.708289020655	13.440940299833802
?	128.37281697212507	-2634.7022732913156	66.89689311038431	-135.86777038681154	411.48174032126445	10546.494135624509	2346.425466381527	9740.735838517729	11.92610140574811
?	-1	-2587.4563394425104	63.045539853294144	-98.53322556202521	861.6201316914018	8014.93423927368	2878.689628606352	10308.894339178469	-1
?	-1	3424.44617001802	61.97023183228307	73.97045554013002	812.228452284947	-4635.765822617507	2861.8701833404484	-15298.42659301	-1
?	170.2223085009004	3579.148654787027	66.74406263030063	238.72590351581792	629.8318405605272	-6059.271416020173	2113.768298955855	-37322.52124611557	5.95178786839743
?	177.95743273935074	733.5693382360322	73.90652700807392	121.82251758336761	509.26488148393946	-1822.4057295813436	995.7441210346765	-23439.573150536933	12.393245023852943
?	206.90077541270188	1147.96969154352	72.83518850946899	-10.147590721062762	538.7115540814604	-3208.6890088610417	941.7896414290124	-194.6639541215934	11.151723487242624
?	235.35591731652653	1036.3929196923473	73.39914747202079	-50.62417280360382	348.83043104088796	-975.4506558449259	986.0109233285969	20149.44743499279	14.97908606275899
?	258.72042139731906	368.50320882634736	70.30397986928881	-236.00764099479974	489.9390212892142	5048.512463652947	1949.2620131786484	21978.0597528211	13.060847406257688
?	253.78107775784383	-5194.4084279464	61.59876542228084	-233.79708222540853	601.2560542235344	4243.839956543818	2084.913910969648	4605.815008008556	-1
?	-1	-5095.621555156895	58.614125758018425	-51.530697859617376	702.1310191164043	6657.193913747447	2179.5527635790754	1831.4452643189609	-1
?	-1	0	59.02223052929998	-16.3900630669726	934.1157499109056	6323.507869318352	2176.4861741855957	-744.4739492118632	-1
?	-1	0	57.7946226046698	-133.86898991361	1018.3064125823208	2905.896677098864	2142.3290661184824	-5505.289868809834	-1
?	-1	0	52.32878103361951	-46.368293569671145	1079.4105837658483	9302.179344425798	1901.221680745105	9531.939922623213	-1
?	-1	0	55.47620792618625	108.10967478070661	1483.415379803609	4160.069012158861	2618.9260622496413	13519.857909469412	-1
?	-1	2033.817772807575	57.73426477265482	82.04897837254153	1287.4140343737906	-17733.073874199457	2577.2145762185733	-12315.97571644538	-1
?	100.69088864037839	2517.8755185082887	59.57865684481331	271.6438238498807	596.7616860936394	-15819.732190117511	2003.1272764273745	-26761.9427093017	-1
?	124.89377592541398	781.7346218497132	71.3164559651488	257.9318606794502	496.4274248679179	3279.0282202794338	1239.117440753493	-14124.926310808465	5.341731438691523
?	139.7776197328639	74.6616981273081	72.47524987878578	-105.84524935379599	760.7130971076105	3924.5152231689626	1296.8809608869537	5487.312470475318	3.9296719648013627
?	128.62686083177937	128.13724261070365	66.02419349745902	78.04129420875967	692.6531860263654	-5912.814634416725	1513.4830642772579	10165.941028265197	6.281986816788794
?	146.18448186339907	-190.04861813578242	76.37731458922374	0.07422121301431188	465.07236538677523	-4614.831880470936	1805.1780123002118	5115.951110387459	10.866170575129578
?	119.12442992499028	-2943.6896372679917	66.02790455810974	-391.0484526297727	461.91159200281936	36.03258602400514	1769.28061979663	-1581.3811325844347	11.875211633450554
?	-1	525.3258812496664	56.824891957735176	108.78801310297699	466.8739946879755	861.0949808062079	1726.1089556709903	-13922.846418056915	-1
?	145.3907239874735	3088.274956481631	71.46730521325857	439.015808444541	504.9663410431296	-800.254426392433	1073.1382988937867	-9931.649431178528	8.715645640906729
?	153.41374782408099	601.4261716486714	78.77568237996215	169.73004419029965	426.861273368354	-216.99090793278478	1229.5264841120656	-2519.2511866444715	14.946025959627807
?	175.46203256990697	1110.4182483304548	79.95380742277352	20.607485047889117	494.1167956464904	2685.7482819834063	947.1757395615636	-2145.8203781771485	12.813803908886701
?	208.93466024060353	1108.4483939131803	79.8060566323566	-43.67591998488068	561.1486874675238	1295.5522525155573	1122.2354652032086	6289.560010585862	12.805771250881813
?	230.88445226556578	283.56090890665814	77.7700114235295	-231.55316005639204	558.894408272268	293.85199485919077	1261.6537400908555	19261.465381387974	15.438978289280513
?	223.1127056859364	-4637.689045311332	68.22839862953704	-295.4427852005033	575.8412872104833	1889.1171571374707	2085.308734272604	16901.831877204637	11.896471758052872
?	-1	-4482.254113718744	62.99787216350438	-98.81198727161767	653.3502661291412	-2094.5692914685474	2106.7453339510844	-4142.4505176097555	-1
?	-1	0	63.287799265956174	101.2510566227639	471.1128226370563	10686.815932409108	1878.186208392117	9524.113821274039	-1
?	-1	0	68.06042499464256	83.40908706597377	1187.6910627495947	16561.529491224323	2582.9510250147846	15561.993050247384	4.616037418511802
?	-1	3302.515399665382	67.45825361925485	166.12678970049248	1299.1892971982695	-13748.270155542625	2656.2858609044833	-18697.616641307715	2.599218146193305
?	164.12576998326853	3582.9766578929048	76.36676447966715	182.32465866321556	500.27755497246596	-16512.398314516908	1648.070192949402	-15948.718712100643	9.541653369641235
?	178.1488328946446	916.4645769166917	76.57448655241559	-271.8925126020768	473.569381472427	-512.8631547390678	1858.849925299454	2787.8150949911433	9.922190394940566
?	209.94899882910295	6313.332686202098	62.77213884956336	-287.61371656246297	474.63439723551267	5288.874037516329	1787.4609476989588	-2063.5483000790173	-1
?	493.81546720474836	-1183.68885491557	62.193800724292494	261.129195925729	738.0130833482425	-646.0083996543926	1755.6725102955036	-3543.0224294341124	-1
?	150.76455608332466	-7350.3077592647305	75.82859864584977	169.87621104815122	442.33397725279315	-5634.570418926799	1610.3098262272538	828.8844439902989	7.92335287748578
?	126.30007924151313	-432.6044891385156	70.68761127670003	-73.45761914657143	456.28456240190354	672.3680188199968	1797.1167324950184	10745.611513927235	7.051840176693171
?	129.13433162639896	32.744117399741526	72.15571768852121	54.24669663023044	475.95237819379287	-1171.7647701242465	2147.5904019236136	8459.142763398253	10.773141006913733
?	127.9372851115002	-105.66283948909111	73.39994610821154	-48.85400330708865	397.6963238956914	-2449.877445208203	2220.0738706649295	530.6319559222012	16.08486529547776
?	123.85118965194442	-136.5060185709992	69.71301752316678	-10.570441922781166	353.45850593338315	-2381.4907437698384	2174.1219997197236	-14570.313127490319	14.910287147919998
?	121.11198418295027	-77.46238376828073	72.87142401207248	156.36611129272296	278.62178670719993	-258.70804860108115	1491.5582142904161	-6473.355085128733	11.403185299193616
?	119.9780704635304	-101.34203355217302	77.5313230878029	-7.311026439978744	340.52310350332914	415.96234816856315	1850.454245463288	5209.961508164602	14.540756029538183
?	116.04488250534163	326.7427576166624	72.50587269007355	-165.39208531287377	299.419904115628	-58.73883961138093	1752.0562896986453	-565.4295270948352	11.80441250055149
?	136.31520834436375	986.235383883754	69.2617188221591	83.45506619022554	337.58616152276005	3110.785478209042	1822.182769108546	910.3603649232589	4.558904011733161
?	165.35665169953003	603.7420070173835	76.67862599958488	-31.846633559413366	454.9591780260823	2947.9008758162763	1797.5743079448089	107.57528674693123	12.778797197010235
?	166.50230869523335	-3327.1330339905535	67.6693871441884	-316.62278466526647	484.98120531357597	4402.98413028287	1827.5615334458926	6348.628562844352	6.85629094085315
?	-1	338.34975344698165	60.84748676632133	-106.93000095063344	675.1083845402289	1674.6591538617974	2115.005736087031	-3111.097701689156	-1
?	183.41979636758268	3744.646955491778	62.32288709665666	282.82565080072527	568.714163006667	-3224.2671452915392	1672.0066483614326	-25714.31279571049	5.245693667006005
?	186.23234777459157	130.08873874170703	74.9887693063578	265.41227099034865	513.8950272756497	-931.7140090616845	829.2900963014882	-14950.75252330596	14.98278114007864
?	189.92423330466812	-212.20590162790398	75.59350064617428	-96.82309231715782	522.1284625535822	-2262.482913640162	924.4690221961239	2528.436353249554	17.752724718259447
?	175.62205269319622	-1138.1523049691261	70.14761469049984	-160.6741622042682	400.77088159363996	-1853.4757425401174	955.7119139639677	1845.7475374743137	10.117021690023648
?	133.016618056211	-1125.341635387323	67.55979253596075	-58.153281873068494	429.45467542657497	-620.6560461007532	1016.7563990698409	6386.367823080785	5.750112866667046
?	119.35497092382927	-70.24599130555671	67.23995059684637	115.49370151777659	369.73807928860185	1036.1173595285811	1275.0303051180115	14483.29556117816	16.694460415736255
?	129.50431849093312	197.02570536466882	73.33447761184966	39.63112742871346	481.26054340300476	1030.9657252580146	1740.9211771287592	19662.64314835428	13.217460693180604
?	129.20625619206285	17.2616685538927	69.22150696828207	-269.7718687105122	421.2863655515033	653.7351234384946	2258.1624625357395	-483.882411267607	12.422829550910743
?	130.36740191862776	274.9405755041449	59.845884176323864	-216.61951625557782	513.94729957493	1455.340819859782	1716.7270565653785	-9013.085655754998	-1
?	142.9532849672703	78.97166601970925	58.39053115550303	225.67651972612813	494.05340654449344	-4337.199494271682	1807.5081797479831	5786.6204620517465	-1
?	134.31598521961328	-409.36035754160616	71.12971016263043	180.74648174552635	297.0873248613428	-4559.88455144809	2006.0580796679699	4196.9193620443675	13.618728729110586
?	122.4852670901897	-239.82042448904565	67.42785524277947	19.29407772863642	266.0591789720857	-164.82988757003676	2017.3541478502045	-1483.0950058910428	11.59348670477025
?	122.32496399516083	-204.17534619508552	72.09441404906227	85.30977319306054	288.8458304828408	152.75619927436094	1931.9033293734167	-1423.3260237717675	12.991598423841504
?	112.27649978043527	-337.0359393411301	71.69334390243256	0.4074161427806131	273.69698893580386	2690.0395731256235	1946.1878466616151	-3281.125242413262	8.821644583632997
?	105.47316702810409	-173.2915029757522	72.1147848562013	-11.242397227330638	423.3478091391239	5313.097335155765	1767.8470672527512	-3861.0062468399333	5.05108602595843
?	103.61192463164754	267.5777214001157	71.13122404106602	-6.79301935293002	539.3518556935959	2562.150166830479	1753.1375343196157	66.91711796678551	11.090221720332494
?	118.85205309811006	1221.2342478901815	71.77513388855479	11.387333151986192	551.4553174806497	-225.36734617299905	1771.1929231510906	1300.987061650794	6.231800220283171
?	164.67363702615748	1711.2534567590687	71.70059069866534	-7.745687212377735	528.0834883849458	-1642.9774280571455	1818.1868874021563	1208.002476334692	8.333428931606981
?	204.4147259360647	470.92368568702636	71.3878495279359	-165.61948550942722	469.30644607779124	-1417.0263634942958	1831.593046967826	-687.6056474571526	9.67461591092911
?	188.21982131050913	-4108.294518721236	63.41961642319386	-342.7673494067175	457.23217021023	914.1800645634085	1783.8066050292982	434.0160051232562	7.603341022125793
?	-1	-3784.396426210129	54.24948205759978	-269.8813119293094	515.0154493059623	2752.1084202258367	1853.2938472239891	1353.704477165296	-1
?	-1	0	49.9255508267282	-101.0130488614716	594.8375912215238	2658.235000928772	1851.491828887564	-347.9261912327816	-1
?	-1	0	49.198829614526126	-7.81096208287241	647.9271993524028	3383.3412587715197	1835.8975376623498	-2137.83738292546	-1
?	-1	0	49.53500272258457	70.34431715672994	764.0046541601022	2154.601009733175	1744.5999597412895	-4593.565619640847	-1
?	-1	2117.0864621497517	52.71604547236267	361.5448755064376	755.6572498390631	-1971.2321844358682	1606.2192566803042	-13211.666196411123	-1
?	104.8543231074891	2389.518724280817	67.61224649790671	440.15165165130907	665.4430449383074	-5576.644366334752	1084.016649920724	-11385.909524856026	6.857686663673056
?	118.47593621404255	828.2813765542646	74.72362805492844	222.87095123141623	476.8250315223215	-2751.5595163941493	1036.9237804374948	-4793.437005211984	6.863691941275301
?	146.2683919352029	757.7520470484285	78.75579405947768	16.988620676617117	527.865069118598	1967.978113180988	844.3447996601213	-3846.671661243338	11.466351163361088
?	156.3635385664645	-2945.3678387040163	75.57305908875931	-309.15536188097224	575.2239371813723	5254.20726327797	844.5901973753252	37227.21660898024	10.409189242722928
?	-1	-3147.2707713292457	63.29802596542885	-370.4684909442841	790.5754322825002	1771.2665022344684	2705.7056301091598	32503.076577592048	-1
?	-1	4091.740830067005	57.04963454154484	-64.58131381329288	663.787262293097	-5785.912232502252	2469.7440262549508	-9114.578929619273	-1
?	203.58704150335316	4057.5118490536206	60.06896027476416	169.3935114930605	501.2798206573835	-4950.056734506498	2249.9766836281897	-13999.433962904292	-1
?	201.87559245268392	-1593.369046467999	65.51931011619799	350.51770723078306	416.28442556776855	-2720.8530457315655	1769.7723281097262	-8373.533684475537	0.5193693979269489
?	123.91858917995208	-1731.7365159026608	77.59484563630356	186.0943214910687	365.23716837080326	-2490.863863593545	1831.299999404407	64.48108377908648	12.485591549169051
?	115.28876665754964	90.8770550641752	74.82402619075155	-42.8551646144481	291.74123238808954	-2010.5798304344385	1772.9963822986806	-1078.328598999786	11.242203191930505
?	128.4624419331609	1002.1554249362009	75.45208740558113	71.38647006687548	264.7081768490799	755.5645801539044	1777.3835694544168	-875.0022985871705	15.339689225966419
?	165.3965379043604	1353.0666725204446	78.39334969409538	103.06816210723578	329.5194613957853	1684.2487948208156	1729.2462673693215	-1242.3346777151078	13.02768322412474
?	196.1157755591841	659.8348532274358	80.60549551094299	-87.36441569834814	348.9206165901219	2416.1224695750657	1715.2668355686606	-2365.6897146383862	15.909138895977986
?	198.38828056573266	-509.8662568027523	74.02512890917791	-240.99488346645302	450.3255848745403	22229.286940752343	1610.9617816374005	19746.442979175663	10.216768371671659
?	170.62246271904613	-3987.7656113145963	68.55575133762017	-81.31782520059913	1460.3849636277548	25184.686829163136	2702.588984527458	29172.95247674593	1.3337039418368168
?	-1	-3432.4492543808738	69.9592376491479	-56.66831677640493	1709.559926332715	3092.7693733135598	3069.6094054747177	5472.4636175164815	2.0583380019373148
?	-1	3877.2581939350166	65.72233549879988	92.74232989508145	1615.023432293435	-19878.964817101623	2976.212165403286	-31482.699820726455	2.1741477685855384
?	192.86290969675358	3816.936442422413	74.59635414390203	272.62435370766224	715.6116854776195	-21496.65729940378	1495.4744144383726	-42797.38518395305	8.287251139544782
?	189.84682212112338	-365.70471932547485	79.35355318418318	-61.439423377352945	540.1905673232305	-6329.914669097985	836.3429062056028	-6853.192619840127	20.29780577907806
?	174.57767373047957	-733.0756166828517	71.52438297503434	-149.03578859067366	399.11595202271576	2394.3029085105923	1152.8147834463614	15589.095230072624	9.486768088121519
?	153.19304128698028	-736.0324845774333	71.9017637546494	-12.82431349663891	659.9057127487619	3412.1395173414876	1615.7976677092452	9604.290493145663	5.863858785706427
?	137.7760495016074	-3083.8608257395617	70.88316730020239	-300.83535128012085	569.7229278897926	-1058.1342633232643	1633.0293081036514	-473.88460555742097	8.530044925489808
?	-1	271.9138051263543	56.85999619064314	-141.53895205882006	606.9989995825979	-103.10658297097088	1592.1034374313738	1084.031723799365	-1
?	151.3717397579253	2664.3804109997986	63.806219697261284	358.96406615556106	564.567598741244	-1693.8022569728137	1687.2308942936204	2649.233664665479	3.131294911459709
?	132.21902054999182	-527.0070253863019	74.80819949842145	109.52015435757872	522.308886733956	-797.0184809267084	1724.5651206646496	2109.532890948605	10.861501185106182
?	125.02138848860983	-148.28550200625006	69.2822274151403	3.8298028950972616	524.716674694908	-94.08214714742692	1792.7075388410522	-26.116386370631147	12.687715600220137
?	124.80474544967922	-234.7456175391208	74.99968964317631	-24.746214057088242	517.6047793765846	-766.4496629556486	1723.259301346118	-1472.170198528217	12.901797955551464
?	113.28410761165362	-2516.0949089935484	68.04491671228587	-127.7042225221685	486.394191547125	942.1454515176154	1719.0990289146403	2636.8656604876824	5.290580245982796
?	-1	-2285.68215223304	68.6144785170678	-90.68699092829773	564.712051952466	6005.494529806601	1855.102584370504	9589.02486346069	3.3543880002292426
?	-1	2565.825818903505	63.51056716587092	-30.74129167108494	786.6689180374593	-785.7707504641464	2198.5502720876816	722.039024592217	2.9470248766654272
?	127.29129094517708	2469.4099290837153	67.07741393351353	139.3278225373841	525.4235144292582	-7304.676581396341	1891.2045356001154	-8144.400107966383	5.947767937368132
?	122.47049645418751	-349.32515203565646	70.47695829274022	96.46532473929176	421.43508896763706	-2130.3245149079034	1791.3302666893567	-382.1881855622805	14.807280773539105
?	109.82503334339401	-434.1334713784287	71.90068017047818	-240.90830533834108	418.90728868386145	-193.66464111120487	1872.095126322001	947.8940427212094	10.358762859970726
?	100.76382288526577	-2216.500666867849	58.431543025823	-419.6679071038507	411.7518569120767	27.210829385328065	1838.7249688254178	-24.52682900372985	-1
?	-1	-2035.2764577052865	50.91728481528535	-128.87429293185338	420.2678301531279	341.6030069945188	1870.8687848718146	2172.821951509901	-1
?	-1	2686.967353386565	51.98782837923024	436.9598952333395	428.83200726180286	5262.161195344279	1947.3660664009144	-15472.75925192969	-1
?	133.34836766933014	2625.3666264964136	72.76527957695264	480.75265350224214	683.3758899203456	6615.57997549708	1097.230822275319	-20860.294153827457	10.034871417723085
?	130.26833132482255	-220.76303612480473	76.02546105434269	39.16674299960307	759.6110060366616	930.3186179048389	904.3513587095267	638.3502015984459	16.015654494401993
?	122.31021586308975	-219.54623526850895	74.72361672693282	-68.16323766546435	729.8918208155882	-817.5450208230334	1129.1483323552418	4796.56231686346	11.175687876439337
?	119.29101956139695	-180.1419229794726	72.61729917106942	-189.76482878811666	718.7337549955093	236.26621060307917	1144.1794745527031	-1064.3703882211487	12.057807419114058
?	113.303119714116	17.954987021530002	65.23537528752685	-291.08936378625856	741.7051313457423	2523.8720567106525	1075.9298129441836	4752.203849262324	3.8726312786519044
?	120.18876891247346	-194.85137781423512	58.062830981756285	-24.336686658177992	844.9273578310438	-4359.119640721971	1381.7896670158227	16256.989568014751	-1
?	103.5605508234041	-200.9454905332032	64.01854095461793	217.22730169862945	523.7491493096406	-5260.687385049596	1888.7792913449327	3164.1313043119594	10.49320147131409
?	110.14149438581316	144.630497585978	68.92419606668791	-28.802947600009094	581.8929885785602	3665.86572957777	1539.996232231423	-5798.85800563989	7.131619129398446
?	110.7920757027031	-2222.8298877162315	62.57839357461746	-48.823486246033255	707.0424357885318	3708.3395462005383	1598.8363910629341	7175.536525084524	-1
?	-1	197.44528802315133	66.48302175438622	-23.6352095119147	767.3099658885898	492.6792220808714	1898.7730584856542	250.23946537154742	3.351820288928516
?	120.66434010386081	2334.290107443256	61.396633099021706	34.29612570973895	731.6763968925757	-5867.59282975363	1611.3483643315117	-20182.671963875742	6.648846457049268
?	115.71450537216447	-132.10458663818554	68.19782803987319	-146.79908489628835	473.9303244009041	-2348.777086348119	889.6394602918529	7630.367422609944	13.136336903110688
?	114.05911077195144	54.24605209689312	54.056678854207185	-175.47848089178336	614.237542575168	837.4223992308959	1992.8667354620143	24036.71441164447	-1
?	118.42680797700916	-50.05613669185365	59.423903995283894	168.65801911527586	515.8014443624495	-5904.709489637913	2091.4751808740934	-2809.798635793569	5.640285564455488
?	111.55630393735872	-2388.536159540149	62.4895798099711	-170.58606410991302	319.0020680932682	-1906.2768265597244	1852.3768036723338	-3355.81898250766	9.83188218633601
?	-1	-186.230108538383	50.89460078978812	-62.912583055478805	420.4876030344619	11937.756749468124	1923.684231748708	4174.218775644722	-1
?	102.24479851043944	2087.8592904717966	59.34395065719711	204.6464292194896	915.889905566683	-2930.352049288828	2061.087742454573	-1928.6187248069107	-1
?	103.3929645235913	579.893237843921	61.126922250762746	49.47276394347953	273.97000057001844	-3573.3612394365528	1827.2532955083611	-1654.5074313642674	-1
?	131.2394604026359	1645.7549644142432	61.817588854371124	191.35902664717617	737.2218435948528	1716.0978134436136	1978.3623708863583	657.7040344164332	-1
?	185.68071274430463	1631.8419941670245	70.69487358312169	-17.549250560887124	359.77489124220034	-7361.6127579590875	1860.1384972291833	-360.8356025606139	11.583964643689526
?	212.83156011098828	-3733.6142548860394	60.940126326326755	-397.59473955908265	369.14120569689317	5560.565447860398	1960.3205907583274	1847.8460980285865	13.18681174635028
?	-1	-4276.631202219704	50.815136605167275	-171.32570260836854	637.8031636352242	-199.30852342849732	1952.530802130614	-1499.6457981764174	-1
?	-1	0	52.373841195908206	2.9786523393967035	359.17577952546816	-2549.4392938984074	1885.3383008495055	-1916.1005768001723	-1
?	-1	0	50.96406922213711	-85.9196552499015	510.33119894030204	3925.638898097766	1856.725773290604	148.84670976396836	-1
?	-1	0	48.07785843341307	-98.8764852786018	555.4577244303592	12839.194694568387	1892.780636337704	6847.071430555268	-1
?	-1	2297.27969188769	46.02024495820695	382.3356891394476	1152.2909336687305	-2432.830429413986	2199.079344818372	-897.5507926479768	-1
?	113.86398459438614	2558.3547031196226	67.19464289038572	543.0923599239942	433.8162029596582	-17069.74520467957	1847.9030967053045	1135.6029217348826	13.247487178496247
?	126.91773515598294	246.7679011054519	73.17486295440705	-58.49735091888791	298.8036734347399	30529.919933091718	2255.859490905117	19808.852096614082	15.599310615303073
?	126.20237964965891	-2558.3547031196226	64.26977534444129	-205.02743829401373	1960.3121996142656	11683.036316676269	2838.3457015360227	8769.131890769506	4.203079209769729
?	-1	229.92854716524434	62.923491039706214	216.56631412372212	882.9554892685616	-28789.215569180273	2694.3160854435987	-31421.606933338917	-1
?	137.6988070079213	2654.2083883883656	75.09809105062755	247.17310958086532	520.8514211552315	-8415.22830137886	1267.2653548690546	-10177.430225749813	6.84226197802772
?	131.71041941942016	-300.1167025166538	75.28214651874966	2.558554566065218	462.1940741996126	1095.4183800671835	2185.4445741561008	1221.5521897924064	12.775013923010645
?	122.69297188208839	-344.9247216619505	75.22601877893081	-154.36955068441372	575.6223401585914	828.9199485651757	1328.3429643586758	-14209.538909478717	11.12517359253486
?	114.46418333632239	198.94428703795202	67.56366898452886	-311.1799697192063	503.640071627872	-686.2048620549301	1474.9676286821548	6242.126937155205	3.7288654983560416
?	132.64018623398613	-10.485110736268119	59.66702029297027	101.39214170049284	541.3120970558445	-748.6043734960385	1640.4493112164405	5154.115517217578	4.9769401421088
?	113.93992779950898	-662.7002940820207	72.63327606955357	163.11481008081878	466.2098529530695	-1061.2574674163952	1732.6734045430373	4964.948166822325	6.061827753967107
?	99.50517152988462	-175.79959311980707	67.82276079701133	-49.63170504564105	488.24922368502394	237.376637817049	1888.6967195575603	252.7798985354512	10.109706814981754
?	105.1499481435185	-51.7013487186635	70.15169081727149	-46.82342480332399	478.07868484392213	-107.78049639098487	1745.31239946981	-1097.171975830254	13.45182177507055
?	96.92010409395141	-2122.9989628703397	65.4815895568451	-73.24106641035466	482.8601988654746	15733.69435863385	1833.8381207660468	16535.47866071312	5.632947810616161
?	-1	1328.1015161684898	66.4896374967537	3.476052254660495	1264.7634027756258	7004.072741713073	2572.086332505478	2559.041027576345	3.8551370004748167
?	163.32517990237685	3582.2407229797986	65.65539216957812	161.01643064344213	833.0638359511332	-15764.50190911164	1961.790172144866	-20144.493993717937	4.326052114182452
?	178.11203614899247	1058.1980450550132	74.54045902892592	202.95353373071575	476.53830732003263	-7434.446400788778	1564.8616328195667	-3769.1505517336973	11.819130100328312
?	216.23508215512825	1338.201848201529	75.80306885611405	-100.97433368053571	461.34151591168904	-1060.2276631443178	1773.3326445581783	5517.374904027837	12.812139173974197
?	245.02212855906987	646.3740382988731	69.49174234489907	-345.6483417961959	423.526924162816	-428.03067725375473	1840.7303780209625	172.3967317689515	11.075978715340062
?	248.55378407007237	-4920.442571181327	58.52065176630401	-293.696139343352	439.939982049001	2409.3213261944184	1781.952481146626	224.17445060362888	-1
?	-1	-4991.075681401377	54.80693537773126	-140.64522714904896	543.9929904725386	2589.2944172895145	1851.939100551144	1101.6860556678218	-1
?	-1	0	51.488390408851465	-81.7198102296791	569.4047029134786	2464.723325568106	1837.036783930018	503.59018909846066	-1
?	-1	0	50.720944866247244	-46.472469535959156	667.2291567509457	2267.5854282338782	1877.1186100060675	358.71754378474577	-1
?	-1	0	49.164766932053475	-84.80595872572458	682.7839743251741	11089.563101653494	1854.9726611192555	7422.307301320269	-1
?	-1	0	46.480646929960955	-109.16540495430327	1221.7073118336282	4899.1173284001325	2248.233975072086	5065.805888820115	-1
?	-1	2495.4905382113934	43.706496684338234	458.3228710454955	927.7398407451842	-11876.854267188091	2108.262955560265	-19944.823816716147	-1
?	123.77452691057145	2787.4216198504696	69.39679048223606	630.2713672537057	627.8645984742152	-4301.186859189932	1250.9927842362647	-21578.82720637662	1.9166101884249045
?	138.37108099252546	561.6525158622712	75.22006504702397	147.88945446730156	712.6804977856846	1725.4136579046603	1029.3215952414184	-1608.7105647982705	9.047206642712482
?	151.85715270368541	-12.373754174842981	76.79126320560124	-78.09091177655861	714.1352813694494	-1462.9273977387468	1170.55725599635	5635.7713043247095	13.807020092464498
?	137.7523932837833	-499.1844159765182	71.31551945819598	-77.89427136378296	639.5341278987462	-4698.0438872404375	1311.110160457658	992.7124798783684	5.012195798408335
?	126.89793190485915	-383.0104260120455	72.89654963741204	67.64638427203965	479.2330870074242	-8.040749583255888	1220.1928799902691	417.9081907664872	4.970213535412432
?	118.60187198318076	-420.35500288103236	74.69783867179801	-130.72981788206036	639.1320904195834	3558.3117714178416	1332.0055699959826	6667.146540608806	5.119891638446401
?	105.88018176080723	-2392.037439663581	66.36005874330893	-201.64537615085945	657.1486755783188	6355.0716410946125	1553.5502070207142	12459.420692148893	3.1934231518715417
?	-1	690.9748682685374	64.6155698642549	72.03653875281572	956.8856724743185	-1208.7239603357998	1954.976604603436	-7936.05753417664	-1
?	140.4289251742346	2559.34104490537	69.96188568094976	44.177164895614794	596.712477561528	-9796.79799777513	1156.7473303118766	-19101.341591168653	8.141956877635408
?	126.96705224527032	-245.79956158824692	66.82442810903567	-238.8400119584138	467.04577258555514	-1304.240358228089	999.9095250449898	8423.899481876095	10.416181975638137
?	128.13894709482207	599.2895516119874	58.0198850830289	100.02311043579368	531.5004596501226	-892.1075814579817	1577.9423044056873	11236.613830939545	-1
?	156.93152982587011	479.33881165642106	71.82558363082542	222.55173549322404	422.4403935126554	1781.159282786143	1561.740216591975	4697.14896760415	13.56402002818929
?	152.10588767764347	-3158.6305965173574	69.14747185769026	34.80791751904498	620.558423789431	2902.335553434429	1812.7997527858981	11677.779482406051	13.12259748281969
?	-1	-302.5939056573386	73.5659795067777	28.00905024139854	567.557171184379	-4862.546314933014	2145.629190712286	-13853.813584282056	-1
?	136.97619239477632	2615.023123517532	70.54792436976021	-116.9569520002435	377.4311080427768	-2800.2286955880695	1120.1090735717855	-23895.44544421034	2.3787819286992753
?	129.75115617587846	-2759.523847895487	67.71813190676544	-200.78381135387332	427.54573640497347	2266.416288347658	950.8569185017519	3857.486759524549	12.008578466466478
?	-1	-60.137738676195625	60.5087338020664	33.440974646661154	490.7519224601613	4800.32175917174	1312.9834115480157	9299.2460227196	-1
?	126.74426924206864	2414.684175746027	69.39018063909852	98.18789392304953	667.5618243635639	2514.060155890906	1415.8192196377386	4409.044645889377	2.505341858360316
?	119.73420878730307	-2554.8853848413364	65.41812849821895	-171.18848231644986	616.4549302547084	5400.796381824917	1533.4356438424877	21878.033398040177	9.1382856915905
?	-1	-2414.684175746027	60.8307565232759	-110.38316403740723	937.6016434548136	6989.250828589004	2509.720889539763	21765.43153904266	-1
?	-1	2348.812630523397	59.89897029634851	34.199153805533854	965.9174716841636	-4470.2826200477675	2621.707220794636	-14832.927515355703	-1
?	116.4406315261715	2360.600367522265	62.54071421355262	-1.2646727830704483	714.0875124524221	-6802.063969644779	1768.0745137719673	-7798.161317672719	-1
?	117.03001837611494	-2348.812630523397	59.835736657194985	-265.9860234434331	625.8142732019198	929.7907749768483	2231.7991549109947	8705.175082643149	-1
?	-1	2191.0246397577234	49.241413041380774	-125.19432655454416	760.5770512012651	2052.194863875389	2203.333267904131	-302.6972609799443	-1
?	226.58125036400267	4588.553217896722	53.57602032946769	394.1009126055632	728.4240163956907	-6624.999098250777	2216.6642918619973	-6580.397685195769	-1
?	228.4276608948394	5.515868171590263	68.94645867165922	350.4616651133057	429.3270962887216	-6398.462409141361	1874.3133836443378	-18754.720447889584	16.37844280091036
?	226.8570437725822	-46.64754096039862	71.09910358513322	-143.0990511501863	408.50089593861816	1099.9123263667493	1278.9282694675048	-2601.5913995959677	18.449694826966894
?	226.09528384681943	908.52011028169	61.7915061141498	-129.57188139201477	484.3227126070598	1250.214501787139	1744.2338136645376	13139.070087737577	-1
?	272.28304928666734	641.3520042544235	64.62050951553239	178.821436618984	471.011621027976	-1207.7586388794145	1935.881773854393	1998.902455616784	8.805952583851184
?	258.16288405954106	-276.6947041512157	70.73257794509912	-51.23072436892939	423.93478066308825	23.494354711558238	1844.1789364453782	-1670.183792487218	13.013467980303448
?	258.44831407910635	-494.21223869445873	62.058973297085885	39.02693240664691	472.1863387635539	3512.4207501579317	1852.372584230031	-5817.901414744155	-1
?	233.45227212481777	-1303.9718203544655	72.6839245654315	352.8335487838079	599.5558181709873	2404.8133520272345	1553.2838657081663	-13628.10258330782	4.9855563860661665
?	193.24972306138216	-335.28360228996553	79.70065073627653	215.93427404076073	592.4270063649174	-707.7147793735926	1170.9674550646303	-11518.450084959046	3.479206306964946
?	216.68809201031925	4688.821546562449	83.48063826746969	-69.23590207832193	564.1700792023072	-907.6241980748599	977.3613614602059	-3294.1677602724335	6.4699092857332134
?	427.69080038950796	541.5340673306346	76.23885563236038	-163.20514457086995	547.0457964611737	-796.1672279605955	1006.2590670510062	3057.513443805603	3.6116902998267917
?	243.76479537685137	-3803.4983514889536	75.32038103892607	-176.93312698799707	524.3617178042769	-876.0814004248709	1130.2370336504882	2640.5065349087895	10.465910667372906
?	237.51588281505758	269.9240693181777	67.3921992829604	-82.31642547612663	503.24172643992955	-1466.0780333871135	1138.2843937964476	13175.460585233835	9.645328006550432
?	257.26099884276044	562.4054518930143	71.20455976511968	97.87137963021226	451.05781613492013	2155.7163465909252	1789.0100629121894	14376.058800172183	9.902940030362355
?	265.6361554097087	276.86433605557403	72.28576826447109	75.27761904478162	611.0275437694774	-1345.8287426401594	1857.087333805067	353.31879139013336	13.918274760776129
?	271.10421564553934	37.079822518721286	74.96844071735882	-78.76728463775125	383.7663790029112	-5334.8984380266165	1806.6760024816963	-3876.3901623603574	20.82876381428545
?	267.4901465356448	-117.00202708869317	68.34740403258347	-236.5901097119063	344.2826218681427	-1580.777394843133	1663.2678256870463	1850.0752003348098	10.352125477927459
?	265.2541142911046	347.439431432568	63.138935231763334	46.506823964932	304.72750926075344	5884.936118701355	1899.179762498438	-5166.115930711502	-1
?	284.86211810727343	368.41223961294406	70.6727452308301	136.68735993863714	638.5294278032146	2784.0627364235243	1404.9620291514675	-15631.950730439281	12.76476629207043
?	283.6747262717514	-232.80569821080474	69.97330322869505	-143.60400351168516	443.9306460819267	2241.356178373919	1117.5822259764907	18286.788684381958	20.18793797361471
?	273.22183319673303	360.21543619682063	63.49254505524574	-170.70868554398558	750.5972367219122	5371.787747368921	2319.3014633705784	17819.37474065684	-1
?	301.6854980815927	484.34054492312833	61.437868951495645	132.72554386272486	712.5200334503766	-7051.562937895389	2008.5509630093454	-16826.153835135312	-1
?	297.4388604428898	-561.2644328083468	70.12882224838208	178.3149557710931	398.0190898271377	-7538.638936300129	1477.9937716138008	-6630.957435742376	17.361410230093323
?	273.62227644117496	-418.58348570990273	70.35361674005043	40.57613195942678	335.58808663536473	-1856.218605734084	1677.0030912222219	15242.564119196264	19.052423213971405
?	276.50968615739436	45.14510948193724	72.15762884635345	27.553917217007786	305.2081595404322	-944.3769461310992	2240.121977573625	9616.916902134608	21.198345331896427
?	275.87953191527185	27.394552563141197	71.73131260090084	-194.7669458637676	288.3692393288091	-285.46199690753775	2157.848936328959	-3655.8183707066137	24.51128004972935
?	277.87941378555144	-24.858229042389087	62.41928155316493	-288.2012878848066	290.9350596950551	10382.265040020546	2057.3310590382916	7333.220950891814	-1
?	274.6366204631524	640.0064297448455	57.3212482066603	4.609084823847743	807.4824913298438	15985.334303914839	2524.509983873555	3427.7332310391434	-1
?	309.87973527279416	-1095.9358752000057	62.64973579435732	264.22779922502394	1090.2017748908083	-6291.738746830449	2228.7177205902512	-29411.819307127575	8.196709138725963
?	219.83982670315132	-3662.456542660235	70.53263816791169	309.2177440295339	492.8955539883169	-13052.70847726613	1053.9190185171553	-11858.289687652863	9.25991240954368
?	126.75690813977982	-1509.5832430077571	78.11062299583423	45.520897482785394	437.56635102749254	-2695.8259349607424	1635.8032362075996	15499.615258404421	5.592673499112399
?	144.3606645527624	2370.946020901414	72.80868304205099	-173.88458976082129	358.1042572402779	2672.4313396508246	1828.8997814373874	-2781.5416168755805	3.216196600764241
?	245.30420918485223	1579.8973896930054	69.41639350779305	-165.5906799899116	571.1879180100357	3825.3333639445054	1496.7261553638186	-5384.648323610369	6.054720061999513
?	223.35553403741378	2253.2634325188296	64.52914904255529	-193.282222217593	549.3709254375059	420.61061674983733	1559.6673652568652	2635.2905499489716	8.46817176829836
?	357.9673808107953	6332.461292309717	59.75228239691326	-105.38262389501803	592.2184488475278	414.50308924261526	1628.490682861269	-789.1767876226346	-1
?	539.9785986529041	-2550.8676471886056	59.26001784780431	192.35179787439347	570.096079899637	-2698.6992330535218	1520.208525875733	2857.212874678608	-1
?	230.42399845136322	-6404.725702412284	69.36987229063307	175.8276502422992	457.28348719484984	-2650.5365927578987	1771.3513265952015	4216.077232253569	9.953309380967438
?	219.74231353228538	-263.7080710176698	68.0514003599194	-133.74770907306137	437.56925026174014	-1685.3033258388302	1731.0123874884143	-2340.4704736117296	15.129238739612429
?	217.23859490047954	34.476147898867076	62.682486836979905	-26.99053381634134	373.01832090290713	-1297.3206052134717	1654.3278029146134	-9886.239839100344	-1
?	221.46612092722876	395.87061416259763	66.70187366910231	142.50054414557067	372.70322000106563	446.1875225106876	1236.70039553339	-18254.452363858494	10.923026254960071
?	237.0321256086097	456.78379880445766	69.80751404425854	-126.01975572645435	395.32769702844183	1687.8406752415674	741.6051847216756	2690.0703739046576	17.857736204587454
?	244.30531086745196	-4760.642512172127	60.400885882779505	-316.80290998154055	457.0952537631452	4262.1375934750195	1371.2039142286249	24236.495125267218	-1
?	-1	-4906.10621734897	53.96736854518129	-129.76055116131164	608.4345767021958	-565.2357700607773	1953.4299409850537	-5400.005511952228	-1
?	-1	0	53.91285832471383	-36.55452897104686	428.8334652601059	-1578.0121570875397	1101.2036386310097	-4626.692238578265	-1
?	-1	0	52.13964209662892	-63.07876656403376	529.5339688478177	116.94425320655175	1722.0953290561372	10908.837305989082	-1
?	-1	0	50.7589199965121	66.78359238766565	434.6806779204336	4716.723570780104	1646.6455039304715	8649.67226408723	-1
?	-1	0	55.47882171601225	269.8818913009998	765.3701473868263	22400.482045064527	2154.578942260505	26818.8728542206	-1
?	-1	0	64.25301456156228	238.1407150012973	1554.704780173676	12275.497962413689	2987.5891466415205	11599.630303949132	2.6194686242973555
?	-1	4225.12135668237	67.38585746607728	273.6709028116347	1379.1450455075194	-16656.663301924476	2734.5604574579697	-26952.790423408216	1.6236079287467942
?	210.2560678341215	4138.760272590805	77.93655970214421	296.5907836224941	721.8716150774403	-15626.07857667528	1639.9496254710905	-35680.15608567136	7.531745171160401
?	205.93801362954315	-480.3190390618596	82.2153966472022	-140.98197055460759	597.8411166737443	656.4923439295874	950.5526531743764	20515.901822045485	16.982258273215486
?	186.24011588102817	-47.49572061393838	70.88746117441373	-276.2381035202498	754.6962322739202	3433.7585620151835	2665.7447165733793	36503.778420562485	4.995812297366943
?	203.5632275988462	89.90448279248014	68.40349147118951	223.60857478128418	769.5290447745059	-5458.206343152631	2775.7415742025264	-31233.904177670192	2.250866541004841
?	190.73534002065225	-419.25998517129443	82.0678899134781	129.29610602225537	481.7859151162847	-7509.0616357573235	1104.0495076898474	-28203.575048646868	11.900475744811246
?	182.60022834028118	-307.386290371655	74.86829677230237	-144.17879424866123	394.0759629866344	-2172.0836850763294	1365.562821770163	15084.833414116323	8.191348337988149
?	175.36602550206928	-3672.0045668055714	74.85895020104493	-165.81631334275974	373.1817308624667	1030.737978173203	1858.2911783956743	22664.41838674343	11.360228583181096
?	-1	1027.848572459333	66.57748110516427	-45.48152329457756	445.6128618952953	9231.668208416231	2498.7837411073506	423.8886489449609	3.8175145483355037
?	226.75845412503665	4437.632938347243	72.58487403631602	181.821795979354	834.7651412832848	4190.797242833871	1879.4856108429226	-29552.684429899156	8.175747361457361
?	220.8816469173653	4040.105748853692	75.6685709041321	65.45801394594683	655.1527240369918	-4840.469412735226	1021.1495196123717	-8876.080870574326	14.723493733784926
?	428.76374156772414	6379.560515140818	75.85777473361341	28.904945748110876	592.7416706465201	-2328.5673375451993	1435.6815673142	12109.427937806191	3.674986969333753
?	539.8596726744107	1417.0216960186067	77.11381819153766	-248.37675163720337	538.7243571597302	-1152.1690878690852	1626.6209165026899	3328.4514207702823	7.099459366262879
?	499.6148263686555	-8153.826671691568	63.438937151753066	-197.5844881853661	535.133216253065	-2887.7819886647953	1602.1041383527165	-161.92842749702092	1.6069337920635265
?	132.16833908982653	-7297.21306011805	67.23459378226922	259.9164283707239	394.33525772648835	-204.87057786102406	1618.5244951278387	-4925.217418859327	9.930561851272556
?	134.7541733627478	-90.74870047380513	76.43475857028945	162.72754222789754	524.8896873600137	2271.3014169964704	1355.8432674097467	-8404.007794928237	5.948070222755262
?	127.63090406613621	-107.12987616059213	75.37097089366421	-60.585627961251866	507.9003285763135	-1607.4377542592208	1198.3241053814208	-616.7908515589855	8.329460111861813
?	129.3976795547181	46.18916610158769	73.40547717222681	27.45639259376862	444.5177996470515	1066.2415241211347	1325.003724831797	-1286.6431355706254	7.037117186874829
?	129.94036237121563	-99.20132875592573	76.74379052335266	-77.6090736389543	561.212404782371	2630.338590638653	1133.9919486028887	16961.96141838517	7.743145398910204
?	124.43761311692175	882.8898664809907	69.52502349027904	-212.58119974087361	576.034729178986	2103.219603903321	2173.1017957510676	26387.8662712692	3.787739801370807
?	174.0848556952658	691.6710368026118	66.11473053630883	109.57394041456482	666.3733849775385	-2920.8493444711094	2453.3852621663673	-13427.821461649473	-1
?	159.02116495705283	-366.5481295340969	75.00372051100736	120.69894327896291	429.9922619554285	-6493.828799882041	1501.7107226685844	-15362.971726161632	7.1737436927100235
?	155.75744921856068	-262.72216915997967	72.14967770025706	-165.40225461714633	341.6819449834319	3259.646599216095	1685.2366758582748	15656.520907635728	12.438728606092422
?	145.88505649905366	1345.024073026446	66.73360778014992	-155.07115261854017	592.9745919162356	9003.234058135446	2284.536768050382	18362.216935442277	8.067904909243854
?	223.00865286988395	1306.4723988507167	64.39612006932994	220.32081786347675	791.8436478902106	544.103374029768	2603.3475226304017	-8820.51793434038	-1
?	211.20867644159043	-721.0024412737317	77.74964867332392	260.4906989586604	620.1797606177244	-5768.196659651778	1843.5108713333566	-23274.27032559677	12.754631228932393
?	186.95853080619685	-1325.7423287497595	77.42065501726314	-39.66856410873135	503.4338149076176	-4384.58862228215	1439.6340063505465	-2383.7129619263515	10.610361381037666
?	144.9215600041015	-1128.1028895370303	75.76622046788732	-106.67974522706079	400.9503295036137	-3067.5964402037366	1724.3252232370373	5247.818864608105	9.193193768901786
?	130.55338632934453	-280.1785935721915	72.08666775591003	-198.79817523978605	350.0539928974286	-953.2455517756831	1702.0249495809555	721.6935916979571	9.972892031522514
?	130.91263032549173	723.5193136580392	65.82631170589788	-76.54577950866444	353.2880519148289	-924.6944737022175	1760.4099028219357	3108.9862036261607	11.128462769664374
?	166.729352012247	904.5645273507059	68.25937878047675	5.189827128918336	303.81926921231707	15636.553709930313	1857.4742597622658	12707.497387691557	14.228601877225715
?	176.14085669302767	-3354.5870402448923	66.0858030623438	-140.38646480859697	1135.1157374113557	27252.4228456405	2395.7847722065226	15475.406350241627	13.557713427863606
?	-1	1023.3882115847191	61.240055540046804	22.609831150343744	1666.4404114943613	-12453.82280140674	2631.244577274358	-4883.812308141054	-1
?	227.31026727226435	3937.2108319672684	67.216294619861	90.80523394496878	512.4245973410098	-23103.05186807578	2151.5941567994664	-11470.615282600047	13.217009740473713
?	195.8605415983662	-4566.2053454452225	65.78031723729531	-80.28650482654783	511.287818090556	6356.123108369107	2057.7138131443476	5899.112707357333	11.62059404422951
?	-1	-3937.2108319672684	63.201969378533555	-96.10617496008422	830.2307527594696	16052.40257058995	2446.5497921673373	14487.722314368997	-1
?	-1	4040.7296384871456	60.97500848929103	149.80853742086424	1313.9079466200649	-8892.778654804533	2782.0999288628077	-9595.93904466934	-1
?	201.03648192436015	3798.4109231498974	70.69239624957687	201.4719232187903	385.59182001923665	-19289.928384326893	1966.7528399338635	-17826.830664888676	11.921955894105443
?	188.92054615749757	-978.6333989159821	71.04860465023069	-10.53336676420954	349.41152740370643	-1629.1883648696348	1890.7583956183612	-7931.655385328646	15.718782436235085
?	152.10481197856035	-1500.2567446453825	70.16572791136639	26.68084037722385	304.13240177575375	-983.9476628336726	1570.1700706674255	-1361.916264872774	12.465193960149751
?	113.90770892522738	-572.9716291390472	72.3826466690919	151.17308021485837	300.2141442620221	-830.8303214105781	1822.6625823747215	11436.253667569401	8.490312956159459
?	123.45623052160758	709.7550226096696	77.72438192210942	137.77876618426748	262.59088570522425	4180.844419863109	2141.9827540459037	-1783.355884374416	16.10195271647857
?	149.39546005571137	1059.5085847514704	79.27158497830537	40.41209160567433	509.2563652551805	4252.427293350666	1733.4947881559995	-2738.8772142102307	8.317127368023877
?	176.43165975918185	480.6072295211561	79.74498650239316	-163.26897737406193	475.2122503727606	-2010.8647658334744	2005.0388933353902	6549.301229687265	9.598671297742111
?	173.42582153176951	-449.35779150659914	71.10813610960216	-159.79406519634637	408.7131269635054	-3382.2854113527974	2060.9598496403673	379.96719294376277	8.81230880820172
?	153.96377018385158	-935.3241520773606	71.75528324257573	-60.58793662073355	306.0979798051183	21705.396509732167	2024.0372529825786	11138.90211018043	9.92821616451263
?	126.65961392790082	-3099.2754036769875	68.07873927856544	-116.24384769148355	1493.9829524501292	21599.54279349352	2617.9049551493968	3023.2130781281858	6.404107112454292
?	-1	1625.9976543227417	65.94309085800147	-145.91786984609362	1386.0751194798097	-12116.236700828431	2175.19790688899	-17792.01025923786	2.19269247110477
?	207.95949664403906	4223.223110668771	60.78284578626065	298.4354071399923	888.171117408699	-18893.48323818316	1728.304442187491	-7309.750820446944	-1
?	210.16115553344156	475.589299474392	80.8648612150013	428.1357789699165	441.40095757063847	-8514.332416836278	1809.7103658666376	-21296.02839406876	10.985680398833711
?	231.738961617759	356.6726211301182	82.18963473475678	-285.28688909068273	462.4544965668791	1169.9920038202633	663.503022484038	-15973.528508370893	17.136589916249996
?	227.99478658994772	-4654.779232355114	66.60051676046696	-381.4532293271759	499.90055776165246	2354.783087817288	1011.0339404480816	22954.637823153724	6.626838766067678
?	-1	-1246.2237336524788	63.116973268397714	118.89796390980594	580.1936509577452	-3154.8844116389223	1811.2349136417404	23825.763564847955	-1
?	165.6835999073229	3107.331512547693	72.54541495595734	210.25311700360916	342.1563371797041	-3835.006275564715	2202.322118690496	5075.92199873258	5.109184488770423
?	154.36657562738685	32.31761378141595	73.62962911857832	-223.33711589843995	388.44333717950667	1842.2827599939205	2065.031013578373	-6306.367231884184	12.733777618915774
?	167.29948059639372	230.2564875890785	61.378559161035184	90.77886901891317	434.27047517940144	5558.514592154964	1887.0037570962825	-16989.129142601338	17.39055576919929
?	165.87940000684094	-277.9336983641253	78.16857256952405	131.6844329493365	666.3690667872588	5589.4224909864815	1215.574556448294	-12536.22764813223	4.415136053384042
?	153.40279567818726	-3337.5880001367714	67.9627808085021	-309.6938808490043	713.7415997287295	3916.7462902632965	1260.192374689662	10210.751167221924	1.2655225965687
?	-1	678.3024202245855	62.68387852707361	-119.57944768051576	862.2063813004264	2646.8274044922405	1726.1121148093976	4831.676622763416	-1
?	187.31791668941702	3568.132876737501	61.98380842447623	295.78685227493276	846.0829699533434	-7875.983854265271	1501.7762058278363	-3665.670564585905	3.098067892062243
?	177.4066438368776	-76.26502664439278	77.47322114082046	205.783362491751	468.4071885871573	-9123.181750091979	1542.8285865800997	664.8232703996015	13.63771792607493
?	183.50466535719733	461.05636521994	72.27297654906393	-27.848225520900943	389.923882448738	1648.449202359556	1535.0173693478168	5792.261108432207	10.153035942424266
?	200.45946209787493	-43.195206816853855	76.08080986477539	0.047657193704252906	550.8296487051363	3124.172076613114	1832.4416420017142	3993.820984724391	16.146510295549753
?	181.3449050163546	-846.2337596502259	72.27535940874914	-183.87140596269654	546.132486279396	-1423.8938480811717	1734.7084185840392	-6328.340555318301	9.966280506599706
?	158.14777411536303	-217.29777058445197	66.88723956664043	-154.39962602022442	479.63495630107667	-3048.772648212599	1516.0246142357946	910.4725724626185	7.5969174069638346
?	170.48001648713185	670.7536215529963	64.55537810773781	39.88564549417703	393.6938538687638	-2651.4125817356294	1780.2320472071708	7804.220999818661	11.583436378727399
?	191.68545519301333	244.5498146180284	68.88152184134931	9.43736295635504	347.0643272142933	24713.164293377024	1906.2356642267332	19802.187625208186	15.028322122059521
?	182.70750721803344	-3853.7091038602116	65.02724625555557	-132.19562775494492	1629.3520685376327	31671.0599840074	2770.341428467594	18068.103582778975	-1
?	-1	8096.279876031091	62.27174045360197	-153.85968633964447	1930.6173264146857	-8541.750499676457	2809.6408433656948	-8830.606412152149	-1
?	587.5215010195938	3933.978968287813	57.334261938573235	187.94996912287505	1202.2645435538038	-31520.366002098468	2328.8111078599804	-16926.874130448043	-1
?	195.69894841439344	-8327.87528302773	71.66923890974586	225.5391624664292	354.5990263097398	-17451.212116729992	1963.2971368432807	-7030.4873959801125	11.120713295821407
?	171.12773686820134	5493.211267427595	68.61122006189486	-256.6413632815196	329.70393771729175	6373.003253703636	1977.2867380609698	4793.782643694749	11.863504169502894
?	470.3595117857771	6160.169497171248	58.837170745669695	-222.14186171865646	673.2491889949262	3219.5182633001637	2202.9862690280215	116.59703705001282	3.838626595182708
?	479.1362117267681	-6262.4984230853015	57.504126975961874	1.7276144920013545	490.6798508823022	-2778.924146243402	1983.1165899134705	-9234.061031437956	-1
?	157.23459063150756	-6234.836779925475	58.923551470269764	517.6609753250817	534.3029816827541	1090.4789090929028	1741.2832174561172	-27060.618962798177	1.887472828126394
?	167.39437273049	819.9750535648432	83.38717574221633	529.6869383713914	545.2037963369481	420.6371044441343	630.0856417735423	-20693.46776142428	9.155336074515349
?	198.2333433097503	993.3729168777519	85.40789838883971	14.267163160626321	555.3348369049611	-308.2873533939393	706.6098293848885	2124.511996959697	14.76514618477176
?	217.0630185743783	745.7662594147265	84.10053390024766	-56.99084113731662	529.789428667251	-647.3323953200064	736.3112416215287	1703.8060405095198	17.179403580996144
?	235.52165628048715	610.1305519074622	82.55835633197384	-63.29705851997483	522.9682171389603	94.50038200850578	791.8001314103657	997.1445050983124	16.867929010477617
?	247.56954616975185	-177.93848038325197	80.93568097424887	-107.90735268648365	534.5144477676763	1034.9991854412144	786.168466876445	19755.922886138014	16.105483836144863
?	226.62473226132443	-134.71021549704952	77.16298869764958	-350.5207326214105	574.7181764110218	2671.9738853269005	1779.5962757172804	15483.914186539174	8.40016338097598
?	240.83403539489927	159.68684643397353	63.409644343178094	-406.13873785413847	668.1131420340232	2723.1879561642813	1560.3641762034147	-16766.12724878548	2.0568185027574417
?	234.60907458302322	-4836.680707897916	56.85605180494237	-217.92177950702583	710.8775742192378	41.880988156185	941.2899132779945	3057.4900378404227	-1
?	-1	-865.5058926109208	52.51355536782665	212.2118110675326	670.2071914418325	-3251.6674885099897	1713.238678095438	18759.423791859175	-1
?	191.33377995247656	3646.986493241316	67.46664235831915	458.5999722744201	548.294199793736	-3444.08679606747	1879.2611028709666	2390.79577572242	4.8834628130575775
?	181.3493246620684	-3846.6755990494767	75.44355398154798	48.673815392948704	498.00285163845655	5135.052411401671	1832.7784668815607	-3687.801273539301	8.232597637183853
?	-1	-3646.986493241316	69.90033312796662	-30.72688988486006	805.0468203638231	16915.26465183963	1694.871039193999	13390.974768884316	0.7371196009601794
?	-1	0	73.90720948730495	10.927869712186991	1343.7660842304501	7382.1924838647055	2502.327205325786	20563.899856318367	0.817271275818792
?	-1	4054.5738624091828	70.44672661357598	-43.5015330445304	1174.1564445570637	-11990.237666986046	2723.066032009932	-14230.157876762643	0.6113580141752537
?	201.72869312046203	4005.9781014229548	71.7321328350784	136.03105169374692	744.2542008811394	-13565.61623653566	1790.8193114876437	-27706.50936340217	3.486976737720872
?	199.29890507115059	-98.09778896492819	77.24827919826342	47.86761413015728	495.875632730271	-6827.470249202359	1337.7405638398038	-1707.1278768356553	13.651927036224151
?	196.82380367221555	-245.17654676968098	74.1255135415863	-112.52211192830582	402.88068842101654	-2644.0532250378337	1705.4629176458598	-5807.808275151678	12.979799411588791
?	187.04007773266636	-286.8585346926112	71.62217360184805	-21.391045197658208	363.6729714783774	-380.72033214305094	1047.3501500822158	7407.334749716596	12.964958671493648
?	182.48087693758478	-304.18571951258025	73.05596128170338	-65.77566341430915	383.8446718138637	-831.9535909084125	2075.829655131695	14664.561590067951	15.112469236077576
?	171.83079175703713	-316.1110362479031	68.33339043113254	-223.84912938573615	322.0752919329562	-1386.7307698633915	1780.5782295856238	-1839.55513969334	17.342770316010398
?	166.6753251251894	-177.88934534996176	61.86350481241641	-133.77462402187314	314.50813332069316	13555.724741656912	1983.8518981470265	21803.360278512308	-1
?	162.93632448953892	-3353.50650250374	61.64465923003879	3.596331670712465	999.8615290158114	29997.653193155416	2870.7462435112548	14981.669981894116	-1
?	-1	-3278.7264897907316	62.043321395952034	-66.98294194011869	1814.3907929784853	-1161.031688075381	2732.935397241743	-17310.68251359262	-1
?	-1	3724.749661931671	58.29551213303281	59.32075411044281	941.8099446120415	-22713.1073997047	2005.2121178316115	-15117.808311301536	-1
?	185.2374830965862	3531.164371520959	65.00935910147422	127.18054489792966	678.7354229932341	-11186.257402405627	1977.0449816766554	101.17932122040058	8.746455474360687
?	175.55821857605045	-3724.749661931671	64.65453937792938	-178.81407673476704	382.4970744917522	-4168.8244582349635	2010.2710838926316	-3040.703382116742	16.884349497314076
?	-1	-440.8885333652802	56.06865526473574	151.582740895425	470.294200081483	3334.1371728189692	1825.0098125708162	-12855.454443640496	-1
?	153.51379190778613	3112.1317558160467	72.23367642270074	279.02980951770473	549.203933132703	843.4580677566606	1367.4983617105977	-9966.090535386187	11.502304581137981
?	154.60658779080455	1367.8445369741644	70.02014574062117	90.86308315843083	512.4671034693166	-1116.3339857267442	1326.7052858014997	1905.6739302363806	6.536557068301949
?	221.9060187564953	1763.128597580324	76.77683058062235	117.06903644551066	493.387233846365	2320.6980206525495	1462.782058222418	9601.33655716606	3.0639203834756463
?	242.763017669822	237.66216333493335	75.87359756289679	29.850889990418214	628.5020045019458	3543.619127698559	1806.7721136598095	-4950.585714919392	-1
?	233.78912692324215	-493.4555244909272	78.26937508014328	-36.252016926484366	670.5681902312955	753.2337714707667	1215.252772476445	-7926.334447618784	7.707249366629962
?	218.0902414452753	-159.89512742326212	74.06099671657255	-62.31217582352169	666.1636930754846	886.7284612303694	1410.4553912788647	4964.15881682037	3.250925956030921
?	225.79437055207893	258.7862957670657	75.15376628896715	29.63766650153943	714.9046132928146	-3268.5953960194493	1463.460713317467	2090.6139031823636	5.006165483732978
?	231.02955623362877	389.5568615030341	75.54288004164954	-33.08489084100482	502.73392327450983	-2243.638811503274	1514.9860864379843	-3346.8919510066394	5.645603083885392
?	245.2722136272309	633.4168079912713	73.49952174691688	-50.931110602792685	602.7226727176493	3042.1864713685773	1296.1161157671327	-4272.9335917478265	7.910033197437061
?	262.7003966331928	153.28888611968986	72.99632451150987	17.837431243653757	654.8432468429409	1294.052610326448	1301.33940685059	7890.21327799501	11.945780597216743
?	252.9366579332155	-698.4217323011294	74.39139330909958	15.327596848212929	667.4253032339726	-760.2681165071073	1690.6267796668888	10897.064677899865	10.724559977306868
?	227.77931001813582	-537.35516691948	73.76270435392053	-167.23647678048582	616.829841017585	-2411.6549003363752	1846.192640745591	3272.4621393977477	7.128354641005964
?	226.06889958724113	-229.21635906306406	66.02956947007517	-129.7613198831688	546.8425582171522	-3085.5198779290818	1854.2498866367785	1347.7832201025412	8.004204680586009
?	216.31849206498245	-4541.377991744758	67.274638359762	-62.64637617866608	462.5538471211287	2232.664319203277	1913.581801750719	3119.14974030257	10.002551327602957
?	-1	-4346.369841299587	62.897250661141825	-225.1882558353167	658.4757741773176	4681.086866561402	2010.2073736519092	5292.900636561714	-1
?	-1	4717.586519356912	56.015225567996	122.01183413778804	696.6081904492021	-2658.4243866123743	2178.2268335788085	3774.9369131116155	-1
?	234.87932596784893	4435.369481734771	68.99784236803131	186.57139258231004	525.554554846697	-6351.337815470292	2198.9542193074926	-3960.9111184580916	10.58494265640413
?	220.76847408674172	-4717.586519356912	65.34379519711163	-81.4813348499129	379.041299675683	15577.289226100396	1980.181277655901	7098.898697535241	11.56002646424855
?	-1	1324.001553523613	64.92377562553561	106.54767880842162	1304.4190161517279	7235.620592476645	2553.8991541842597	-5099.122714682057	-1
?	286.9685517629233	5034.706813094145	70.67117913753279	156.74518918453606	740.8223292995203	-13491.572069643755	1725.2251419217946	-22343.428231389116	9.799918419269307
?	250.73534065471085	-1455.8033576921268	72.76103508476253	84.71640033528722	629.8404126695306	-5497.792964022474	1436.727742614788	4694.452897012195	10.299147906506859
?	214.17838387831594	-2121.749081800417	74.90699915429721	-128.76106054689177	465.9326810983927	-3041.119865645153	1959.9477867724077	6911.198075752224	12.617568067423697
?	144.6478865646885	-1780.3796189434404	66.32298205741785	-160.34097464209708	477.78441938727076	-50.018810684320414	1782.287646402404	-1440.9733166879073	10.649363948349563
?	125.15940293114265	533.8668566077499	66.88995042219224	272.26298731241553	463.43174056417666	-970.6412402477985	1887.8991209380113	2737.927915891193	3.960364565833605
?	171.34122939507637	1190.0768496737458	79.93613142303882	314.04568329517565	429.25235737488015	-316.22512837259256	1919.1840421969657	515.0001345155324	10.375732640405598
?	184.66324541483078	-402.2426539453067	82.59223458695125	-122.79157863519539	447.6204841455468	-105.83845247393774	1913.6491276637882	694.6940391367881	16.60839089879928
?	151.22909669781075	-1351.7843309931632	73.79655249127896	-265.2575854579282	423.9604347511832	-1163.1610245823724	1953.9187441538056	2001.2837763254117	5.048503470511753
?	117.07402886517167	-237.67533430868698	69.32935531405465	-88.83674154916479	389.46243291642736	-1256.6161448626112	2013.7133164800603	-492.6310601625776	7.520879114287235
?	139.34532998237623	521.5339190782231	69.35471541382066	83.88822323971789	361.1296275080517	-153.36521294719668	1929.2871911456764	-7047.303678236217	7.249444239868136
?	143.1507248190832	1824.0944363244923	73.5237664760406	-47.83663013718342	381.7941722690674	1886.707852587744	1661.3481325682444	397.0573500339504	8.598429518795975
?	230.55005179860214	1438.5935449435085	66.96288390696145	-105.76114763834673	455.46502013744026	-985.3903506414243	1949.1400586473742	6974.812704377201	4.087241634129687
?	215.08040206625964	-1545.6848925697325	68.2357090941232	138.78172213015947	332.5246547369955	-2326.7826214454985	2010.0887677871094	-1612.253944243175	10.129839412132824
?	153.2658071701144	-927.2495629451736	73.90197001346952	294.1757030522647	339.1258890651637	5477.511921973021	1868.5273614352143	-15888.692102912839	2.8636442504890502
?	168.7179239190003	129.5107864542392	82.94449424673664	175.30804791127855	606.4002508356505	6603.437447708153	1215.6541626414562	-15232.698951704875	4.24665704249891
?	159.74134649282647	572.7121899195445	82.66737240903358	-251.26108097824851	669.297761450576	67.48318898123348	1106.8924138499597	-2322.807278783465	4.448904850115661
?	197.35353341497793	850.0109689285863	70.38144019782403	-290.144766515602	609.7744102847122	1796.782164122048	1099.5137987022813	9292.787554247947	2.7955210738670857
?	202.24189493925638	609.1009058180542	68.16013408325327	51.80076937313555	759.1368696566797	2910.5885646565634	1571.5317915623637	14479.686782722045	2.4657150819011537
?	227.80857870588108	637.1852205797546	72.97147866648085	318.90230613286207	755.3038385175424	-2092.822636101739	1823.4981378383939	-10585.393737043072	1.1360717812025938
?	234.10115596824457	378.35129838698464	84.1052493898966	138.05769712468222	654.4957378515912	-2198.921799113653	1042.2621047102025	-10504.249168948741	15.749879990147246
?	246.72614362523058	-34.77179718864598	79.87436352271506	-135.52891036894044	645.3577485618582	-1802.6481077086253	1298.2856793909493	1842.412677774779	16.091435635169905
?	232.36256610881225	-174.85945092038187	77.32880387144948	-280.2529196861167	564.3633324661587	-1351.5606322319277	1134.3827385989428	-846.7259668831428	12.895726636994343
?	237.98317107921136	-51.202804365909586	65.86171753840903	-356.0340798598229	577.7797169502609	2182.6445935177467	1255.9493810467916	5227.969596674555	1.59175106852387
?	229.80242589051673	-1783.0840377639813	59.52709987845808	157.3797580847358	673.4955621420476	1077.9481237917896	1395.7812184326742	340.8711221664632	-1
?	148.82896919101103	-1779.0243384670864	73.73070544264593	417.9392087429351	631.6771231398511	-2950.29750277046	1272.992937155115	-8427.594080602055	8.216774852963717
?	140.85120896716114	-30.61317384440897	80.42406031560513	106.62168737985458	525.9806870035225	-2220.4749866552315	974.4015144025655	-3746.4730827535154	10.13680773541673
?	147.29831049879056	552.4103531983594	79.06178981163873	16.111901576534024	520.653373807088	2103.097139203664	1085.6692830174366	1879.6737237115083	10.31762446736679
?	168.4717266270795	702.1833412099013	81.22965539443185	22.947827981904496	631.1355439637072	-575.2220878872786	1068.3852005881422	-3645.5058448210325	9.773878839698877
?	182.40747755928612	150.89423945437446	80.20918121073397	-284.4161689395778	491.89226941272364	1146.1662902729718	903.3939907763823	15227.635561996141	14.39535048049106
?	176.01643859979833	200.41243427604456	67.00884694745275	-266.8769332754143	688.4438584773566	3968.115886855167	1829.76697868796	20470.446207029487	7.499447952277887
?	192.4280992730885	432.2403617205505	66.86533454696307	293.5344714518801	690.2980637554848	-3759.1184713467214	1926.9163011278713	-17112.79172066923	-3.0083565294230175
?	197.62845668582617	-369.24991469413146	81.68557052004697	120.99531398890575	500.4879349100178	-3215.8672352447275	974.1273926544865	2091.706481535641	13.011789832154212
?	173.96560353838166	-210.11400071892737	72.91510024640844	-13.123304345754532	529.5047019932462	-972.468908933607	2031.5016252046548	4825.445015800635	7.158640607085149
?	187.12275664987965	104.77894094835186	81.02940530275923	117.643849350024	451.8644894633368	-2513.501869513602	1215.3996434445216	-12310.84992441524	15.038737030611045
?	179.20455058579932	-144.37886765969233	78.79729271390973	-195.7287178086023	403.8296085175643	1093.6435985257053	1415.959128983884	12496.265587601123	13.722883102124825
?	179.90381326689493	247.2032966539449	71.24296941232898	-145.92387114907942	506.5466693896228	699.4289332568807	1840.2129228245867	-1314.3430731407484	9.289227956709265
?	191.56471541849675	241.0779866405994	71.50109915645565	-38.46130807476245	438.8010551804088	247.00290997387913	1350.2419753268457	-11105.899537956553	18.592531432925895
?	191.95771259892507	-197.22995114222502	69.31990400859083	-89.68894200055175	518.896814888317	-2176.109783972598	1284.9179459267511	9586.00525707855	10.169429183859682
?	181.70321786138535	218.26295485679995	67.016652056428	82.38752014055504	329.99556598177736	-3152.9389623453626	1829.54223818078	8189.1704580315145	5.590692702856836
?	202.87086034176522	583.9896861349129	73.43928001561864	146.78216593577608	361.2498667710466	1369.0197171942643	1694.3764688283327	587.3145046458793	15.488523706038631
?	210.9027021681314	-229.99534537191224	74.35576035321691	-38.847259986089014	398.44655184149156	-154.57476635501402	1858.9079634130744	5604.852942876016	19.913264175959448
?	191.37109307316945	-792.3204596055434	71.49691701631416	-356.2771310421276	353.5211284532958	-707.9965397617948	1974.6191159721375	1628.5583429396588	15.633292118935572
?	171.28667918785368	-3847.421861463334	56.54190380111027	-394.66435868402306	363.0467248534013	2948.337088634529	1940.3358805600585	-130.6061448053633	-1
?	-1	-3445.7335837570245	51.76369908211272	-158.45314286293404	500.9379828850243	3334.4028859532505	1968.0888087318692	-2550.8920681514655	-1
?	-1	0	48.61924665796346	-5.705212159002348	529.7668691510662	1778.5705439931232	1812.7912771524834	-2759.20835458028	-1
?	-1	2743.4496710483845	51.4784384741626	526.9962174776659	589.8665100846818	-1855.2901626815376	1830.1283910028533	1714.8385202485163	-1
?	136.17248355242117	2887.6290097397873	74.96905753184713	503.2242781345192	437.002361016988	-2901.940355819683	1898.5332031649104	-8044.901346749397	5.709286861037818
?	143.3814504869914	47.947533221472895	76.63965238088892	-68.67512516043563	444.7694922936955	-108.22857995638702	1427.8833236653777	-735.468118137122	6.963391930009988
?	138.56986021349485	235.8619234731953	71.5353012738253	6.118235658945165	431.5909320191686	364.4965251588081	1861.7597972580538	-3001.3985069065375	3.8514236738163854
?	155.17454666065134	238.14527108687062	76.94556416383618	44.25706369809625	462.9943185516362	1444.3582378144015	1277.8133983200487	-19015.687926985127	4.815950113516093
?	150.47712376783855	-189.46647147502247	73.74815445873014	-123.78984578815755	503.8088439098897	4336.919616372261	910.975400908784	17772.285946481283	8.948079336277036
?	145.7012230869001	-37.67812242603956	70.75607187442822	-130.69297160246535	679.8402993702523	207.55381391421156	2166.4276956441254	18038.86059764832	6.754186258305293
?	148.59321764653654	449.33587421018944	67.21350587860678	66.0545452261683	514.1865346056004	-6419.5663403712115	1812.9184307912128	-6943.821237494896	-1
?	168.16801679740988	947.6528321443399	74.05879913573668	213.00770563277618	358.8619823516872	-2406.266194109022	1819.2366337693757	2353.6789891283415	9.467638908893061
?	195.9758592537542	940.1167000108901	77.86389116024574	61.63421351469365	393.8732249001476	1328.9735246122398	1930.6023802476316	4268.11044705966	13.317870607223488
?	215.17385179795505	856.8584323113348	77.1405098114714	-35.74289963619271	425.3106585823001	-337.745328908969	2032.6421561223617	1681.8843645258755	13.219296020072345
?	238.81878086932156	974.9325766818018	76.07674617843608	-51.74300038777131	376.9859584546989	-1976.762100311271	2014.6965984739265	-227.22021965687094	10.810715483583587
?	263.92048063204584	497.49312330102305	74.5533597920828	-226.45859184108323	326.47255356673514	353.8898856109456	2021.281145139518	622.5410737926998	13.984523413752715
?	263.69343703437306	-226.10373913037014	64.75381658638176	-316.5932328229305	394.68045273524643	239.67384607151757	2045.823652163562	-2134.773062085839	10.873097450965961
?	252.61529367552717	-5293.868740687386	58.72369815093605	-221.22109778108535	338.4562458703112	2213.1801410366193	1914.5424920352245	-1028.7717589312379	-1
?	-1	-5072.305873510471	53.692761697327335	-116.25228089765534	505.33945978707897	5582.212529237712	1994.3850642169994	2557.0272866267896	-1
?	-1	0	52.9110841060532	-38.49528395807797	617.5668723322008	-1263.8674580467866	2042.3938563665658	-4012.7368729612704	-1
?	-1	5087.474474109623	51.76799749942341	230.90617276944357	442.14608688473874	-6014.778893066915	1793.748220568933	-3107.953049843219	-1
?	253.37372370548476	5712.486799711483	64.45639274452554	529.6089431514383	316.82792767885076	1219.1942424042745	1886.9962038744027	-9894.588553713435	12.898083174442796
?	284.6243399855782	1331.6383593614805	78.2484446569957	282.8685531752421	503.1057990049533	7295.899020743746	1299.0187928832543	741.2931092095354	12.590263127715248
?	319.95564167355974	1689.034721784336	78.59982040328785	-107.23889450472929	681.6228787160433	5564.422353844106	1924.06085933488	17075.1853528364	13.282130941472087
?	369.0760760747962	105.87520381504268	72.88649993175916	65.50887422549968	781.3269166971626	-4110.183841973295	2152.7780605250864	542.7676689645946	1.126068177951677
?	325.24940186431195	-2672.693845374404	81.87526411456288	140.74875686275476	476.1136866173756	-8710.54180932826	1951.19924278311	-10969.172107434677	8.862598843528613
?	235.4413838060741	-3987.909424176935	79.923937774897	-147.2776283466037	345.79982623074335	1016.9267486826781	1604.3194551533447	-958.0475232033086	8.156325866122279
?	125.85393065546235	-1630.4791824080082	74.51138269723259	15.106037098819696	526.9600240515102	1438.2418354413699	1903.296866622944	4591.006977290743	2.625347665167977
?	153.91742468567253	1490.7621430163479	80.679239629838	234.14719511756724	417.71191800281287	844.0577898060262	1833.8698040178851	-4446.903773855839	2.4011145076624354
?	200.3920378062808	911.951762284287	86.21874245311112	-0.42276596036003267	569.1629135418122	2927.8761466345786	1680.951677930149	-1162.1604416544521	5.454776143149749
?	199.51501279988753	-4027.8407561255585	80.65810133181999	-290.3682701009059	564.1057253345439	2452.533376698515	1775.7617819351617	8052.701780576312	2.9347946708607564
?	-1	431.7673851202029	71.70032894806562	-116.43221746632241	691.7895823767397	685.9112649546812	2083.58676695897	2628.296201513912	-1.4027185848025456
?	221.10338205589798	4253.744216058798	74.83649045850379	207.25870334339265	598.4012885822784	-2550.9163346835976	1907.1765920108592	-8289.71787061943	1.4816434073404268
?	211.6872108029429	-442.5175182978921	82.0632641152354	97.5342325485943	564.243765642558	-467.4010597334838	1669.1008734279928	-7674.847966682132	13.687049258081199
?	198.97750614100306	-289.48474114071007	79.71320208593357	-169.07038142137495	575.0312355956039	-2336.8274437364694	1523.434193676747	-1584.2380001139647	12.053870657835457
?	197.2129737459072	-63.1545394514833	73.60974504416653	-76.54565893984686	447.4023934557328	-3497.8624955795435	1589.8889734222935	6683.522683266138	9.642004824871393
?	195.81977916842885	-537.1666433692625	75.88591913894118	-28.578140177728123	400.13811081662425	-996.564133439503	1857.6103278400587	10599.680136500441	13.091622201926487
?	170.3546415774437	-1050.980952665029	72.1808380352801	-218.390798715557	397.57418678375694	2756.415922833034	2119.872980247323	-124.16191298068776	6.415903350037317
?	143.27073153517665	31.67949594205891	64.96637920316317	30.094161551448764	537.9589069582779	-463.548548540796	1851.4022321910243	-8805.452764252234	1.2261540101823059
?	171.93861637454665	750.5700555828362	73.68554611285256	368.2202131111065	374.3967593567168	-1644.2348322943808	1679.6003420347051	-2509.265998267325	9.430394256327132
?	180.799234314319	-11.557400191764323	83.37738985871876	21.631537281765223	455.7471653435577	792.338119260561	1725.9389322776562	4577.123681158808	19.24702730732308
?	171.36074636495843	-141.67950186163094	74.76712297694084	-263.04299365466727	414.0136653197454	-1184.97998193124	1908.4565260926488	2532.482287931685	11.214640551352591
?	173.71525922123735	57.60403488593543	70.2252401759852	144.3263106876318	396.49816624699486	3528.3349379298693	1852.5630466742423	-2107.055945207305	8.870387509835053
?	174.24094810925524	-55.63389236221588	81.98343851132253	209.6111213273788	590.4304122162414	6621.127210882572	1803.103728832282	-13135.419591716021	10.809548785830737
?	170.9335646031265	215.31912477444484	80.7057962423543	-99.45393506954191	727.5545267911282	2970.6853178004994	1195.7920670884318	-13024.200589729428	18.1827302007181
?	185.00690434797764	603.7064446443384	77.01074175784537	-73.89160914859056	738.9646781062685	592.375699680975	1151.8936993458015	2483.520915105133	12.748641858156997
?	201.11888683534386	525.3079141544906	77.01121578492472	-79.40523197395437	757.1733117751774	1031.398746137676	1319.9681128436903	2097.6593784640063	12.347548023209537
?	211.27230005570254	323.1512658403039	73.04048015914759	-171.2907612231147	790.534615413153	-2966.6148786463677	1256.7766682690033	-869.2209614828029	13.714168739758415
?	217.27645012735928	136.36417468362288	68.44667772376886	-68.22115552124149	608.8425678428569	-6857.6496760321925	1276.5070647695495	-2481.8303264510096	8.902898187932225
?	218.09050878988378	-407.24160193048806	69.62942238308547	-74.58192732408584	447.6521316115385	-2016.9689292719224	1132.685151946451	8091.3486006664325	13.35539702552312
?	196.9143700308346	-990.4622701136897	64.71758135756451	-158.74125263245563	507.9941213792593	-806.041166471117	1681.0744948028769	18446.1634058761	-1
?	168.5673952841986	-848.7129719660503	61.692359751462575	-223.42910649156204	407.35007328798207	5085.584596874616	2054.993322240269	10584.210276072849	-1
?	154.47872143253147	-3391.3479056839237	53.54612603298625	-326.37562611038294	762.2733512229937	9560.937508537094	2210.285008606527	720.6160198333862	-1
?	-1	-3109.574428650585	45.373578445943195	-117.53553148048613	885.3969487148436	1245.2821329300655	2091.024123231939	-2786.5421419392683	-1
?	-1	0	47.66934945896186	7.5141788115429975	824.5374578694979	-1971.8130056736884	2070.9579015095615	1977.3154838556356	-1
?	-1	0	45.74928738652035	-7.489181971529213	786.8062984311578	5674.775341647973	2189.889897424722	5587.102286029124	-1
?	-1	0	47.294890360385395	83.03534911766273	1108.2762249519005	11152.472609294246	2350.3130158110216	6076.29108330621	-1
?	-1	0	49.901054842403546	159.9741602370932	1344.429928895878	17023.753533741314	2493.704451590037	17434.96993197808	-1
?	-1	0	55.29359837224017	167.34203663991084	1959.4639016389783	9692.43800596569	3222.061512409938	8711.524094510563	-1
?	-1	2677.2297693849787	58.26815667439921	240.694268904235	1829.0518291941694	-31508.80953086559	2929.2806563155714	-20182.436032676636	-1
?	132.86148846925084	0	67.32831181745209	123.90892407246633	384.02342509567654	11784.441378786956	2212.939710776092	5703.890329635143	13.937855738480291
?	-1	-2677.2297693849787	64.46360287802261	-251.65002632292254	2418.2738981335256	19244.988843239662	3214.4751727973326	9407.30166449664	-1
?	-1	0	54.74581050130578	-285.4073897168988	1346.2728672576734	-30451.832277829657	2683.3047940009305	-12807.690941483897	-1
?	-1	2394.33945827568	50.19323339217747	267.21032495443654	895.6822842420212	-21422.83700448399	2574.0906257231286	-10750.655096524726	-1
?	118.71697291378571	2327.8551165330937	68.1063267490278	393.2571622581005	275.1310170334586	-12593.673808780184	2145.7720391746866	-9721.097137640125	18.55051641417967
?	115.39275582665633	1913.195083038667	69.85609150508277	28.448762952605925	265.9985938030031	991.7254502274052	2088.0357688411154	773.9465520668981	19.76387095946497
?	214.37672706572042	2243.5462872824596	69.52876489665812	14.494222131595869	324.71728954482955	404.82164337102625	2184.469366778032	12513.245387926421	8.71127008614148
?	227.5700701907809	1295.9697737240474	70.58080261166258	142.7217575140261	286.2396759715547	-442.1349819780044	2713.6980382374454	4419.262780602977	2.4326616742549674
?	279.1752157519237	2415.1601308297	76.66485277235952	190.42926616729787	302.610540445929	781.0081942282991	2405.432505808184	-14589.4659824712	7.479471993474168
?	348.3280767322676	1748.9370075469733	80.1022659200276	21.890244895301663	325.2900856829702	7988.894787740908	1984.224739113875	-5484.885646975703	6.928258979382501
?	366.6220661292736	-4226.550619062473	77.75936501712462	-32.570195569271725	702.0552798329801	4601.705313101176	2131.188223459395	-352.60541531768877	15.671381762307226
?	137.00054577914096	-1739.7126269359821	78.473756141564	48.79521248586728	555.3753513380323	-3815.4880714523792	1966.5944683479904	-8222.419162246326	8.2681408797342
?	279.63643478247326	2469.6874428965634	80.19912564141802	19.286979389993643	511.2808762603584	-2825.5068823713186	1720.0672653470729	-3532.1294884772033	5.160258134588371
?	260.4849179239709	-984.4046823110315	79.43810511106369	23.864451736524988	414.1000072194643	558.288902636441	1789.9879939241277	-5654.540880282236	7.261472796930407
?	230.416200666921	-1058.7002743736034	81.39234822824429	-20.381074597754598	539.1953213921809	2126.5486862169364	1437.340221332957	-15083.314920070789	6.285123007117429
?	207.54990420528998	-413.85773681310394	78.41905138117595	-36.269151171606545	520.4274415303127	1135.4566721760555	1035.8222479205776	311.7093582422332	6.501869952721817
?	209.7233138262655	-72.58023195528845	79.57889066966393	21.687607290943138	595.9681550009844	2410.620616540789	1452.925689245069	5856.769671749296	10.91468913367834
?	203.9208926075255	-590.8608873425721	79.50343174572312	-25.34599252889073	640.9584723573538	67.87482149906185	1328.6607315080466	-4413.740301641038	12.187982796070653
?	180.18026945913647	-882.9389934190931	78.31159104321938	-27.806813155288413	599.3618960759376	-782.7942705684657	1232.238674163014	15074.693134015852	7.68876295406982
?	159.77394293657022	1730.51985244475	78.11309108795868	-45.28838847346882	601.81875882893	390.6982728461925	2082.39538820885	10284.987374328042	6.787078427512566
?	266.7062620813752	47.13121555695001	76.0471716195459	-17.63587317443754	618.8968097182475	-249.28889946873468	1746.4880428794233	-9940.591359596305	4.9277019938544
?	162.13050371441776	-2423.744013261391	77.23129742923679	56.672822470576186	589.354313855493	-1997.6795762299378	1585.3658202290276	-13101.507190003345	8.610671935828144
?	145.51906141830392	-385.3243403069566	78.88081274307476	9.98006733636501	519.0128309067492	-2649.955745985452	1091.4126833792468	-7025.527454480971	7.709152883008805
?	142.86428669906965	-247.8655093511178	77.73030079605505	6.894691197074865	456.85652655621857	2057.377934331617	1234.089447504974	8255.210346400023	10.01291700547633
?	133.12578595074785	-216.4073790640433	79.2255473029285	-0.2787151397291115	621.8817276233315	969.4437929108345	1504.1732006992538	8044.229267912196	7.106276966808524
?	132.04391774586733	-124.22060530765174	77.71636503906859	-100.40953786418527	505.328716201761	-2928.9233081570105	1636.3009109005895	2789.0679303230095	6.269826280231845
?	126.91475568536518	-162.62146807557085	74.20507040971917	-93.08846454274355	475.43556221547885	-941.0312269759154	1643.6265972154063	-381.44881977139363	8.107083556089489
?	123.91284434208868	-2538.2951137072673	73.06194181193135	-1484.1014081943622	458.27715485296454	-9508.711244309441	1617.2284699120196	-32872.53194430766	5.79464658723767
