rowLabel	avP	dP	avI	dI	f1	dF1	f2	dF2	h
?	196.83114975542694	4029.320346273803	72.91290382128511	1400.131415602864	442.0456947635422	9588.337946801205	1006.9343557282375	30610.293819195842	14.740768789235258
?	201.46601731369014	-75.7469690907368	70.0065707801432	-264.0953618863197	479.41689734006025	4535.585586641278	1530.5146909597922	20547.517207455796	14.171765285203817
?	193.0438013008901	2051.5062136420856	59.708135726969125	9.075207371978703	668.8249740956061	6754.506232067027	2034.3102161010274	7826.623736446051	-1
?	304.04132799579446	2174.4725532293905	70.46033114874214	260.8636143448447	817.1422089434117	-2334.111258941023	1921.845877782095	-4096.6927051993125	12.526572147678301
?	301.7674289623596	-124.71682773316277	72.75131644421136	-193.97161085340264	552.119411148555	-4478.090731461993	1829.4755808410619	-554.1672909315595	14.912734442415882
?	297.8054866091363	-544.5852506462076	60.76175060607201	-160.90794413340777	593.2376723703121	197.40087995769733	1894.137513235517	4362.6929383365	-1
?	274.5381664300492	-1277.8840930833267	64.70591923754097	208.52320838738115	561.9894551464398	-3951.744798365998	2047.6102277578868	3864.5781614666803	4.648990862349891
?	233.91128195497	-1968.064287784931	71.18791102544107	49.345731670013905	395.65043245201224	-3640.3203984378088	2087.366421308851	-3544.5674007854504	6.845829747231923
?	176.1349520408027	-1382.5465041368298	67.17320582104166	-83.03806037300974	379.9734352245494	579.3915336018428	1870.3818577186144	3083.247491569483	10.840524434560418
?	164.78395674812853	-100.69867641627073	67.03600800679058	55.131483451555724	424.62000913210437	1894.7433680863417	2241.528795887325	2768.743144415326	-1
?	171.10001821998915	-104.68667101394819	69.92977999361945	53.93576543053792	474.71060362886647	-1638.744505380573	2008.8190149393806	-8236.577703621462	19.030255685495895
?	159.54962319743112	-316.1813553093512	69.73279627831748	-25.44337641800437	342.68278386307566	-2169.1471190782445	1829.6999107062516	-3883.7575613857152	13.981554853654142
?	155.29095045452158	836.9735729036214	68.65761117271923	182.03614433579514	366.25324767495414	5253.558403243048	1814.6311368700947	-4738.176149007986	7.786906157930747
?	201.39830184261223	1350.97633371139	78.83460349510725	112.26059264449323	605.3607040252283	5005.8965818221905	1592.791103255852	-5468.735059294008	6.4310394927683445
?	222.83976714009114	300.0511353973897	74.2706408049439	-105.53524402928464	616.5480767660639	-1012.214211201398	1541.194383905394	1552.3490189051504	6.273391744619014
?	216.40085861248173	-10.59787500219783	73.55784129364301	73.9350914447666	554.7499934651584	439.4300379677084	1670.4085542011096	4815.685443544312	5.763723751193739
?	222.30987338998125	115.84156419736179	77.96739537718223	-161.4662937022844	638.5195786644493	2352.254226667833	1781.9786560826099	1264.0265943791553	13.876530364427875
?	222.19293682234982	-30.061540299657253	65.48452660852878	-297.81452428056184	672.3627047985501	734.9435777586853	1733.6098839200674	549.7410923739967	3.657206686232774
?	220.80679637499838	-4463.858736446992	63.07666916315412	-56.2654163766454	675.2667575523836	-896.1735722529207	1809.4657107013097	3042.4461299900595	-1
?	-1	-4.315023201061768	62.67125578969651	44.95106054401168	627.554026185904	-4100.488759632896	1885.7321904195705	1986.6019549068214	-1
?	220.5910452149453	4107.531623108869	65.3242221903547	351.3972089247035	470.2423195707391	-4108.416188364058	1908.7958084466507	2039.736611561937	10.04626703707331
?	204.37658115544366	-551.2504177858177	80.2411162359317	221.27945777553614	422.13321676770096	-1407.7921473036452	1987.7190209976675	-1011.3079256919345	17.383916443174765
?	193.0285243256544	-688.4149471138187	76.38819507913152	-44.65510293710334	399.85271220555677	3415.981337009878	1858.2304121620539	-6890.322831882043	12.737640807437554
?	169.9558337997527	-920.3296923478681	78.00836108907653	-44.38955398390074	592.932283618195	1704.2661940769888	1643.202879403565	-5019.223772602754	5.835105604159553
?	147.01203970826094	-540.8788616385045	74.16871737993648	-62.0618626553661	485.0660219094063	-4489.872937375821	1607.269223531916	1507.0010358362501	3.1756824142518094
?	142.91189071782745	-225.5253488240684	74.90526795630822	-13.606834999104068	368.43863674940377	-2133.9171756853493	1718.5529311953776	9290.242181135354	12.704826602441134
?	135.7357722670575	-230.21347830816333	73.48837562998128	-293.7207751370093	378.37016312513873	1726.1319822771209	2071.781332588684	4900.286701246218	11.021615412630503
?	131.40121680241927	-2734.7154453411476	60.21922919945774	-372.8866046950004	454.7452358632599	5628.713196737761	1963.5672662576887	-47.187993423094625	-1
?	-1	7.274165875965076	54.84404539523124	245.01619798929062	659.805822962027	-71.73234985559128	2069.4219329175294	-10516.604365437279	-1
?	131.76492509621752	2434.6521575938364	72.47003909892229	405.02607029697776	451.1586183704803	-3567.5118859374006	1437.7370479858243	-14806.542247791427	5.337139842311629
?	120.73260787969193	-359.65797557793616	75.09534891008015	-35.673225081095524	481.43022866515685	-390.85287886383037	1329.0948205279574	2954.5854559296704	14.628793887095075
?	113.7820263173207	-236.60112210482404	70.68637784486751	-269.6269404943492	431.6159744272888	-1335.7755891480565	1585.466320782308	5160.1617988234375	9.409954664210506
?	108.90255177445071	-481.607668481635	61.614001885362676	-232.31290037055211	414.64144920775396	-977.5670307101532	1587.1029104691295	3203.4371839212345	-1
?	89.70164289323893	-371.4724522817499	59.07073282633989	-131.16472294147403	382.7376228917811	436.09243800582436	1745.6381799783699	3475.1399035750787	-1
?	90.3289291603632	-1814.0328578647768	55.05576573828897	-176.18094024243516	436.4460711080452	11182.870117856528	1760.8599056478836	5956.90852044996	-1
?	-1	-1826.5785832072625	50.261685814218126	-80.06133923360302	941.8811287846079	6523.2662839428795	2043.4836060008681	1940.3906424812185	-1
?	-1	0	51.052698776608814	-8.880742833809016	762.6093853051895	6871.100874236452	1857.8794377719446	-156.54120916808992	-1
?	-1	0	49.817648672527675	-33.78627705217494	1285.4361724964308	16034.083682227607	2035.6565455424636	6951.463276168582	-1
?	-1	0	49.363384924000066	-10.626870118834963	1564.3135694165705	-3005.948689936442	2205.452601580374	3020.848927989302	-1
?	-1	2997.73821659992	49.286305166585926	98.8848348007263	1135.1387379996086	-5732.570559291532	2186.698991941929	2938.243470740764	-1
?	148.8869108299955	3596.075215466985	54.30762666403636	437.9091240734823	1277.685041451995	-15707.500645970973	2352.3647751174117	-5284.213446737482	-1
?	178.8037607733486	1576.7042724212358	71.18176137025996	566.4838595623738	349.76370570106275	-12326.766104077122	1922.4883196050557	-14081.853316834768	1.9980312857649056
?	227.722124451057	1314.1789425902848	82.63181964215495	166.30485514772462	661.346736248141	5006.906667887891	1648.2721092756758	-8129.85569983319	10.521125626197701
?	244.51270790286262	137.1461169238818	79.49700412764616	-244.1685394286978	600.1090390954564	-1536.1892365539288	1515.9955346133977	-2408.808986721669	8.14690942410246
?	234.57943029725106	230.104967643621	70.4233926707201	15.440958490933154	584.5372744204449	-1044.163137570271	1527.8316599395928	-8292.235641022518	7.024200124735605
?	256.0179562850436	254.1549621248314	80.26905205219282	294.6293918300042	547.900882216943	-1064.422383580608	1101.3837525622732	-9852.932748792158	12.249746199476986
?	247.2871784034926	-688.9416033236378	85.15486226222026	-58.37003812367917	531.3161552414147	726.805870000849	1035.1850224999866	-2155.2986537960837	20.75899634806924
?	221.57087611886186	-2860.839095706014	77.35055014600887	-248.18198568728607	584.2411757169854	2369.306737537783	993.6188198724694	15368.861100279328	12.190391149012129
?	104.2452236181924	-2464.184404721375	72.745762977856	-127.4345424250406	649.7814921183034	-1120.559916927445	1803.6280775139503	2476.3823587721886	5.379686200926249
?	98.36165588279356	-2104.9044723638553	70.97882302475686	-134.40899464909327	528.2131798706133	-1073.3284751894614	1117.4379378110784	8268.606884230887	6.139464905647129
?	-1	2147.5245903135833	66.02531324540136	-105.1441652887261	596.1150683588305	7102.602010467597	2217.058421725493	22766.255081794952	0.42517304527745997
?	205.73788539847234	3740.9347232919263	65.72161476032058	278.3867688464259	883.3432803939919	-1753.0489045309325	2255.750691900822	-10413.317501993439	-1
?	186.04673616459564	-769.3555144141515	79.94465168772261	312.32256434068063	508.4626231322842	-7237.735291898449	1696.3925466258231	-10842.317081700887	9.799135067820425
?	167.2701096777649	-639.8332160856023	81.33774297735455	-154.781258311379	521.4565157990708	-396.07391494920563	1713.6348378157795	4152.059140003549	10.659130701856109
?	154.05507536031564	-334.0806446151169	72.20558877215369	-280.540871444225	488.658927384824	-60.28458144950058	1903.9955036259998	5085.6047771775275	7.137031291175865
?	150.56607744700912	454.0099846365017	67.31069940514335	-50.765900575107885	518.4422867265957	-2173.4719467092746	1967.915076674655	2718.9294578132562	4.667828762517177
?	176.75557459214065	439.52888005403776	69.6672937433983	-42.68009884167001	379.98533004936064	-1963.9241642114055	2039.9419765166622	-1316.5589624478027	8.937375820870134
?	172.54252144971093	-3555.1114918428257	65.17669446305986	-121.56591610903064	420.2460785160258	5226.897916392862	1902.087128552265	3023.476986573398	6.541713836819541
?	-1	532.1911369780107	63.58899793794679	38.834494753330226	641.3302258690028	13192.949673216923	2191.1158258453315	11091.465618291884	-1
?	199.15207829861137	3666.0749956709974	67.11841920072637	314.43600895132175	1079.8935621768696	-4744.346413829467	2456.6604094668573	-2730.895090802797	9.125936505424866
?	182.30374978354922	-745.7381431447292	79.31079838551283	83.97271352696892	404.1129051775303	-13551.404262911657	2054.571071305192	-9447.879083502527	11.223524933988962
?	161.86517114137504	-698.5643563181756	71.3170548770748	-211.45396500583263	402.3233490312891	-1041.5435356342473	1984.2664552917327	-795.8059454572623	5.892287538744696
?	147.37553196764057	-486.26130608921073	68.73810013522123	60.96590221872951	352.0357283958181	1229.9881527763089	2014.7807740323292	-9559.548915997386	11.116040876696259
?	137.5521058369146	-387.44605624135	74.36534998801126	64.3449678392613	463.82275667010435	1409.8474754711542	1506.289009491865	-7678.680976872984	11.123998497499581
?	128.00322915557314	-329.0183343728447	71.95534852718429	-68.93827994470594	422.5281021693756	-695.2061554365516	1630.8467251886814	7118.681970069459	6.947824890968553
?	121.10118911827242	-209.09595057168917	70.91843599077598	29.541369943950535	429.0624488982769	2304.3733336980113	1862.2231079953367	4809.284652690116	8.671786891349722
?	117.54843162698872	-256.2120607087025	73.4324170243818	-110.02993871923462	537.7467688542757	2206.2710510864017	1871.3109578231863	-4138.02513887119	7.984261135709505
?	108.29058608283734	47.41117616817138	65.41693905481426	-168.3127610447423	539.3760014525966	-3058.3051389375446	1655.321851051778	-4127.0539552940145	-1
?	119.91899043539728	1191.6683354479935	65.01677897214472	123.9430822578369	384.83151190739903	-2993.535958815984	1664.9582600584863	187.75849779706343	-1
?	167.8740028552368	2000.3610491157606	71.61409316770609	313.4120893913834	389.6992035117979	2214.169111024756	1664.709775941631	-8750.813850845465	5.996611738085478
?	219.93704289118494	1140.842593864723	80.68738344171383	35.97055811344332	495.53996745863645	1931.3219179939665	1227.4175675162146	-8060.441812102473	15.138498063531557
?	224.91613254847275	-15.972695089834076	73.41262107337825	-117.22922260601861	486.2652994114959	3114.0338174749227	1261.6876853365088	8776.803475687097	8.767265892474317
?	219.13840813669324	-567.2424336127123	74.82592231141292	24.77381145749101	651.241658332382	3305.9351776098792	1666.257741300568	10644.709811775603	13.480850621344524
?	196.55401086783723	-518.184269316642	74.6513116462528	28.528665820700883	651.5620582919893	-660.5164514937679	1793.923175925287	4185.146364726666	9.826887279174366
?	193.22919467086123	-76.65726912016139	76.25235560244796	-205.31704163493646	618.2158357576938	441.49740664909973	1875.5150595369005	-823.921426314949	11.879400620464203
?	192.72114741182918	-3.3704916909431524	64.38545956450601	-318.9735447044832	673.6369286244442	1108.6520533198625	1752.7271046095398	-2199.0734676489624	4.411280182209749
?	193.06067008631408	-13.079098790590866	60.30367836722386	-115.42536253881308	673.6484384236867	580.127267594439	1765.5613861544527	3600.158133663039	-1
?	192.06719247229964	111.78406803005072	58.614191437565374	137.79410685253885	702.643292004166	-5959.251025493532	1932.735011292691	5718.82735114558	-1
?	198.6498734878166	-114.05562094367879	67.19338370985078	239.1661036589703	375.68588714901114	-6900.96855687131	2051.5027537117307	5164.460827276853	12.47529646537457
?	186.36441142511572	-708.5642149717969	70.57249662051385	-108.73381537485183	357.59486416060173	-393.79578176160436	2190.958052656533	3741.5089057800874	12.70668286978964
?	163.22166273922687	-3747.288228502328	61.756692941108206	-300.6726229209858	355.996098060931	6129.055590168717	2238.5781990007345	4398.87639595671	7.414011277056659
?	-1	-3284.4332547845493	55.53886547446461	-105.75557014149788	664.0476436690365	10572.927532345295	2410.9018724543675	9986.074607140254	-1
?	-1	0	56.46891443403333	-141.62309324156107	884.6424746781938	602.4707267676193	2737.8819293577453	-1394.583675930267	0.33494852919559953
?	-1	3484.9941162550276	48.45771081238658	-114.89180996387545	694.1711800074173	1377.3647493413846	2341.1726886578545	-5700.947547857806	-1
?	173.24970581275076	3573.0355010124636	50.72432393583958	398.54143496625	953.5107121452628	-6880.009553789113	2452.834551964856	-8288.418672005657	-1
?	177.65177505062255	183.67510369357043	68.38478256069901	493.89717704191105	350.1707023179629	-11994.192914422461	1926.751755057573	-9738.789001463214	16.682738807824432
?	182.43346099742925	532.4457639975204	75.41918278793504	158.90238899041947	353.8010664241419	476.77350757958436	1965.895101891697	-1190.3499403052954	17.11549630761085
?	204.27406325049847	237.02651690736303	76.32990201021995	7.400279379783994	374.009377696942	312.95825777155756	1867.2342580423085	4221.508358246366	17.648154229030176
?	194.28478684279736	-865.7719807614031	75.78919675692424	-126.69609777023186	369.4489793127197	-1085.0248891774395	2176.9705198040147	4868.157619120724	18.687826886986667
?	160.98546421242847	-517.4353495210535	69.99509712170838	-123.92242692163437	319.75813323807023	-1881.5217184767923	2110.642138998344	-547.5670156024463	8.380307442828919
?	168.41301936674478	323.76227403111557	69.59307541084255	-40.52286782959399	275.3728933888804	-288.43779957131335	2149.5921690238924	46.92674994563293	10.333108528278759
?	177.1735779139842	-221.66469475442875	67.96895373022869	-52.42576011020181	305.3362432595046	786.5387839779129	2112.9884764956255	-2127.2933220378295	13.904335051938498
?	157.32978462902338	-752.6143624142633	66.97178740533246	-92.33966835770379	314.6998325877759	551.3771157517064	2043.2275029220013	-229.18683636971846	12.51818075561728
?	139.54285979327116	372.48347830645986	63.35197031234352	180.54207904268546	332.90509904708983	924.5849303086026	2101.5291346771396	-2231.354936613328	8.554265453719152
?	175.9539585443463	1559.1451697109435	75.9988913574667	285.0962676210091	360.9290791032059	2037.9319811633916	1931.6597560913353	-3127.6073363783025	12.272298275213036
?	217.50011827881806	1974.9863212578925	77.60678369339392	-49.48704373788633	434.80169810525905	2625.220352651535	1945.148767858225	-539.5476964920518	10.761345065411087
?	274.7032746072406	1521.5588129421203	73.5245391705724	-143.4157413897517	492.19009673578216	1068.3735827523985	1904.6823712667328	-1435.9222264118403	8.893121507628234
?	293.5780589259238	103.58162025574339	70.43599662390636	-147.34110865686995	488.2203772428788	-582.0277013008647	1873.3526565376333	-516.8053052853493	12.027863057419932
?	279.88235562002774	-5891.561178518497	66.15748373772892	-305.7475924614776	463.08871167073903	741.7771341604581	1878.8421060024655	443.8493550240871	15.2457875870976
?	-1	-5617.647112400575	55.14861700083254	-254.63837522094457	525.3092339509016	7358.560583279108	1895.5451242888375	-865.8908505230269	-1
?	-1	0	53.42556497668174	-61.82263002746844	831.0167408346931	14305.152597190407	1835.5475634763143	4212.244435797444	-1
?	-1	0	52.057485499459126	-28.03148382289588	1240.5668638104194	1760.883754793228	2106.157346078709	4595.190204811186	-1
?	-1	0	52.02399078553695	-42.82398583028809	919.0609285743542	-6443.677498203738	2065.3070737168728	529.8085420570097	-1
?	-1	3567.0265510367312	49.91628620794473	236.9552363198406	918.3829889002336	-4470.475081971126	2132.6477731815594	95.19790051947018	-1
?	177.35132755183594	3446.906878890937	63.87175260152894	483.11704700505106	695.5371744757987	-11042.978381050842	2070.0669687428463	-3525.7163851422583	6.523344279141374
?	171.34534394454624	-124.26205095579677	74.0721385581972	-96.35219181447417	366.2340698476935	-6002.787507213221	1956.361953924447	-2178.51443646903	7.320310274402586
?	171.13822500404612	587.1030725442123	59.05414301080525	-63.402160641661794	395.3977991151387	499.0771192734946	1961.1412469193951	1802.490696924271	-1
?	200.70049757175676	573.9623042049508	70.90203052611412	402.2729113774133	391.18792581136813	4962.1132440604715	2046.4864887706603	-5901.605364904097	5.723628982565128
?	199.83634021429356	264.748127705253	79.16778857967584	27.35823338300842	643.5034613181614	4885.893138390163	1666.0609786741913	-10524.976946771578	8.41405680764408
?	213.93790395701936	38.03701756655257	72.26994219526453	-337.0709434124277	635.4825827308754	194.97152767365674	1520.2376414320834	-1049.735919052031	7.479766216951395
?	201.73819109262118	599.4140143425016	62.31424140905452	-188.84995584459713	653.2520377018442	1445.4014031231766	1613.57418272159	3927.7183079890488	-1
?	243.90860467414433	643.8429565796537	62.82744440303471	306.77310376596887	707.752652887034	-2619.4730991951087	1716.623556831535	-1697.3063029915527	1.4139754221080865
?	233.93033892160375	-1180.093766626583	77.6528965973529	239.4284290182229	522.2783827420892	-2317.0264838240532	1528.7088675720127	-13448.492968435014	10.932796316873688
?	184.9039163428154	-1494.0873664072985	74.79886585394581	-76.79984333038333	591.9013286958317	2482.175648674567	1044.1989084097868	3534.960804907436	5.814246211682479
?	159.22597060123908	-660.3144166203039	73.81290443083375	-189.14974528716652	646.3871651758171	2325.7605585963634	1705.4569078173838	20737.56534801308	9.149579848851925
?	151.88819551180032	803.9550930066889	65.34137858958752	-235.30020084341868	708.1893566256495	1095.7890905143397	2081.077175810437	5634.071264557571	5.577661450354633
?	199.4237252515734	806.4813853330298	62.04789438866286	122.90500319965291	701.1766197015339	-3133.8861258460242	1987.1604710452614	-14478.852923388078	8.85520213652348
?	192.21226477845167	-572.7427159657194	71.48662874957014	29.18845524929107	551.4950503333488	-1053.6502476169258	1357.1345296410357	-4841.992058769441	13.527954520437266
?	170.78658945328752	84.8344848183959	63.50731715112741	-210.2031730245547	648.4941073206878	2991.968277600355	1745.0608681067902	13881.262352653275	8.382492801882936
?	196.45398901937145	341.8394867688182	60.976470098342446	153.08915280641	701.093464213366	-2052.823033596042	2051.197647273697	-2037.983988031886	-1
?	187.87856379172837	-802.4086401544088	71.16177479144788	224.9007008797238	545.8529556408861	-5887.437110194527	1643.1616687051962	-7808.865184374973	11.995246247593457
?	156.33355701165115	-1028.844252141241	72.2215051423286	-32.73364150044654	406.7216087036407	-4007.868318087339	1660.7543880549497	6308.242027895703	8.58132055486348
?	136.4363511846665	-525.8833586868361	69.52509271642556	-117.73863421975206	345.45953973651984	7037.7010160485825	1958.5737700999803	11654.051905224083	9.970023758327828
?	130.03938907730944	-2748.72702369334	66.33457343134101	-110.03393016667997	758.6066595060686	31367.64311391998	2243.4569833161518	15184.403552701306	10.347855728664234
?	-1	1808.3408957928716	64.02339620809158	40.086392178779846	1913.8416954325135	3878.0902969851786	2717.793947735043	-5585.168992039205	-1
?	220.4564338669527	4681.7761823135015	68.33889304028	198.5434025725938	952.5111743553268	-26703.33265894849	1964.1985337141925	-22866.29688664954	8.71028362842471
?	233.08880911567425	185.61243365796494	73.95056633672124	-45.08032057321133	578.6750624850939	-7872.772370192607	1574.47910340257	-6914.9805114239025	10.874502326030361
?	229.7370555498509	315.42171849710144	66.08487701161944	-14.079064040886117	558.8725558456979	-1336.9542411638772	1618.4495081429986	-182.67273127746714	-1
?	248.85989504052927	71.16145346141562	73.24661313467693	55.356283009012	511.8273504269003	-2529.8542003881107	1565.3454668386967	-3699.5900370272097	13.48902187329666
?	233.29512822292168	-543.3554697280626	68.85269116207003	-74.51748414470613	432.3798458262928	2516.296084811805	1433.4700062916388	4910.1775372187185	14.912358293934195
?	221.69212155412623	-225.67198161563817	69.52073892744164	94.73049418821267	637.6421546674901	4454.027181735846	1810.8543436996317	5990.660386494758	13.441731063306595
?	222.0115291421398	84.05988442724238	73.58921587148065	-79.5017381920448	655.0812049130843	-500.35346006156436	1733.0030256163757	-543.9075135265895	9.25413041240807
?	225.89511577548834	35.794752923205365	65.54565201783942	-331.7854762956592	612.624481664412	-35.63752703397326	1783.6589680233024	1624.038608425127	10.578181619926553
?	223.80126678830007	294.9665119795741	56.99994205669775	-75.01237032511027	653.2993285613857	-1607.114610718803	1814.2049560376317	2460.7324587713533	-1
?	240.643441374467	1025.099464792887	61.795033501583916	312.5748788848355	532.2687511284721	-5428.886062368748	1906.6955909618696	7283.9363232529995	10.071152017317191
?	275.0562400279442	441.82595919620144	72.62868600093947	100.50591337515677	381.8550254429492	-3207.8894625787007	2178.4017722002804	5911.197502511953	16.02273864329593
?	262.734739334277	-1261.9144043953008	66.82032917034174	-139.44806828343067	371.87427799953764	-880.611096208373	2202.255466087466	-3045.281055442344	15.94381418240281
?	211.9605198081794	-1242.6046923550869	65.65628258676796	54.91915066873721	337.82447063253073	1940.3490957713586	2026.1377194281638	-8496.591711870346	-1
?	200.60450471652285	-844.0813195577648	69.56628670377859	24.10518119352227	468.89173278810523	1184.446594384211	1777.4258804939504	-12454.84740116154	17.625512720389246
?	169.75645383029132	-4032.0900943304714	66.86154164644407	-242.43380687121402	397.04680035174107	9496.833179665135	1403.395349370089	12260.974962530634	10.51708382438762
?	-1	958.9624364979255	57.44459636021793	111.3914727264422	943.7333917713603	5441.228050114685	2390.47462862048	10261.466870796448	-1
?	217.70457565518743	4336.453352194855	72.43111528276616	253.4817020672512	669.1082028574743	-9552.047585832495	1916.4686929099096	-10554.549956056531	9.879631514253939
?	215.82266760974198	-58.750178240907964	70.11868146358044	-153.22575083267847	466.1310124797372	-4507.870474011373	1862.7471308176553	-817.0811216875229	14.300417501018494
?	214.76706674314204	-194.13968734999185	64.76982774113226	-29.652380706292654	443.7146791569065	-701.4303029099906	1875.6146368255336	2657.5305431032716	14.32887576790617
?	206.11568324224243	-375.3519874218758	68.63606242826582	-83.10652433922827	431.0594973342378	-680.6719891174613	1995.6236579728184	4492.167563237879	12.43607247834845
?	195.99946737204831	-95.31114228072772	60.61450152417086	-25.727080432945208	409.6810797010336	1678.8199768891163	2100.2230149874267	1905.143188075142	11.62007669528634
?	201.35012612820606	-137.8516819511605	67.34970840661856	331.64157674165614	515.0004961786933	2389.1332114997017	2090.880817376575	-4170.858945533615	4.612693973892636
?	189.10688327449031	-310.5818726662607	77.19658036125361	42.22306021024949	529.1377402760182	-1103.0345590156508	1891.6800677107467	-3308.248240317992	9.553961487475663
?	185.82103249489307	-41.12271237923793	69.46086141713103	-325.44693480892136	459.84876822791097	838.4007126658578	1925.4684053606761	590.5947729902957	10.536037160421913
?	187.05074765552843	208.26820031791289	60.9242336208076	-235.7545105882016	571.057775909311	1284.3805230610508	1921.2098063602614	-889.8167019869411	-1
?	196.23444251078868	537.450855646517	57.67313588772099	175.16704165675952	524.0677943809633	-3242.0231797979013	1880.9775702613292	-1407.5982472511446	-1
?	213.92329043785418	543.88165618464	69.68258570364554	262.41346139009727	408.9566169194165	-1759.6264506338064	1850.8298939977044	-315.7584968426602	15.982388331809355
?	223.42852532002058	781.0660165244171	70.7938089572258	31.05779796721674	436.08647184927327	-406.68092878362273	1865.1896454191963	-162.9878711221096	17.781470133072954
?	252.9765912640749	575.1624626499765	71.23547560200638	-42.80627569564374	388.6225704802354	-2015.3925643584435	1842.680500441599	-1288.2339421486677	11.01094156147823
?	252.1866484525193	-96.51957818185258	68.65349517244363	-326.0311243346773	335.31684363135145	-249.5347753199073	1800.777948311763	-2471.0955194289904	17.73674505951034
?	248.1506123549823	-5063.732969050404	54.93391938527257	-294.13278509628003	376.1458317142401	12592.413082689991	1719.1257244701499	7041.797640979169	-1
?	-1	-2244.724275868814	53.94685591762968	52.5464893110905	964.9374977658487	20774.701056966067	2152.8678303607203	13760.317860898193	-1
?	135.914398561542	2840.4865717014745	57.56124385082708	326.1155750296885	1414.8808845625397	-10845.60279205626	2407.141617515057	-5344.406478109528	-1
?	141.02432858507322	245.02277601417492	70.25263466911405	225.03092475517286	422.6573581630377	-19592.268337172278	1885.6475064552449	-13584.75616860252	10.505431770654228
?	148.1655373622507	416.2746493173544	68.81279008858569	35.09365529723523	435.2674677039292	8.839427821398008	1727.9038090849335	-711.25012689756	8.63319417427767
?	161.83806105094087	393.6562300755186	72.0073174339758	114.15520211313103	423.0993295541076	-1114.3198719398242	1850.085000110367	4641.589295128903	12.67177705871003
?	167.8483488660269	-139.1965054284131	74.52055019424232	118.30495351585344	379.5514741069372	-1401.433844172605	1959.983273841382	2459.269534261795	15.26380032435821
?	154.8782357795201	-1557.565884410553	77.92256510976856	172.50222344880495	353.02763734547636	-51.038341601355754	1973.0484768234585	-7153.50761593865	13.490376546727708
?	89.97005464549814	-1149.7803358757988	83.14566136668269	102.78443470340189	376.99955702686935	2684.032397638027	1602.3078930444444	-15288.24287807042	8.421267124512909
?	97.38921898572936	-41.32325668371093	83.06178684493872	0.0764059824396657	487.2292572273796	3400.358626335183	1208.6363329199266	-2379.4710001366984	11.019377709376402
?	87.90389181131256	-393.4211966089988	83.14948166580467	-124.0551217689474	547.0174883436309	7357.882567195089	1483.3343430376078	13822.201113818583	4.262574363667057
?	77.71815915527914	89.35234549046059	76.85903075649127	-84.61965525039567	855.1233855871393	5640.57085152307	1899.7463886108656	10802.526341650466	4.6670076201879205
?	92.37150908583566	1471.2723913982284	78.91849890328483	48.5539337356501	829.0460309197885	-400.6741182359917	2023.4606601201388	-15175.462701590493	3.1765937760639713
?	151.2817787251916	1503.9682030053511	79.2867274432738	-105.90632601902334	835.0896796753394	-203.4117035871912	1140.97325353133	-8853.013709001163	7.486223620587604
?	167.56991923610428	1833.4587850880666	73.62318260233359	-54.258847739593044	818.8754457404288	-5335.045097610279	1580.8099746700743	11769.418017368955	6.887642513256862
?	242.95471797959624	1378.8097152336277	76.57378505629411	99.7190188897622	568.3374247948217	-7662.420403992703	1729.4441543997862	-3398.5485039501664	7.215785343997659
?	236.51040499778665	-101.13855168269565	78.60913354682177	43.97964480590241	435.7544255407882	4585.650613510107	1410.8825494725636	7156.323450100147	11.554429552920642
?	237.89779039546139	210.05355959767869	78.77276729658927	-32.48342746188239	797.6199554703303	6850.711617652618	2087.2603269047986	17134.436163566505	13.66607347966183
?	247.01308297767073	-238.6580661473113	76.98496217372762	-82.14729960931689	778.290006423424	-2566.505701846579	2267.604357650901	-2399.411595799204	15.591758684710959
?	225.96488708809565	-853.6395184740954	74.66540231612336	-141.81873811232887	669.2946703779995	-4521.194361639085	1967.2897471148367	-156.04826348139574	8.321815055549397
?	204.33110705396535	-452.6671086799989	69.89402526811108	-104.19180425339101	552.2302883414665	-6058.636403836595	2259.801944476831	4677.523602474482	6.713847161810087
?	203.3315316540954	-373.69887155669045	69.45581210345374	-172.02204406357393	366.3628501861655	2027.0795484016078	2201.165927238564	873.5658138358998	8.178937889338732
?	185.64616347613057	-4086.6306330818497	61.29292306493226	-235.98746655376394	653.5842657615483	9267.73285024802	2303.4802351686267	3028.851557097771	6.941253417494297
?	-1	623.2865910339009	57.65643877576537	163.30736653597094	829.749492698573	-1404.7275681045567	2352.608505093455	-1138.8012795369489	-1
?	216.81049302782606	3714.0164933072715	69.45829139173092	179.83353192366351	583.3478873563195	3781.958284914775	2246.5401711917784	3008.827251789874	10.231248390464922
?	184.7008246653662	-4356.209860556459	66.64811537194868	-208.9042683988602	1018.8474069443145	27208.83180381295	2503.0498676829507	10987.754706915055	9.908361921534933
?	-1	836.2767299397245	59.013077971787766	49.71321331094786	1943.7894775469863	-4675.299829035738	2795.927906537539	-4392.8610818564	-1
?	226.51466116235304	4456.800937938124	69.1337760374961	312.7361604400941	785.0824154925242	-29941.095012534308	2283.4068135901275	-13738.912226703402	11.701597100524252
?	221.84004689690934	-376.6951311940071	74.6498859937927	16.524136465724887	446.7347269202497	-7498.31311221907	2108.982295202359	-6802.036290453806	18.086676619922116
?	207.6799046026524	-826.4859327171532	69.95998286078236	-145.57647744723957	410.1667598815654	95.74015328572364	1943.3049990674324	193.49487089960073	14.220012190763685
?	180.5157502610511	-717.4131046440857	67.37106212143061	97.52089548512859	451.521734584536	1218.8947927061267	2118.6570387473394	-20893.973310451904	10.091101690374018
?	171.80924937044762	-551.2274031884847	74.83602763503886	89.83024583575613	471.1114995168726	-307.58008180645237	898.6063335448222	-11575.504186201724	15.357447534503638
?	152.95438010162647	-3456.184987408903	71.86257441321848	-348.51868053755055	436.14273049421314	3112.476605120346	1539.881829437245	19437.787452978784	8.209627499532626
?	-1	-3079.087602032486	57.410093608161084	-274.1780627857074	626.7353297728921	7066.517344323859	1870.4957061937753	13849.223137562944	-1
?	-1	0	58.153671273932915	-20.576225234039065	789.4685977104111	13034.015631097911	2232.342986315402	7357.110490420287	-1
?	-1	0	56.381282346459116	-1.773136147928202	1278.4361113277969	18482.717165380145	2238.351230714795	10966.083931482843	-1
?	-1	2809.5384280145486	58.0650144665365	140.6092850411423	1713.6044559794316	12010.322590176858	2780.647182889552	13124.040553865883	-1
?	139.47692140072942	3327.3273555392875	63.41174659851633	364.93300089657913	1878.9522408366483	-22734.353810966175	2894.5532584080984	-14551.493305086171	-1
?	165.36636777696674	678.8807161592638	76.31166451136572	371.4036066910502	576.8867654311066	-27173.6032334719	2053.072517635233	-22033.210107856416	7.227885588363755
?	173.4209572086931	378.60915957383355	81.9819269330691	-1.764926618033346	520.2720791630342	-686.6135785364661	1792.8927530152619	-12077.552324685317	5.638760758465499
?	184.2968257556587	449.383154178676	76.22341818046405	-127.05455091734639	542.5560865042828	-897.8297114482255	1449.1949014009585	3149.8422729331614	4.329193840217047
?	195.89011491762722	14.635278999049111	75.6291993872017	-64.6242645741696	475.38059359062225	-2404.1893143399293	1950.3848666619222	11236.217848851633	5.597385503445278
?	185.02858970561115	-211.1341015136814	72.99220495175553	-64.63596012933486	422.3466207872846	-1811.7440141612228	2011.0057938435482	2171.5240872785134	9.90687679543834
?	185.333409841943	-215.96998215664917	72.3974013807349	-63.91995531165145	384.79339288255983	-1531.0992225177254	2058.9610710258494	-674.9500701403072	13.017753112454704
?	174.23009059777854	-207.76253138634263	69.79620718617291	90.67383765980948	345.79165966139726	1275.2308344032622	1977.2582903365324	-4415.594082381377	10.655570763568875
?	174.94528327262572	-86.08293373247184	76.93109326372544	138.9934351458405	448.55493460272385	4672.207303077818	1838.1813669067774	-10517.689965787245	5.979024647421576
?	169.9259439111549	306.43940087369646	76.74587894346503	-127.36691758059256	579.4020248152915	440.8920121731245	1451.3737920471626	-11644.705354313914	11.684147753869361
?	190.26725331631076	1214.9417792267932	70.56274738469573	30.479004169695678	470.5995352113804	3251.8221314977327	1255.9460991910735	6310.948507299746	5.8682856499529
?	230.6730328724954	1351.5196975351537	78.26982915194984	225.7510238957254	741.9931313901805	6199.56165272186	1766.9212174121544	19463.021239823713	2.5536933678316247
?	257.8432381930694	1282.5838575828368	81.85029857948216	97.4909877456435	780.5776178474778	-6103.729743882819	2229.097161182273	2495.675214432932	9.253012109907447
?	294.80222575163816	-516.3853708269573	83.14437853923208	-11.873252069787954	436.80664419603517	-3799.9044652265393	1891.7049781338028	-14064.337618921187	14.997634242729035
?	232.02396965172116	1944.60044219797	81.25663597599275	-74.51114280302171	590.5823945861481	2038.2773988855065	1525.8802802362036	-4363.739485021194	7.454939957141347
?	392.03224786153805	3529.28026314899	79.41882139908094	-116.82479918872222	538.7205141403119	-1681.1452556813856	1673.51800388274	1941.502768200139	4.38461689653787
?	408.48798280917316	-3037.1765562135615	75.41539601655656	35.14632000528515	506.5251318020776	-1856.1685601070812	1622.955418646212	163.76976984621928	6.348461448852761
?	240.17342005085783	-3533.079068987054	81.17613739934522	132.93540065309497	445.91208613495655	245.0425194648482	1681.706492375051	-3495.5906268008043	6.063999351025887
?	231.83402935981795	-170.18880118507	82.0621660492114	-37.222967031193875	518.7772577753202	1851.8650780397375	1448.1758873061692	-2753.9262674507445	3.2540748025201913
?	231.6639799916042	-225.32383079376493	79.3149890477855	-94.73720626829312	538.5053400369447	1659.0854315752576	1544.010179002512	1395.3022287164624	6.785150351657947
?	220.56783782012954	-260.84439713292824	77.32530573579668	92.09917485387206	601.7315293540843	-861.004921942829	1517.9409987419933	-174.2200984466829	8.619960108221324
?	218.6217601349576	-28.630606252786084	83.91994779047917	48.7011206413685	495.4550939398027	-2586.2325527219737	1535.2991740801776	-5975.11742368066	9.593441303478048
?	219.13630750749022	398.0821141525547	79.76036176786514	-115.87334338823416	472.41990171798375	3440.663744802664	1219.185127557956	4246.075369706031	5.676290413550656
?	238.52586584258563	226.73456769257618	78.12628062106738	-78.40506597153367	667.4882811799383	1191.39206193678	1747.6029425654822	8451.931966935024	9.205222890833692
?	230.47303589211919	-1026.2468412121718	75.8401084692884	-25.71298986020216	531.9895048148236	-2785.3255012206764	1641.7817259047133	5447.00015274781	9.765393551244387
?	187.2135237819763	-405.5442602839758	76.84063112805725	46.18964712177578	528.2220061189025	-726.3916839417856	2019.9529502028765	-2179.4185049126972	2.8501209675331376
?	210.1958228779201	429.2506640607083	78.14959082537722	30.88897056410572	495.6699206177338	4178.154255513643	1532.810800659077	-3354.699390739413	8.870093725088056
?	208.67605698501202	488.3199178854055	78.38507965626256	21.582916406833	737.1297188945877	4276.775089500551	1852.2179806659035	6165.944469428345	12.729721533681428
?	234.61181877219073	690.0440158208356	79.22873664571888	-105.7649566155512	709.5086750927644	-876.1721453899952	1841.1080241304985	-771.1137703382683	4.484110262412527
?	243.1782577760543	-1219.4235249697144	73.09683182548493	-88.89207617173712	693.3211116250873	-3371.247625014146	1813.6622921489895	-1268.006174991897	4.123993402041807
?	173.64064252370414	-1210.6295028595557	74.78413283713196	28.963696689809396	540.9462938420547	-3950.2685233974794	1777.7077153809028	1478.8790765193035	5.498838932408317
?	182.64678263307565	33.470386788174075	74.54501665997542	1.8856022327551345	495.8076854552105	-2483.156454282546	1887.6062459749558	2557.8890316212346	3.515261954352918
?	175.31416186311287	-57.56235446701371	74.87841294876972	53.50357287068798	416.7884711279257	-2135.931805435113	1905.6021669619663	-2400.398249895877	4.1644999788616115
?	179.76866490972492	1344.0622430899243	77.22019530350985	89.08115549337042	389.01109518345334	914.1329485968363	1767.5863334801602	-12156.404025474285	9.757735334777793
?	242.51727401761005	2164.9718475459904	79.3324707234383	67.22685868856406	462.49511855776814	-1099.8109054701265	1297.7819656882434	-4546.078705564909	9.480192865795644
?	288.017257287026	238.4775635641495	80.5815382379381	-191.8456330086256	334.0205499099462	106.01143582116114	1540.2823982019115	13128.877829792373	14.617933566708043
?	254.4411521958177	-2407.6137196107106	69.74018907300689	-14.905603710290977	467.79569034882627	1882.662322828143	1954.2258571778714	6435.992788362554	5.497992571764772
?	167.63657130648875	-1496.965248342548	79.83625805242355	234.9768737995968	428.1536660513547	72.57858626042899	1862.0820376200438	-6056.553445387926	9.969311210330464
?	179.59288977868923	1061.5320163126396	81.4890327629869	-10.431578468160717	471.42461966184777	-108.70403197001296	1651.3981849084707	-2013.0558036586249	3.389622937553065
?	220.71317212212148	752.7919022816265	79.3146791290155	-54.078930511345874	422.718464452854	864.4123466420913	1761.4292474371111	-952.7279202469482	4.6191373703186205
?	217.23248489277108	-374.5878994133401	78.78508623741956	-81.95361300632808	514.645236993953	3036.1991950648885	1603.7617888961227	-9416.510544243794	11.173540285698392
?	201.9837771514542	-572.5212205613437	75.21699847869904	-125.87662740540273	574.5284242061006	1558.0904091662417	1290.6037202249147	5588.906222350404	8.875533408307273
?	188.6064238647035	281.37379720983233	72.49125486714934	15.809432077198611	592.5497574522661	1486.2014899445392	1883.2071000136468	16257.269768700025	6.556011978395913
?	216.05246701194602	327.4886546674627	76.00747008255898	43.13964901826917	648.8384987033286	-3723.570577024355	2103.4672086599276	-2927.589572012798	15.110706678096147
?	204.98085659807685	-385.69526692361046	74.64823731806283	-48.34498623865942	406.37122860104574	-5061.492656075291	1736.8276214130049	-2442.9602777178998	9.398923865849085
?	196.76770366576523	-27.680800920050107	73.59022077062598	109.50744108068236	395.7638658995604	1538.5804575132827	1981.3191947740308	-6437.788359940522	10.689503523578486
?	203.59681655207433	92.93368512854197	80.12360937209702	63.97560579455808	483.30025147671097	4895.467467961704	1414.9382034159742	-16582.687525945003	11.773020156237466
?	201.4143879221924	-86.28131195873712	76.78900106035393	-146.21412636872626	640.5372392976491	3539.646495237634	1152.184818476769	1825.3396720015294	14.771443542835138
?	199.2827509541374	-42.76527770755702	72.8129030536606	-234.86597448210895	660.2825762385952	2017.3321532264035	1506.205187016052	16369.920030111838	7.776617963326975
?	199.2761240368145	-699.1538245759543	65.04570233624831	-92.77423929506976	741.4038469589707	-4075.159089592759	1970.6808199823724	7283.106124883644	-1
?	164.3250597253392	-1198.5271830651504	68.17419108890705	50.54525093427869	456.52462175895437	-7527.064410035577	1870.3604932602393	-1219.9135239882035	4.579468175013493
?	139.34976488355613	-624.1337620241225	67.57296488296228	56.928549369112645	365.0506264571865	-2214.123572490097	1909.6851437829614	6957.103499681899	6.450928008842666
?	133.11837162413264	-225.37841762579964	71.02061855736272	-207.63666650468724	345.81844313444793	263.45028862454194	2218.215668244339	5614.571248302647	10.824650600444542
?	128.080844002266	899.039290150104	57.19113155772777	-60.347394990196214	378.2231408884138	2836.82773273142	2190.4137061980978	-2050.956124744933	-1
?	178.07033613163847	4805.196325856339	68.00324880785287	469.2306247138656	487.65982977102095	3112.524742493048	2115.667862007091	-6738.319004449227	1.5961835064555772
?	368.34066029508637	-3581.4067226327184	80.65266279342139	165.8606970748783	533.8493780130684	-1220.2180763924807	1853.4977559756317	-2556.4937294674883	4.358218762859278
?	-1	3946.616502627048	76.2962836615969	-281.81319339123775	426.64892595139605	-494.84132761015735	1987.8431755337149	760.203602953705	5.26129700657106
?	565.6714854264416	3600.069911880673	66.5620031238593	-218.43234832186172	509.1073116325602	389.3929523883641	1891.5079361233174	-2544.848505974196	-1
?	179.0034955940362	-8100.607389306557	65.37466624550366	86.46671677700871	446.11857357081453	-3492.7068078263146	1860.6007502350033	-1017.3474294405142	9.90798251336409
?	160.641115961108	-780.9981816576922	70.8853389627098	46.02748667043434	334.471971241242	-3130.5966960678506	1840.640564651291	1968.7322074321803	8.57263377268627
?	139.95358651115103	-495.51606818259734	67.67604057902541	-289.5019604107526	289.5887387674198	7563.7096185567325	1959.0373606066137	3855.2144580254844	10.214862042480668
?	135.86531255197778	-2819.0717302229805	56.41024094217196	-259.1006955286908	712.657452169084	22587.72379211307	2033.401287552568	5892.9622277609615	-1
?	-1	307.47714246631705	54.72100580259069	276.0313659453691	1418.9749283730891	-5986.543987109416	2253.685471994666	-2176.5410253744094	-1
?	151.23916967529385	2824.2698027921674	70.21180923944061	440.02121883188363	413.3302528136089	-19128.212100936424	1924.574236283846	-10630.675547101058	6.912031524330155
?	140.21349013961037	-176.17660552764312	76.72206674418518	155.94615013431059	462.56432332625434	2615.8370557468074	1722.1516946396055	-3053.1597509562857	8.296022918758851
?	142.43033939891157	605.4459126440206	78.00911674615625	25.35695600270564	544.1221056009512	1541.5155543070418	1771.9162487360295	3032.1903999293477	12.41045570853427
?	170.48578577181183	1841.7510185595215	77.98991454432048	-69.75096357786512	539.6401010416075	328.0433521537133	1873.761214636075	1723.1785058773476	5.636210012360494
?	234.51789032688896	1954.1276675622846	74.52156856726295	-56.32689340328999	560.524273208637	206.7983409401534	1858.075174029898	-2379.3689714008615	3.236757418499846
?	268.19216914992745	586.6414424154865	75.17356987415595	-186.02510600037496	549.9800180886153	54.35740152241501	1754.7927660660303	-4594.5956566077375	14.188378146332502
?	263.8499624476637	47.407556408338	65.22031326724407	-309.9339820784351	563.2421432847578	191.7771662337459	1628.345391199508	-1792.6916582108624	10.784987110418385
?	270.5625469703444	98.5994692417873	59.67687077023397	-183.36745124928436	559.5688764003028	829.6539424096404	1665.1581831554859	3077.098430991661	-1
?	268.77993590975314	-5431.25093940681	56.05194070477972	-130.48231325342215	604.7248404052405	4650.332055814897	1782.2003127490932	3940.249150775447	-1
?	-1	-5395.598718194986	53.15275510756277	-91.64593104205264	792.0854791910509	6514.599124780596	1862.170640694261	5226.185627379576	-1
?	-1	0	51.46964415267702	-83.34327336660375	930.4547966442749	-380.86762851343934	2043.5095941180757	2662.687183106744	-1
?	-1	4675.6464762325995	48.98559143923252	98.72833642064053	773.0420977653787	-1336.122229384563	1995.3049998496	792.9613464721002	-1
?	232.78232381163332	4631.498143213039	56.40606097370912	472.0275455226236	863.6486851750458	-5238.050513458681	2083.1576614416813	-6063.971637877144	6.209555733907369
?	230.57490716065521	-536.8918062729327	72.58696871536404	61.357682901092524	511.1395720924409	-5730.383670723313	1692.1064179557386	-3650.940850574905	16.64628196480113
?	205.9377334979863	-304.8330141549027	59.47394511876379	-158.5773924814345	577.129501638876	1519.7947352394226	1900.6106189129334	4942.722561093745	-1
?	215.33325645290986	-379.0227844136362	64.6580990912922	339.3880144547687	587.1293088544131	-874.2301898332984	1939.2425460104294	-19692.491706056186	12.184458538271729
?	186.98659427730422	-1192.2331857947695	76.44334584150246	176.8530367814251	533.4179921472105	736.8127864363951	915.9860336101101	-15056.143638577005	7.661215506218878
?	155.72159716317054	-647.944852175268	73.50075093036358	-52.74248786944849	623.9699481762334	-1636.1678762327047	1186.4353640815684	11650.16856113207	6.173094474760921
?	154.58935166854036	454.45871539442044	73.80622144803	-6.622993420811744	451.6095983355741	-3706.637072991943	1498.494461666722	9632.453510910977	8.433446003140498
?	178.4445329328919	1348.3214180620594	73.16960125932299	-27.371734062625034	438.6380945266336	214.58773356861153	1668.0580396271241	13073.901369768819	9.196532602822824
?	222.0054225716443	794.2752324850262	72.43763474489873	-135.02337255552027	462.33898501400483	-1365.7839581738358	2152.189530155172	8717.038584523423	6.892990436055813
?	218.15829455714376	-264.4024456132538	66.41843263154688	-115.67287368177779	370.34889661794085	1828.4655933098215	2103.9099688533015	-6308.307114129649	5.971248401994482
?	208.7853002909814	-95.89905720060676	66.65399106080976	165.63329387094504	553.7622646794972	1330.088562494613	1836.7741744486852	-14012.464718847461	12.411024010770461
?	213.36334169711336	-156.39622070819377	74.70009732509425	71.61977912050713	436.85332474267244	-2632.463072323923	1403.2867329109185	4214.380486917056	18.536979604170046
?	200.9654892555716	-4287.266833942206	70.23498001683517	-249.58407023115143	422.1391110632992	492.4055556310166	2047.493198794541	14745.561317923775	14.41215654465566
?	-1	920.7642059016416	62.2208938135365	-59.20660306712621	461.4736025242236	8347.445494208943	2140.5647988071178	8205.77811413875	-1
?	247.00369955065435	5243.358389305564	67.27464986347881	236.18396765962208	839.5113857737523	-1897.1701724373852	2457.7821045014844	-400.9889397478071	7.836329413287171
?	261.1679194652819	291.79073571353155	74.03009219651777	30.29669777755586	366.615093902353	-10991.400206158209	2120.515351819727	-4352.125405542676	15.936566578640353
?	261.59323633633113	-321.56255884296456	68.78948475235663	-225.38148786881825	289.94137546583414	8359.32200434387	2240.1758342243475	7114.77232970812	10.603556544671944
?	245.08979152313344	-1124.5379066784517	62.7610178030767	-10.466218400054707	784.5811941195525	3133.0683635625164	2476.253968305138	-10429.927114989789	-1
?	205.36634100240775	-1811.9243531314992	68.26617383235389	45.63119421854643	446.5947936439622	-7616.615609866409	1718.6794784748506	-12831.503970469234	10.206802652170422
?	154.4935738665572	-1286.2565983565491	65.04257751400405	83.08322803379976	403.75041362622665	-2310.3477311142387	1834.6787697816674	7038.613979610886	-1
?	141.05351108457938	-475.95048819194295	72.42033523404393	82.73188591466204	331.0774070882486	-1321.2687292587275	2070.6101774554	7765.638252334014	13.849265414729302
?	130.6960494569597	-2841.0702216915474	69.17917180973721	-176.60243935001722	337.6869771632893	16158.583044095672	2222.9606823983736	15855.678097022994	14.591374701601332
?	-1	-2633.920989139157	63.590213266542946	-128.25653183911302	1139.0065592930437	40729.23786906842	2863.394082306561	19092.74179031134	-1
?	-1	0	62.76634521778147	9.272706748645458	2374.1488706167393	15925.303859317975	3177.597771913954	-1359.1238418747605	-1
?	-1	5204.223006822066	64.05384860397523	68.75493045421992	1935.2717522589537	-35427.32199823342	2795.437890212822	-12633.380710186095	1.878863328386788
?	259.211150341107	5439.8116375514555	66.20409174049252	150.02872574585083	602.782770705043	-32900.16981895569	2545.9287364046404	-9259.752013258581	12.05135582094724
?	270.99058187757663	-206.02178533903773	71.55528489126787	-64.52076002788992	290.26326131114575	9889.607381820402	2332.4502895498863	-2495.6107245015583	19.93721901916775
?	248.91006107415495	-5439.8116375514555	62.97805373909797	-281.55172618177687	1097.2631397960702	23859.08777633306	2421.1482001795607	-156.23846305343028	15.125189408654387
?	-1	-580.4262819979359	57.47769858217883	-179.61894252759777	1483.2176501278157	-7196.313593749986	2324.6383663972147	-14767.574793356744	-1
?	219.88874697425774	4031.6906933482855	53.99710661271796	313.95645755829133	737.4474601085658	-20777.312743283313	1682.769460511713	-21045.92263442234	-1
?	200.58453466741713	1293.3823525871671	73.17552146009362	334.0870596028777	444.3520129636352	-7391.85778573217	1272.3422346760829	-7528.614901353396	12.350353191557309
?	284.557864603617	2462.90488324138	70.70145959286208	-287.52897005498755	367.85457082195205	963.0635176890394	1306.338715444038	6422.151290975953	7.465610262143563
?	323.7297788294879	-2784.1526703527843	58.79907295734404	-189.61790758374093	492.50518884808787	2849.0998431950916	1593.449799224885	8270.86469964766	-1
?	145.35023108597582	-3787.18991918208	61.2205642136749	234.1379290824984	510.30956298170867	-1482.807222340654	1719.8819504264268	2338.7033395454623	11.021795140407198
?	134.3702828703812	-472.9738646015333	70.50596941146912	214.87656183539224	418.3648277310541	-490.97909016652676	1710.3849662021598	1274.4816764490588	10.329949592173978
?	121.70153785589882	-435.67297800765834	71.96439230544466	-49.69904076372345	485.760608473382	1142.7961828385648	1783.6060342488806	294.4063615857252	12.202833083319407
?	112.58663396999798	-481.0712066067916	68.02101737328292	-166.8559713657489	475.50463687298316	-76.80215510695125	1725.1052842814463	-411.3009204222031	9.488660525022308
?	97.6479775255589	-2271.7326793999273	63.6215937371571	-176.2978805523388	481.92050071803436	1924.0259545416347	1763.0409882277702	-2263.0160032633416	-1
?	-1	430.44500659133047	59.20612334566585	1.9700963902428446	571.7059346000663	3363.1552631184136	1611.9544841182776	-8558.44070600771	-1
?	119.17022785512573	2379.240347847598	63.72009855666924	129.04544250511123	650.0782638739574	-234.43926654558604	1335.1189529273786	-1707.981452511702	10.42210784844345
?	117.96201739238158	-1.4377141053676974	65.6583954709215	78.6135918720288	559.9839712727868	-3047.8969930271987	1526.5554114926913	6708.353072433238	11.778212317739241
?	119.09834214985734	1740.4374371162446	67.65077815027074	42.89367855036086	497.68341422259533	2568.212505183594	1670.5366065490452	-2165.338188226825	4.792530972267456
?	204.98388924819506	4676.910328118358	67.80307939843958	-125.62564118891095	688.3945965319683	4346.917123561344	1418.2885020813485	-6605.112407573349	5.391231729156188
?	352.94385855577855	-1304.112450202519	61.3694960908251	35.24309357829203	715.0292704006656	1588.2588473934813	1340.2809861703731	-84.93848388821668	-1
?	139.77826673806817	-4257.582584357872	69.5652340773542	258.9650203041605	767.8075389016435	-2359.3787447212553	1414.0415778869376	4912.064466545606	1.4685136380181711
?	140.0647293378819	405.2683284921158	74.31774710603331	99.34793153379162	597.0603331646012	-5106.75085471109	1585.884209497657	1124.6035871088566	4.477054577612525
?	160.04168316267425	1532.7121293002413	74.53263065404386	115.30565027540042	512.4699961660854	-1940.0376491541804	1470.2717572423812	-3903.9773548880466	8.56576971567412
?	216.70033580289504	623.057282560932	80.08302961980341	45.86285033870146	500.05845070689077	-963.6633084421862	1390.6853417532518	4008.1542121079315	4.175006777530127
?	191.1945472907213	-698.4535707538036	76.82577317097896	-129.17592544915792	464.2868307439754	1840.9464181228543	1670.6794678477806	12310.427124563677	7.532574910240865
?	181.77765726520437	73.14520257391915	73.62423334734542	-55.85812305340886	592.1057716130348	-1012.1287471683096	2006.2066979814444	8255.730734569794	7.43213921429586
?	194.8518074194173	102.21443820970163	74.03286701830848	104.63614385009599	413.68039338555917	-3606.829734394505	2083.466004576276	-4506.629761950326	6.596048872859742
?	186.88837917568952	-403.38964650054714	78.8560405398503	182.04345779823396	411.764284893307	2372.0666585219797	1780.875209883925	-7485.434772638444	7.5171382141091545
?	174.68232509438965	-194.85383657386666	83.1350399082203	31.092252059063508	532.2837263116599	1960.1744111669516	1709.1942659443487	-700.0723223506305	7.611079398256275
?	177.1456873469964	-196.58802811464346	80.41065314280344	-100.85258399147448	509.77300545165247	-1631.8415184571104	1745.8715937663942	2399.9713629418534	4.323073642549743
?	164.85292368865734	-582.5076900673818	78.09241070864651	-81.77862362195523	450.69165038880317	-1149.8956328304093	1829.192834091443	1958.5816046429495	3.2707596703968504
?	148.0203028436269	-451.6392747289278	76.32172196170562	-203.54746474330136	452.2782238101312	375.19107624173705	1843.800673998543	-1271.2701645324116	5.710556407423297
?	142.27095995221063	1473.7626811395496	67.9150374714813	4.298125250482424	469.4512042008903	265.8966055451466	1765.6293258648216	-5475.247907256397	2.4539890103869015
?	221.70843690060542	2451.133916045329	76.53662822422974	257.95399383117035	465.5730540873887	1120.5514468391902	1570.0382786357193	-4733.772286151076	8.487215153627068
?	264.8276557544788	-681.265415699342	80.81273716304	80.49876466987541	525.4787765428506	-524.377225399973	1528.9407115572644	5903.325012861454	9.117623219776233
?	187.64516611563783	-1518.9522271550977	80.56156645772357	37.389107879135146	439.3541928173897	-2478.755647077509	1865.2045292787961	7657.127894207979	7.076860647836
?	188.88004439672287	-682.5277707004091	82.68219255699678	-67.94974452546757	401.5409941889734	-584.4647153953755	1911.7971062676688	-898.3559311765712	13.575358977861361
?	153.5187775806169	-2080.459753054993	77.16407923145015	-142.91654223136075	410.1309570476205	-902.6203004768078	1820.286732719967	772.0104600090898	5.265526024522574
?	84.85705674397173	785.387597965234	75.53636544542864	-20.675346679711016	356.40997916513237	-489.22605256621625	1950.3976292681239	1549.7936259841442	3.7825427143408845
?	192.78815747887916	2367.267285689353	76.13031189746458	-26.859777985990736	385.6696544193093	1141.5228146850993	1897.7764140191753	-140.12999351594118	4.573829229548959
?	203.22042102844105	331.2370181367667	74.19337654612909	48.45259799895859	413.48611989938814	1778.284584711383	1943.3911295923267	743.4338160085584	4.464401499361157
?	209.35000838571773	-219.41722856837515	78.55294179741254	43.56889301022557	474.58388365487974	2051.2560855689494	1934.9481048196037	2246.670288308401	3.401702562217519
?	192.24955960002214	-4207.000167714295	76.3718211966404	-49.51158877147649	516.0489241778371	1362.0624677289595	2055.7246440077483	-1241.6426291960947	4.972736912367827
?	-1	-20.10499283313294	76.07736235883868	41.37594664323385	542.6870070413287	-1407.9436826120439	1872.865973359798	-4612.1803752189435	4.616432503598193
?	191.24430995836548	3819.561847493207	78.44061852880212	126.36016676322689	445.6517400472339	-2487.7034353796134	1825.115625246798	856.2308944419934	4.742362364332841
?	189.97809237466308	-187.25314584095617	82.39537069700012	-17.70235473576182	418.30183527234624	-332.94308152943455	1915.6775180818984	-1584.3802966153955	13.632726531609018
?	181.88165266631754	-200.5818824493599	77.55550079201402	-179.90496684440728	429.0045859707619	1125.3038971603075	1745.896610416027	-6637.6589863851	5.974075565303478
?	179.94899825219494	423.961239138014	73.40012235477963	73.87713930775541	474.5670301303624	960.9386220794829	1583.7945687626386	-402.62218653599456	1.8348260730951569
?	203.07971462321854	590.3166712564753	81.24935775740184	229.77113233675212	477.05151707473675	-10.871344206903887	1725.765501089227	-4630.840084379645	5.527872069654689
?	209.46483181501912	150.92528877799637	84.8886789716174	-45.80536005299243	474.0234629200172	1325.9527101727558	1352.252564543653	-7416.844887089732	11.398653920321872
?	210.62597906211846	151.58189705531709	78.95908975475219	-182.22285185516054	543.3491525833755	-226.2087751796698	1354.923256734735	6111.126718746459	3.024775578117233
?	217.0439266677851	403.97460751444436	75.77753637885924	-4.187525718461072	462.71302416103356	-938.0359205422398	1657.8089004809804	13306.092971999617	7.753148303779005
?	230.82470943784097	230.25182190918898	78.74971346882913	63.191083004353416	496.44735655626283	2253.0247440317316	2020.2279053347254	6873.523267516651	10.015070898140076
?	228.5565177632447	-2124.254109926685	78.93709052907695	29.25146228123098	575.3642613626217	264.303700180321	2001.4850638568178	-453.3240627622608	3.709244351190005
?	124.61200394150521	-2556.967600313084	80.2122865828907	2.6868887492016897	509.66254156527907	-1508.2273294959546	1997.561702196612	-59.05625428401807	8.299031729350796
?	100.7081377475887	40.40409723650924	79.07143496653704	-166.61895008797435	499.95289488782294	-255.06733916628014	1998.5322511426168	776.035454922874	5.245565823442167
?	126.6322088033307	1150.4236547553178	71.88133907849186	-177.90174148550565	496.9091746069649	2034.4091864756417	2036.3634749427563	-3376.3653033452256	3.4898865483762322
?	158.2293204853554	715.6557455281862	70.17634789226163	91.0318654892289	601.6733542116065	4205.875856921512	1829.7139859753531	-5466.2673431158055	6.695291941173853
?	162.41499607974052	84.96735208388479	76.43293235295337	81.70674131351089	707.2029674530435	-820.4130010535865	1763.0501077869621	2963.76546360162	13.184664460631641
?	162.4776880895497	3.9492274446808446	74.26168495793723	-169.8304984687384	560.6527041589266	-1687.637835827826	1977.9022591554362	1329.92820805	4.713531013167234
?	162.61245745197456	277.8454671329053	67.94140742951633	-141.4235104098665	622.821075661651	2834.4175328427973	1829.546518189463	-228.35978252827903	3.565346182019601
?	176.36996144619516	42.54830525712858	67.19050943744381	71.42320305014677	702.3735808010684	-2940.5651032778956	1966.4842700290221	3298.5537982626133	3.2716582411281805
?	164.73987271483102	-390.62383432753575	71.51256758202372	72.7062852818592	475.7928204977541	-5599.861014518281	1994.474208102596	-2457.868560910962	7.260896375370845
?	156.8387697298181	-275.7770419626576	70.82582370153682	-76.39611226611186	422.38053007515043	-761.1539608916559	1843.5908419834723	-4928.082961216563	10.728245882288352
?	150.95102061669795	97.89480847522472	67.69276196871807	-109.55851837334691	437.7351224531708	11336.828970297116	1748.0700600417645	12936.280321034426	7.038016731922203
?	161.7335101535794	119.5202398294299	65.3478977828694	87.32194064948932	989.2219785900143	702.0706273806777	2490.404858035203	474.7255612609593	3.5241170136495548
?	156.92703260816953	-205.24394434672493	72.0588590011926	65.35610832439623	472.8386538222052	-9101.555196414456	1771.8063381048128	-14048.352049025003	7.660464777004469
?	151.471312936243	-51.980842977301165	68.61570319908925	96.73265621532299	534.144218769285	54.97258299373847	1787.9872555839427	-4251.907758225356	6.043001811598837
?	154.32799045930443	28.507342823701997	76.89549181195882	-12.031873028649727	475.58728297189214	-1786.0953187836476	1559.210950193542	-5269.097719547479	14.360549514223433
?	152.89668007742813	3244.6580759612148	68.01410954765676	-365.368950941561	444.8394528301013	3089.491462696	1524.532369606565	2939.9874234046856	8.462570118672579
?	316.56089425736747	1233.2703156244293	58.62704426488051	-7.320008605455722	630.0618561066943	5379.028610921253	1706.2103213637783	2751.9473724796007	-1
?	214.56019585865047	-2402.0553606017024	67.64810911738397	391.071448064048	713.7908833761678	-1468.8811106361363	1662.129738230547	-8738.180639860279	7.060322666197287
?	196.45812622728064	3087.4732551620523	78.18061666808319	190.56434913638483	556.6178005748865	-3629.3904564512727	1269.3012893707582	-5184.553185014078	6.271320951732522
?	368.9338586167553	-1242.837220220332	77.17632657420334	-86.74582753999819	532.3213605536016	1060.7151062592093	1402.9020789798394	2541.3243692377823	3.591940531850142
?	134.31626521626316	-4867.064796111017	73.84332529108322	-206.2073024349123	609.6535558878477	1326.1959504663757	1396.3675078326492	5110.714382816145	4.581774480114675
?	125.58061881120095	858.8474825855932	66.86596145245758	-160.72559151344308	598.6311580769213	2495.5376195127164	1658.4377981206503	18267.253057174134	3.447209563368161
?	177.25863934554343	925.2703888627323	65.80704571541095	134.6959022149904	734.4304368634853	-3565.6094497012878	2309.730160691369	5078.2261760202355	-0.7223322092189655
?	171.84413825433822	-128.55428243577012	73.6007565632072	94.62581503648956	420.3506855918544	-6263.006373012986	1912.3491069216657	-12339.13447103121	11.944479370836715
?	170.83092522375483	19.22039775364085	70.5383364672355	-109.40172154330854	421.28011821283155	-974.1235970971329	1692.7734371397996	-2280.178747485424	15.177307039494698
?	172.80515814202028	379.1554605502776	68.1306704860417	86.59628160310366	371.6445057369971	140.50623009930206	1798.3401695473929	-7404.929230034922	13.142286588813931
?	189.78869825126898	600.8984299536542	74.86815054739074	24.32561463729223	428.30542971779676	1822.1034406441881	1322.5269756380483	-3722.2088832187837	15.925877151210381
?	202.8500796397034	471.51335281501713	69.34695121790632	-92.64303317202727	462.7496777692078	1455.0691992340476	1612.229725386451	10314.535566843631	6.702666526173933
?	213.36436589202017	207.22138828406446	70.23599888878931	9.475181143976819	501.05888967950017	-191.9279472534488	1838.2537539802372	8699.206610113151	10.617150947497873
?	213.21114905390678	6.562259513026354	69.82071027510517	-209.78022783675797	453.1532804065352	658.1025751209982	2047.1900558921147	4202.6656260357495	13.324206774713693
?	213.6924788676715	-787.3466897527416	59.74698749695126	-100.08547915303893	533.9640184355505	713.1028568742523	2048.3870352820277	560.6280292852364	-1
?	173.84381456626915	-1274.5034827650438	64.81643631745315	231.6938028236596	488.8084232502483	372.55059154616373	2075.221457356377	-8284.578902821932	2.8232417153687854
?	149.9673047294184	-852.3097741725017	71.33167763813441	25.723418132111167	552.591548012859	2209.600663369695	1634.1580901409252	-13433.179955838801	6.558767013289812
?	131.22832585764345	-476.98096805647316	66.10260722405873	-245.1274771734497	599.2884564187347	-189.42265190796618	1403.5624595644274	-2196.6833698931855	8.353893523521826
?	126.1182563265944	263.1282157351327	59.07530377946175	45.83661010823212	543.1204154174606	-2771.639067240518	1524.3239216462644	-7566.916946329145	-1
?	144.38473664440028	-2.905978984204823	68.39443772947037	40.70450767200142	460.70650305670677	-662.6895245472914	1025.2166122479648	6028.294456596142	13.627401671073793
?	125.97295737738416	-320.73887997600025	61.11052916306185	-139.72735586886813	509.9859391900955	1161.9192618627396	1825.7386444760757	24386.138780908495	-1
?	128.34779264560004	239.9022003222737	61.40806993602686	85.63804774349029	518.8024661498446	-1945.5046655500844	2244.523551293407	3830.91766296483	-1
?	137.96806739349802	49.448453798056995	65.39243155023642	15.967514308958272	412.7107059125899	-1606.9283527495418	2017.28452762432	-8755.273465111712	-1
?	130.82021533550292	-105.7898159460054	62.20644565147479	10.444202292628255	438.45604851236635	4102.191904215625	1806.759878037815	-19063.11341947709	-1
?	132.67857659619767	302.1546023999192	65.91464166486784	-44.68677931829725	617.8203011233741	6420.439913987539	1064.128856650452	10389.362369459479	6.6596500172841875
?	145.9279454554991	955.3882988834796	59.97210668555989	-13.500167322916163	759.4780442117478	-1913.1710281330288	2326.2279965107964	8027.762102947968	-1
?	180.44799154037233	490.9209217757869	65.23963329872203	221.0318456388296	522.1617497167213	-7193.62053389926	1465.516961797856	-23600.925324924367	7.9038708086244585
?	170.4739915442888	-251.68706535868847	71.02369896750153	-164.33586674233518	399.7970175167797	-1674.9059948242677	1146.1817302645613	-5863.615306547129	12.964146542739082
?	167.86363827243773	462.7206479777734	57.02283996160515	30.331022043819896	438.4164499755067	3637.2595405481907	1172.3361964704955	-1677.8005092504543	-1
?	193.6100239431778	362.7896237277758	72.54025006969255	378.01885154310315	581.6599945441918	2642.0769539310127	1062.2917048020374	-3172.0301971026815	7.6787126388838765
?	186.00311945882677	-130.03784178553346	75.92378253876058	33.04293404724585	570.5202976720592	-2166.826890596595	1013.7346866153591	-883.957626273783	17.777597220905665
?	187.10813185390103	-87.17636803925633	74.19239677205486	3.1642194172524802	473.3186500143605	1422.202155302755	1018.0938234883477	-727.1491550954021	14.627087683267195
?	181.6443010568639	-195.37808351524978	76.0819935096232	-12.667819263566107	641.630405437198	3878.3250516522226	977.3772288605885	-1243.2675556095255	13.99233802588825
?	177.3392276781384	-152.9226346003578	73.55900580887655	-171.54972003681064	667.2349025969744	-664.3094035121632	955.9304457078705	12523.74362142335	11.654925661978229
?	173.9981693268459	-463.3914634987044	67.50450750778255	-67.77910527910893	608.4149352615893	-4412.725086237606	1603.5644099317649	14006.13340331683	7.4662481319113345
?	154.16965450320285	-613.9538375190316	70.17005054492105	-48.985377648625544	446.598648285091	-2343.647174813461	1656.237115873722	9472.666561040047	10.482871899861703
?	143.30047745089388	-3103.393090064013	65.05523862535124	-149.0836983139512	491.2325765209146	2309.9594777780294	2077.197737983774	16629.743458471603	8.098396601523842
?	-1	1900.655909923905	62.71586562922339	42.666349201828346	562.0966221739941	-2497.203397526882	2487.724288797314	302.7844694905209	-1
?	238.33327294709048	4872.02948036679	67.18855608544268	222.126543555903	366.37240664456874	-2256.381035532799	2092.3369614583003	-10748.263291386931	2.247154322764516
?	242.601474018343	-4786.665458941741	73.8221928070187	-27.005933766889044	449.2775703973525	10725.237537130546	1950.3111242279597	-1413.5503633849503	5.670307950601271
?	-1	9.704910995300086	65.83825939709821	-49.94636042735735	902.6342835011037	4153.52814776232	2021.6594432890518	1675.06609840966	2.5298308523948845
?	243.086719568108	4371.686909337136	71.32487478565079	149.883723756776	656.9539777854715	-9196.684270387977	2034.0644291484439	-2620.8648103057785	10.055418565357746
?	217.5843454668599	-426.76547122522794	73.33244558493712	-178.47784871396217	442.8000699816983	3105.0241751063745	1890.616202773761	1302.640993734153	9.35190061748177
?	221.7484460068463	330.69362307541536	62.40098234995256	-52.83067872583625	812.2051865407924	2269.8808237609146	2099.1964788351524	-8878.826997218996	-1
?	234.1190266206309	298.4984372323467	70.69091164864527	306.70279359667734	556.2941111697456	-3297.840338708132	1446.674852912805	-19406.73775378874	12.39564328477948
?	236.67336786846386	-76.93975803458618	77.73612202978664	4.991844237030634	647.3131696053835	1159.7295795541659	1128.8595911457016	-7381.014247466619	21.280416335234012
?	230.27203871890154	-111.35605338842778	70.9405038604968	-259.4467037741447	614.2805901474548	-18.642112581580665	1077.6241405394687	1110.59575784195	16.743628580472116
?	231.1055651990424	-74.96783247005006	64.76378684107922	-22.84729285715851	646.3810639763044	-856.916655140748	1184.3893790378	7322.521320676566	-1
?	226.52364709539899	-262.64034707415385	69.79813921763886	185.90628505351154	571.4347573904167	-1860.2951080295506	1443.7502065733022	10753.28682126135	11.632183878374207
?	217.9735478453345	-551.7121179353752	74.05910109375493	63.93873466003777	553.3663085748256	-1439.3532678151814	1722.0537201008751	8035.586047367314	11.852037627578014
?	198.93804119862983	-694.7559401654664	72.9950759506408	-220.72908360300246	499.46709399965664	-170.74709759888023	1845.5295089416736	1177.7335413510368	8.121840034067132
?	183.2357508370607	-3998.76082397254	63.02264691360465	-317.8547142326548	544.8289536948814	793.1924353442561	1780.9403971684278	-503.81314762641716	3.80249668537584
?	-1	-3684.7150167411614	57.10234023900783	-205.8411181488892	539.12671576687	317.27412453459925	1820.3388515603524	805.1422147225115	-1
?	-1	0	52.73059100616005	-179.77338303103537	560.6926599216116	303.92203296266894	1821.197507904554	-654.128508780859	-1
?	-1	9180.466221462757	48.113671087455934	121.89000402079668	554.3228174150037	-1401.8306664225615	1787.632426121309	1985.9171626769867	-1
?	458.0233110731444	5132.722219776085	58.82509120719997	569.8080944621347	490.60112660048253	-3166.1173949023573	1920.4933660384047	3708.1244828125564	5.631589110836969
?	255.63611098880787	-5486.665482721994	76.60407581056307	65.04325155213856	396.01694766988356	-424.09203689383355	1973.0386502619394	-2706.116951318047	8.895593860279467
?	183.69003693704082	-225.62020775325286	62.07725378480694	-235.02524461872247	469.39652475579055	731.0904208360511	1785.1875184725004	-2586.4885653055576	5.767067985642016
?	244.35510060114507	1151.110539363146	64.85281357962678	36.42185240804357	432.57146871168663	-1540.168722665222	1843.7142219966597	917.6211388555072	11.601242977318538
?	241.24556390519894	-197.29891557854276	63.898346405209146	-105.20486817068992	392.38808862252836	3366.664541033763	1831.0685754152764	3950.4493167167616	9.727475446929425
?	234.4901548222178	-650.4110395217326	59.59257017109221	238.9594156841601	600.9046957633772	131.65385254801816	2041.2366878325006	2950.2411213275163	-1
?	208.72501192911184	-1344.3448965126904	75.84631718941732	289.8188076866353	398.97078124992936	-4176.752703044145	1978.5806314816543	-181.67788848795877	9.046257370861776
?	167.2729099965823	-481.27825155227924	74.08351055542418	-224.1820707677794	392.06706061116694	-168.6238992960499	2032.1527934081025	1310.0315673549899	7.0628966577726615
?	184.66109935149754	4428.596152798571	64.63721365102819	-306.17005294671037	390.53958628512675	378.8510806481034	2044.0822098494048	-29.714382747065006	2.6199378427669875
?	388.702717636514	-3713.221987029898	58.77500790808845	-203.8687967977382	411.0096146435724	559.8564124789095	2030.6670742707493	-1183.681855265569	-1
?	-1	-4775.950049305925	54.443773811141135	31.753360652726005	418.5324069090726	-523.7345695674736	1984.8981170861255	-2056.3959773835522	-1
?	149.90521517121437	3525.8332748516473	60.36267594072477	336.54496987285955	384.8228861651983	1027.405564226698	1927.8472754015702	-6577.2913446095545	7.937925518772544
?	175.29166374258486	449.7927270360491	71.27102230478435	73.32802886352975	469.90268512040825	5160.129514166586	1656.033549855643	3202.9460249242948	6.6139683637307245
?	172.39485152301714	1733.3976892913754	64.02907738390131	-151.47599457493354	642.8293618735313	22703.18857186114	2087.994576647787	20673.085770657945	-1
?	261.96154820715486	1799.9213879080594	63.69722257603757	86.96985191937064	1605.0621137134815	3617.8503657638053	2689.687838388555	-1018.2481407105562	-1
?	262.3909209184214	-487.2824389470354	68.3775699798699	-32.53282941299755	823.7218801617241	-8305.893231758706	2037.0821696122587	-8777.33722787307	9.711204479446767
?	237.59742625980275	-574.6224185591215	62.07058110538767	62.50334492362807	1189.7674521255403	-8528.89139331499	2250.8209769948953	-3137.482761012321	-1
?	233.6597999904649	-986.5370512566792	71.50273722605135	71.49321811358674	397.2773104959685	-15868.489285629485	1880.2080315616404	-9286.42409615531	14.130748602197414
?	188.27057369696809	-1856.0546087341063	65.64524201106705	-40.80579977252056	396.34298784405485	4161.194777319784	1786.4997721871232	1695.9744348630043	6.415445776925376
?	140.85706955375827	-1740.961377640507	69.4624472374253	-2.3593501343856027	605.3370493619607	4750.425218388689	1965.0067533047918	2439.951685244475	3.0222164134734215
?	101.2225048149415	-2837.141391075125	65.52727450434777	-135.14480256809568	633.8642487634927	-1123.2163289569962	1908.4973564493487	-14450.452763579478	0.1897847207055399
?	-1	764.1983383866701	62.705207109020414	65.54724141910063	549.1762329141101	-3923.258732974242	1242.4841151258076	-325.55442453810423	-1
?	139.43242173427555	4011.2500306668276	68.80463657530285	180.6628944084268	437.7013121147778	-3231.462562218239	1892.2196352224432	15424.040977790635	4.5180297241060305
?	199.56250153334423	1993.760945293443	71.73835182944188	161.6521342141098	387.60310480319583	1095.4425936871012	2013.6861640153504	1249.4496397669768	5.945727108347484
?	239.12046899894912	834.2668028026646	76.88724328600846	144.70978251685574	492.47344179913364	2333.691612692679	1954.692117210793	-2799.94314529096	12.629772865582314
?	241.27584167347806	-369.32457913687347	78.97384095528477	-74.85346562073723	504.28768543783144	1219.510949534998	1873.6890067508004	-1189.0591253399011	11.832083285092065
?	220.6542400421052	-38.446743321153484	73.14457000497154	-49.7687694335535	553.4489892758844	-43.905591710270585	1895.239160943797	294.64028812914	5.5412124824627815
?	239.35350450742035	4162.167327660386	76.48540248360706	-66.42707981361772	502.0924058523179	-1378.4353769531967	1888.4210211572577	1832.1384654927363	9.90694336222986
?	428.76260642512744	-258.93844975476355	69.82321601429061	-36.6667877562765	484.5272204282236	1873.4001295239814	1986.8460842184352	-302.61048332852647	3.899265067117766
?	226.406582019682	-4142.399866490091	74.65206309579321	128.60359350154187	595.7624123285183	740.059433316322	1873.2904969908311	449.55768270579756	2.7317875955571047
?	221.64261310061997	492.6563302469115	76.25339568936779	90.23831238520458	521.5301920940402	-3019.585042685782	2009.3239683537254	-4687.379418389111	5.505778844920945
?	251.03939853202792	154.3858783863386	79.1639787150535	21.56977610580268	444.78316019422704	2774.167192380675	1638.9215260713722	-1310.4127855701513	8.278519142960711
?	229.361907019937	-541.7758708678181	77.33188449465794	-131.15525575888807	660.2385517130759	-1233.5926431599269	1943.8033290752169	5948.548369811244	3.5589558460094795
?	223.95060498863663	3.8300979552075796	72.606215927109	36.480633260631	383.1035280362298	-3193.9525994319174	1936.3489445619387	3821.5903678158343	4.0483831204078005
?	229.5534119176974	-1120.7912572733028	79.15591615768952	47.672919723137746	500.5409217414778	2720.64038888351	2134.8828474660113	-2148.6476005871477	10.393275855251057
?	167.9110421249707	-747.1310856127618	74.98986191326593	-147.52105239447434	519.1355474804072	-2186.8613026664566	1828.9165645325797	-9297.01091164141	4.433930829803202
?	192.19685763705877	349.3649820045575	71.7798635379657	51.57359201991779	391.1978566081534	2222.801657614114	1670.0323018839342	-5880.102858281528	7.235506548876155
?	185.3792912251988	-1095.573868321404	77.56854151426185	209.85369851327889	630.2756303611145	3229.9551068610704	1534.9114216184992	2570.4505911785645	2.3477702182612035
?	137.4181642209878	-181.8277129097086	82.27254846362979	51.61805868785974	552.6956119512092	-360.27357988507845	1798.5548314428643	-577.9261030746111	4.010732602568831
?	176.28790557971325	761.7677615416687	80.14944444865488	-50.96248601841138	612.2619513668603	3706.427826190522	1506.0151164647682	2590.4078401792635	2.591176274448513
?	175.50655229807177	780.1075581318664	79.72442416270918	-47.24178103574975	738.017003260738	-516.5339534822664	1928.0752234518293	8473.67925300375	2.0222768402260947
?	215.29328348630713	453.2710843036493	77.78735539686736	-82.00215478612958	586.4352536927466	-5748.339379851164	1929.6990791149617	4327.93505440595	2.3868831656069243
?	198.17010651325455	-541.6703371977675	75.62431642340265	-22.77893713116295	450.60003426817565	-3141.2556245144115	2144.47197617213	3.0601745080866314	8.213800677647646
?	188.20976662641837	-1148.5748348654108	76.64840854030919	126.86744856250006	429.37247246702384	26.172477817250037	1929.852087840366	-4604.530186995424	5.564526676486606
?	140.7413647699832	-460.23518009829417	81.96768885152774	98.44282688545493	451.90865815903817	941.4334899100995	1914.2454668223554	579.6853469249809	4.093410401250987
?	165.19800762150334	-2834.8272953996234	81.57054988458201	-191.90020482690738	476.4441469625295	593.8156900948509	1958.8363551866155	1357.9390332452056	5.466145521744512
?	-1	995.2037407977111	72.37267861018223	-278.6688083970833	481.59944266378113	1824.9940190430882	1982.1424184846167	-131.18851601377895	2.4537732903510032
?	214.9581946613896	4392.0009431116505	67.63710946472764	143.65018181899723	567.6938479146852	2864.631391069638	1952.2769293859265	-6159.397872067915	3.0300551655323034
?	218.60004715558566	34.86212032427893	79.5551877011322	115.02505817371663	624.8310122172651	-525.0722662311152	1674.1725248812165	-2928.9975169629215	11.041904178512109
?	216.70130067760357	1031.6519791125093	73.38836237341356	-97.25243079254345	541.440234603129	-1651.3187757576832	1805.8270535377783	4347.778801109423	4.579488713602545
?	270.18264611121185	521.5560556806071	74.69256616150496	21.765303970802822	542.2650734293798	290.86486107281	1891.5614649366908	1343.5177358642286	6.694509282441143
?	242.7791034616343	-540.8597477622132	74.47662757195371	33.549204428754344	555.9834776567698	-550.4803969445323	1873.0029403309907	678.1752961250089	3.7422025979284435
?	243.1396587231008	-222.5457706849218	76.3700263829427	156.6976921666518	514.7410535821527	-1460.553864693014	1925.4702297429417	-3716.8576902933883	6.569242176949449
?	231.65181492738805	-728.6685163684881	82.31151218028641	21.889744233068285	482.95578442211803	-1620.2057130973933	1687.1600558163186	-6592.286816872267	9.501456505359666
?	206.7062329046759	116.16960033520064	77.46451359459613	-121.7843466033818	433.73076792728193	1252.3065103437846	1595.8558888993236	-8616.772670960805	11.338750182441029
?	237.46029494414816	870.9839689829671	76.22229485011724	2.712928974282495	545.5711099393081	3413.978578261712	1256.3214222682723	-9579.926181219958	8.658014350803807
?	250.25543135382486	-45.41635341129612	77.60016004331025	-33.79859588436213	604.42969684037	-1538.879793304462	1116.859579838319	2581.853159368265	13.87902201581019
?	235.18947727358332	-471.76954868748976	74.5323650558991	-37.66463021300954	468.62712027408395	-3441.3130154119276	1385.4140802366874	6738.024254820984	8.484836266004853
?	226.66695391945004	-447.44095922207	75.71692853265975	-38.249836212264114	432.3640460697711	-320.49601264008174	1453.760792579373	3141.314207345882	13.36815282550385
?	212.8174293124795	-342.78169864919414	72.61987324528587	-66.877121142327	452.60231964207964	1105.1726195925553	1542.4797906039837	14809.057755957032	6.782899300537784
?	209.5278689869901	317.7859016325386	72.37307247554335	108.54655539133022	487.62267704939967	4774.543068128122	2194.213680377235	-1079.1009372233686	5.906802628536147
?	228.70672439410666	438.1973511416402	78.04720101485246	59.401614469114755	691.3294730484892	1664.773425538722	1488.5247437428145	-12723.91996824736	6.6308578385604715
?	231.4377365440724	-601.1365082817849	75.34315319899913	-47.5907800349599	570.861348326337	-4666.796294132244	1558.017681964858	2604.0584129859594	5.067511935712537
?	198.64989898001699	-889.1380350658703	75.66766201310443	54.73958162437989	457.9896583418736	-1905.6546947469226	1618.7276643921143	4355.860154475124	5.388346161762939
?	186.98083479077826	199.1303502217869	78.08013228021817	107.11334745243353	475.57861358898947	-47.00329654195731	1775.8106896886172	5056.232374157645	3.194982852823621
?	208.60641649110647	11.82096278764317	81.02332938572619	-94.83700706642999	455.6394935147757	1061.8237230902637	1871.5392831000001	895.5591356577143	6.01974275090807
?	187.57188293016043	-387.05594554243663	73.3382819268966	-22.579289280296244	528.6697997435034	2687.396486926505	1820.5886464715036	-3052.1377635195154	5.029385292430624
?	189.25361921398436	-170.95187745493135	79.89436492171136	84.82671702773864	590.0093178611029	205.9917944266447	1718.9323949240222	-1052.6438038818274	4.086943273114246
?	179.02428905741374	-361.55317259424123	77.57961777828359	-219.11528721481517	538.9693894648358	-684.7534120964604	1767.9564562774115	1271.1805992852535	3.0694671072339488
?	171.17596058427205	1092.5553700602834	68.93860056097044	-231.5125771690843	555.7716472562794	103.22873768640956	1782.4914248882858	1165.5461631179485	1.8452787644708966
?	233.6520575604287	976.7750030527978	66.00398891982921	222.19617552342353	544.1308263491563	203.78898038597237	1826.2337644333097	134.96856630680932	5.515296076572245
?	220.01471073691263	-1322.6560698532517	80.04840933714178	319.8800094878243	565.9610962755781	2488.1773836644343	1789.2398532036264	-5938.296327121099	5.863176585423805
?	167.51925406776516	-1009.8695674941245	81.99798939422065	20.18763638773947	668.5396955323798	2466.058770496344	1529.3189480772505	-8165.403121497454	5.146324115780696
?	169.5212323622057	115.75968997524859	81.05779115652877	-63.25175549383028	689.2640348003971	-1214.393280702171	1380.9696971287478	-3190.217173027145	5.976150516917983
?	173.30723856652767	57.91320744767094	78.8354016195291	-144.43928259626227	607.8200314972704	-4120.617170090092	1369.808089425891	4983.300832587772	5.079219473047537
?	172.41689273458928	-301.2413127474494	73.83582702671555	-100.39923423682296	483.23317629588956	-3112.124044881764	1630.13473875814	9938.77632480286	8.766846851939231
?	158.245172929155	-3468.3378546917365	73.81543990768788	29.120395845080665	452.21382925318	-123.62615900974157	1866.7469056660411	5945.323624392601	8.320486653196443
?	-1	-3184.9034585830545	75.2918468189696	-145.68983808201912	477.0518683454024	917.1390471690637	1927.4009199777743	986.7868918235396	1.141143680990173
?	-1	2043.5032428435184	66.53094800358682	-56.585057835141065	498.07078161163383	2118.257252332374	1916.0862502572188	-5644.564738468236	2.6556098676693574
?	101.17516214217737	2300.092565935839	72.46259392721251	154.71253587990967	582.9647309620226	1783.2497731861006	1645.1726830543585	-8567.533942435786	3.950516099345929
?	114.0046282967936	-2043.5032428435184	74.26657479758241	-216.6424439376407	587.2332702709401	263.60767475343516	1487.7095531354234	1349.6315887505252	6.055962671028116
?	-1	207.55556927356383	61.63047173033032	-219.80245240821176	596.1451146996946	-63.69860838226851	1712.6542624918857	7560.401537848572	-1
?	124.38240676047194	2421.529466312856	63.27645217717166	172.04133845094444	584.0483398518267	-4507.280587860064	1865.7296300278574	7354.551149673312	-1
?	120.07647331564453	-2507.6481352094033	70.23253865287767	77.18622155699823	370.78108530668817	-3693.505472461851	2080.3818199755565	5934.958930355135	5.468381633275543
?	-1	-2421.529466312856	67.13576325502163	-134.9053122291921	399.3730662287315	14329.92988793047	2162.4775765456184	5900.572240993059	3.5274284115408303
?	-1	2869.4424396908266	63.487273041417964	140.01400950017683	1087.2775797032218	159.1973776898203	2375.4104320252136	-4431.255788435393	4.637077478744904
?	142.47212198454338	2837.2418689590354	74.13646373003057	272.0452223063476	407.3329351132226	-13268.656772916589	1940.9147871238456	-10376.928347477258	8.19470929865023
?	140.86209344795378	-52.79934465571766	77.08953415673554	-105.27236846569444	423.844741057383	364.7178503288017	1856.5640146513433	-2401.031455504683	11.245206535761758
?	139.83215475175746	-26.294107460450018	68.87284530674577	-232.32472348200514	425.56882762966296	991.254048535438	1820.8632143486097	-5555.944677654605	8.927351489099547
?	139.54738807493126	-95.02622041919018	65.47329798263512	-8.78366426912594	473.4074434841556	2027.39186576038	1578.7667807686091	-6684.658601030083	-1
?	135.08084373079788	1845.401569743273	68.43366209328947	200.2659825740335	526.9384209176834	738.8055820633267	1486.6302842971008	-10487.678045138106	3.8736415230494305
?	231.81746656209623	1832.1522415243664	75.48659711133693	106.65671063985646	510.34772258732244	2509.2457258068894	1054.3828785116964	460.6746463021162	10.614389858397015
?	226.6884558070175	-212.91293178245706	73.76649762528237	-42.8659197196816	652.4007072080296	1755.154668854309	1509.664016612207	2894.140251777094	6.5716717403800375
?	221.17181997297322	-4553.769116140285	73.34330112535282	-92.39147922582856	598.1054560300391	-866.949377423497	1199.0898911005531	-2493.8688377105254	1.383195479923955
?	-1	-64.60926968744637	69.14692366399088	-60.380855990883326	609.0532383368542	-1054.006751229159	1384.970574726679	10724.941166533119	1.2410217544165232
?	217.94135648860086	4249.385584150527	70.32425832580861	20.466354188941402	545.4051184685804	-1312.046586488263	1735.3369494272167	9256.755813030923	2.192393531581124
?	211.4692792075294	-430.3203827980975	70.17024137343796	-54.00243414674699	543.4509090124401	1648.472482759734	1847.8083653782317	-1143.480282912553	7.172769996680674
?	196.42533734869568	-1348.0132060512512	67.62413661847123	127.68117053497508	627.8287426065683	1260.4003483250588	1678.1629352815883	-4543.485197656882	2.975064161623676
?	144.0686189049659	-1040.4335013149675	76.5542999001868	136.8134570804961	606.4709264286939	-374.7150225143415	1620.6341054953843	-4823.888097177564	8.671883808061212
?	144.40366228294656	1189.496300917444	74.46480947249613	-125.44060961247929	609.092991480851	-1921.6200686157583	1436.9685304227066	11036.934600637198	5.206791881921917
?	203.54343395083893	968.766656639442	70.28226941956275	-33.87882584551457	510.38992299790465	311.9843848695883	2172.480835527252	2711.294401004591	6.24626193919128
?	192.84199511491934	-4090.8686790167203	72.77086818022038	90.97486213647797	624.6922107243306	3046.885978628519	1572.533250472938	-17187.279025831474	5.851200744285764
?	-1	-3876.8399022983317	74.83101252638672	-67.33937705777085	662.7342219293328	266.84497740778244	1313.1168842356662	4116.973102220596	0.25026473354205575
?	-1	4177.936808836671	69.40389932733179	-75.18694530662437	638.0344595947199	-3735.9164767493876	1778.3819055839708	9876.253716330408	4.608437306021009
?	207.89684044183653	4143.602741496502	71.07166526105544	5.701323155350541	475.93839809186073	-4185.955874826568	1806.9295700521936	2567.126623483855	12.079297258425058
?	206.18013707482805	21.229000892169818	69.68896548509932	-71.16648739957226	428.73666585338856	-1066.963360060999	1906.7382367581654	1522.5757543375823	5.275628833662297
?	208.95829048644504	322.91461069485814	67.51334089107678	83.01543005040567	422.59023008881	2668.50548079209	1883.0583577690738	-2379.1555243800785	2.770161759954238
?	222.3258676095712	153.30584070807058	73.83973698761966	60.90330933588545	562.161939892995	1402.9039914429932	1787.7804605391598	898.9575130839021	11.79334797994592
?	216.62358252184868	-222.70853176493657	70.5585063578711	-87.08907277116045	492.7354296609607	115.63061220126491	1928.0062334232696	4495.365383499038	4.539898809598869
?	211.1904410213242	-2742.0755985751507	69.48528334906158	-11.865328726966142	567.9434705030583	3384.05499469331	2012.5487297141149	2862.6089226326444	0.308097839785943
?	79.51980259308921	525.0521173918053	69.96523992152278	-44.11994023326508	661.9381793956286	118.42462412602404	2071.136679554904	3175.92101244627	1.6614919195489513
?	237.44304689091484	2453.666670449401	67.27928633739829	-77.94458883748663	573.8647017093596	-4134.090586991099	2171.3447803364306	1254.528171241937	2.4990044935237647
?	202.203136115561	-1763.694075391632	66.0680104796484	-21.883366372242932	455.2336500460707	-4982.795680527254	2133.8630881170016	-204.10834128752577	5.44286862393534
?	149.258343121332	-462.64659034672457	66.18511801878613	3.7341458953371824	324.7249176829933	912.1354898445925	2161.139363272054	126.68927971196173	5.131112887475484
?	179.07080659822444	955.6630601948491	66.25471777441526	180.59662563066013	500.84042453830097	2173.8326712479156	2140.1975521025997	-7115.584871268196	4.869264088515953
?	197.04149613107512	630.882534381442	75.21494930031926	246.5310697271038	433.4165512453906	-1353.6530220890404	1805.3601197086393	-7022.519325131752	7.841119040677791
?	210.614933317297	-116.32345823301483	78.58127126077062	-4.528791608888632	433.157773433848	-868.318836048826	1789.071585846007	1564.5000239705046	12.39867993913219
?	191.2253232194243	5.145019358916938	74.98850971987483	-56.70514428568344	390.0006094429487	1464.5327528405205	1883.5851209071657	2585.83100204175	7.977981305357633
?	210.87218428524284	727.8635095167646	75.74601404648641	-18.02895802734443	506.38441107587505	5613.1266313540245	1918.3631359480964	1613.34812464504	4.925647193837216
?	227.61849869526304	-500.112709625283	74.08706181850759	-84.60845412804495	670.6569410106539	4331.933100513081	1964.2525271394188	-3736.638466497908	2.905915543374095
?	185.86654880397833	-875.8012160823581	71.5155913400841	-72.55384138831839	722.9810661015322	2251.817547917276	1731.5312126231984	-5890.3727575872545	7.09633114872418
?	183.82843789114452	748.1080375733098	70.45936974909162	132.84588549723776	783.2478184065193	-3425.3990055834643	1669.733889260052	2235.562533780244	6.478028753385727
?	223.27195068264436	350.9517113408857	78.15788561494608	171.14011088076023	551.7111158223565	-3305.0113048533044	1843.3093393122122	-544.4908341357918	5.26180411126357
?	201.37602345818905	-1012.9057591153347	79.01637529312976	27.494779459146805	617.9972531638517	2710.6911637710664	1642.509347553262	-6695.368318687442	4.872872871374684
?	172.6266627268769	263.3881501555569	79.53262458790344	-58.45324767024382	687.2456740109118	13.779148062871887	1508.5409233778353	-4652.4451222925445	1.7651104531123956
?	214.54543096596709	1880.7279516833478	76.09371290961752	45.064722831815445	618.6862105669953	146.45318157858603	1409.8870914386314	-1160.914564052811	0.630535829966514
?	266.6630603110456	1162.4541703503758	81.78586072949425	34.69341548252125	694.5683330898412	23.847602626253437	1450.4951951751939	2813.1216247374105	3.439792118030153
?	272.6681394834867	251.05998093748764	77.82838368374361	-131.170844428117	619.878590698308	-2596.757611419925	1550.543172675504	9283.798539870535	2.591504681691112
?	279.2160593579202	47.23306725911972	75.2273185080883	-0.21975920643825161	564.7304525188431	-2179.4198113103216	1914.6851221687273	7750.689489120722	1.1644822847867413
?	275.0297928464427	-5604.321187158324	77.8173957234217	-30.880518130752662	510.9076001327904	-1106.4505000392674	1938.0776471315455	-447.6787979307419	3.159746151487991
?	-1	-5520.595856928776	73.68329260155065	-203.00496850300527	509.40792751687894	2284.2982057353156	1892.3011822721899	-2712.3984089649207	-0.5863615102363898
?	-1	0	67.66714729827129	-242.27823979436775	625.1225104195578	4013.9934242265313	1802.4577266832976	-1661.853794139537	-0.8410240701401072
?	-1	0	61.56938061183209	-256.6802767626061	710.1075987282084	687.4092181377926	1809.2084925652118	138.7387237864667	-1
?	-1	10288.05888338069	54.8331334601408	-37.896708647703036	659.4929713264479	-2810.477837341251	1809.394662872621	-1569.7182723189012	-1
?	513.4029441690418	11032.792956596579	59.67454517944691	141.65909110298355	569.5837068611438	-366.0362266951022	1730.7225789492657	-8649.155982623424	-1
?	550.6396478298368	-6860.471275833056	61.91608801529008	153.37744077517905	641.1911599916925	2229.292482982296	1376.9368637414436	-9299.289338782832	-1
?	170.37938037738414	-7361.081037075688	67.34341721820597	130.81827487581165	681.0483310102602	-2038.9849555265353	1265.7581120101174	-4275.467413944623	7.927850344547092
?	182.58559597604716	120.36449400771971	68.45700175908075	84.99695387439395	539.2419122153643	-3202.9712057767915	1163.1634930442094	-402.0062778628141	8.284259853025034
?	176.3976050777702	-882.1372836641524	71.59326491192573	8.831504896828209	520.8997707214184	-1515.1401298784424	1245.6577981169764	16191.63394090757	5.224095827719059
?	138.47873179283891	2160.3894938460962	68.89857700392217	-5.370723963472907	463.4849057214411	2608.5174239276025	1972.7451900895994	18852.936919551496	5.55603726315228
?	284.41707977007655	2826.0726998133246	71.32472871375208	242.53612949137275	651.3256419178003	2770.221965527809	2188.3046440945645	-682.8553239625984	3.334461783863328
?	279.78236678350714	-894.7690317510862	81.02538347849098	15.952495251099833	601.9960039978336	-763.5330761951769	1938.602423891469	-6368.823671480964	2.4089167427825897
?	239.6786281825216	-398.463515613704	72.12235347630708	-33.92646094265794	613.148988108041	1189.7727551376502	1869.8634605205118	-10177.179102811566	3.937406999877234
?	259.85919100282166	245.40710561448682	79.32906043135806	135.37049048383955	661.4846417547169	53.20645935346572	1429.7434687508835	-6795.444527100866	11.801300147915757
?	251.94898346324612	-127.4472044616373	78.89087800049916	-47.575161466628124	615.8093110757143	-1255.996116566385	1530.0912341654637	-294.62674549673955	5.696033394267944
?	253.4868307797397	-405.66612181304714	76.95030235802662	-52.609596889134984	598.6848359263968	-388.11734758525193	1415.0121314760463	-293.4221373293671	7.188968623704807
?	231.66567737259348	-1086.162717349963	76.26039815604237	2.9114194797864044	596.4034436964514	3664.752594441493	1515.420127298995	-3440.7259916712073	7.767551969931185
?	199.1786949122408	-438.6923523507073	77.09587333201594	70.04213434433709	781.922465648474	2108.313336203509	1242.9758318924835	-1390.303290226878	3.2252463465521215
?	209.7310597550578	400.8431590817298	79.76250487325928	17.292412707446697	701.8191105066284	-3437.5211887264313	1445.9049627876502	4326.651984396883	4.176068834967049
?	219.22085286632756	405.9768444590656	77.96049396738829	-38.54784431751087	610.04640621215	-3339.4833394109633	1459.3084311123307	88.58473227332398	6.891415140775092
?	230.02990197801137	436.4346382554226	77.8351126573837	25.355074876946087	534.8449435360778	-2297.5569978570697	1450.3341994013165	-246.5664348214306	7.5521106303606915
?	241.042584779099	267.1087980396057	79.22824771123561	-205.64944502670718	495.1685563192949	1001.6902737936215	1446.980109371259	-1566.4252163167434	13.06850459140244
?	243.38534187999184	-492.9038518051247	67.5526404060482	-235.97132918619286	584.9294572257596	1859.2787744621169	1372.0129385854782	-1697.9087438468637	5.9337219706261015
?	216.39739218884242	-181.58202361285387	67.4296812519258	284.14744087860066	588.1324950424021	-1903.030837958544	1362.0846721789146	791.3235052095639	4.416481246067093
?	234.30624069934902	1014.0017409506888	81.76001244997843	341.68517371779643	489.77791532783107	-1939.4450598316346	1411.579113845957	3345.7009497601007	19.566210572942875
?	267.0974792363776	4766.706030655171	84.51393993781586	-93.03479175637004	491.16024205081897	-12.454236395563889	1529.369719666922	5013.163993912255	21.685978325566587
?	472.64154223211096	4032.8240956152054	77.10827286215987	-258.07684960646185	489.15520350805286	-239.64524420871044	1662.2373135415733	5899.711611070459	8.366282305285656
?	468.7386840171407	-2173.9250550864585	71.61009745749259	-69.62774776368931	479.1779798403833	-954.6393414026774	1824.3553002204492	7573.2232920949145	2.4541428781562216
?	363.9452894777865	-5024.427716414693	73.62688547397535	91.37318731478315	441.4232364379183	826.5464027347522	2040.8984781463244	-306.0133279876938	6.559652351171297
?	217.51729819640246	-2579.328522418927	76.17875682323181	42.43322294383372	520.5052999771215	2017.1299545174268	1809.0546338210643	-1344.3294399587094	8.336198458024379
?	234.9788633568383	867.1941128403912	75.74854662116707	-37.58328000027863	542.2797341637911	-1007.2099718757459	1973.682006148388	3615.750422106588	4.254613452604683
?	260.87700383842264	-243.08386616998115	74.29959282321785	-9.649690834968828	470.14480138333346	3279.817478896606	1989.8421549263962	-1449.0930461440369	6.141386833724077
?	222.82467004833907	-488.7539041925071	75.26606207941862	91.7703012264293	706.2706081086237	3741.4092601441876	1901.227353841185	-7998.5897648398395	4.88799372740955
?	236.43930862879694	445.5469723872158	78.88810788453938	88.6500018210363	657.2152643905455	-2719.5105718578475	1589.9126666843986	-8016.753131311589	5.463122088196254
?	245.10201866770018	-2368.447882111109	79.6985621704705	-62.08472306492209	570.2950795157294	-2901.145964257225	1500.3896972756	-2474.4198893299667	4.375598251589404
?	118.0169145232398	-4922.040373353933	75.78387173129323	-194.0169240901711	512.1579661776822	-164.68922344162132	1466.1916722178985	4070.7062287796284	3.8380512307177357
?	-1	-2380.3382904647624	69.9977159659618	-99.2337931642564	562.0606183436482	-403.6968163246342	1703.9250087145842	6762.161922969889	1.8394746582118573
?	-1	3908.539747168462	70.82218207308034	165.29595712609697	491.9731253614502	-2686.043803479892	1804.2997683663978	858.8526362219697	4.303218431661527
?	194.42698735842586	3709.573170839693	78.26251382226677	23.149574958779294	427.7584281696517	1739.1146695153102	1746.8676405256833	-2716.778981089649	4.0115920710702575
?	184.47865854198727	-83.31101555777703	71.97966082101932	31.680018589174328	578.9288588372169	1472.3921605294818	1668.4608193119134	1949.1361651222264	3.349192432723261
?	190.26143658053695	-69.85164064789743	79.84651475172551	119.13893954269811	501.37803619612686	-2689.3327432116057	1844.324448781796	3913.3104884064314	3.869533309068584
?	180.98607650959235	-104.70098097531626	77.93660779815431	40.81495781237321	444.4622216766347	-2079.699673600268	1864.1263437322377	-2342.010100925039	2.203468601341607
?	185.02638753177106	-289.10317520510137	81.8872626423442	-0.2586459536419702	397.393052516112	449.8023090171846	1727.2239437355424	-3741.5523637294805	12.126230570311598
?	166.53091774933708	1100.1461764090855	77.92367550047221	-111.67034131725143	466.9523371274943	5528.702232239624	1677.048725545761	-4467.94303887943	6.536778130801468
?	240.03369635222612	1349.8796218065413	76.30374557648155	-44.64237512963472	673.8281641280971	3451.472658287199	1503.8267917915678	905.4821005828634	11.034898975713583
?	234.0248988396651	-804.6751480199849	75.69155674399045	40.09403566828297	639.5259700418567	-1966.6103203739447	1722.3228305749049	1017.8924996116522	9.563655710048966
?	199.7999389512263	-2491.658344528685	78.30844735989572	62.42868418474611	575.4976481093985	-2911.3175731004876	1554.721416772151	-4871.177559133293	7.0329069860725495
?	109.44198161322907	-4015.998779024469	78.8129909532278	-136.400783015767	493.96009138683024	-1675.8047580004961	1478.7639526182368	1773.1607979089833	3.952371065521613
?	-1	2186.175569310048	71.48840820910728	-161.57817246806698	491.7074102093725	3193.892179526562	1643.3794566676015	10874.901154495297	1.7178458050024643
?	218.75076007873304	4443.743302264058	70.73408232982433	173.64240504650107	653.6547003631606	3456.772878515072	2022.5090103430093	-994.6225740493533	6.450317162065597
?	221.18716511320605	137.3321195141344	80.17052846143245	153.5607657207053	664.5460541351285	-1021.3473485941327	1593.6483279651331	-8566.2939102456	10.935796967530651
?	225.61736605443986	-949.5468997318308	78.4121206158597	-131.00772238331825	602.5873329334532	-2811.984218403719	1594.1943148307232	9151.494067061687	3.6796834146170334
?	173.70982012661383	-944.535940810451	73.62014234226645	-62.26275306152328	523.9468432149406	-2623.8122627192674	2051.223031318224	9187.299532014818	5.745621027153388
?	178.39056901391663	-3474.1964025322272	75.2989829627835	-1472.402846845308	471.396719797488	-10478.936864298663	2053.5592914314707	-41024.4606263639	6.901573950509528
