rowLabel	avP	dP	avI	dI	f1	dF1	f2	dF2	h
?	231.27525398864452	4273.055321648308	74.17479709906192	1389.61980485475	313.2473249284309	6902.628848430593	2360.533856674007	47940.70869758766	22.06878367984759
?	213.65276608241538	-337.46474421104665	69.4809902427375	-250.42697360262807	345.1314424215297	412.2566597581192	2397.035434879383	-443.9985523575888	17.867493787650993
?	214.4020167780922	-4293.055321648306	61.653448418930516	-309.4565806696635	333.86015791633685	-1128.4998735963752	2338.3339290561275	-2825.426081626364	8.812327472051486
?	-1	-4308.040335561845	54.008161209254325	-296.5124195938713	288.7064487417109	1378.515036998805	2255.764130798065	-5059.229045408202	-1
?	-1	0	46.827827439236955	-198.5515754740823	402.7859097662771	7911.117096114178	2085.3724767857175	-2503.566010622481	-1
?	-1	0	44.08058243555021	-63.43550722251537	684.2623035474197	4942.065760972677	2130.585830266941	544.8924401885871	-1
?	-1	0	43.65605207811119	8.827377049048268	649.8891978149109	743.569242072606	2112.617098795147	-1747.6566998727508	-1
?	-1	0	44.521951288002626	60.17217102355987	721.44076565105	2998.861573972959	2043.2029952733033	-6.887158630624983	-1
?	-1	0	46.66466062928918	22.532074235879097	799.8322765135588	5617.3727837117885	2112.2727408636156	862.407832600202	-1
?	-1	3095.4794053553073	45.64855499979658	132.66716698838795	1002.3094048366394	-4769.34201096792	2086.3233869033133	-7566.073525839667	-1
?	153.77397026776532	2584.3683153864185	53.298018978708576	381.6238745098171	561.3651759651629	-7147.5152940767985	1733.9690645716323	-10362.176121356197	-1
?	128.21841576932104	149.3034893268178	64.72974872528745	452.12724349827425	644.9336401327992	-1833.0750419603414	1568.214580835503	-7918.735074737462	7.002045333621301
?	161.23914473410622	996.643415333514	75.90438115362231	229.42718379107995	469.7114238671457	-4791.207445141066	1338.0323108347588	-5017.50636895089	8.165618552400778
?	178.05058653599679	104.51323846241327	76.20110791484146	-71.9299902823152	405.3732678757456	2189.3221657208132	1317.3392623879583	1222.6823858028763	11.246735432045295
?	166.4648066572269	-825.2506318375736	72.30788163950655	-258.92807490431085	579.1775321531865	3009.7538177152624	1399.1664301249027	1172.7805049648248	6.2341771949254206
?	136.78805494411807	486.5975126471876	63.2547041696259	-267.75526377525483	555.8609587615089	713.2799286703987	1375.9782876361996	-360.3090169938192	4.090960149890806
?	190.7946822895863	967.178705876096	58.92011845074379	245.69351406749908	614.8415285867064	-3393.4999752133594	1381.1509792752117	-5055.160266614134	2.3210096643774847
?	185.14699023792292	-129.81319747313012	75.53937987300087	28.064982634649713	386.18596000084074	-3841.06812819643	1123.2202743054927	-673.7399162862988	15.933520721733368
?	184.30402241592978	246.11647298955666	60.32336758247628	-380.8515135730027	422.78812217688477	2736.8188160008253	1347.4639834608968	20524.2629786619	12.948568544436014
?	197.45281388740077	401.6753491865148	56.496804194350716	204.48698191807296	523.0269008008821	-1110.4311305621143	2149.4334232385886	15318.41638597897	-1
?	204.3877898752555	-204.15468225507578	70.54771667837991	348.1144747593365	367.26656564877914	-2792.1049409045895	2113.384802759844	-942.8043773429082	16.41153766119742
?	187.24507977464697	-570.3288609524925	73.90252793231755	70.12048565614799	383.4216537556525	5140.400113346199	2102.293204371443	-4143.314117189462	11.929295915353551
?	175.87134682763084	-341.8715392513977	74.05374096118732	-157.8303348922249	624.2865713160893	4200.565630919958	1906.219096900371	-4716.64363600994	7.134170534630681
?	170.15150281207707	-3537.426936552614	66.0110111877063	-157.87985754899196	593.4499353016506	1.7875119011364389	1866.461022570946	1925.201098757887	7.541953899971885
?	-1	-3423.030056241538	66.15974808373771	-31.641816365694496	624.3759469111461	1614.194205192899	2002.4791518382654	4700.655586044322	1.3456050884937694
?	-1	5772.343909175713	64.42892036942158	53.47761525270324	674.1596455612956	-1891.9099567821474	2101.4938018731623	3926.140356040729	-0.7752294354392225
?	287.6171954587859	5903.207698323663	68.83362884637288	221.9885487739891	529.7804490720387	-1978.2752238280823	2198.786169640302	-19704.610299506276	4.243990969900675
?	294.16038491618343	785.7693862824958	75.52834780812104	144.2572047564353	575.2458843698914	2069.2009458637317	1116.2632868978476	-5267.32105844957	16.05717995363343
?	326.9056647729107	1415.3025406320498	76.04648908419465	63.34116509625227	633.2404963652253	-2301.699784028231	1935.4201167178232	191.61632354568593	16.5564692355927
?	364.925511947786	-171.40839325782153	78.69540606293366	-109.42493824900613	460.1608951684798	-4404.698911568527	1125.844103075132	-15309.848413155829	15.123728398031394
?	318.3352451100196	-2322.7642522349324	70.57524217174434	-210.7468917335266	413.0055507867988	1224.331667725204	1169.9276960600312	17531.396050564603	14.236222950665173
?	248.78729933603927	-1700.6004660539738	68.15806147625732	23.339747314333557	521.37747855474	-192.66996927787528	2002.4139056033628	11847.733980184306	10.788103665462444
?	233.30522180732086	-676.606916708655	71.74222953746101	-36.76792118181904	403.372052322905	-2620.3055022973854	1762.314395069247	-3399.599822853694	16.425156521001988
?	214.9569535006065	-572.6631088395801	66.31966541716636	85.75493983390281	390.36220343987065	2602.1750735490764	1832.433914460678	4421.631723251854	5.763928603165112
?	204.67206636534183	-457.4214310327223	76.02997652915616	80.7738909479982	533.4808060003589	1397.2465270456462	1983.3959812318399	3213.908721144455	10.73343854294656
?	192.08588194897035	-352.70774082973355	70.35835996456628	8.709869760800181	460.224529792153	-2969.1655640465087	1993.1293505179008	2904.5515413773746	9.147064105839935
?	187.03667932385514	-160.71861278603237	76.46547001719617	-68.66918587103123	385.02252779803337	-1272.4336230055553	2128.6235583007087	1360.2109217980012	16.7537761133758
?	184.04995130966873	-62.59973346615874	66.92490067101471	-332.4822684395042	396.6028486418752	2868.2936469798206	2061.139896607801	-10112.524707099365	19.2629158928441
?	183.9066926505472	-121.94100542438025	59.841356595220944	-123.85433644046489	528.4372101470245	7120.8134103704615	1622.99732294574	-12915.66266326762	-1
?	177.9529010384497	-170.4034823996051	60.73218384899146	227.79806879744848	752.6435191603986	3515.911013687472	1415.3567634444194	-6472.091298522446	1.975632703997046
?	175.38651853056697	569.849129490834	71.23126003509333	175.7508115636937	704.2327608313975	-3061.1227937393705	1299.392758019619	-988.772348451438	8.073680909749257
?	206.4453575129913	1820.5376144747734	69.51972442717612	89.71954972545663	599.5873794734306	282.93838182719	1365.9181460218476	9688.281182262374	7.084001896340528
?	266.4133992543053	1827.486252348846	75.71723752136614	86.74437669621457	718.379679922757	-1477.8070480105391	1783.806817132736	15918.658367701853	8.421332469573278
?	297.8196701304333	227.9315157693835	73.85694326198683	-56.629110256295036	525.6970270729039	-6483.326124450266	2161.8510644069374	3178.590781698342	10.68258239048289
?	277.80997504277445	-828.8527002959809	72.8857820085514	4.892097695550053	394.2133737002448	-564.5620000340873	1942.7363562176524	2680.6154544510814	16.854503306790058
?	256.3770351156344	-780.4213641421443	74.10154814676433	-4.498993933951867	497.46892707119963	1233.5475764788541	2295.881837129491	4595.09215670825	14.38607647127977
?	238.78890683566738	-476.8313602686385	72.66083231185381	-177.31988610256627	455.8907525241873	61.78625893017419	2172.490964053064	-2453.027251290932	15.091957734912715
?	232.53546710220255	-243.94525628911225	65.23555384163605	-160.15176474632113	500.55824001770833	1585.7763329848524	2173.230474564945	-7012.611970517534	5.682083397154484
?	226.5916440212118	-540.8644813542755	64.65324407453778	-118.9494248528544	535.1795691734296	3643.7032592482688	1821.8603655271886	159.70895678160616	6.775034044206885
?	205.49224303448887	-4551.832880424252	59.28808259899335	-24.069326847046227	682.7434029801211	9441.852417801789	2181.215922404025	9963.199992740827	-1
?	-1	-78.52388985511283	63.449777732185474	212.67277260612224	1007.2721900635174	-5188.98036539288	2320.020365164228	-13192.300323529018	-1
?	201.56604854173324	3894.7783340107617	69.92172122929942	-93.99500150114098	423.294384710478	-12119.427477627934	1521.6009062275766	-13017.374515034107	8.388579233391774
?	193.7389167005374	-1438.7424507409667	58.75002765712844	-62.58782755642891	401.3008161821228	-434.852889232382	1669.1516394125251	8386.746092072846	-1
?	129.62892600468516	-806.5432040198635	66.79232985147799	267.4018526032044	401.551740248859	1729.9657472059168	1940.9382108312175	5388.543200768382	8.351656402151534
?	153.41175649954437	2511.3532274422814	72.12012028728861	143.47281153360677	487.7991035424183	2524.7980337486547	1938.5787994509433	-2687.334296008167	7.707935623757832
?	255.1965873767988	4618.436558831226	73.9659704281583	-165.1371395889298	527.7916419362913	-1125.2847043800928	1806.5714960308096	-6729.123631800513	7.912111407317539
?	384.33358444110485	-230.1675067327798	63.86326330784215	-251.73958874648224	431.5348683234139	3284.9892265629005	1602.1226178609188	-14.139355393890632	-1
?	243.68821204015984	-3911.219872345129	61.37899099083423	178.95669376995065	692.0411032644357	4304.288347947549	1805.864528261115	-8462.646842243861	3.258420022062486
?	188.7725908238491	-1024.250087014003	72.81109799633966	170.8533626662329	646.7492857207906	-5516.3419662711995	1178.9902757487273	-11293.904447219611	11.431258941431201
?	192.47570768945988	45.55416506268289	69.92165912414585	-43.21409412555242	416.22400495087675	-475.54622693537283	1241.1693059001366	-1399.4605794476142	10.353297382548636
?	191.05029907698324	-591.9251406848227	70.65039329006204	-60.761235436865135	622.971974374022	3549.880880079542	1109.0172467763468	1002.6841219244023	5.986511775764672
?	162.87945065521885	-1172.2623893774057	66.8835973523026	7.853177922604316	593.7180489548532	-3968.9123419751395	1291.3035119963565	16001.452764494563	8.736987709983362
?	132.43717960811315	464.5125832120635	71.04305218619226	81.90447539770076	424.52635727526575	-3777.856628714826	1909.0898850010722	12835.657495328802	9.679022629710946
?	186.10507981582194	1074.7440959045382	70.97882112218763	37.1802754209348	404.8252175191126	-333.57609153562413	1933.0863867627943	-12165.420624374854	5.742106744328372
?	186.17438440333987	-84.47376427107629	72.90206595723899	31.512393113799362	407.8475526984846	1123.1187692849626	1300.8188537823316	-13401.804392383785	13.346481684993734
?	181.88139160226814	-11.976708299006347	72.55444077787759	-11.202929261193372	460.9811559833605	853.1142771116637	1262.9961671436074	-517.4260175985519	11.0018904937325
?	185.57554898838956	-125.90492454891931	72.34191949417932	66.52818246644894	450.50326655406764	1147.6179508018204	1274.9475529024041	-5303.616178637595	10.088560193948869
?	175.5861453748222	-282.61114237501647	75.88084990120002	95.374131674318	518.3620535234513	-500.4618768242569	997.8153582117286	3038.1726614643067	9.178141486930617
?	171.44499186963878	6.592233473235774	77.1106260778952	-65.67651608301725	425.4801727128549	-3027.2179666153106	1426.856185975619	9996.377398804325	11.667446930945172
?	175.91575704848398	192.09364396987735	72.59702409704917	-10.316255168405386	367.0011551926863	-456.1129294721405	1497.634228151943	9920.161099746309	8.84615225100747
?	181.04967406813262	71.68682947979417	76.59481331947494	66.01391171800226	402.67452623924794	1127.7148355575077	1922.8642409629326	12136.785536537402	11.253239259424076
?	179.50009852247368	-213.01262223983392	75.89771968294927	-79.16655345714446	423.3868969705615	1190.5938198721512	2104.473504978811	1931.7651729607473	14.035375983554019
?	170.39904295614096	-487.2559967206257	72.63648564661773	-269.4270962144855	462.2042172328553	498.21565480260637	2019.4524996109697	-1761.4825151153555	8.227167889359635
?	155.13729868644248	224.54186190438543	62.426364872225044	-319.3591564888385	448.29767971069174	-153.737326818171	2016.3993792230435	-3194.294368514204	9.182992339811717
?	181.6261360513602	-3122.7459737288605	56.66852782217586	-184.94670771761955	454.51735089194676	551.5839047269272	1859.73778118526	539.5767730907229	-1
?	-1	-3652.522721027217	53.1790294863441	-53.83872651294558	475.876874947038	1854.0411112118907	2043.3782178775796	1165.8218861039036	-1
?	-1	0	53.97659149652859	194.16620921524026	547.219406452541	6603.643906445164	1918.028875490455	11643.181120402602	14.84220045782827
?	-1	3042.9949188175638	62.88733994710608	343.1469244243291	806.059070269295	932.6118857149742	2625.5372738977076	-10855.269963286957	0.06081299190539269
?	151.14974594087764	2989.3981077955723	71.13393771774499	266.395910249906	593.8500007382895	-7289.9410064086005	1375.265377326109	-26286.325609176896	11.37996055086988
?	148.4699053897781	-27.353502337776472	76.20713545960133	20.65617598710681	441.5620199488663	-5589.037092935713	1311.2209934388675	-1846.596727249732	16.701313091686796
?	149.78207082398882	17.903186327672024	72.16674651710032	-39.11801083498332	314.3981460915048	-1833.2956750026026	1282.9355409636228	5661.596324714939	17.33036671727698
?	149.3650647061617	58.297214938369486	74.25123491785217	75.2150947298196	349.8972361987365	2239.3770066018124	1594.3008096746134	13478.610795065486	18.00636860004299
?	152.69693157090728	256.4191508987685	75.92750125359129	38.40309504332097	426.36699642159505	1477.2560795494765	1956.8660807168947	10839.118363304398	20.016023201675768
?	162.18602225110007	411.21943971099574	76.17138967001822	-17.450222916704153	423.76004017621005	-99.17286301896219	2136.2567278398315	-684.6912908589753	19.445057561133165
?	173.257903556457	-69.6087711150309	75.05499010775608	-131.60297118051193	421.40835327064696	636.0778831490052	1922.631516173946	-2230.6745325676625	15.697390426586978
?	158.70558369534854	-3485.158071129152	69.59124111099264	-404.1290608640918	455.5639343336602	1303.5270194255668	2024.7230012114487	896.4710891296122	7.998338023725412
?	-1	-567.2311067958308	54.848537064551564	-41.6976570939626	486.58470424192507	696.2525128652637	1967.4550706304265	-7189.21889158605	-1
?	130.3440283555571	2474.064128329582	67.50635825629452	388.5754126274471	490.37655997692326	395.5111283667466	1665.2620566321475	-10388.962180240484	7.838269675747506
?	122.70320641647868	-332.1093561907694	74.27730769592385	122.71748395708003	506.3602606602623	-342.7695037089655	1448.0069616184041	-4982.690611037182	10.326994754291787
?	113.73856054601869	-177.83826166936427	73.6422324541485	15.162192400413002	473.23808479147505	-764.8323388099839	1416.1275260802893	930.2365412489086	16.8954905140937
?	113.8112933330105	-34.95555772545868	75.0354173159445	20.83141896505403	468.11864371976327	-198.94289143042172	1494.5187886808494	2821.073965282304	19.190932692711623
?	111.99078265974576	-1.5050074236370445	74.6838034024012	-30.42795982846581	463.290940219954	-59.3062422677567	1557.181224344404	528.4425910337287	12.101150097505956
?	113.73604296182864	-22.33061093576773	73.51401932452122	11.163652902993174	465.15333160637545	-388.7056360997817	1520.9409182325358	404.0927922491724	19.450062780718902
?	110.87425211295738	-97.45865120658243	75.24198604755085	-81.59174723607606	443.855658414965	-2516.0780919239687	1577.3858639568625	2179.238748564147	19.728881262739915
?	108.86311040149954	-253.5350694728428	69.43443196271743	-144.60538403398112	339.34942701017746	-2927.531219459278	1629.9028556607427	892.861481469748	11.614373186807358
?	98.19749863931529	89.78288788100659	68.01171684585182	-39.6145879491975	297.4790974420016	-738.0419468265123	1622.0289380303498	-331.5174679892528	9.275454939343419
?	113.35225479554985	86.48400432919064	67.45370256525756	-29.656282882107625	302.447329668852	281.49946138682014	1613.3269822612801	3468.07374458382	10.517773904883187
?	102.5216988557748	161.0447434614835	66.52890270174645	87.63338390668767	311.55407051134256	-578.6475529859204	1795.4326252595401	2036.235058866062	-1
?	121.404491968624	407.88937895342826	71.83537176059193	124.71565953889312	273.51495201955606	-857.5795868654446	1715.1387352045829	-2661.1782661849434	13.178025927653053
?	122.91616780344614	-183.40903099154113	72.76468567869108	-18.755346865520504	268.6750911680705	99.52497010907031	1662.3737119502935	-1700.84911408315	20.862854139918547
?	112.23404041904698	-229.13947722931877	70.8976044173159	-35.36337489772775	278.49120052500956	614.1391716903523	1630.0962795004257	-581.3923100973782	15.78673846137319
?	111.45919394198025	17.22485856349414	70.9965169338047	100.5941345831156	299.382049752588	2959.4075191981306	1633.3040964454246	719.8755125270807	17.157625050158643
?	113.09528334722168	5216.598781105449	75.92731114647167	14.403450345768414	426.46157648491555	2485.2473669430237	1666.0900551267796	826.4398336689085	17.209363939161857
?	372.2891329972518	-2281.9056669444417	71.71668945109312	-423.56765581812334	423.64441809973874	233.73422360479108	1674.62608812887	2096.427523550249	7.729881379461231
?	-1	-4799.605549478962	54.748928355565575	-64.26793140852419	438.14828766515507	-2575.1728300023638	1770.9114313042917	2117.263962802002	-1
?	132.30885552330457	2652.297718851309	68.50329288066692	428.412163748909	294.885776599621	-963.3170267468461	1780.4892862689696	2542.6443363769567	10.829342634295413
?	131.614885942565	-61.15158078031947	76.16953654301095	133.40763800570093	389.98243632781293	1818.0347696526128	1898.043648123139	4687.332427704107	10.23443856198936
?	129.2512764842886	-120.19620419317093	75.17367478095194	-211.38971171222084	385.78751508225133	-1439.843958775271	2014.8559076541742	200.71216619911027	9.868692722200366
?	125.60507573290647	-147.75824286791442	65.60005095739994	-99.29414258821034	317.99023838904964	5139.7027101594485	1908.0792564330945	853.5526495045846	11.663910375099407
?	121.86336434089291	-174.12868308255076	70.20896765154144	87.17411451997296	642.7726505902228	20653.94221869596	2057.5335401294033	13257.650282860215	8.817400735503458
?	116.89864157877896	350.3739689533539	69.95875668339858	113.79311886539836	1350.687349323844	-3714.6055047154296	2570.961770576103	-13442.11372888136	4.952291987698389
?	139.38206278856055	663.6223709749326	75.89862359481134	93.71861155189696	457.042375354452	-18096.88652793806	1385.4278536853376	-31565.778387916478	10.255403523676586
?	150.07976012752547	350.1519534864026	74.64468726099341	-55.18801132793462	445.8430229269444	-335.8451171981597	992.6728511802846	-11618.634026152355	12.982769781439009
?	156.8896604628806	-37.31107871858128	73.13922302841462	-321.01296237725535	440.2501194945441	245.9205967394664	804.496152377722	4337.257671337322	13.671289528250412
?	148.21420619159642	-54.075356752913045	58.5940391421307	-283.65077140354816	458.1390527639177	10514.881116384251	1209.53573474715	23201.14559742414	-1
?	154.18589262523497	-383.345948768717	58.95668445823726	292.0081854980144	965.9941753137547	-3147.20005105916	1964.5534322489248	7191.440373556291	5.255331249484362
?	129.04690875316064	-807.1717378711023	73.19444841703137	338.8040949046036	300.77905021096024	-10955.302064602554	1569.1077534249632	-8977.478013224754	14.413720506308886
?	113.82730573168	-2600.938175063222	75.89688920346738	-297.14450554285327	418.229072083629	2436.771675622416	1515.6795315876886	25.453832533007787	5.716449381033916
?	-1	-2296.5461146336083	58.337223139888756	-408.50674256713154	422.6176339920806	2918.193438554167	1570.3804450516136	2923.2919522764964	-1
?	-1	0	55.47155207511088	-80.09825458512665	564.1387440113368	4409.870622662357	1661.844129201513	5256.900904747127	-1
?	-1	0	54.33231041063244	-5.502173153988698	643.1111651251977	4260.118193702127	1833.225490288969	3830.9917391942827	-1
?	-1	0	55.196443417411444	-1.6219314799687425	777.1446536964425	2749.172641554797	1853.3937161612264	-1999.101570688338	-1
?	-1	0	54.251213836634	-158.37654861628096	780.569797202937	1313.8789191115645	1733.2704117545525	157.09749172118393	-1
?	-1	2442.2636766117753	47.277615986597425	6.056795952375062	842.8385996520204	-1055.2826814903133	1861.2485907472856	5950.065153823432	-1
?	121.11318383058833	2308.1240847524286	54.55405363425275	348.07580326174343	727.8056631284215	-11388.983564262757	2030.773669445723	2769.917162098187	-1
?	114.40620423762101	-129.95041529863715	64.68140614968453	296.90872282529335	273.38942143888454	5376.1516220562235	1999.7444488521944	6404.173129069409	-1
?	114.61566306565649	144.47192470518752	69.39948977551737	225.91244161302308	996.6132442312318	1144.4833427966905	2350.9823258991923	-5770.02425963691	9.485320276918916
?	121.62980047288036	99.94520263078478	75.97702823033565	104.04332794394557	330.61358857871886	-13949.943220986188	1711.24323587035	-10379.034278883728	19.867562296662424
?	119.61292319719571	-140.63194516692414	74.60165617271463	-8.037658986206708	299.11608318192486	-421.109137089965	1832.0306119550078	4217.890638212799	20.756053348044397
?	114.59820321453418	-246.08029453620847	75.57514528102531	-124.60126363291964	309.5581317242207	-380.2159157997769	1922.1377677809892	997.6452386864584	18.880599110244102
?	107.30890847038533	35.14860616658139	68.37159299106867	-130.4468175363745	280.1052873919361	485.30072206035186	1881.9128738893305	-3431.2943751651515	13.03151304025603
?	116.35563352286324	412.8436627315978	69.05280440420661	224.93468182939034	333.8231678272382	6107.013090180233	1750.5730490227322	-8906.915826724366	12.337499694744693
?	127.95109160696515	240.0360767043162	79.61832708253814	58.82096698151137	585.4559419009466	1894.2585404491	1436.5670825531138	-4473.720100519265	11.107726814452771
?	128.357437358079	-13.606960876470614	71.99385275328217	-232.57185534046695	428.53609484969286	-4811.490458104622	1526.8870439967698	2793.2862594636126	9.130035491352896
?	127.27074356314162	-7.796769629947021	67.98973431551484	-16.8062725975546	344.8814189957164	-1478.0488289644456	1576.231395526294	2195.6663601029763	13.499759816382365
?	127.96759887658166	-194.9078770924849	71.15353912340444	176.80950633326097	354.63365340147084	1813.6581461515102	1636.6703620019182	5009.6381086690235	10.229407055432175
?	117.52534970851741	-344.2950624896765	76.83020963217786	-55.3153091539007	435.5643263032916	-648.1595835405028	1826.7133009597442	3907.082038810577	9.09070517032239
?	110.7528457520979	-161.11020071335957	68.38777366570942	-111.66423716065378	322.2256742244458	-2905.831157330831	1832.0244639424463	2192.463798367465	8.26355136072
?	109.46983967284946	-207.17638794222114	71.24699777414519	10.402156752137197	290.27276843675054	-413.21844456255155	1936.336490878117	7475.049670633324	16.795020991778735
?	100.39402635498688	-460.0775900931296	68.90788150331628	-207.2737228047224	301.5647519963183	3649.241064495896	2205.7769474741112	5988.430142803443	12.596728144929438
?	86.46596016819306	-173.53730645940465	60.8833116339091	-134.9637851717032	472.7348216615447	28174.14088931215	2235.757998018288	10707.354793316455	-1
?	91.71716103201668	75.03390693465603	62.15969224473114	85.60042180496312	1710.271796461921	-4179.730716395351	2741.144687139932	2803.742147810336	-1
?	90.21765551492585	-209.22501561586176	65.16333272415724	-10.095272323267217	263.7482858417779	-28129.08862523288	2375.9451054088045	-6692.986599907259	8.23668318365785
?	81.25591025122363	-100.44859132942612	61.65492862856778	-113.48652156480765	303.8173652002821	1165.5399044572387	2406.4953571445703	-1650.132726605049	-1
?	85.19522594845456	-1645.1182050244784	59.48900664591688	-224.02395795387415	322.0252810646396	5570.349156178301	2293.4384690785523	-5982.517998976958	-1
?	-1	-1723.9045189690974	50.45373073087411	-261.20647563840697	582.3348230091962	11445.390741224974	2107.3694571957235	-4985.64884666533	-1
?	-1	0	46.42868286399658	-158.16176152013483	894.2948181258863	1608.4784703906905	2044.1560267452867	-308.79130057671426	-1
?	-1	0	42.5456426548674	-117.85028552369666	662.7587465287304	-1577.6063389529133	2091.929892166888	1927.7339401404174	-1
?	-1	0	40.536168587811765	-69.45904834092839	815.4145011782409	3567.0274185453186	2140.542723752307	-5181.624461751812	-1
?	-1	0	39.07269023782099	-39.35131643593863	841.1101174559957	-492.44464600887517	1832.8486690792981	-10389.228927621049	-1
?	-1	0	38.56860276601484	-10.557091630485226	790.7922688777973	4291.0443764437005	1621.0812773712566	5735.465954853841	-1
?	-1	0	38.54483565629673	-36.29163902489621	1055.66233627818	5734.095007651999	2119.621966821989	9003.103195122076	-1
?	-1	0	36.75402081477004	228.73904754093513	1077.4970192603962	-8356.44048504727	2071.236437127359	-1732.529338651795	-1
?	-1	0	49.98178803334345	153.87102369453612	637.840312025818	-6437.750243581079	2032.9954998893998	-8227.922719254631	9.73708577918677
?	-1	0	44.447571999496816	-144.95466576417252	755.6095070813434	737.2530508921003	1659.8403011646287	-8432.485836042408	-1
?	-1	0	42.73405474513485	-89.31906637371927	674.7029645704229	1953.2168135341342	1611.3712080872808	7629.286605482048	-1
?	-1	2808.0969919868535	39.98161868081087	349.2385651421425	853.2703477580498	-6437.513276346868	2041.3046314387298	-4203.7827944072305	-1
?	139.40484959934219	3273.8919471411186	60.19598300224191	744.028209758285	352.8273007530806	-7334.032833363508	1401.18206836692	-16481.618458146084	18.988602733364313
?	162.69459735705536	723.8116483912777	77.18302916872499	366.25945219582576	486.56870608987566	2137.7892070831454	1217.2237085314284	206.60013996477647	13.039803355618897
?	175.59543201890594	130.0319793248484	78.50895561203313	-191.99509561070226	459.71676110723746	-741.91584961514	1411.5120753651588	5787.461723406521	10.334540899789763
?	169.19619632329776	-110.0397471721	67.5832743881899	-57.28773584935599	449.4729136091188	45.4512095862622	1506.5967947017534	5693.655004675112	9.95297825762053
?	170.09344466030086	-163.7913946037042	75.6445688195653	181.8326708771522	461.9893215865506	97.91330160727031	1696.1948255989184	5062.39232949381	5.952835179409372
?	161.00662659311243	-156.87074943486897	76.67490793204765	-150.5473090620326	454.3685786894824	-574.248553860343	1759.7164111764475	-194.85634685417787	12.483564288294323
?	162.2499071885573	-121.8181603881919	68.11720336646356	-26.609408970976936	433.27689389353304	-2541.089718729694	1686.4520082562094	8517.465847897294	9.235321240050064
?	154.91571857370275	-470.6738236015617	75.34443748349878	93.94620716741551	327.31409275299586	-2714.9467435776355	2185.5897035713183	10553.802595936673	15.49439376857318
?	138.71621600847888	-479.48458677727217	72.8145137248344	-168.89347232357056	297.52955671464935	-1458.0732034712319	2214.1421380530505	103.02370424297659	11.932876458771394
?	130.9414892348388	-30.885433728367516	66.89976386732013	5.250940444137694	254.41043257943323	-452.58878190637273	2190.740888783467	3968.1864827289864	9.772600461237417
?	137.17194432206048	208.10970125487518	73.07706074704129	248.91416503895573	274.9001176193304	1103.816559508621	2412.5514621895027	-327.00608234997605	12.448302478074208
?	141.3469742975827	218.6490155114851	79.3454721192681	110.36727870418005	309.60126055486506	2317.4308651307797	2174.390584665968	-7344.003829765502	19.02395255626947
?	148.1043950976349	395.09131061761315	78.59542468225037	-46.98718896179902	390.771660875871	1496.6739302982378	2045.3512707012223	-2183.24967336625	19.42496219313133
?	161.10153982846364	567.784121678768	76.99611267117811	-82.99913762522489	384.434957069778	-352.4103920649686	2065.228100997654	-19.598882523700645	16.338458719633586
?	176.4936011815737	423.1108593309531	74.44546780098906	-346.39148366293756	373.15114127262234	80.22292171395179	2044.3713265750373	-1373.4010869189055	15.889430560543946
?	182.2570827950116	-3549.8720236314234	59.676538488030985	-471.42631483379546	388.44610315547567	2323.356496509715	1996.5580466517079	-84.60035939592551	-1
?	-1	-3665.14165590018	50.87415205929896	-252.34387827521059	489.31896609810974	5772.44017086064	2040.141308605241	1173.7698536792839	-1
?	-1	0	47.05934457427028	-176.397317240801	677.0681116985118	1478.7698549115676	2055.246539335673	2700.2889837191588	-1
?	-1	2887.940618052231	42.05428619725878	207.3158526750095	563.2574588436892	-5507.052396734425	2175.155757791201	1133.633713335241	-1
?	143.3970309026136	2702.2542833446696	57.4251372080209	686.0193632597208	401.7154918617866	-4755.772144771183	2111.9282250024357	-2089.585764622159	11.859466046686668
?	134.1127141672354	-381.95006051383444	76.35525436024531	346.822127650256	325.46885160512664	-2008.4170425573118	2070.6764695600914	-1799.2049153302032	13.393396373876886
?	124.29952787692162	-294.3009609699593	74.76624359053395	-92.12039366243329	301.29463973391955	10965.925384117334	2021.9679792359243	9532.10024811967	14.52869839553029
?	119.39766611873722	-2505.990557538397	71.74923467712358	-57.88081280159051	873.7651208110012	12599.594641320095	2547.2814819660816	19585.852300896415	7.474931682373432
?	-1	619.0464727047774	71.87220295045438	29.179284378316066	931.2743717999332	-4706.731338557098	3001.260594280759	-2076.1155486443727	1.0124764166566376
?	150.34998975397653	3273.080736765758	73.2081988960394	126.87655247954088	638.428553883143	-8277.278264778995	2443.4757045338615	-30764.095252001494	2.9554038343746534
?	162.65403683829024	486.1321432201793	78.21603057443151	90.234844524892	517.4104585609775	-3263.21309296112	1463.0558316806625	-35302.78865611668	12.087915823570347
?	174.65659691498584	-86.98569749996229	77.71994112228407	-169.61641173734975	475.26789923508466	805.657849535737	678.3362717280022	8620.664502720765	20.82412188829807
?	158.30475196329206	-656.5163985212914	69.7352099875639	-40.46058641947922	557.693351037765	-600.6148878688424	1894.089056816707	24313.830712510273	11.805031696792138
?	141.8307769889208	-840.5623443792049	75.69691180131008	-31.849889287936552	445.2371548416421	-4031.0377972878537	1894.027807353533	-6043.388963593112	9.588553221731997
?	116.27663474433122	5009.730247057105	68.14271552316706	-344.4926895152546	356.1414611733694	3051.209123790086	1591.919608637047	-134.14191503251269	7.006278568987682
?	392.3172893417796	10.909995004098635	58.472277325547104	16.18072837507162	597.7976110311486	2856.9855290654123	1887.3207116019073	11929.346967749765	-1
?	116.82213449453616	-5686.998877581901	68.95175194192065	279.1454715840392	498.99073762664204	-6071.533687436564	2188.386957024544	3102.4455177358927	11.259633642190288
?	107.96734546268047	-96.0951795701016	72.42955090474926	71.6652223050296	294.22092665931604	-4296.365845733306	2042.4429874887041	-16761.24866313786	13.395567995760462
?	112.01737551603101	749.5777118077139	72.53501305717218	82.27248320800894	284.1724453399737	185.68819026266587	1350.3245238676388	-12.238903016504818	18.178209088372387
?	145.4462310530667	1320.0665521971953	76.54317506514977	-27.154612386649898	303.50533617244946	2008.0946800717024	2041.831042337879	19081.288764783792	11.045376879260075
?	178.0207031258917	869.046026937669	71.17728243783967	-35.46611616465163	384.57717934356026	2031.5807045199979	2304.388962106842	-1940.0079965089933	12.52209657781509
?	188.89853239995077	-203.85998236561187	74.76986925691716	0.4950497865084387	405.0843713984508	1280.951566763713	1944.8306425124279	-15705.152248924805	12.18396604781718
?	167.82770400761098	-3797.9706479989613	71.20203492716509	-244.38118369596745	448.6247576817468	1775.8221696261453	1519.1313496605906	784.883298308612	9.209190972944358
?	-1	-3376.5540801521715	62.550810072118615	-14.285077064860527	493.8754798797593	14684.86997129177	1984.074807427859	22958.91582137832	-1
?	-1	2940.215173290697	70.48778107392205	148.50970766019063	1182.8682562463457	3556.295480735278	2667.077140729523	-9343.150060506823	4.819247059781365
?	146.01075866453692	2836.4764022310605	69.97629545512825	34.930356360204726	671.6902539165258	-15490.466515455428	1516.9173044025113	-33347.293685483644	7.3040820387460625
?	140.82382011155505	-219.80844098275185	72.23429889193231	51.74438110867681	408.3449304735633	-5940.9472055300585	999.7124564553168	-4973.2847951941285	10.912618000199881
?	135.02033661539917	-359.3224550520094	72.56351451056213	7.8734979863598955	374.6428936400186	1094.9227418065145	1268.2530646428013	7542.369769616826	14.352466548442269
?	122.85769735895433	-537.9700063344772	72.62797379125031	-39.70779192057223	463.0910675638898	-858.2977410009816	1376.8309449361634	1253.574564974197	14.749874804330371
?	108.12183629867494	-343.97940949448065	70.57812491453349	-26.887568531550315	331.7280065899689	1893.4946430289476	1330.931792891512	-2860.647292787608	9.804748713074215
?	105.65872688423005	385.79709708743104	71.28359536467278	11.124382678300561	557.7657997153385	4137.952914625944	1233.798580296781	-7438.253429583511	8.368568455288967
?	127.41169115304676	1356.3022252631902	71.13434404844853	-50.01231014180789	538.6256523212691	-2059.166895924084	959.0191214123312	-5775.208538060142	5.346141129450273
?	173.47383814739052	1122.5104115613644	68.78297985758235	-215.72318526566895	454.80745491913285	-2733.7393074241672	945.0381533937698	385.4653348304546	9.036981940597348
?	183.53721173111578	-3489.476762947761	60.348184785164925	-243.11149583015785	401.93868695005875	3430.405199057924	978.2923881538542	14245.431601046286	-1
?	-1	-3690.744234622263	56.62740506607428	129.45762950493105	626.3277148720315	8461.889648489909	1657.3097334460942	29708.06996657337	1.5701078760522975
?	-1	0	66.82106626041157	-74.40142222133781	825.0331693745602	8020.416891187783	2463.6958864825438	14171.463185463375	0.03507276747653998
?	-1	0	52.90733395500734	-326.56159985582366	1027.3485594314263	-1380.138373796568	2365.882892719273	-11612.894674470539	-1
?	-1	0	50.492986267620154	-16.55232702476686	756.0262506847308	-7157.742599577994	1883.0511527590086	-13393.440153756788	-1
?	-1	0	52.079717603768984	21.89339599456784	669.4614294525215	851.1666618041584	1696.2108850314241	-2783.9243253798727	-1
?	-1	0	51.58765606734856	-39.12208289895021	798.5845837749394	229.18580607902314	1743.854936490013	2241.9976407292097	-1
?	-1	0	50.123613458821445	-53.78823944083288	680.9207197564729	-2541.8692001030063	1808.3107670678862	1529.7171652730694	-1
?	-1	0	48.89824409530688	-132.79446880682937	671.4911237697872	10798.768314171495	1820.3407947536675	13427.465309145233	-1
?	-1	2516.716025143764	43.48389001847988	301.41293484324945	1220.8591354650553	-2594.069961001007	2479.6840325251574	105.3025120460537	-1
?	124.83580125719	2380.4307855501256	63.968890837469566	603.0365158957485	541.787625719735	-17211.154815549988	1825.6059203559703	-15167.052086184984	7.999668792913389
?	118.02153927750797	-260.645666865251	73.63571581326774	151.21144532637769	360.3013946875436	14230.36090429117	1721.3314282158974	11439.550743430356	16.03424738154874
?	111.80351791392727	566.9565174571345	71.52946310378856	-51.761356449997436	1253.3056709343036	27494.607165638154	2397.583457527496	19251.7832045001	5.570579957785588
?	146.3693651503651	1145.1575471518859	71.04764799076783	86.00288706347178	1735.0317529694707	-11716.944404317957	2683.920588440916	-14305.752497286732	-0.7813304450115218
?	169.06139527152237	914.6729202270315	75.82960745696221	72.65450153362745	667.4584507183974	-26340.592989194374	1682.2958326631494	-26444.694181140403	10.880089230234137
?	192.10301116171732	219.86110139159365	74.68037306744925	-113.23001704473863	418.0021035097335	-5678.0430627109545	1361.6858793838771	-9099.040295410503	16.710610439885954
?	180.0544503411022	-637.6503740522054	70.1681066047252	-88.05768166071988	383.5562975828457	598.7626627497303	1227.3438178926178	14092.801525382278	13.280990627243721
?	160.2204924591066	-710.6129640504942	70.2774889844132	118.5923611144503	447.94023664722044	1100.1136254477844	2066.325955653001	232.0633792121056	10.865716642192954
?	144.523802138577	-580.8858536724821	76.0977246604478	13.034686293164654	438.5619788552357	-632.9260292293578	1238.9469868532233	-9861.017652357083	8.34322541068793
?	131.17619977548208	-390.5653537775954	70.92922329907144	-52.534050387092854	416.2939351857521	812.648339738648	1573.27507303514	6840.802386521257	6.062617156543481
?	124.99553444969695	-86.19168655935872	73.47102214109312	-113.6053670348347	479.19439584216866	-535.8162345991005	1580.987106179291	-1629.674064435812	10.19571962720833
?	126.86661544751408	236.3153124873441	65.24895494732962	-29.90494827920699	389.5031234557967	-3233.1896721069943	1491.7913698133482	8359.788764047207	-1
?	136.81130007406432	78.49596079633105	71.97577472713275	89.902688861754	317.53491223681664	3306.7477729868456	1998.9765443816573	16776.75437875215	13.72722054448358
?	130.7914134873307	-2756.2260014812473	69.74408939041739	-63.15568569508112	554.8405121051413	29952.038079243364	2330.6290887509676	17282.481933123654	10.295545982738089
?	-1	368.60816511537155	68.81799044237864	-41.60440825306038	1815.136816199006	20714.488250884177	2863.1006410378523	11130.461547711117	-0.07478619874233136
?	149.22182174309953	2815.138764150695	67.66386897776434	2.496911138722133	1590.5649246493647	-30570.878343877732	2887.1521661365314	-5343.4533089169845	-0.8295487585637666
?	139.75693820753673	-371.3456089855525	68.94283599931475	-75.14694854124308	286.5928990050977	2791.9427727787674	2595.9279755919993	4369.007792377681	11.231755031756544
?	130.65454129382164	-28.709171351088845	63.90652155070213	76.02454140602055	1730.162063288305	2169.86363714507	3105.6025557554185	-16162.993419984521	6.629681710468748
?	138.32147963998227	-38.15561971361322	72.74406306961583	169.5566182535032	395.08608086235273	-25679.464992824604	1787.7783045927617	-43249.95789726838	10.668864378855806
?	128.74676030814095	-322.15263150076817	72.38435246337741	29.44449164832165	446.1888136470565	1151.0470799820105	943.1046608919688	-7685.793870997263	13.943052670378913
?	122.21384806494363	-282.7905528923042	74.21628765203194	-81.10807064624792	452.6384348614541	-1592.9471224819963	1403.4886110428931	15497.929296938455	13.692497418792087
?	114.60723266352554	91.8849973559021	68.32894893106496	-337.8970213753043	366.54145752295557	1264.4751986305905	1718.0011257389026	8337.195862535236	9.249737858742856
?	126.8080979327388	134.16549666157417	57.32143658326648	117.83848026928783	515.8621947929845	-308.9909185649539	1820.3484041696609	6555.4768175998815	-1
?	121.31550749660434	-307.7655532643799	74.22087294452943	232.37676619097496	351.09191159470765	-3151.704083157077	2045.7749666189013	4872.2022770095	10.129575815483403
?	111.41982026951959	-2446.310149932052	68.9402748928154	-396.0936059928429	358.2769906351284	1153.0629400641517	2063.9585180201393	49.77666202214479	11.80480199731163
?	-1	388.13319639432126	54.416192644887005	-215.05749942934506	408.74505859791606	10157.317170630553	2048.2637997200086	306.29299490590273	-1
?	130.82648008923593	2885.3396408962208	58.18739992134799	358.17092055822457	866.1428491666633	-1726.3552262645696	2079.2731677654347	1289.2262958794888	-1
?	143.2669820448131	204.34431121955237	72.32473867279849	340.2601454222622	322.42729728468635	-11195.582420450246	2112.725114513984	1265.1763826462686	17.16435695828521
?	141.0436956502137	-506.3950008819022	75.20040719246134	-91.01380768102855	306.36372814414307	9416.349936361668	2142.531986897749	7551.35949777695	18.57635534118806
?	117.94723200071762	-471.1069750794375	67.774048288747	-121.28528003589535	793.2447941027765	1636.453105886737	2490.293089402837	-7518.733394927197	8.981012102627874
?	117.48834689624148	-143.7556319250205	69.13614319066649	15.374556590628922	388.1863834384811	-8094.359305386797	1766.5953171513838	-27224.07074235036	7.756074023164882
?	110.75945040446649	-164.96360251840366	68.54277611827845	25.177141561452952	388.5268288334309	-1755.3743021488663	1129.0895522852995	-11963.744394149357	10.69490457746052
?	109.24016677032118	118.16283523959672	70.39500026873915	107.83133648999342	300.4176683310365	-1501.2134840003832	1168.4080974439075	13818.354394327302	18.394229925731608
?	116.66759216644641	181.7452203284054	73.9343429427782	32.83218941381402	313.46615463341067	-131.5513708909411	1820.0072720016744	2699.1295395471416	17.731269485110978
?	118.32742778674158	128.3003211176224	72.03660973942988	-5.882774246218704	293.84009978648936	1842.167502151574	1303.3645744212665	-1790.7848246995372	16.17852934091311
?	123.08260822232762	-3.4518376140791895	73.64020423046726	-96.1120895428565	405.57452974099067	2410.9352465372544	1730.4680307666963	5567.865631664893	12.265258342425717
?	118.15483590603762	-2481.652164446517	67.23100526228699	-217.5193527195319	414.3868621133538	2743.0340427979213	1581.7578560045151	10677.052791584769	12.630546702954142
?	-1	99.24356100118332	62.76423659449051	-36.87328198613078	542.7262318808887	10667.582947469231	2264.3206703459423	12980.384184760762	-3.2966005432760914
?	123.11701395609686	2335.0442422924257	65.38734116298042	129.4151909591234	947.7660094868229	-1409.560329339992	2230.7770652425625	-24925.492615921197	0.7089139072718643
?	115.75221211462295	-160.03396816920656	69.23499614244678	142.83208933628995	472.2482154138881	-12355.751335328765	1018.0460395498646	-22087.801406351107	11.428504985485548
?	115.11531554763641	24.512298945672278	72.52894562979502	68.62764522399787	329.97844272037577	-1314.7222878518705	1126.3869949249913	6234.782594728284	18.115572287749224
?	116.97782706190658	-74.28537050595574	72.66637840364672	-22.584962056813787	406.51210102129363	129.67455161155314	1329.7851692862832	4233.799809543488	18.340582697259144
?	111.40104702233857	-137.6562233418375	71.39969752695431	-27.595910869882694	336.4621703009535	-144.03659695207034	1338.0769854021687	-1188.8248710874554	14.958322679404736
?	110.09501589481461	-174.74066598272466	71.28658286015256	-77.57768599320488	399.31027117369	3539.985677929171	1270.3439257319096	-6446.825935972869	12.713179919199339
?	102.66401372320222	-326.70338411367214	67.52081322729401	-213.9788655756936	513.4614541974146	2529.45980432206	1015.7356886035207	1273.201402416812	12.649785877323874
?	93.75984668913077	-2073.280274464015	60.58763958136773	-304.2353581964894	525.7832613897948	5079.456172006206	1334.0039958527511	19189.339953299852	8.853261795762268
?	-1	3662.657578027471	52.30904531746933	102.12723291501231	767.4342627977285	-2399.953413059708	1975.2026862685268	8715.095367582551	-1
?	276.8927255905069	8782.520822305212	65.69400122711842	268.4386253593222	405.7855907368077	-6440.734635414735	1769.758764231885	-2457.097357023055	5.213038005619907
?	438.12604111526684	-2717.5814362991496	65.73097658543563	165.9671672913705	445.39753102698717	149.43508568947223	1852.3478184173723	2412.16861743683	4.219492332246736
?	141.0136537755475	-6491.305347558663	73.99235959168706	137.20609799191524	413.2573450212814	-1971.3289913295448	1890.3671951037281	808.1796557820438	6.681388170105007
?	113.56077373732907	-645.3186600980453	72.59128148503149	-42.296183288490816	346.8310814605085	-1189.9977650198493	1892.756801206475	1091.4250736597642	12.079517879913478
?	108.74772077064479	-2291.215474746549	71.87755042726249	-362.896195943661	353.7574567702881	325.5707651248678	1944.9384487867171	294.38579395866816	15.226629444771731
?	-1	5230.801353630732	54.44647168784818	-226.60754279389968	363.10961971675215	715.9781680645132	1907.4760909044087	805.3190613648052	-1
?	370.28778845218505	7613.3655662846595	60.54717328756735	290.02715197909623	389.5563651735143	426.21456433322993	1985.204401854958	2055.870730368113	7.265953720208002
?	379.66827831423836	396.9509449833254	68.9478292868032	-104.88483046908577	384.42034793341395	-91.85826953708653	2010.2696274228158	162.21106582346462	8.508589099650335
?	390.1353357013516	-7613.3655662846595	55.302931764112984	-360.90053032740826	384.9634516966599	270.7066817900086	1993.3149551461313	270.35375693737546	-1
?	-1	-3689.1158350965734	50.90280277043253	437.32292219122434	397.9556820229146	1287.2318472833513	2023.7873152696848	91.96015338000831	-1
?	205.6795439465203	3611.5927427539336	77.16907787367451	368.94529887116295	449.32504406082836	74.36511692386839	1997.9129628151318	2836.5383607609106	6.917248152729583
?	179.57963713769925	-226.55320004395512	69.35006771399094	-310.0015239085566	401.67393786910804	-25.675958253676388	2165.6142333077323	-249.48833312309588	8.011476024210358
?	194.3518839443224	-3611.5927427539336	61.66900167824646	-54.39501747997817	448.0412461481445	8008.481943284766	1985.4385461589768	1129.6606967100818	-1
?	-1	-735.4952650463807	66.63031683999199	140.37478697581804	802.0980350333521	-1407.6235498511169	2222.097268143237	-1377.086599623352	-0.020162201352489327
?	157.57712069200284	2878.9293053816273	68.68774102703746	-16.99853905736721	377.6600686555877	-9076.622621144057	1916.5842161778082	-5619.799256849353	12.031775123017733
?	142.9464652690834	-3171.5424138400117	65.78038988712362	-49.55852552704116	348.26690397614277	14984.000606107655	1941.1073053007656	17214.454721726608	12.013301704128551
?	-1	334.3475035422862	66.20981475068537	-72.08975668184718	1126.860098960981	23166.40404538688	2777.306952264151	13489.992315263184	-2.092062868030286
?	159.66384044619795	2907.874286248836	62.17590205303121	-8.747537077394885	1506.587106245503	-16497.103295142893	2615.6069210639344	-14461.25062550292	-1
?	144.39371431244388	-504.1789366464027	65.77243789681562	163.7026109134154	302.00493420382475	-24022.567321627066	2054.2444209889945	-19844.512048782075	10.796380957498721
?	134.45489361387746	-451.2366340923152	70.3610325987021	78.12164755266625	305.45874016413273	4902.808158023227	1623.3813186248165	-11380.179775992767	16.8384282846442
?	121.8318826078278	-400.1089437310961	69.67852027444899	-81.38758325195111	547.1453421049896	2151.720619631848	1485.235432189348	1314.8235580405249	9.735351058559305
?	114.44944642732237	-8.888037032123906	66.29165343610448	-96.95290575656661	413.04477114572666	4911.343212734633	1689.1224965268436	16378.267825228662	9.735782814894453
?	121.38748075622159	144.4947719503818	64.83087498662059	41.533909917254995	792.7125027417247	-2207.4671390282087	2304.148823450793	7783.014767852831	12.97325425449641
?	121.67418502484156	-74.3744735376442	68.36834893196726	-113.95434397887323	302.67141419431465	16880.605396289902	2078.2732349194907	8155.489603714134	17.111997869571123
?	117.66875707933933	707.4727981984685	59.13315778767684	-85.08199260044357	1636.7427725562318	13139.646030516005	2711.9233036365054	7793.4180576343515	-1
?	157.0478249347655	893.8337507655451	64.11424930194502	160.3842201052437	959.6537157201242	-26086.41978875972	2467.944137801214	-8718.624251294436	13.006268458320084
?	162.36044461761722	-3160.9564986952646	67.15236879293914	-29.752017783757484	332.4217831182272	11162.573796442854	2275.9920910717774	7520.676831280718	16.517705021228156
?	-1	-3267.208892352298	62.62664841275713	-19.622459609706205	1517.7824055422748	32200.843225349545	2843.977979365255	12701.060729691537	-1
?	-1	4201.9566850214305	66.17124581245382	78.02299046523007	1942.4639443857275	-15175.415098884097	2911.0451275563632	-9427.833469288018	-0.2465603242879034
?	209.09783425107452	3939.302596237555	66.52779793601869	98.23854549625142	759.0116505980591	-30931.961463315216	2372.5863059008475	-15130.057094079688	12.884809257254583
?	195.96512981188056	-619.8446116426303	71.08317308726646	118.06810509507702	395.8658712199448	-8118.9071094834	2154.542272852368	-8064.728656523038	17.79531598014024
?	178.10560366894256	-742.409172656917	72.43120319077262	-63.23702893376431	353.0662951238833	93.42852854949437	1969.3498730746899	-9520.078680797611	12.886847612555755
?	158.84467117903418	-3582.1120733788002	67.9213216405782	-357.62717400293116	400.53729764741956	4546.106839733464	1678.5383388124808	-3784.7737516862353	7.9375313991053575
?	-1	-3196.8934235806382	54.54984449062581	-254.35455863108567	580.3716371105597	5761.416761188554	1780.1111854903754	4078.3803639520797	-1
?	-1	0	55.203593709023735	-60.849744208630895	688.6081357068514	3646.0949670280415	1882.4573570100877	2897.908248145163	-1
?	-1	0	51.50735728019422	-175.586905367467	762.6763854619644	3881.327289587193	1925.0065978976356	941.4454421385201	-1
?	-1	0	46.42424844065026	153.9573442999852	882.6745001862138	4363.031058943167	1929.5296291170143	-4918.7406460660695	-1
?	-1	0	59.20522449519359	393.9067423554324	980.8279384091259	-6568.298354906521	1679.0695655943287	-4579.005441139332	7.094440421591924
?	-1	0	66.11958555842216	-111.1851215378317	554.259582440883	-6283.967514471859	1700.5793570600445	1825.9955074492714	2.981310660502252
?	-1	3484.0046629821445	53.645968418301926	131.49220884480354	666.6295626855284	-263.23859547006657	1770.3693409667935	7239.216712009636	-1
?	173.2002331491097	3070.974690544337	72.69419600066243	458.7716316719876	541.0976526673795	-4970.916686359947	2062.5401926605314	3051.972299850802	3.874361636231803
?	152.54873452721904	2679.9323569562675	76.58455000190163	-213.92970038327783	418.08372836752756	-2485.698381550611	1922.9679559593358	-3297.085924030783	10.618805476015538
?	307.196850996925	4868.941921683881	61.997710981498386	-354.3428688125925	416.8127335898472	8309.916078950266	1897.6858964589899	-4071.5553480155645	5.995407111876846
?	395.9958306114166	-3281.1778985324468	58.86740656127176	88.48859041774676	833.5795323150468	203.28935813366962	1719.3901885585547	-6580.764203866581	-1
?	143.1379560703003	-5258.625765163945	66.42214050238579	128.14470544376692	426.9772014965308	-8953.676059406089	1568.6476862656561	-158.1811410788737	3.9296960657617017
?	133.0645423532156	-159.69325065462613	65.2746418334602	144.05825343238456	385.89572934473597	1384.9409291242075	1711.4811315046109	-12601.740508648136	11.145508435543643
?	135.15329353756889	-63.57124584081499	73.62505317400512	128.39731463190748	496.2242479527422	3367.983938153152	938.5606608332404	-11632.921420973811	13.13981240567577
?	129.8859800611748	-2723.065870751339	71.69450756505566	-302.0377077720245	554.294926252396	1942.831164155384	1129.835060455912	4783.968583315125	9.09169305878817
?	-1	-2617.7196012234585	58.52316778540368	-304.84969801598106	593.3658061605128	2948.6049222951137	1177.759089999	3512.8545854566437	-1
?	-1	0	56.45202266425639	-42.43025342266133	701.7251723671537	9938.984270360235	1305.4777897287468	12815.32755870402	-1
?	-1	3523.5150631628812	56.40165511427058	112.55410412349941	1090.3150196785316	9136.980298506514	1818.5254679342102	21662.46422985377	-1
?	175.17575315814656	3679.90581497775	62.07972787043144	361.33570618889166	1158.574187292486	-11808.423498044145	2388.6010012214506	-339.1724329081441	2.6807089440575607
?	182.9952907488901	529.622121803681	74.46844042371542	170.11476322715097	499.89384477631603	-13922.235536747456	1801.5668462888027	-7648.7417853714305	15.510534392301812
?	201.656859248331	461.6010719772808	70.58546603178911	-222.35086246604806	462.46241045510334	-2131.7284111690597	2006.1639119528736	4908.068936276298	13.864746784043774
?	206.07534434775448	75.55635338399617	63.35089730041286	-406.8467313080544	393.3074242178615	1002.2176565686101	2046.970293102621	-1926.9585210400692	-1
?	205.43467691753085	-4141.5068869550305	50.2431294663861	-303.73150186013015	512.5732932835346	3479.80405113268	1909.8159859008688	-2655.60032356538	-1
?	-1	-4128.693538350558	48.16432220740614	-70.06909113011332	567.297626774498	2668.805527835974	1914.1902769243502	343.57009835576685	-1
?	-1	0	46.739674909880385	-5.6545359831859585	646.0135696753351	4858.004333801328	1926.9944908186574	375.59774256982456	-1
?	-1	0	47.881595408246845	49.0880954487716	810.1978434645592	1114.566459557152	1932.970164052841	-2880.6711789938663	-1
?	-1	0	49.194079682319	-33.50841338266202	701.7418926531935	1372.4110717868834	1782.960931868962	-3801.418725228705	-1
?	-1	0	46.20617473911372	-170.5219757093154	878.8183970539044	3316.8689044613852	1742.899227791403	5655.735058550687	-1
?	-1	6959.127869067918	40.66798089685311	519.5921111252566	867.5853378762652	-8048.282543800913	2065.7476847965004	-8547.528200169241	-1
?	346.95639345340084	3026.9211204555804	72.18578029537692	759.6667144432308	476.404269863853	-9237.474555854917	1315.522817782935	-24967.06174200093	3.7936986636672745
?	150.34605602278117	-4173.363785890967	78.65131661901519	2.2020033410873596	405.71161008351277	11047.629793387412	817.3945976964362	15104.781566362757	13.543752021913651
?	138.2882041588495	-3026.9211204555804	72.29588046243129	-144.52483336212646	1028.7857595332314	22096.7101250761	2070.7618961010835	27221.739023047474	5.565535394878552
?	-1	410.1143602778181	71.42507495090877	24.34664408697665	1510.5471163373336	-3414.4412075164464	2178.4815488488293	-4825.551627962541	0.07578343857747245
?	158.7939221727407	2805.4653218171015	73.51321266678013	-162.7087195161344	858.0636991574066	-19479.913521635972	1829.484314702953	-10511.625501189528	8.412370300072912
?	139.27326609085708	-752.6009025087573	63.28963897510193	-145.3773302496301	536.5514402555211	-7065.998389095778	1652.9002737893454	-2415.0583819313783	1.4288532095156774
?	121.16387704730231	-622.2509705274703	66.24434615429853	49.40513635759459	504.7637797026127	-3029.673653081634	1708.7313956063824	-3703.389025659737	9.463077150077249
?	108.16071756448312	-143.19001350941102	65.7598957929817	-100.42890477284217	385.0677576014373	10116.320474225655	1467.730822506356	11227.995442919819	9.234283726953047
?	114.00437637183165	729.1622110506801	61.222900915656346	68.48923000134494	1010.5798034139026	1431.27612853526	2270.1311677523813	10754.184181447268	-1
?	144.61882811701764	1323.1754531262834	69.18435729304899	203.47059070194612	456.6315640282013	-13541.16871062032	2005.440031578727	-2803.637421732661	10.956255717048057
?	180.16314902814676	1260.815619525098	71.3964304507538	27.15001386239511	333.52136788287686	-2106.3973349737826	2129.9492966657463	5610.028193350492	12.771877512827434
?	207.65960909327345	376.6083987115147	70.54185798616877	-44.119177513398085	351.31169727951067	341.83295790073515	2285.9414412462556	4598.202727464639	14.786531816742718
?	198.99356896372277	-909.0165133324701	69.19047157508386	-31.952286705435256	350.61301577791386	-376.3852601510772	2359.8594330389815	-3529.242248438145	16.835718641230052
?	162.2087834266493	-1525.4709620041917	68.94424365089698	50.53325452491364	332.49243427195654	-569.8197867005	2109.479328824346	-11938.082013612888	10.737830025127776
?	122.72002086351209	-1084.049819542738	71.71713430132958	-52.0366918977997	322.12202644288845	3425.049829407201	1762.9553323583286	-6197.22529180843	8.962909184546756
?	108.00629244951162	121.5283015802211	66.34240905600696	-29.540449956853514	503.744925742319	1705.3878299482262	1799.61806423392	-6276.724041864142	10.832507051568564
?	128.79643594252323	587.3499301658679	70.24011180348688	170.16472977887858	407.391417940301	155.3679966523021	1449.119130265117	-6026.3475162477025	9.747747473455698
?	137.37378895780543	34.783636932854805	74.850645544951	-41.56902269474242	511.51332557493424	984.2286551434673	1498.3006884215306	2224.3885315330044	9.117592672786248
?	130.535617789166	-208.32830926625138	68.16166066874973	-209.97472205934386	456.60285069747505	-3498.234042773726	1560.3385568417689	1290.5808619646357	11.60037479368625
?	126.95737349449271	-22.19681029125891	64.35190944198367	154.4173268596476	336.60162343624546	376.782788610324	1562.8297315197633	3103.594312777774	11.253846597672673
?	129.42577727460304	-38.07637316919059	75.88252701173222	29.760013153476596	475.4419901279915	1761.6558167931362	1715.5182724806598	3132.8109524639885	9.306142835800072
?	125.05355483603316	-28.16453228500239	65.83991009965752	-137.03429571241347	424.6844142759035	-3220.8402082959283	1719.470279142965	3907.666020409587	7.709711486743457
?	128.0175506603529	-164.30834897986068	69.03081222611145	118.67096044357568	314.3999797131928	-2447.9328644374123	1910.901573501142	15100.25853323364	12.568350449917943
?	116.83813738704	-388.2173993437208	71.77345812183638	-113.92016753411107	302.28777105403117	-1130.8140382350834	2474.4832058046577	5088.196931610942	16.59401208942186
?	108.60668069316658	-90.01098331774543	63.334803849405816	-179.21033436886958	257.8592778014378	3267.962158193133	2165.3114200816926	-3137.1300308104046	8.174067778901534
?	112.33758822115267	321.0775920861906	62.81294140339278	90.56524806964872	465.68587896369013	103.43186039909337	2317.6267042641352	7106.116863993147	-1
?	124.66056029747634	593.9488867366501	67.86306625288832	212.6876252805806	263.03087082139257	-3577.9691410117507	2520.617263281355	-710.8153908666635	11.380257025686923
?	142.0350325579856	675.6144420337826	73.44732266742196	190.78060978371454	286.78742191310005	1479.1058219732663	2282.0859347208016	-7790.847008585759	17.530758683387404
?	158.44128239916594	776.5420031443856	77.40209674207418	88.80936902005077	336.98616192005693	1629.7985619047297	2131.0749128520615	-3831.466466275342	16.620833398888493
?	180.86213271520543	759.0741789587639	77.88779111842456	-69.93461289851595	368.2773500083377	1137.968854732064	2090.5126114070317	-952.9360091943137	16.77040056841291
?	196.39499134710468	147.52776098839792	73.90536609714833	-349.24229641383295	393.88460465666094	250.60438777869976	2083.428112392345	-1286.8344588681975	17.381877928143602
?	188.23852076462543	-3947.8998269420376	60.425676297732664	-456.7053536971742	380.80756939727286	1893.414497549266	2026.170888463621	-1232.2192566877773	-1
?	-1	-3784.770415292455	51.0700984122893	-149.49568534862365	488.5553295341256	1276.2614576343265	2021.8171495579554	-2184.023559739372	-1
?	-1	0	52.950892030301375	106.86332931386094	444.6206422789901	-1939.2514139660486	1916.9697104766508	-2587.628939175665	-1
?	-1	0	56.41326487798242	13.474508390740517	391.59275883582177	-1228.100639451464	1892.4357025991703	561.912086039689	-1
?	-1	0	53.62461744983841	-123.43285092390413	383.215610306416	9149.256196398774	1945.0653147786356	4226.164456517094	-1
?	-1	4057.2231711720265	50.24162233178713	59.733611382134775	849.0555686557669	604.2180470187388	2103.743925425028	-3543.502365787735	-1
?	201.86115855860422	4076.6739672112267	56.61129801894519	95.64945407687267	413.4265126573534	-8982.78084998149	1767.8901964892464	-6429.783716183656	-1
?	202.83369836056423	-1629.4079173559821	55.02409503563083	108.73271567667759	399.9165261566861	205.89095599651662	1782.2547396158407	-4227.399803012885	-1
?	120.39076269080395	-1775.046004886037	62.04793380277915	415.215104382276	423.72106045717936	1029.7129317955787	1556.520206338599	-8014.584756974705	15.006255560452749
?	114.08139811626111	-484.48060466745056	75.78485025474492	113.58721909562854	451.40217274646574	-269.2265273739982	1381.5255017670997	-4760.6755884886625	13.125635503905992
?	96.16673245743108	-2301.6279623251894	67.72729475756066	-343.0046483122407	410.25973408847926	-420.5505142878994	1318.4864269141626	1069.2616293291742	9.740055361571649
?	-1	1451.633596997877	58.634617839132645	-65.25545713575461	430.37464703207047	1427.5113337824748	1434.9885832335592	4529.649546881964	-1
?	168.74841230732596	3587.683940750955	64.46452190077288	410.61856302964185	481.635300777604	1696.6426378749939	1544.968904258264	-11779.016982109468	5.919627301461065
?	178.3841970375503	860.8627462615353	79.16554599061503	238.6708198791715	515.2067789258214	633.0901725695686	846.0377341280774	-8622.690543688796	11.848656569406058
?	211.79154962040334	782.4457994538212	76.39806289473162	-101.19007713041155	513.2898094060829	-1874.20621294485	1113.8343770738181	4439.319460748114	11.099279488487692
?	217.50648701024193	-246.27616483692512	74.10604213409438	-194.43995692831814	421.49646827857754	1003.6005743354366	1068.0037071654863	11234.283170232497	14.539902486004465
?	199.4777413785569	-4370.129740204777	66.67606504831558	-49.334096252727456	563.4698381228554	8303.217288000153	1675.548535585451	32362.45481589078	12.817222446726648
?	-1	-4009.554827571081	71.63933732145797	152.81360033449556	836.657332678591	10148.786997140835	2686.126447960048	16212.68941972917	1.1612441482157716
?	-1	0	74.31674506504047	13.213694163336907	1070.9091879799043	9100.367210908773	2486.183006571921	1991.4352609846073	-0.6986056139371638
?	-1	0	72.30002202962483	-154.32092105768768	1291.6756932240362	7017.2373196011995	2785.69821100928	6750.407670117015	-0.8569013844349428
?	-1	0	66.60069901215597	-335.23642467411685	1421.7710539599693	-103.27933825769232	2823.7033900777765	769.2133226386322	-2.5177418152393924
?	-1	0	55.53820079591875	-351.54368905539343	1286.5117263111515	-970.2905755486517	2824.158877141212	-6534.414014367447	-1
?	-1	0	49.02351455938605	-139.3488019566226	1373.256525182536	-7807.008864400894	2496.9826893593995	-15886.426352048735	-1
?	-1	0	48.57076069808752	-64.97333975693586	896.1612830911013	1763.6453111049673	2029.837559538764	-5065.408091717455	-1
?	-1	0	45.77484757153921	-150.2002346380499	1461.4387907377857	12514.573023525454	2243.712284773523	-2065.0800066367333	-1
?	-1	0	41.06074896618492	-87.74210677847736	1521.8899342673828	-3417.9720885852853	1926.5835592069259	-5034.135431569449	-1
?	-1	0	41.38774223261528	472.3376424050282	1290.540186308519	-5159.193300045498	1992.0055131950471	6830.008612805239	-1
?	-1	0	64.67763108643666	636.0761191807271	1263.9302692651042	8811.191490966905	2268.0839898471927	13697.884414577762	0.26997539491226485
?	-1	2823.9169225781557	73.19154819165209	239.54599863113884	1731.0997608568705	-17706.24972574554	2676.899733923945	-7481.140838404615	0.4531935728084891
?	140.19584612890978	2353.087088608418	76.65493101799378	-250.8395676437931	378.61778297781467	-26977.659058397967	1894.0269479269566	-15243.688945375194	9.789777643210366
?	116.65435443042257	499.73384076354165	60.64956980946226	-260.60380669233837	382.21680793695293	20389.7228968205	1914.7152866551744	13869.690194895473	-1
?	165.18253816708722	733.4318343527395	63.62474068337667	247.685432778398	1398.1039278188541	-1146.1071479544792	2587.51145767174	2943.0399201005266	1.0601251360696997
?	153.32594614806007	-631.1591902226725	73.03384144838233	153.7037128369324	324.91145053922816	-16661.23911991582	2061.867282660203	-4745.709404093701	9.081546857317848
?	133.62457865595314	-3086.5189229611574	71.3099263252234	31.06547646633642	565.0419718230513	37093.06620488943	2350.2259874670517	12034.87365038268	11.256511184666309
?	-1	-2692.4915731190245	74.58711527169918	71.33283972287372	2179.564760783726	28539.2031427964	2663.6109651793454	8070.077799988552	-2.1104376682509156
?	-1	4002.3590163767976	74.87656831136714	-0.975714889372043	1992.0021289628917	-24620.31597873128	2753.729877466485	-15188.738765317778	-2.7225429348850465
?	199.11795081884273	4056.8161672026354	74.53832952723057	-68.82497613169151	948.5489618471445	-29662.41197076265	1904.1740269134457	-19645.774908826188	3.835340074316489
?	201.84080836013464	-560.7517622539291	71.43531950478251	-160.7437799327613	508.8815304247383	-8730.651322107753	1771.4411320251618	6262.939723477541	12.789871122351531
?	171.08036270614588	-4056.8161672026354	66.5011405305924	-18.772165420253675	512.0163957417507	5330.383985225521	2217.321013087327	13788.197637586954	10.80975481891682
?	-1	-3441.6072541228687	70.49671123376982	120.5470348520751	775.4007296860182	24734.12410310561	2460.8510139045193	15946.843530333244	-0.02773166687510984
?	-1	9789.042452110802	72.52849227319624	-129.08773289785088	1748.7226008970488	226.09741601530138	3014.6631896040008	-6705.619096529249	-0.9541543430936728
?	488.45212260554706	0	64.04232458887718	-392.69464469765234	786.7056004867834	-24335.45633037755	2125.570059078052	-18751.859791357925	8.688611192819966
?	-1	-7451.030616792105	52.89376003831334	-14.68871768627729	531.9497843781539	-2226.4602994213374	2077.070200036091	-8752.460870446197	-1
?	115.90059176593648	2421.1246186402577	63.307888704563304	302.411419692129	675.3825855157149	11856.027659686464	1687.947015555736	2911.0289442847666	4.916522281422834
?	120.0562309320146	-2338.0118353186963	68.01433102292	187.41232556891563	1124.7511673624856	6567.828850193509	2222.6216472503315	3379.2717311585984	2.0727611752445747
?	-1	788.2042413443797	72.67850498300922	130.7595429065499	1003.7740280253951	-11039.724548923537	1856.9106021136683	-5858.324705353382	-1.1842969551986506
?	159.46644299923415	3379.9316299869956	74.55230816824759	124.03692501963627	572.7649399163009	-11640.078756816623	1929.7054119826582	4235.483066165179	-0.02366688264783572
?	167.99658149935217	394.19792906108006	78.88035123399112	81.28735766184575	421.7700901845556	-2596.80061052785	2068.6847554219303	3034.625551983179	10.411856360789425
?	179.17633945228843	-30.787030596704444	78.61667605133994	21.84122155910214	442.9249093899066	1122.48104472921	2081.4366895818193	279.4066465869997	16.720700242179525
?	166.45722996951693	-1037.5569894018656	79.97241231194624	15.977954251586993	477.8941424210169	908.4002010219235	2082.6550877512805	-2217.751277009584	12.333968523092397
?	127.29848998219441	-754.4164943149867	79.4155737639193	-67.59448922313072	488.3449194410034	467.46296957200474	1970.5491257313386	-3863.718280602952	8.228027320225824
?	128.73640525376706	815.3016990035346	76.59268785078966	-138.01194796181906	501.2672908996175	-659.7207612807549	1889.4691737211301	-2213.1627584564926	10.419686433114025
?	168.06357493237172	1409.417286522349	72.51497636582825	-202.10103821175719	455.3588813769652	-1748.0725179586184	1859.8909878085124	-1288.545068323019	5.523075221136997
?	199.20726957988552	-131.86953263516028	66.48763594020166	-53.0219295282394	413.8636650016853	-2323.669929897554	1825.0419203049782	-3351.3907505248767	5.809964983075459
?	161.4700983006136	-1654.523372919411	69.86387988941624	-54.677792014060394	339.17538488208584	-516.607643707311	1692.3214502822661	-2366.826583693799	8.59202133765641
?	116.4811009339138	-3249.4019660122262	63.7537463394986	-356.31394398827655	388.0332828163194	2222.504328149362	1706.7005911202866	844.6527626669074	-1
?	-1	-2349.6220186782425	52.04818269000216	-269.2213180558325	450.3006012895555	3902.178911896238	1734.5540884156121	-223.16388437400428	-1
?	-1	0	50.29268043670678	-4.874179726359175	583.142228411134	2732.955551400221	1695.5423969015862	3832.758995739232	-1
?	-1	0	51.804473703684195	34.08964323729913	586.9483788595685	3628.529103505017	1926.1920382025764	5212.4854222558215	-1
?	-1	0	51.99716259857176	-33.18655535177324	764.5686835863875	3773.721997811193	1956.166668014381	2806.9757437449935	-1
?	-1	0	50.14514593609551	-144.55286562690213	775.6344787501308	820.5364176969302	2066.540825389828	-694.3159308828482	-1
?	-1	0	44.76951931722655	-160.80931283145674	805.5955044712346	526.2649328278342	1921.450871470238	-2799.1576420991955	-1
?	-1	0	42.10468029452256	-109.95276551148905	801.9477253915229	4049.4430390593166	1926.5829432848664	1181.82863892847	-1
?	-1	0	39.27188104165202	-62.47745449864052	1008.0676564242033	-295.8037690226346	1980.5423034166624	4389.087608151395	-1
?	-1	3432.379853587394	38.98080756959049	617.8818184801705	787.157536940391	-6562.714614852848	2146.0373236924393	-9177.057708626604	-1
?	170.61899267937213	3079.953278615283	70.16597196566099	645.6880823593392	679.9319256815562	-2801.1191879063913	1521.6894179853257	-18054.20741068186	2.9967087053730914
?	152.99766393076635	-3432.379853587394	71.26521168755791	-223.65580184894762	647.1015775450694	558.1087348113272	1243.3269531583333	-6134.269213520919	3.105707185802913
?	-1	-3079.953278615283	58.98318187321345	-300.6134055094597	707.837362422123	1439.7166214804406	1214.9759573092754	-1758.8386020206895	-1
?	-1	4165.960809320461	56.23454141208471	239.3610288026987	719.0874086190925	-5597.668770912833	1155.3850230572975	-4045.294967155282	-1
?	207.29804046602598	4844.712654237417	70.95123331334855	399.4440108941771	427.95392387647735	-4909.964900388801	1012.7112089515084	-3451.2828968423364	8.583386509955721
?	241.2356327118743	1091.920272082326	76.20674195679385	42.96178600542869	473.58916359964894	192.48758105069624	982.8208782151783	9613.163431281311	12.546466775104339
?	261.89405407014306	-234.63439865219422	73.09932261362002	-170.83135253886283	437.5783029290123	-1928.9858122902704	1493.3693805155808	5321.555108009968	16.35615223253956
?	229.50391277926443	-5257.881081402787	67.66517432985059	-332.6085356061672	377.13987298513405	680.1986655911475	1248.8986336156804	3433.4713232544177	14.082506601665559
?	-1	-4610.078255585223	56.46889583331142	-61.63558974956144	471.58823620857015	13574.24909902984	1665.0429466783041	23302.30055374141	-1
?	-1	0	64.58339484237247	98.42406940598795	1055.8523279366357	10337.589410571409	2414.0136613027676	13393.497894142161	1.1445880093627054
?	-1	11159.890730182458	61.39009930361089	-122.31923564605805	988.467706737148	1805.9169245328546	2334.7178413854217	6852.967658894025	-1
?	556.9945365091309	11105.87573553134	58.46743306006948	-121.15925682971748	1146.1481741632797	1308.374123660753	2756.6620442474737	6.496348561713511	-1
?	554.2937867765749	-11159.890730182458	55.33213646212493	-17.998423254355657	1053.8864129201866	-8186.726071747498	2335.0426588135074	-16472.51185227857	-1
?	-1	-11105.87573553134	57.567511897351686	-142.7713779308405	736.811870575899	-10666.075451415933	1933.0364516335335	-15341.119744423455	-1
?	-1	0	48.1935675655828	-235.12421147149502	520.5826403493824	4388.80758375415	1567.9866715923238	4057.9497234687974	-1
?	-1	7302.711483739052	45.81130132377677	433.6683036110048	956.2522497636096	-2198.919072779907	2135.9339378069762	363.98595622819295	-1
?	364.1355741869578	3461.406531625982	69.87698274613335	578.7382456442878	410.63668671038545	-11226.146128800085	1586.1859694037337	-10851.503426601263	4.849670672910577
?	172.07032658130157	-4127.034205493752	74.74821360599157	152.28297088488046	394.9449433235974	962.2787090050395	1593.3587664769054	-1469.2181576191042	19.148797829023845
?	157.7838639122673	-418.65827097449284	77.49113129037748	-115.69060523783838	458.7506221606381	383.95318802722295	1512.7250615227774	-648.5959472419835	16.137079828316704
?	151.13741303257663	-68.57122438697347	68.96368334409956	-373.6207076719412	414.1426027249588	-25.90625295143886	1560.9289691148058	1200.128535437417	11.701092459234955
?	154.35530269291857	1260.4579784292414	58.810095906780155	-168.61548622845038	457.45530951306614	4969.820932320099	1572.7314882946491	12200.32411096486	-1
?	214.1603119540396	890.773779224836	60.532909032676926	420.34519918336326	662.6336493409673	-1252.4621334161502	2170.9451746630575	8368.8418260162	10.000996678904261
?	198.893991654161	-697.5206625211687	79.82735586594862	226.93864169199733	394.83220284225774	-5616.066459704372	1991.173579595465	-2243.979812147504	12.399431616858802
?	179.28427882798067	-210.30771201070692	71.87984111727695	-354.717768305621	381.83032635574466	117.08269765769334	2058.7461840556807	572.738544131731	5.40869486056988
?	188.3786060536255	603.9469321714574	62.09146745066732	-216.53908627638336	400.6863377251425	10474.880445710736	2019.810506802052	5069.036945207182	-0.4641888188356299
?	209.48162543655397	-20.470091252811066	61.05288680345763	188.11154165975498	905.5743486412889	-1689.831901237046	2312.1980313160434	4173.32905987897	-1
?	187.35510149098494	-959.6038163706527	71.4970445336552	89.00625879654599	316.194742663289	3782.9603246260613	2228.4769597960035	1032.892694365986	9.635503403753642
?	161.50143461802065	-190.67051049841282	65.503199743285	-169.06310058974157	1094.7223648725947	15651.100244757636	2363.8426660343434	1355.7741487911414	6.326221968935322
?	177.82157596606416	-10.482721861754804	63.043889504168	184.3068714680643	1098.7497549011819	-13203.038781472236	2296.2656672355615	-28798.61165884927	6.060229087931108
?	160.9772985249329	-718.3276839438099	74.71854331668834	187.77941963869355	434.5704257989735	-14899.396236507584	923.9120830918595	-27542.117551597803	14.489032828083571
?	141.90519176887315	-383.16349239238343	72.43286048610281	36.55111390007368	353.779943075792	-2282.908837154794	919.1597896556518	8146.569286272302	11.350215177555704
?	141.81912390531346	-225.09012780032114	76.54609901169205	61.8323426652955	320.42498394123214	2586.4475159499893	1331.2405474054804	16642.769376434113	17.224810745751334
?	130.65068537885693	-537.293487938552	75.52447761936763	-95.81252013113505	483.1023188732933	2457.955070630915	1751.2982584773692	8682.192177132041	11.280896488110876
?	114.95444950838548	-2633.0137075771013	71.75547300513523	-361.9102605399462	443.32273747277964	148.98960968515797	1765.3501562620886	902.6416515315312	9.796778531394093
?	-1	-2319.0889901676765	57.428964592370065	-257.7364259619609	490.5517993575513	7480.997189536859	1796.4303410539464	-5754.478282336172	-1
?	-1	2555.9242632167934	58.868651707037	123.50914555126161	817.3725969496279	4629.025039858748	1477.626242145276	-12297.488611464043	-1
?	126.79621316084149	2324.5730149116594	63.60442186993323	332.4543264358489	722.003051350492	-7510.5343696405635	1181.5559104807355	-10609.518234361409	6.9050812766423615
?	115.22865074558463	2656.503503258329	75.49136802882968	191.5892674292375	441.8458784675944	-5367.8792613762535	947.1503304271979	-713.6612143631136	14.146167852554111
?	259.62138832375985	9101.140186458018	73.18388524139525	-302.01573479907023	453.6090882816755	2229.1955590776365	1145.8728497625793	5736.213064150432	9.211615255352236
?	570.285660068492	-2493.1591452278067	60.39058128887596	-201.4554412950491	553.3056564214778	1942.8512012316842	1233.9609836347236	3076.1816639005583	5.459090678569995
?	134.96343106236773	-8822.45979370219	63.11111317664265	206.62881087518377	550.7516483432611	1835.521203269035	1299.6819329576094	1852.8007202062245	9.989204937639705
?	129.16267038337625	-605.3868794741509	70.72202183263529	34.045556429084996	645.0817165849309	-444.1705066121613	1326.601019645036	1097.1526123482934	7.884609193846972
?	104.69408708865976	-308.0565693060494	64.81339099809692	11.621432257767713	528.5431230126527	-4084.126289380006	1354.5395635750249	8239.410804349065	6.2480104101885106
?	113.75984191807356	214.1261238537144	71.30309344552369	135.10260186106768	440.87540211592767	-3136.1513487135685	1738.5715598624952	14385.512459287256	11.093875861041719
?	115.40039328134563	-10.561998846836637	71.5685210911504	-344.51737807354624	371.73555557697205	204.74809363848232	2073.815186539398	2796.4026842210174	11.961641139142937
?	113.23174197573172	-2328.0078656268793	54.07722454184613	-285.1342258969296	451.11280679785193	6006.929927199236	1878.391694073548	-148.27367518959153	-1
?	-1	252.6666883730307	57.31180979630372	347.9665856346768	672.0820519369381	-680.1503004712578	2066.4015027799182	894.0004775066345	-1
?	125.86507639438344	2241.058582821378	71.47555382358021	384.4135748326854	417.10529177428856	-4823.470510305425	1923.0917179488804	-11941.09071301952	7.891374840303945
?	111.05292914107049	-395.7143465724565	76.53248853793826	49.31851335538071	430.90852642166345	235.58561439596252	1469.3469671289338	-10920.326138833088	13.03878364260369
?	106.07935906576033	-129.4355303851016	73.94147949134928	-78.07297154821075	428.88457249408685	122.3963210225946	1377.0754110072182	-2766.093210600813	19.56335529823391
?	104.58115262181532	-70.23807586344034	72.62883996052767	-61.9733489711285	437.02834247279327	582.0320692643221	1331.0423065988912	-951.2197406833913	17.5183418266892
?	102.56745527258826	-193.94560631652163	70.84281204279282	-67.83343728095662	457.9861759573034	527.0769428910733	1329.514423973048	736.6646243293722	18.565001701820822
?	94.8838723059891	-415.6707282302728	69.23716809647979	-315.2621566030697	463.3821896173473	-344.85570435191414	1367.8755378153603	1599.396376710206	13.815110701378982
?	81.78391886107433	-1917.6774461197547	55.07970421263911	-294.02324307305867	440.7433907397074	1598.3393777657966	1409.4842428085594	6373.591795651973	-1
?	-1	-1655.678377221463	54.53600594282665	-100.42456708800046	543.2991585056383	3562.515269223332	1686.5551275979635	5112.513499009447	-1
?	-1	0	50.058475858239014	-192.91342682504916	618.8691542008766	2440.565007871507	1665.1099177590354	-717.0303997011558	-1
?	-1	0	44.890334601574054	-181.48959438321253	665.3274088992154	-492.0497509923119	1650.7036076129052	821.3341628312147	-1
?	-1	0	40.98399613907826	234.74055963171375	594.2666666512606	5609.031210226731	1706.1766259005967	11321.337297278373	-1
?	-1	0	56.62736258315991	587.660550341433	945.7789694105559	17746.5734542564	2216.770472476832	24373.346370336876	-1
?	-1	0	70.36702365615032	243.82081106033036	1481.5953393640932	-602.2594394524441	2924.843944417458	3795.4998775103472	-2.0601136455258326
?	-1	2380.1194154731816	68.8184031361766	6.976051679808862	915.6659974379332	-21117.75935021289	2406.545466352352	-25038.489195340906	-2.8692496211862264
?	118.00597077366078	2167.4610812296437	70.71582624014077	-24.08109759444011	425.7073718534336	5090.132452216997	1672.9194846503947	3925.4941333706015	5.29084557595612
?	107.37305406148373	-2380.1194154731816	67.61434825645458	44.62929523409962	1170.1726200487867	29612.28752081798	2602.820173020885	26123.020005978233	3.683781606304922
?	-1	896.3475938289935	72.94729100184578	67.85055675995	1906.3217478943536	4024.7633222109625	2979.070484949325	660.0543523158009	-1.54558791396776
?	152.19043375293404	2820.033997217119	71.00687609445212	-29.906143328411332	1371.4107861593377	-28893.14929022667	2635.8228906366753	-11769.277964302652	2.396485412569622
?	140.00169986085797	-3063.808675058637	71.4519838354252	-85.91932310194002	461.66428338299966	13838.689777699336	2390.606586734184	8124.405258547006	10.041249151981557
?	-1	-2820.033997217119	66.71090993935506	-353.80949568727425	2063.3452750443143	5114.0267990869415	3042.0431535640314	984.2039990155305	0.024012038954283627
?	-1	3219.857244993602	53.76150905106123	100.74018144253385	717.3656233373504	-31708.338592928973	2439.8167866849612	-22850.91272687838	-1
?	159.9928622496824	2847.4172340618356	71.74791901148183	511.4829291079795	477.9283453978433	-5676.075177878209	1899.4975172200961	-11905.381241564422	5.961136285538296
?	141.3708617030938	-680.3756948676494	79.33565550646057	6.418286013341594	433.5618644434359	-2919.672707617826	1844.5477246067317	-6792.141679631067	11.81008890601218
?	125.97407750629944	-523.590972640302	72.06883331214891	-132.95085955615872	331.94471001694995	-2714.344488400474	1559.890433238538	-5830.825777546001	6.315210647802853
?	115.19131307107833	-335.74141487438175	72.68811252865254	-187.00784661368562	297.8446400234103	1392.6167479427381	1553.0064357294275	-2201.4301199705646	14.699936153023652
?	109.18700676258011	-2323.8262614215337	62.7184409814645	-425.6577219166493	401.57554741408785	2560.3453126321347	1449.8189272400082	579.7131165495975	9.377550743208182
?	-1	-2203.740135251571	51.405226432819774	-267.35577884261465	425.86190565501886	1624.1573323753034	1581.9920915569078	4171.679785349593	-1
?	-1	0	49.350652039333575	-11.716076861430455	482.7834140328542	568.8056226677701	1658.4029165074908	8497.326663753849	-1
?	-1	2307.637027242865	50.81942258974824	418.957410870669	454.30218678840777	-2967.254574626004	2006.8584247446063	9422.236914904317	-1
?	114.38185136214487	1972.3135068520746	70.29852258286732	449.8831696985393	334.4206853015519	-733.6530006483756	2129.5147622527134	-11235.654109964675	10.884315321695205
?	97.61567534260513	-473.64091729552723	73.31358107467553	-206.7482975608555	417.61953675598846	1114.5432752620388	1445.0757192463645	-12388.176313075184	7.669550920814874
?	90.69980549736818	266.34452678677224	59.9611077048244	-51.20813527414596	390.1478490646546	-1872.764342633181	1510.1059465989454	4227.328900416859	-1
?	110.93290168194393	1022.9439778718855	70.75317431096819	316.48944453754217	323.9813196243281	1310.2587822952405	1656.4421642672105	-1084.065276115537	15.879800910619512
?	141.84700439096318	1661.4725598515224	75.78557993170173	115.29170640039503	455.6607881794176	4430.176905163026	1455.9026827931677	-7766.5617773075055	5.722909325523184
?	194.00652967452123	1343.4875293361163	76.51775963098802	-182.89975770434577	545.4901648824825	579.4701867364413	1268.1140754018297	-4052.059204695876	10.510208930051748
?	209.02138085776994	-3900.1305934903694	66.64059204648432	-425.1038374162372	484.63429751624005	-23.775554112907802	1253.299722558371	1068.7231456587444	12.018859659105066
?	-1	-4200.427617155339	55.26256776017586	-193.5576474557302	544.3013871768371	7745.82593492929	1321.5502326847677	24788.20014928792	-1
?	-1	0	56.96270967369767	-131.11681890443006	871.9255942627101	2037.8801253465015	2492.7097300227847	14197.088470864117	-1
?	-1	0	48.706726814954266	-55.78332028324715	646.1953934441636	-4383.323280702577	2031.4046562279837	-4843.17163866482	-1
?	-1	0	54.17354365953527	75.6367678257181	652.7594302275782	-509.20728489797017	2250.55114808954	2909.4775645504565	-1
?	-1	0	52.488565206240224	-122.89906026379948	620.7350291992648	321.80467448884656	2176.8785344555085	-764.5451233654039	-1
?	-1	0	48.02859064634521	-232.59303274154985	668.8496639520207	1448.7102764242852	2212.3238919212695	564.0145770785795	-1
?	-1	2801.785328267814	40.85891356916257	316.78401078484814	693.1705430204801	-6670.232522356106	2205.079263309438	-447.4770223328442	-1
?	139.0892664133927	2436.4224832232326	63.86779118558784	576.5873511646166	335.3380378342107	-4587.798294768878	2189.950040804627	742.2137152574381	16.712678720982016
?	120.82112416116335	-323.6191193816236	69.68828112739381	8.161520229129762	463.7806282820329	17767.713900475752	2242.1899490723104	5321.312626963888	11.363044988208838
?	122.90831044431128	31.389842288778432	64.27586719704433	76.09222186356936	1223.7237328580109	-26.59968378303423	2456.015672152825	-18331.20015075625	-1
?	122.3906162756023	-81.94828932179942	73.49289222057233	188.92360331351387	462.4506440928812	-17693.93885641128	1325.629941534485	-31285.792081968168	14.324211209108455
?	118.81089597822125	232.87452886594122	73.72204736272016	32.67596910215456	339.02679003743424	-3192.3980058992393	891.7260680543944	-1996.337577676012	11.76665434033357
?	134.03434271889952	812.6527136931433	75.12669067568008	81.71671107511938	302.83074379791697	3099.650425633202	1225.813062650683	14260.330429492205	16.613953172665067
?	159.443531662879	605.4087734323018	77.80788291647619	-216.64964865387424	494.0093113190965	3670.2444031987843	1604.7425895290148	7698.781421592498	10.015381903163533
?	164.30478139051505	-3208.8706332575343	64.29420824298622	-371.05631977633067	486.3429639578588	3541.71769419269	1610.7521337303133	8214.408425761314	11.712463609826235
?	-1	-657.5050882130498	59.25506692765939	71.30641172290906	671.0951960287335	2438.726072689288	2015.4630108170863	-6281.784864718636	-1
?	131.4295269798621	2279.023528033588	67.85952882913172	243.6953837469063	608.2792675923249	-5408.497652007118	1296.662890494377	-15127.017823357577	7.857852539116641
?	112.95117640168101	-398.40436549588446	71.43983611500488	62.77453184828455	400.6703134283738	-3251.291234582767	1259.1121196491968	2114.47124656521	9.23462035796828
?	111.50930870506758	-64.14139283595313	70.99825542154599	-109.0454367632036	445.71470586318424	244.0837960147382	1402.386452822639	-799.5643093079957	12.11587410619963
?	109.74410675988331	-41.18367425750931	65.98756427684462	-197.91279757718928	412.87450322911087	2918.798354830189	1219.1339041837964	1618.7734347980493	6.398658496908729
?	109.45012499219209	283.5041532722311	61.10261554268639	42.36590207698239	591.6546236046958	2318.682576363385	1483.3251245625427	6680.697010288164	-1
?	123.91931442349507	95.67075058896029	68.10585938069377	155.0355813680985	528.8086320472818	-1265.9430066054917	1553.1687546982093	-2630.22054372006	6.864443646421565
?	114.23366252164017	-2498.386288469866	68.85439461109142	-163.41151700132778	528.3574732744203	-140.8769919035538	1351.8140973765378	-2151.2324239753766	9.462810353320991
?	-1	-320.8320767622402	59.93528353062727	-60.6241074505263	521.764782452104	2445.8440998014494	1445.607133499439	1954.2263160881835	5.984412304055215
?	98.19205868352793	2027.7585493993654	65.82318923856506	43.52340409387035	650.6496782644945	-2526.881846107365	1449.5254131809484	-7525.709926349147	6.284798042274587
?	100.38792746996971	79.38390211857951	62.111453735320815	16.536701864646993	395.42069014673393	-5691.953993696784	1069.3216371819763	-10514.882822086787	24.329385584261512
?	102.16125378945696	-150.4468358956926	66.65002433179743	38.02917504353718	366.05197857965123	-833.99137291169	923.7812720766016	-1840.4576712135702	12.953428788273152
?	92.86558567518497	-253.95128202845862	64.0129124874977	-132.31419910541288	353.72112150114884	5226.532931914326	977.2987536212964	31269.271206589838	11.245330573168278
?	89.46368968803385	-1877.3117135036728	60.03431437652669	-15.70271393916477	627.3786251753712	14686.54208161404	2487.2448324061156	32305.319352322073	-1
?	-1	439.12849789414764	63.22777679053945	114.1168353873831	1088.0482255818613	6228.235092127705	2592.564721237423	-6284.282429178185	-1
?	111.42011458274155	1845.0318158469431	65.74015614589592	-119.20388767418531	938.7903797817609	-10071.238222328438	2173.030710947202	-10638.809335875561	4.753749047714813
?	91.25159079234847	-2248.402291654799	57.2675824068301	-129.88003853574298	584.4863144654322	-10121.612855624775	2060.6242544436373	-5607.429181038762	-1
?	-1	80.61817974817897	59.24615421910868	237.4312568874578	432.7097370005149	-1646.563683204685	1892.6592518952598	-7318.086507029671	-0.4491398045213652
?	95.28249977975747	1943.9931084307589	69.13914525120316	30.740785070132677	502.1581303051968	491.3838353172842	1694.7199290921485	-5451.15197162721	7.325031205788297
?	96.19965542153932	107.981519223048	60.78319347261534	10.075548938003605	457.27892876637947	-2160.867311501788	1620.1016533138954	5253.192106116042	6.289890208718929
?	100.68157574090995	428.43745898223364	69.64292269810335	240.1229263854023	394.11476473010583	-2231.8584279819333	1957.3795343979543	9056.03331733312	11.496059101127027
?	117.6215283706513	1159.6530830117315	72.78933979188562	121.89807937863176	345.6860073672812	1271.2990534241353	2072.903319180558	-6078.223944058859	11.013003580989736
?	158.66422989149734	1586.7558643775	75.73782666703502	14.618485945552854	457.6797174013135	3942.501339096568	1653.468337195007	-13215.437980478535	9.795934023307067
?	196.95932158952743	799.5300635106287	73.52026408916328	-245.07602812881507	542.8110743221124	1792.0935174838219	1412.1314201566217	-7208.037897725437	14.032693858607578
?	198.64073306702934	-311.9889747104862	63.484025260594095	-50.295465629624935	547.2843932755059	-2658.815894693815	1293.06644230873	4173.577610136035	12.430422853382389
?	181.3598728540029	-1121.4254043626556	71.005490807682	60.31088377888238	409.87027958741976	-1611.4891129816167	1620.8103006634265	14240.591588315066	11.864348607192358
?	142.56946284889577	-1024.6315584847146	66.49956944953826	-198.9479883006678	466.7099376264239	12550.169262020323	2005.0960217244935	13185.883945998661	10.566380979725196
?	130.12829492976644	-468.9057352521364	61.058091392648464	134.01501496937394	1037.3787426884448	-23.062209696698474	2280.104497963369	-19286.266147899994	-1
?	119.12417608628861	-521.3899547297461	73.20032019800705	194.48395669496855	465.55682714158894	-10411.125294538213	1040.78271432948	-14763.734877003417	12.565664931402193
?	104.05879719327876	-264.1383676450598	70.78228922739703	-224.34873811003834	516.8224779615268	452.5078450543144	1541.9177541131876	15100.858835687735	10.410061682410506
?	105.91725770403544	446.3578814963809	61.98288329250497	-110.25910209754713	488.182219394305	-1952.1129558875027	1795.8256561138776	4425.210137518785	-1
?	126.37669126809813	364.0055798684926	65.2693341225196	-23.51218256105478	419.2168301671503	-1730.5792805423396	1763.17826098913	1985.9633882294374	6.266787840826499
?	124.11753669746032	-2547.5338253619266	60.80727416445222	-222.36091114112253	401.6532553671868	1644.105640516381	1895.1238255253509	402.53791527598304	-1
?	-1	474.23075524149544	54.15128856546331	303.96280884303945	501.42211219297053	2187.532601416146	1783.3051567529294	-4753.3491164590905	-1
?	147.82907445953543	2629.030580305961	76.0054146066044	360.1618415487665	511.02988543799563	781.8066012573993	1657.456369702393	-10168.171446362554	4.807347628477183
?	130.4515290152999	-202.27393928017815	72.1593806429019	1.7346183850201877	540.512442255841	-3578.146319172786	1274.8965844347945	-7220.160761245545	5.597056910099221
?	137.71537749552638	99.57374893076093	76.09214552585542	96.94295023043684	332.1225694793538	-2548.5521394398634	1296.4483316401106	11476.792133966752	15.468325196905235
?	135.43021646183803	-341.5557584530333	77.0065281544238	-166.26727225467354	413.0848352838461	1367.7802013305495	1848.7361911331402	10574.988310673525	10.438673169935763
?	120.63758957287448	-2728.6043292367217	67.77878191312162	-361.6050063694926	400.5115795458822	2480.4601013559545	1825.1977471737944	273.0050709361792	8.750221756539023
?	-1	117.79983286204956	58.926277835948916	-60.84431872467631	537.1078403516456	6002.119864057203	1862.3864446799494	-3148.0745194137453	-1
?	126.52758121597704	2372.0463325299947	64.73656597688776	346.7454936133564	700.6175727487466	-1645.6488403310532	1667.7940212031049	-13127.709004868693	5.8340315813290555
?	117.60231662650142	-271.2965798322223	76.26355251661698	234.41749535147162	454.82539833509173	-6050.543082074941	1206.0009944365054	3731.4795738290936	11.495493537370502
?	112.96275222436573	-19.698334024376724	76.45744074446151	-81.59343985591985	398.0904186449953	171.57664445314578	1854.3679998945622	21890.63024914006	10.654708600773565
?	116.61739992528257	430.1068439171193	72.18388052382093	-81.85986758866446	463.40423055774914	28125.13792928271	2300.532506893524	20359.111257754776	4.617410993944537
?	134.468094420222	600.2511248963458	72.36444736502823	152.8996312082195	1804.3473151091507	-126.76987571177553	2872.3235627823155	-12273.42316240123	1.0414237786678298
?	146.6299561701003	356.5285326569262	79.82886208423201	185.42530883086405	457.0657367721603	-26609.92300544109	1686.8613487734538	-27520.487309341494	10.159822085336193
?	152.29452105306856	127.95400117627298	81.63571280657156	-62.70812911212911	473.8511648370772	-1363.0151617740592	1496.2991973152214	-1360.2080104320191	14.328704790596575
?	153.02765622891403	-146.39367281382724	76.69345562862551	-98.63779097054307	388.91497868345635	-2345.833888893664	1618.8509482518518	4965.713780709168	5.386256596110839
?	144.9748374123771	-955.6418080474797	76.70382325804434	-178.8582800956374	356.5594703923923	412.6818465397876	1744.5848863506833	1686.1855398970317	7.418752973004885
?	105.24556582653936	1407.5693227721176	67.75054162384352	-235.09451231085882	409.549071010446	933.3567051143726	1703.1602252467046	164.6246103386215	3.8108391251863587
?	215.35330355098398	2935.91843842616	64.94909764250123	-0.123646456604261	403.2273056481116	2713.894493248388	1752.8161168676145	-101.38760960448364	6.49693467667962
?	252.04148774784943	478.7837446490107	67.7443593010133	78.64740636601682	545.2437956728674	2720.1090461924696	1698.0908447664804	505.50455756595704	8.001311693556207
?	239.29249078343486	-512.3891164245584	68.88146796080213	50.75359894719908	539.232757957737	-1787.4358563883784	1778.0913447459127	2935.607942633791	9.56452497844262
?	226.42203192662114	-483.020751318437	70.2820392483733	63.3323449256684	455.87200285344716	-2089.355860455822	1844.871241898172	2515.097753460723	10.130189401229126
?	215.14145321751266	-276.24363451950904	72.04808520708559	-98.35424340935194	434.76496493494443	-814.0855825402136	1903.8462324189506	2216.4821727614485	15.706813063220286
?	212.6098502006455	-1611.676793403926	65.36432707790563	56.28518316376874	415.1677237264359	-222.17466116439394	1955.695350536246	-2199.8508022472793	10.275188650650236
?	134.5576135473152	-1841.5214823315146	74.86234436527407	265.22075002233515	423.6562318767246	1864.0736270483815	1793.8536923065851	-5550.527398366437	8.199426785294651
?	120.53377608406846	-277.95832163042866	78.62536457902257	-46.327773994325035	508.3714050788563	-817.8531071793359	1678.1689806179202	-607.5064589291474	4.175825001616756
?	120.65969746579358	92.04011617472571	72.54595566555778	-42.36421348236828	382.7635765177572	-2635.831282741257	1763.4783693601273	6426.746042856539	5.005020177499809
?	125.13578189280481	375.7627729269743	76.50715390490413	68.3443290769394	376.5798409417916	406.16107840700454	1999.5062827607517	4842.733982473086	11.810165593209597
?	139.44783611214257	2120.860964238705	75.9631721194048	-9.604441716327449	403.0716304381077	4664.1641341718405	2005.615068483785	-5686.652523977051	7.679270773024996
?	231.17883010474156	1351.199650414671	76.02693181908775	-22.934081115642712	609.7880476503869	5014.75646509619	1715.173656561895	-3991.088409003021	4.939487086025059
?	207.00781863287708	-1429.3470085033553	74.81646806362265	67.77786922088455	653.8094536929208	-644.9775863635886	1806.0606480336312	4203.281603855147	8.079245468226972
?	159.7114796795728	-1273.6446239820702	79.41582528013203	-31.013802172910644	577.539168332207	-2430.245644229819	1925.3377367546555	1174.4537728469384	4.760458437087523
?	143.32558743377265	-261.26939209096435	73.2657779549771	-90.05233534655488	532.2971714814281	-3589.279796118432	1864.783336675979	-147.9796298551334	3.2933241184998767
?	146.6480100750244	35.858003711129015	74.91320851280422	103.65094889438859	398.0751785262829	-4447.7371112649425	1917.9387552618987	5924.51957070308	11.067226256531866
?	145.11848761932913	-143.69546458891443	78.4483253996966	-181.34333266743877	309.91031591817784	1477.011570833567	2161.009315211137	3403.582052272647	17.753565010412267
?	139.46323684557856	-839.121459301482	65.84604187943215	-96.12561924475875	471.9257570679623	2559.8416052782363	2088.1178578755334	-4804.740243803076	-1
?	103.16241465425443	-524.7668439761619	73.6420444374586	172.8468603902196	437.9023961820915	891.0729463914469	1920.77230302098	-8814.891006639007	6.603058892957319
?	113.2248946467701	108.58411724294415	74.48838489894325	-18.916563172665533	516.4794043875353	528.030527292987	1647.3733075435769	944.4621805482168	5.575434228963347
?	108.59162051640172	-60.69792471986175	72.6962162788253	29.922550087902522	464.3039225467412	-2194.66100561368	1967.9954120483915	6939.508045845652	5.707051708839014
?	110.18999841077697	-4.759784441214027	75.9845124033384	-101.64155250245469	406.7463541068497	-1117.8039047060884	1994.3487098358644	2276.6300855430195	6.354596260375137
?	108.35363129434101	-2223.7999682155078	67.6141386537025	-321.7415879605389	408.413727311436	1301.5358477585867	2081.826916325544	2054.9115283390283	10.406770065364299
?	-1	249.73913362501278	59.89743300531123	10.644612952103065	471.82314649477996	9.370464709073625	2097.0942862528173	-1840.2863042864385	-1
?	120.84058797559183	2872.1044608753386	68.14636930130766	377.2315113204261	408.8822505468897	470.85960602503985	1989.8126011112208	-13419.144510713719	7.657938757861517
?	142.60522304376897	596.836386107833	78.7590085713328	223.17366574357771	495.3661267960323	3079.240007488841	1426.1370607171218	-14035.059029654776	4.473946571391197
?	150.6824072809839	-303.9851227304771	79.3050525884867	-22.315464607032393	562.8442509213339	341.1744979486909	1288.059649628472	-1235.5501043085094	4.546378225481864
?	127.4059669072449	751.7574205249396	77.64323534098116	-18.996106968001826	512.4248516934671	-1574.352196622886	1364.3595555016955	4497.073093972458	2.633388379176442
?	188.27027830723142	1341.5925779612055	78.3552472400866	-72.40866207930236	484.1266410901885	-1875.357463413189	1512.913304327098	3749.811782139283	7.567808496172906
?	194.48559580530613	165.395285303316	74.022802237016	-120.69838029184835	418.6569785228063	-1439.148224754506	1551.8501446086623	2810.493545099158	4.08335924727505
?	196.54004257239734	-103.73845120200053	72.3203282254941	-160.5024046106442	412.1692298524622	210.60902439536378	1653.437981582058	2328.260397971129	8.553184922004098
?	189.29867324520603	-3930.800851447891	65.99768200648367	-1446.4065645098613	429.18742974257464	-8243.384597049128	1668.2631645072204	-33068.75963164069	7.978133301023062
