rowLabel	avP	dP	avI	dI	f1	dF1	f2	dF2	h
?	148.61231528736644	2765.542374372191	76.00255453963196	1455.5634580493045	574.1903957701471	11027.084081876525	1480.4457798828785	32819.913902211716	9.10821620920507
?	138.27711871860956	-607.0035665807171	72.77817290246523	-243.81875471423342	551.3542040938263	100.84990343104892	1640.9956951105858	13158.578661800948	13.074560209198218
?	118.26213695833059	-2785.5423743721904	63.81161680392029	-206.0310656014307	579.2328909416996	2379.253699847458	2138.374712972926	18759.82550115349	-1
?	-1	714.2648185326779	62.47661962239369	30.003953348908972	670.3168890861992	5198.646931292966	2578.9869701682605	490.26682290016663	-1
?	153.97537788496447	2787.008671935416	65.31181447136574	137.86221637355158	839.1652375063478	-2663.3364022776327	2162.888054117934	-10779.185560298303	9.308620659457102
?	138.35043359677076	-405.64800100830223	69.36973044107127	35.49961777885131	537.1500689723176	-4049.6939043169536	2040.0276921533455	4113.837488498958	9.751781206191781
?	133.69297783454937	329.4366511755397	67.0867953603083	8.111105577280002	636.6805422905002	1396.4840070809034	2368.579928542882	6749.837192581419	12.430496354721116
?	154.82226615554774	1272.4274685033631	69.77528571993527	15.28433263231506	606.9742693263628	-893.9924877240926	2377.5195517824163	-2571.063537915407	9.640367833885948
?	197.3143512597175	1715.9428996539036	67.85101199192405	-152.87912673817178	591.9809179042956	-1207.9231322317971	2240.0267516471117	-3417.351922136523	9.868458565919807
?	240.6194111382429	1025.7126203142993	62.13132938302668	-305.3041019152045	546.5781127147729	-278.7141338414563	2206.65195567559	-1680.6071745628838	-1
?	248.59998227543247	-4832.388222764854	52.58580689616383	-267.0089726513682	578.0452112122227	3044.8440508881704	2155.9963929189676	-12594.566158269929	-1
?	-1	-4991.999645508645	48.78088075045826	-50.19360465534258	698.8203152591816	3959.009462542707	1576.9236477620932	-5459.883061340647	-1
?	-1	0	50.0761266633967	38.22813766510887	775.9956843393583	885.7658628009577	1883.002239851935	6891.543042421497	-1
?	-1	0	50.692287633713704	-41.08624953766121	743.1086083992295	-1747.445476596866	1921.5007998831684	1261.8052606310619	-1
?	-1	0	48.02181418651364	-92.8434109303135	688.6234105095149	-220.73874360818516	1946.0925028834881	2271.839833114712	-1
?	-1	3189.410152039743	46.050117087198025	354.2842697112695	732.0716712188203	-6281.201905803946	2035.092791538904	3573.692248200165	-1
?	158.4705076019873	0	65.73602767207713	351.3353612004614	374.5633152193173	-1118.7783379705402	2124.7771152934965	9252.97345927716	11.433525167953308
?	-1	647.3025864311762	63.61688514722111	20.008134697350197	676.1327543202932	15316.526918537425	2497.7414645027625	7511.681768660931	-1
?	190.83563692354613	3634.821585108758	66.73643440694464	227.8750589129033	1140.3896611461892	-5292.787440364761	2500.3612037265434	-11169.941461028215	7.206562269634321
?	180.74107925543805	-422.6257782903724	75.01063809286629	-75.38571166660641	411.4933823020549	-15306.656920889835	1939.2443914513512	-12083.145026321501	11.097009401363565
?	169.70434800902754	-548.9454538320485	62.96714882361432	-285.915858707013	375.0568151016984	-200.647357423894	1896.2039524104691	2838.647324746682	-1
?	153.2938065638356	315.29899499357924	60.714845157515626	192.97801955071134	401.4610144308602	3551.226041757173	2081.1767576886855	-7242.91089403969	-1
?	185.46929775870652	901.1299220971799	72.6160498011499	331.4116921429829	552.6181171895572	3812.9557150048254	1534.0584077084843	-12024.752383966295	10.036418645122321
?	198.35030266869464	-99.43035619344974	77.28542976466478	-115.03460497412978	592.1088001811016	-457.60328005901744	1479.9391384903702	2280.6995073040234	17.48554685711845
?	180.49777994903403	89.22917728537803	66.8643195524434	-187.73689158083283	529.7379531866063	-1618.0157868911576	1648.0933830736856	15646.172864166878	4.6499786684133
?	202.81176153296354	-312.4483733309822	67.89858518562313	-156.31331185966985	511.2080108365437	-672.3894032077186	2262.247781698715	6214.1628019795	12.115989622583392
?	164.8753612824849	475.08026161680294	59.048653959459905	-101.80533161840137	496.11848302622036	5680.928257026242	1958.8015231726608	137.22394959666406	-1
?	226.5657746138037	1381.1388261521704	62.80831860470306	265.9436322917513	795.254423687856	-647.2686182219246	2269.108979178548	3590.362818613736	9.068592147175497
?	233.93230259009349	-102.81302138874301	72.34583557404748	180.0006498178767	463.7550521151241	-6969.076487994176	2138.319664103348	-4222.5557585566785	19.75730094582797
?	221.42512354436656	-4698.646051801866	71.8083510955969	-266.85057255130295	446.80059928814694	-170.84427885469822	2057.981191250714	-1164.7454710405316	14.998937000652848
?	-1	-11.08636710498671	59.003306946482326	-272.689114157586	455.2128381723892	2099.24201358597	2080.082390551321	552.2821039018068	-1
?	220.87080518911722	4265.188781648001	58.17389538771759	388.2840330445958	551.7626999674455	90.84189111082074	2085.5952964458043	-3334.598929384739	-1
?	212.25943908240023	-371.7947268736011	78.41750859871213	305.87019964091155	459.7549327279302	-2154.308853314638	1913.352444082084	329.2110811492691	14.493554434751786
?	202.28106884543715	-73.6589408488367	73.46740536976319	-366.0898768482675	444.04725730171356	44.63801066488027	2102.0558505032677	2573.334987937808	13.770048991482275
?	208.5764920399584	71.85327123042947	60.11301475629874	-390.1273135286116	461.98683326117424	2680.098316431836	2042.0191934789746	-2211.6745517519284	-1
?	205.87373240695862	-281.1753536493112	53.96103969333259	221.9815576100374	578.0521731233055	-47.066056819552344	1991.4721229156712	-4360.383240179927	-1
?	194.51772435749282	-630.053356528806	71.21209263680062	434.198960148338	459.6335304201966	-4115.7568322740535	1824.000031469978	-6106.131838976884	12.874449970405664
?	174.3710645805183	-491.3101068008758	75.6709877007495	38.74588843795802	372.2643315096026	-2015.017730454437	1686.1655309668267	1814.358502878975	11.190509657310281
?	169.952219017449	2.265704527531509	73.14938705869852	25.38973399326236	358.8826438974747	95.61702640277636	1914.7179566139268	9066.086376383702	10.067911687197274
?	174.48434980689487	23.603413682881268	76.94047440041263	-51.97370364599341	377.0451828297414	-64.19298123473163	2139.469849786012	4158.382081503997	20.85856625747567
?	171.13238970159307	134.1444224190473	70.55070187639886	-223.09498369672974	355.6729948357381	532.8647919974443	2122.637060689126	189.0796110269555	13.294318221377125
?	181.1915709278472	452.08366974884814	65.78572521557618	91.40187384732631	403.6884224296135	618.8605772685797	2148.92383033736	2984.501691780935	9.04858272788692
?	193.7365731890354	-102.8384034520324	75.12079556876516	22.404925530349338	386.616023699167	-1179.628288213175	2271.862145278172	2541.0879473219575	17.508653330058465
?	176.0496507552456	-3894.7314637807217	66.90597149209364	-190.55392005509344	344.707008018955	15016.930003823452	2275.9782277034574	4681.304157695993	7.5791220640943235
?	-1	337.4940557918041	65.59309956601052	-45.05589522016253	1137.462523890337	8658.260758104996	2505.927353162971	5555.208943347981	-1
?	192.92435354483575	3714.35779583458	64.65317673108552	7.957979170088862	777.6200459242033	-16926.553451184645	2553.7386748708554	-2530.1852427410904	8.838570920389353
?	184.71788979172834	-346.0621914361998	65.99099852451496	-7.3006199002375896	291.13485133110777	-8619.616485051645	2379.418091025917	-6290.985570881298	15.696354734100893
?	175.62124397302583	309.6291788354335	64.28814573607365	222.40321372559032	346.6392216716225	2748.7752859466214	2239.1893963267917	-18560.510077870353	12.071646188917846
?	200.19934873349996	478.3904434816043	77.11115921079444	180.44610838153469	428.57361562843835	4887.952505059886	1451.3925871324027	-3313.166240248077	15.600203242447813
?	199.54076614710596	-61.657696139455645	73.31045115515035	-151.2677949942727	591.0368469246159	3088.4649457796736	2073.5310843143884	18530.412702936894	14.559105371414688
?	197.1164639265272	-568.4447652644716	69.54776946108083	-157.86800838576795	582.9968629174215	-1673.8950617427124	2377.913222279244	-4316.220200940331	17.37591220711499
?	171.11852788388248	-620.2144498431806	65.41705073586198	38.121666111145906	507.3420938374806	-1573.1561964997695	1857.7200742673726	-20749.92368654761	-1
?	166.10574143436827	-235.4457170241292	71.45385276663812	177.74562171467016	504.3390530924333	2816.155170433917	1340.4170379518673	-14116.414484055036	7.403463665944521
?	159.34624203267606	-154.36797205844184	74.30433182159545	-131.1244280814252	648.149852359176	3039.6585226194843	1151.8993500646234	-2319.5383802438746	12.839151521656152
?	158.3873428314462	39.44676039666845	64.89763136256688	-376.9368782928996	656.321979223407	1933.6609327641395	1224.440118939674	5737.05994850379	6.560783779253905
?	161.31858005250947	722.64352422854	55.45748790695054	-100.04906219257542	744.8328989973826	-869.139061907791	1438.7523474898119	5947.832301774209	-1
?	194.51951904287307	109.90739254244527	59.89517825293813	329.2911747729578	612.8650261280176	-5305.3255230139885	1521.8317340283834	8254.544422377783	3.9467377971084745
?	166.81394967963172	-3910.3903808574755	71.92204664559837	-21.125190307525305	479.5666228466841	-2653.08725944625	1851.4795686086995	5687.039402754819	10.2831942716129
?	-1	-3356.278993592646	58.83891873756187	-413.1553170040224	480.21066315570556	542.0489100056747	1806.1837041661233	-574.1338725300714	-1
?	-1	0	51.264280795397326	-138.11197005807193	506.6690683469677	8821.607834348633	1822.772874982196	1916.5524078783687	-1
?	-1	3827.9683372313943	51.9333202346583	203.65788261555252	921.2910548731356	873.5639172312252	1902.0113245600414	2925.389676720412	-1
?	190.39841686156905	3880.7833571617466	61.44717492617492	337.8000853057302	550.3472642085288	-12014.393344331696	1969.0423588182161	8269.055569859022	9.603293078053284
?	193.03916785808664	82.99714938652615	68.82332449994475	139.73196298958874	320.57138765655293	-4782.95513241449	2315.464103052991	7884.763945750029	18.746959274047974
?	194.54827433089534	-306.55509748194726	68.43377307565433	-76.28214071996864	311.19950758780516	-403.38059021428904	2363.280556105716	-1251.1656247096334	21.21600055649351
?	177.71141298398933	-322.2736025763294	65.00921746394633	-246.7662604921124	300.40235814583855	-1490.4393442719283	2252.9058218175096	-1414.648514419619	12.80816094540917
?	178.43459420207893	-666.0334782430239	56.095460051048754	-54.8264931043038	236.677540374209	6253.025149039206	2292.5481303847355	-2421.135609679686	-1
?	144.40973907183826	-603.2109073569841	62.26789280873115	163.5568040465158	613.0536155977977	4070.123131586614	2131.8490413335257	-17430.1927693498	-1
?	148.27404883422983	93.21742880891667	64.27330025337452	20.15627683224885	440.18369695353897	-3758.702360132937	1421.0384919172486	-12038.267397775782	-1
?	149.07061051228408	39.43404873960574	63.27570665034359	104.18407253334985	425.11849759115154	2822.253538784347	1529.9356714447388	7048.023574734705	4.490211342620308
?	150.2457512712101	152.1077093199875	69.48250388004199	22.332548622399536	581.2963738927558	-182.29842592249335	1773.4396706539826	3633.3804696865527	15.659811468575908
?	156.67599597828342	365.86079321240123	64.39233408146356	-19.751613280619225	416.0035762950269	-3373.7019598373836	1711.6046949290658	9950.65477611934	-1
?	168.5387909318301	376.9993667916574	68.49492321601103	111.86745782223124	412.6112759008872	1283.5714526762365	2270.972409459948	8579.506973669853	13.175492867275553
?	175.52596431786623	62.95137297708913	69.9857069725751	-78.80294974775438	480.1821489288385	2873.595619394624	2140.580043612557	-5007.622578892692	15.2743208421921
?	171.68635958068455	-13.453498975604296	64.55477572862333	-310.24373568648764	556.2910568706179	1338.110687735905	2020.591280515314	-1913.2939035229924	10.34572032501668
?	174.853289369086	-3453.7271916137033	54.473520188250774	-273.636751523489	547.0876833156335	-305.1418190666083	2044.9153484364076	-250.3975187160049	-1
?	-1	-3517.0657873817327	50.872938152448924	-191.4675078218684	541.0339659172876	430.64528001035495	2008.071404579514	198.09946082898549	-1
?	-1	4571.614089971221	44.90014479715739	-3.2873843991804224	568.6199473161512	-917.0737126552068	2054.820321477857	2018.3320971763696	-1
?	227.58070449856024	5249.22855349788	50.708568932489904	500.62109533880397	495.1802802845274	-4310.891836134928	2108.988009438332	2779.0305736817036	-1
?	261.46142767489306	1296.8182419141317	69.9311995640975	448.46276384618426	353.07535550940554	2666.2416683371707	2193.7718501619415	10243.071068275367	17.241679027880274
?	292.4216165942666	-592.1986066570098	73.13170712479904	-33.18294520618918	628.4923637013854	11905.728718080374	2621.1415628520986	8379.514999732475	17.253073273028768
?	231.85149734204268	-1998.0661778143055	68.27205230378804	-95.69649039502968	948.3617914134221	11224.774823066906	2612.747600148564	-6595.5664118809145	4.232207115782705
?	192.51830770355167	-987.6738638192996	68.34688260504757	21.380884110854556	1189.7311048547288	4757.058906332273	2291.363242258054	-7468.554373775268	4.029935823574428
?	182.46780415107787	-388.4071374336153	69.34109650933077	114.58162726051695	1186.214736730035	-9187.564554206309	2239.3198814598018	-19175.192740713726	4.852436937346151
?	173.09795083187097	-960.2655935086767	74.0759639680734	-21.726010895425894	730.352877144415	-9355.840684639783	1332.603605222371	-14343.83812312845	6.763525442257444
?	134.4545244756442	-1137.2518290155663	68.25479596455948	-253.81498210789422	718.4227024980474	-305.28039776921213	1522.1279753033818	16561.473070567154	3.0765395367727106
?	116.23535938109286	-357.988704716394	61.38521486267873	-243.79463719490772	715.0888572559544	45.59632625729153	2160.6772587507257	13476.141368622122	-1
?	116.55508923982457	-2344.7071876218656	56.065064104814134	-166.7484044736648	720.702518810912	-96.76167334952913	2195.9350437344856	2793.559624003993	-1
?	-1	-2351.1017847964995	53.04779463899552	-48.51936555267304	710.250773588478	-89.40258750316875	2300.355239950925	-2289.0820364674883	-1
?	-1	0	53.63909582718049	-133.07153176163317	716.2323894357536	1761.9275981551	2081.4809419111116	-2349.432131359662	-1
?	-1	0	46.394218050913885	-166.5641585466331	798.3471534962326	103.56012735035202	2182.883633382942	-1319.25913648332	-1
?	-1	0	45.310887899848865	-65.34788528290102	721.4103958032712	-4241.081883106844	2015.5179850869458	-10327.65887636681	-1
?	-1	0	43.126823786768846	-82.8377208357668	586.2930593408912	1337.7069037771732	1666.5006895646036	-2923.290963058163	-1
?	-1	0	41.16900185806054	24.115393243702044	788.2957409921296	2427.233029878682	1869.3534369340382	3856.521850141262	-1
?	-1	0	44.33259344895394	104.85415230384427	707.6547108348249	-596.8407611028941	1859.326782071666	-518.0513274358709	-1
?	-1	0	46.411709473252735	68.79330266859522	758.453702936985	4045.7310609770557	1843.4508705622447	546.427943012479	-1
?	-1	0	47.77225858238369	49.391991099751955	909.9412638836769	2179.305009599767	1886.6481792222899	1402.54833062867	-1
?	-1	0	48.881309028240324	39.20985952449627	867.418953416973	574.3708654504346	1913.578287093678	283.8580299814804	-1
?	-1	0	49.7327515586085	57.177986985259174	938.6598071561986	998.4780171383694	1900.8410807213638	-7176.644816406149	-1
?	-1	0	51.74020837750327	220.01377053872426	917.3428542738913	-3730.0264643125656	1554.7460462733718	-9845.945033947504	-1
?	-1	3627.887015500938	60.73344008554467	572.1748176993739	752.1584839405709	-7871.569788668236	1408.5438290239904	-1795.652634679438	4.151539136133016
?	180.39435077504626	4203.0227043817695	80.34894926247186	428.31135130240466	523.7643648404809	-3696.504717103971	1464.9634145394002	-1254.6095830129116	6.805589960857928
?	209.15113521908773	265.5523543716866	82.14900765066483	-35.6519632400868	567.333248085373	2191.6297341408595	1345.813349873345	-12351.617470805117	12.428260824470687
?	193.67196849363054	-1127.0178755797156	78.56635110046753	-247.5950259316261	633.3458515475235	429.06363744152185	847.3825409991466	-7003.9331439956095	10.519892750324177
?	152.80024144010216	1461.4137011347339	69.76925635408357	-222.04540213673164	588.7864299574491	-1017.3119467746928	995.6166926735658	-1385.7702328726878	4.632816828305692
?	266.742653550367	6075.961322876529	67.46408099363099	-273.07235692763254	582.480254208789	1376.3778687736276	778.0940293555125	12323.322236652857	3.829356300579027
?	456.5983075839276	-5354.853071007358	56.11563850770199	-202.82939128950844	657.6053233961302	947.8311696528806	1611.7828045062065	24697.15043848172	-1
?	-1	-9151.966151678584	57.3226114291556	101.65662627529024	629.8718126914329	2395.5304456511835	2012.951551279594	18302.44767660679	-1
?	-1	5193.367393926516	61.19846982146648	155.0396479157359	777.3818456786889	7751.588806397747	2526.905188336543	11785.271620653886	-1
?	258.6683696963249	5425.955447860096	65.07459382494237	310.56213309317525	1017.4512530113188	-5272.666730515978	2602.215132312286	-16374.558093990498	-1
?	270.2977723930038	3053.4368499861484	76.72657647612519	72.96825499867165	513.748509152891	364.43671887605564	1708.1772836370208	-8555.190398622966	13.984536464158637
?	411.34021219563175	2515.737602435007	68.72300657487594	-298.2349989597605	1035.6730889551216	11555.658895984168	2174.4556123811394	8665.533893580549	11.472695845689804
?	396.0846525147537	-3024.5392568340053	61.81482652813722	115.66992226242333	1091.5314539520973	-5370.016730402611	2141.4539783160467	-9940.368364985856	-1
?	260.113249353932	-3134.7666579461857	74.50650268799708	246.72097023237856	767.172252434992	-12521.44571814977	1677.4371941318484	-16317.012409463909	12.975541266943182
?	239.34631961744498	-792.6714250950818	74.1508750397561	59.67873987208144	465.45916804461103	-6570.2523889859585	1325.6033578428542	-8245.909171033083	12.69223250775425
?	220.47967809917807	-596.7327937685461	77.49043968160115	136.41703739928536	438.65963298569517	2148.341821382131	1265.1417355801957	8983.377024737089	11.43575054324277
?	209.50967992901778	-356.0073680510204	80.97172690972035	55.878555342160524	572.8762591137172	2931.8041724685872	1774.772209079707	18673.40348403487	15.363284428577003
?	202.67930969662712	-533.7936763991038	80.28436744870916	-88.0827437308051	585.249841609124	-461.63124636764843	2198.811909781936	5060.869104620947	21.533776196368244
?	182.81999610906269	-991.2371207620374	76.5675897231801	-297.6779303384168	549.7946967953349	1367.363264720025	2027.8156643107534	-2884.2149563657235	11.140247515894625
?	153.11745365852542	-3676.399922181267	65.40047093178838	-305.24293261926766	653.618004845125	1793.8970050417056	2054.60116196365	163.12369989289493	11.111612981849362
?	-1	557.8074120553421	61.30544309221678	-0.6349197036257714	639.4895470474198	1594.9611196031663	2035.971849305398	143.5935375513423	-1
?	181.00782426129243	3575.2327889895105	65.36872494660709	340.5983816208616	733.3660608252831	-3738.433709797684	2061.7808388412172	-5407.564467168441	7.167384948911893
?	177.7616394494749	-140.5310968442529	78.3353621732598	315.8397888085	452.5678615575363	-4399.585962916508	1765.593625946977	-5022.246147977739	16.704271391384477
?	173.9812694190798	125.68930848491662	81.16071438703203	22.939666180376232	513.3867626794585	1488.3281446114945	1810.6685314423312	2836.9946247049447	21.54381233974705
?	184.0461048737207	790.4692721450232	79.4823454822786	-84.57065959264584	526.9842687881107	1201.9653521256007	1907.4433571822237	3736.1850516073305	14.83835420152288
?	213.50473302633083	1196.5605066370003	76.93218140739975	-110.76266025585181	573.4850302857383	855.4065996761423	1997.477784022697	1662.6436938768225	9.774760109203651
?	243.8741302055705	990.9910155237652	73.94421246948603	-99.52152961816701	569.7545987719177	-612.4068714199506	1990.5755418760646	-309.6869898264742	9.887044920474546
?	263.0542838025189	-40.98126081020908	71.95610492649142	-260.19992406781887	542.8646867147409	-940.3090189004125	1981.9934345313734	-479.5851836484843	13.115415210869799
?	241.82506716506006	-5281.085676050397	60.934216266095135	-431.0171418010928	522.7391478268972	926.382083897414	1966.5962826936404	-2424.9343129084396	-1
?	-1	-4856.501343301218	50.40524783643686	-232.28678480570136	589.1837909096114	513.7577518253142	1860.7467188859519	1372.0745926569045	-1
?	-1	0	49.31987702581011	14.123874185797312	548.4270354181629	1040.813043247978	2035.2000123264854	7236.162612494825	-1
?	-1	0	51.11144154572672	-21.750737216493768	641.2244430720101	5350.0504131318085	2222.554849510692	3030.98196136362	-1
?	-1	0	48.23234016498542	7.993743260261425	815.9295560747523	2158.951664392556	2186.749110394666	-4072.809756958237	-1
?	-1	0	51.51112870873979	89.89303202943847	749.1720262916375	2945.2338224714517	2018.9143616627807	-2778.714601453822	-1
?	-1	0	52.72699176645733	42.9430030158892	963.1912471983244	-2057.89554659187	2047.8133803219753	-6205.3909324581255	-1
?	-1	0	53.65827885953424	-96.26950657468035	646.2772489620444	-1183.5799271615856	1708.6448150398755	-4928.931498927494	-1
?	-1	9050.362019741808	47.91351643772333	244.7470821926716	904.0122508402453	-3116.5146783763894	1801.3668053756014	-6405.935779392994	-1
?	451.5181009870888	4112.6322827263675	65.89563296916778	615.3362437608171	490.45151504322547	-9317.965278682039	1388.348026070227	-10803.780105573744	6.270091786403669
?	204.63161413631767	-5682.577471156589	78.68032862576408	277.3647083923258	438.113986906145	-570.9844952233832	1261.1778000969161	4314.9168795132	15.226928237409089
?	167.3892274292604	-841.6538419346467	79.76386838878402	18.461227698722446	461.9022902820564	631.8344023461464	1604.0938700458862	1731.267477182743	23.602230362718434
?	162.54892203958548	552.5737825006362	79.6033900107002	-10.46101249555509	469.7057070234522	464.8487281676983	1347.741173956053	-5346.969515367324	22.094637377767505
?	195.0179165542921	6540.12525576508	79.24081776400627	-139.37556403359955	485.14472669044125	460.1414277489385	1336.745394277521	1141.4271516700906	19.890592763292556
?	489.5551848278383	6124.295806591841	72.63461180902024	-396.7150843179668	492.71277841089903	468.2158874131954	1404.8125315395573	5284.117422950249	13.98492779506245
?	501.2327068838831	114.93207246770721	59.405063548108	-320.3771941732443	508.55552106110093	152.44735725511927	1600.9512654250325	6645.93756920986	-1
?	495.3017884512236	3.7281755974993436	56.61575210035809	110.16221278631488	500.33514627365497	80.125082029505	1737.1094100000491	70.41689395971869	-1
?	501.4191156637581	-3918.206798644857	64.91317418742372	286.01962997069023	512.5617751625762	-2134.0650126492515	1604.4721101230184	-2587.9260142276325	10.188593146136045
?	299.39144851898146	-6496.723660413862	70.91673359889255	222.97135964382102	393.6318956411928	-1650.4052603427717	1607.713109288668	3498.9105370590264	6.703156343569712
?	176.58293264306613	-2273.490906667904	76.06174216961473	274.5795463043863	430.0415121454379	-138.59565765828555	1779.4176369759691	4665.282543930587	10.563612951544293
?	185.7169031855867	-198.76847296029965	84.64571091411182	-134.15936763549857	386.70211275827853	-2286.755931333486	1840.9772364851965	5647.814223650964	18.69752425252499
?	166.64450899505118	189.21030663913098	69.35377378783983	-166.8501741556523	315.703715578764	-254.10606864820443	2061.8083481585163	5196.122537903839	7.009529262967416
?	195.1774185175432	798.0258342935116	76.30320220632923	292.1170520492713	373.99680932586836	5491.486126830715	2100.7833633803875	-3717.209579525406	7.275253949088764
?	206.54580070972662	-553.1290260099595	83.95962639030334	-70.66743662149546	590.2780219202988	3918.621639837171	1875.9478691822467	-2933.8486623952817	8.425764057366669
?	167.52096721704532	-1107.6302733570667	72.76983037525447	-350.5517649390445	569.9278913177262	-723.7369466611884	1954.090930260624	2922.926095172785	5.45593678786043
?	151.16428704187348	329.36969090621125	66.43203814335118	86.68171147399622	554.0911745872395	-3372.2809020498944	2022.0941739408854	-2318.850992282577	-1
?	183.98945176235583	648.7652128273004	77.10391594895427	310.1251708426252	401.3138462152321	-1899.996452911264	1838.1483806464955	-14201.45295547356	12.096111363344109
?	183.60254768323838	-374.43709104949806	81.93829668548239	-109.94237229738711	459.09135194167663	11185.218329412854	1312.02152616721	10808.803102221435	16.466416591303435
?	165.267597209881	-3692.050953664781	71.60679733408493	-357.87858773771984	960.5747626858728	9229.551553856749	2378.5885357575653	22797.278491175653	2.227131916302567
?	-1	-3325.3519441976314	64.04436729859646	-249.63612188948534	920.5689296345124	-1300.6537223031796	2451.8854507259884	-1278.54806614489	-1.1504821742376312
?	-1	3694.473012200355	59.12499123961071	99.15309999503798	895.542076570714	-11559.252939827611	2314.661132450321	-3529.557578758144	-1
?	183.72365061001707	3384.1435586954817	69.00202229834834	188.53628401632602	342.60628264313397	-11632.386055871217	2275.407571788082	-659.8771258232888	12.974981241783192
?	168.20717793477348	-580.3831262915194	68.55180544042698	-245.74925202900718	313.92277377715527	-1180.4104658333104	2281.6672761591567	-1256.0666897596502	11.024940578819624
?	154.7044942954412	-3384.1435586954217	56.71455969689802	-325.58173922685876	283.58575935146865	1030.6498721086725	2212.6042373000996	-765.633883245253	-1
?	-1	-3114.0898859087797	52.27271847908381	78.19950142562408	365.4552673825896	8761.910902498399	2243.3855819968935	5600.41635251003	-1
?	-1	3790.2546937183215	60.62453476817928	244.1414695148992	721.6813044763949	15779.558583494822	2492.625054925605	6152.8821761693725	5.510215509242345
?	188.51273468591876	3748.5573039097994	64.47979195482894	139.91655604614053	1154.433196557342	-6681.016010670948	2551.0296908053665	-7216.2016602205285	8.488772962209897
?	186.42786519549264	-654.7227178909649	67.6203625704864	94.73559829566348	387.6305039428427	-15550.995292532709	2131.8149719145736	-9641.95020389805	11.298032221187874
?	155.77659879137005	-3748.5573039097994	69.21657186961218	-260.4781545039678	376.88343193069545	2932.4036346359326	2068.932180610457	396.1788252758959	7.644693526662747
?	-1	-339.90199065418295	54.59645484528783	10.810607687748888	534.2506856746414	4421.450536213484	2151.6239131783686	-15396.218874191682	-1
?	138.78149925866066	2670.289070762489	69.75710225399963	329.7396984275903	597.9559587413728	1385.7008879421262	1299.1212369008622	-26081.745695003927	4.750342577403385
?	132.51445353812633	-346.3728671088994	71.08343976666758	-166.9854217568008	603.5357300717487	-1038.817247696062	847.5366284281538	5911.73927636856	13.678839830669371
?	121.46285590321544	-2670.289070762489	61.407831166159475	-401.6728678913577	546.015096356569	497.44547976827994	1594.7082007192944	12803.224227402729	8.91239168404037
?	-1	1411.95395825642	50.99979637209941	116.64208894801551	628.4080040601631	3171.3367613790506	1487.6978397982994	1159.2023970725695	-1
?	192.06055381603744	4253.883186205691	67.23993561356033	770.7843904193545	704.5819344255237	-3962.7726280244174	1652.6683205729237	-367.834505628379	7.650454489691477
?	211.6941593102876	555.2085548121876	89.53901589306769	452.3162368598359	430.2693726589394	-5096.329938047081	1469.3061145168801	-2754.1672023829524	20.919691999241937
?	219.8209815566472	19.8003379913709	89.85574745655245	-147.9013509500142	449.7654375231661	104.82331660950614	1514.959960453774	752.7032811303463	28.216309900516727
?	212.68417620985616	-4416.4196311328815	82.14394834556687	-332.0888657609366	435.5105384894148	6174.307931506919	1506.941278573398	13405.747968907059	13.51277490057013
?	-1	-802.1802662575533	73.25130416850539	-140.21100815656354	758.4808340985164	16237.779409717434	2185.2473588991365	14616.054787896594	-0.14393511428712405
?	172.57516289697793	3742.373261196911	75.1333979377386	217.23330545710726	1247.399508975298	-7652.327038945245	2237.744017968238	-3583.3911517497418	4.190763223677822
?	186.1186630598482	321.97680438292707	84.1129694413609	210.6140373250777	375.86448215124875	-17365.95695178182	2006.077801311647	-3273.781916146717	20.556746319454298
?	188.6740031161245	435.35127814336937	85.66409980399263	-39.072191932877175	379.1016613861946	747.0548724859449	2074.0549221609	3734.9103490855864	22.17081662935024
?	207.88622696701697	1004.3134999896425	82.15935984471702	-195.73992219546858	413.2172257755465	1372.474102104554	2192.823318765929	3307.879727185735	14.903926959990287
?	238.88967811560735	1271.3600397259452	75.87710369421906	-207.52241874469507	447.7253664914233	-285.9288281065545	2239.448908520189	2464.5706844322935	9.584551015727701
?	271.4542289533151	889.1353513141563	71.78323890748212	-146.21322409948837	398.9207843702186	-1833.887404931097	2316.0518529875453	1919.6884976513684	12.5168159808167
?	283.3464456813158	48.439138697171295	68.56644248924454	-243.54593543279316	356.03099624486714	-1385.7919766374057	2335.4333334027588	-910.8323981988867	17.99595863981924
?	273.8761858881737	-5686.928913626235	59.605942135842284	-424.39434308887024	329.6311855383473	1308.651784844879	2270.5102330776003	-2053.57688283061	-1
?	-1	-5497.523717763396	47.34672533480072	-273.87624674299514	421.463585487112	8074.4375410205885	2232.754489261227	-2617.212771812364	-1
?	-1	0	45.912129798692334	42.76836914423721	733.3530625893825	3556.6567520100666	2139.6495944869803	-5738.93290352114	-1
?	-1	0	49.485143792012614	102.92306019379988	599.2964230876179	599.2403458168138	1945.8078440851657	-7512.951600583199	-1
?	-1	0	51.0582828083824	-2.6713488234421923	763.3150798802236	6021.2228567072025	1764.002014457815	-5462.48851875529	-1
?	-1	0	49.3515763508405	-46.28985463934446	900.3575659229823	2117.7738791028987	1672.6834181473973	3889.1603514197086	-1
?	-1	0	48.743790076415145	119.55053235654404	869.20377383537	2680.786544148157	1958.4600320288032	10046.55032470428	-1
?	-1	3342.3907204143084	55.32910296866779	636.5886301445316	1034.396893130392	-6963.134351564164	2175.0109343826184	-26697.84671495375	-1
?	166.1195360207178	3439.735420848403	80.57322158364218	555.5445014736042	521.0470562571569	-10007.99218181651	623.5676962810968	-30960.244600612856	15.958930937368436
?	170.9867710424226	-72.3671751072153	83.1063280423484	-86.88473938899269	533.9972840395595	1058.146416183	626.9987043519537	11975.940564308466	19.72145029390935
?	162.50117726535697	-857.5732053967327	76.22898461419248	-387.0353838053869	573.9543770663076	342.06489392478454	1222.3647244965287	27158.365522821	15.841133327385604
?	128.10811077258535	-438.0242497094031	63.75455885207877	-350.36760750107373	551.100528735799	767.5546707698986	1984.9169804930232	10688.412865262233	-1
?	140.5999647798865	-2582.1622154516704	58.71060423913855	-244.73308820561394	612.3321106048031	453.2228316941068	1756.785367759648	2953.0654249030786	-1
?	-1	-2831.99929559769	51.5179044417979	-245.4257316709654	573.7616703205047	49.757372245607456	2132.570251738179	4281.357584022651	-1
?	-1	0	46.4393176555901	-50.410334649255326	614.8199792170835	-1931.571132413628	1970.8532469607835	-5033.366184634925	-1
?	-1	0	48.9973877093351	53.91437822376639	477.1831136998219	-4058.302010316268	1880.9019425064294	-1862.6367687137608	-1
?	-1	0	49.13503656677846	-94.43315586796993	411.90487870126725	-608.7847489639539	1877.7214085250941	-2624.3995085044335	-1
?	-1	3115.9091901305114	44.27572991593654	72.27046172373076	446.74387625162376	-2134.8497712472845	1749.6819670812058	-152.52317868278863	-1
?	154.79545950652778	2675.775883913289	52.74855965296505	372.2554116470817	305.1623901389015	-3994.444767385806	1870.0952495909546	934.0852620833224	-1
?	132.78879419566636	211.8361125564523	62.88850049829089	450.4873536534629	247.02163788233062	1641.8026296839735	1796.3862301853726	-18554.909710230688	-1
?	165.38726513435054	1703.9934859912055	75.27292733563851	387.44302144454315	387.25252162310136	6484.369482757616	942.349764079407	-17368.02876591683	8.14920754653669
?	217.98846849522783	1392.1334693481845	82.26065157051832	66.35639284717078	571.2401120202161	5683.625179588409	927.9847918895187	8765.218939150096	12.323276558319607
?	234.99393860176076	398.9336796096819	78.5907469779971	-200.64253162152482	671.4337806025259	-1287.288023052555	1380.610711036918	12782.586386169323	13.313576948371153
?	237.93515247571221	-37.05846447209471	72.22852498944194	-57.552265261686024	506.87571086758743	-4032.502211805376	1567.114111197994	15836.499354753752	9.4447376936386
?	233.141015378156	-1026.4627223589316	75.71313371491276	-4.433261408118136	469.8086700122542	-2344.737392924577	2172.435678774617	11397.38257964356	15.68418387921903
?	186.6120163577649	-1729.4898536390904	72.00686191903603	-254.90817400935663	389.6388412213569	-2168.7764569614897	2136.98324018018	-20.812057123839327	9.930837709493805
?	146.66652269620025	982.7149567360387	62.967725014444746	-33.406392966047726	361.36984716417817	13254.304218641717	2171.395075918425	2993.823760712915	-1
?	235.74776419456754	2349.027744109942	70.33654227073362	321.2571965008568	1052.3540521534521	3124.901167760421	2286.674428215828	-16525.363897020507	5.771888196014925
?	264.117909901699	-481.38179488335936	79.03058483948782	-30.825977461681322	517.6149055522014	-11565.777025868558	1345.1268810673878	-11159.070784807669	10.869772714064364
?	211.67867445039923	-885.1648789948199	68.79524339764953	-162.94059988307876	474.06520086001603	17879.266667769298	1728.7208889754365	24959.488156829702	6.385675038395349
?	219.8596659519574	539.8308652758877	70.88355484533376	225.65366218358028	1411.578238940679	-238.78952309475838	2593.1012889088906	7631.141088262503	0.2706353234465837
?	238.670217714194	-121.10148395050884	80.0779265068287	-8.184131889233752	462.12572470527795	-19484.56107567414	2110.277943388567	-7553.014599943146	11.223354802988572
?	213.80459175443187	-251.0610533786176	70.47434825087207	-447.844426050819	437.35018515695805	-117.77102683536728	2215.450558911728	-2.55409103672715	10.613046777835075
?	226.11716504526294	-4296.091835088576	57.68570520428744	-362.59629404344037	456.2371733635095	2653.7972715417186	2110.1502388367308	-1157.961942232998	-1
?	-1	-1946.4882190136861	52.34453354869979	65.92353413107793	570.0400487340459	2385.5047013170056	2157.5524618000773	3754.4372990057504	-1
?	128.79275409457725	2316.6580889018674	60.98188191084138	162.1508759272265	575.5124084293615	-5382.989869680675	2297.872103787021	1408.227996300764	-1
?	114.83290444509501	-2595.8550818915082	60.452077345061234	-178.09102773284397	300.8905552500083	15296.42550467252	2227.9638616151165	3644.9348839814347	-1
?	-1	-2316.6580889018674	52.077330524199056	-175.69438413503553	1340.3336836629983	20553.20475600238	2480.1188479860953	2633.58749487369	-1
?	-1	0	51.66735813830933	-16.9560416047229	1328.5507930501417	4471.810869454139	2359.643236358803	-500.22559113207734	-1
?	-1	0	51.2295284439629	-57.48327939030947	1563.9242271357084	-1471.8123146149237	2455.107568429491	1620.6345643314623	-1
?	-1	0	48.79319416879382	-133.97458014984161	1254.9601773193945	-4775.919931601097	2440.674964575377	-1234.4359383120452	-1
?	-1	0	44.53079943647072	-75.34387957451322	1325.1282305556501	2509.429162618595	2393.385771513888	-447.2511121338475	-1
?	-1	0	45.0260001900681	-51.29854622119877	1380.431635450326	-5097.4969316092665	2418.3124089686844	-3369.128219727452	-1
?	-1	0	41.96587212541075	-108.60658515955039	1070.2533839751832	-10744.492448613611	2224.929360527513	-7288.876850524826	-1
?	-1	0	39.595670932090506	38.71776512346715	843.2070130196378	-8004.533720601116	2053.868566442438	-7655.394297632156	-1
?	-1	0	43.90176038158413	98.88465809255722	670.0266979451217	1126.8165386360715	1842.1596456458997	-399.10559275121955	-1
?	-1	0	44.53990383671844	48.16291717481039	899.5478399514421	328.3398064991842	2033.9132868048766	1197.178599851428	-1
?	-1	0	46.309906240324686	-22.470224410348685	686.4436882700811	-3790.2617445139194	1902.018575638472	-426.71856999392577	-1
?	-1	0	43.41639261620099	-128.45307082399844	710.0347527257435	-1238.5634965668585	2012.57735830518	1080.681443311817	-1
?	-1	3322.314314156968	39.88725269912467	413.37536257217516	624.5155134417373	-5660.434174592717	1956.0526478040636	-500.89243639123396	-1
?	165.11571570785077	3358.552370147474	64.08516074481004	758.5881487510653	427.01304399610365	-4695.233626556803	1987.532736485618	1041.0298467801965	12.284716332994257
?	166.92761850737608	31.003351214583418	77.81666013667848	-59.81902130332642	389.75383211389385	-496.5596516951209	2008.1041401430741	257.4131080187144	16.42764797194682
?	166.66588326857996	-3358.552370147474	61.094209679643676	-483.45575580724767	402.18506141134725	1306.8887468727037	2000.403391886554	-185.65728656942346	-1
?	-1	987.024296446871	53.64387234631575	168.37598904741273	455.09826945752997	4660.418485799508	1998.8212758146028	5537.198664848632	-1
?	216.0170980909242	4084.490721366039	69.51300913201443	510.30202024979985	635.205985701326	-328.79036800144934	2277.2633251289894	-13090.150217498776	12.288839901748583
?	203.22453606830484	-302.4915600124384	79.15897335880611	188.52857126437175	438.65875105745727	-1425.14299509646	1344.3137649396547	-27008.300795034345	18.178464330361727
?	200.89252009030207	-47.050479422654135	78.93943769523315	15.765605553210438	563.948835946502	3995.3204280668456	926.8482853772531	-1805.9302432943302	9.97152302068474
?	200.8720120971721	-77.11372886908355	79.94725363646664	-285.6952470678953	638.4247724608024	2520.719795808987	1254.0172527749369	7556.13306960773	15.475108694863891
?	197.03683364684784	542.9392809034325	64.65467534183819	-344.7686572876824	689.9848257369531	-234.52014053639581	1304.654938857645	4040.727392912915	3.9562577404823185
?	228.01897614234412	1325.834084075799	62.70882077208228	332.47736914562023	626.6987654339824	-1229.34062043177	1456.0536224205855	23.507404725123372	10.525590177834687
?	263.3285378506387	361.12169938611487	81.27854379911943	320.55608422415673	628.5177947153637	-1821.290748708292	1305.8303090939012	-3331.715080770812	11.632192620608981
?	246.07506111165011	-517.5083238587632	78.73662498329034	-35.540120252230516	535.6342279985665	-3400.115091669531	1289.4678683820425	11716.923665484333	15.662449337047946
?	237.4531216577002	-1037.2353922880154	79.50153778650788	-94.85633306903175	458.51204013188476	-2578.5123132822578	1891.6764923681262	13563.358771636174	12.51826817520228
?	194.2132914972486	-966.0612404117534	73.99380832983869	-78.72454374861236	406.7086123344518	-1758.6039427668982	1967.635806963861	-1645.5812186896121	6.915814509118272
?	189.15005963711184	355.96080766485846	75.56531059907721	210.85124468111147	370.5818429935386	802.6379346483009	1809.3974314336444	-6277.5326553126315	5.766272743455149
?	212.01133188049178	478.83443067898895	84.53637056389441	-157.70536215272986	446.8405090668674	1787.864825062256	1653.7591741982249	-1323.921548505704	15.538641196417064
?	213.09178117106163	94.16219320836811	67.6800424914406	-307.63959521517666	459.97508424665267	2159.456116558248	1743.2013540083583	14090.80996373505	8.386395079700495
?	216.71944154091025	120.37211880647305	69.15439080313536	120.59159093866127	554.8133148947813	-694.2941724549511	2358.2996723849874	7155.583642183795	4.184603961116269
?	219.11038711138536	-4354.388830818143	73.70962203837375	-250.04410133590838	425.2603756239046	-2598.6685773437675	2100.980536117553	-6064.194992157941	15.541063151847741
?	-1	-4402.207742227644	56.65218573633976	-469.76842004553987	424.8798860275911	999.4079524289072	2055.089922777086	-861.312763843704	-1
?	-1	4589.820319498004	50.221201036096424	14.701762259142374	475.2307732453507	903.0998739471246	2057.9148979253673	842.4296341223425	-1
?	228.49101597490346	4732.723384225017	57.38727384929689	394.7510374109552	470.034879724948	-3534.2256657580774	2097.2114044832038	4169.584805411519	-1
?	235.6361692112542	-49.59689754904944	69.95875290664446	74.75447128790897	298.5194899574443	-636.8521426021835	2266.394138195946	-629.6394493529625	18.874591391043207
?	226.01117109745095	-4732.723384225017	61.12499741369239	-352.56642966410874	438.19227259483836	1865.0575402793374	2065.729432015555	-3611.5919024263835	14.844227167360462
?	-1	-4540.223421948955	52.330431423438775	-370.1109300560223	391.7723669714125	2023.2733758502716	2085.8145430746245	810.854676093138	-1
?	-1	0	42.61945091089101	-169.4278589723963	539.3559413873534	10755.797131680607	2106.2721658202126	1701.8635600873527	-1
?	-1	0	43.85903847481884	47.4051900278673	929.5622235554505	6717.151309064946	2170.9077210789933	-1601.6053971504834	-1
?	-1	0	44.98971041228441	30.73506804473111	875.2135068406054	2208.328215084419	2026.1918959626873	-131.3453482539789	-1
?	-1	3270.6304528967776	45.395791877055416	373.7353384847415	1039.978634309673	-6991.95166557197	2164.3404536662943	-11523.282725522444	-1
?	162.5315226448412	3317.639107664017	63.67647733652175	671.2394826492108	525.615923562002	-10538.69971467721	1450.027759686557	-18933.01105514165	4.184794134770552
?	164.8819553832032	84.86829786325806	78.95776600951643	195.72375229585438	513.043648575805	-492.5711118307798	1217.6899009091983	2258.2854172135008	18.7298175783951
?	166.77493753800417	-46.56366553900332	73.46266495131461	-198.35832637692224	500.9873679704626	-378.02758132073706	1562.9420305472336	6717.522546574492	14.514201052430426
?	162.553772106253	292.3324373081185	69.03984969067018	101.26372655118898	494.1422695097679	-136.1438274268486	1553.5660282379276	-14766.525813199718	10.96286611876757
?	181.3915594034103	203.22090484682286	78.52585127887413	165.60224586564735	494.1801765991201	1917.5475852410239	824.6157398872372	-3271.6344263898727	13.456022094064812
?	172.7148173485943	-295.3490249055566	77.31996198395267	-80.84897347613149	590.0196487718205	-1965.805713875058	1389.9843069184317	16756.65152154283	9.648866505884191
?	166.62410815813226	-388.86244741627837	74.4834026050675	-82.35874665621165	395.8898909053658	-3691.77189772609	1662.4483159643905	12574.996648897866	11.625788614009554
?	153.2716949777801	-564.9198618350163	73.20202465114203	-104.70275895435655	405.43105388551334	119.89039158739672	2018.734139363334	7936.541064587569	10.879175200976608
?	138.37811506638104	-580.6921910223948	69.2482646573496	-174.6341013536776	401.8844104847357	217.1234153582387	2059.2753691937746	2274.1301190827285	11.132289467012752
?	124.23708542665995	-453.0353492715967	64.47031958345802	-123.20127701859998	416.2872246534254	4362.934818734546	2132.440645317472	2531.5243200761693	-1
?	115.72634760280089	-160.41501551397118	63.08820080641951	-40.36508975310709	620.0311514214661	2386.3188330557014	2185.851585197585	1716.734832843643	-1
?	116.21633465096127	632.5896583784479	62.45206509580264	87.58341893018798	535.6031663062122	-2273.156879704614	2218.2773869596554	2083.8841104082962	-1
?	147.35583052172373	1729.4797289031333	67.46737175292897	316.5577733955465	506.3733074362338	1293.1437335902385	2290.045790718001	-10304.372602300304	9.621121434361335
?	202.69032109611916	1634.2925138346004	78.27995376558019	265.4261183498519	600.260352985725	1483.400549671133	1703.0587568446329	-11575.948613428813	10.53285204027134
?	229.07045621345492	242.78215375233967	80.73867767042175	-59.284583313629476	580.5433349197915	-3249.557929249559	1711.2483600465523	10676.20647556553	11.881940140024113
?	214.82942878373632	-403.19533931768996	75.31572459989867	47.52594486812644	437.7824565232448	-2822.4930550296217	2236.869080622917	8314.52481484817	9.699711521518818
?	208.91068924757013	-552.5253470348339	83.1149749138281	123.53842778727449	439.4186821683084	3776.364251127861	2126.9746007889667	-13662.497570092903	11.745053960011585
?	187.20316143199423	-581.1894214807566	81.49264598926249	-154.6010471708167	626.6006690796405	4448.184581122443	1553.7442021182621	-16761.343893400266	7.839180634664293
?	179.8512181735319	532.1587508670635	75.38492255528716	-122.34701730756254	661.8279112244337	374.9296234089835	1288.9074061189415	-3746.3391221045517	8.337331062911146
?	213.8110989753478	1503.8531423129111	75.37529512388427	-116.23100034421475	645.34715025009	-866.0581094622412	1366.427246013032	613.0581856367784	10.732683456125624
?	255.04387528917852	1183.8475221442625	69.57337253807634	-224.43060631663565	618.525005751321	-2270.30700180426	1319.5603154007808	2418.1455610907615	9.275342077562556
?	273.00347508256175	373.05276627459915	64.15376480805233	-328.77472932173436	531.8318001598753	-486.3453638725467	1487.3345240675717	1560.2606417665406	-1
?	273.69651360290874	-5480.069501651157	53.13463607198939	-346.284346403141	594.2077375576934	2489.531657381966	1397.573347489109	-263.12200088197267	-1
?	-1	-5493.930272058096	46.83954748789503	-114.48416552631977	656.3083830289754	3707.663552834096	1474.1784240234729	8129.232328962051	-1
?	-1	0	47.41042779567332	40.24291299407025	779.5909151994008	2174.2989476295597	1804.0349639372173	8799.58091085755	-1
?	-1	0	48.85169313759857	-33.781929131343645	765.023330410455	-612.8794889186046	1914.1574695663567	5656.592245982499	-1
?	-1	0	45.721331339106115	-92.31896416912218	748.9469407534701	-3526.0226355795908	2086.8645762363462	4930.786278659937	-1
?	-1	3242.5089224426574	44.2357449291424	383.6457224944348	588.7221986314729	-6461.8613950636	2160.696783499357	2169.7234438537234	-1
?	161.12544612213517	3466.600293832543	64.90361746382813	716.6618192122638	425.85387100028555	-1713.00185191043	2195.350748429034	-2555.138536857203	10.001950532890408
?	172.3300146916296	196.77625444231302	80.0688358897561	281.229975629721	503.0721060359502	4408.077774466456	2032.939856656495	-12839.439489075497	10.096157554656978
?	170.96425884425096	7.492623354537962	78.96511624531438	-301.00953319221645	646.2577597236115	3776.1692880014284	1553.37877397525	-6371.278616374248	11.382917179496364
?	172.7046458593565	1232.3822224314945	65.01835923014507	-319.5429690363227	691.8805704360243	87.8797985430707	1714.3759258377781	3808.951740599137	1.91732003036008
?	232.58336996582656	1478.6611342358806	62.987967793498015	296.6899005858739	650.651749650765	-3486.5217835161893	1743.8263610052095	-5763.516333059579	6.740828049470299
?	246.63770257115158	5.392169567896795	79.85285425943897	233.6522408902682	517.5544812602124	707.9544445843785	1426.200109184795	15578.735652887104	16.991243164463974
?	232.8529784442214	-646.9799755253426	74.67057983801159	-60.71974846863895	686.0494718799845	2798.917055593114	2522.763143649576	4992.802181833051	14.48211024827351
?	214.288703794884	-534.8550503589767	76.81686683600698	148.55689753874134	657.50033403987	-970.2018172986753	1675.8402182764512	-31391.81967877022	10.889642971747232
?	206.1102259262722	-529.7247897488306	82.09842471494876	17.130713123495735	637.53938101505	215.5091526909829	953.1721597110425	-13662.614306385536	16.55711654730551
?	187.80246430744208	-640.1720123054059	77.67340249218178	-88.02642546918253	668.2757916744193	-1412.8355187359562	992.7095029571647	844.7348378969098	11.29451197577206
?	174.10162531100144	-262.2949968204241	77.69710344148957	15.929196440951388	566.8976050782512	-3531.880940833944	995.4089016058886	5233.118198657274	10.194950534828832
?	174.6877144664207	219.32029210611432	78.46986231422936	78.8688099471375	491.68174463271964	3078.0882852087	1254.365412890032	6299.270339011138	11.970879670532433
?	185.06763991630731	578.3832737783226	81.6405439388465	25.70612332061066	720.8020193386884	4960.865548907527	1310.37241855645	88.3912955782431	14.244189460631281
?	203.60687815533723	988.315784897003	79.75516848025991	-85.32307337252512	739.7250220780995	874.8814307240799	1258.7849776689443	-754.2481745099333	11.815992397567689
?	234.48342916115817	872.5766606901693	77.37439027022019	-164.01994666244798	764.546090874893	452.21841718485206	1272.6600098309527	304.72318453802495	10.950450991253032
?	247.2357111898463	196.44742875067726	71.5541711471374	-367.4598309970496	762.3359429373425	712.6825019868523	1274.0211368958458	255.93845338900428	12.50781180936151
?	244.30580059869217	-4964.714223796856	59.00139872036745	-344.838539277545	800.1802159742362	979.5037337903407	1285.4569325004031	6613.535894960498	-1
?	-1	-4906.116011973773	54.3122441832599	-156.6195497892496	811.3111296268602	522.3359265941593	1604.6979316438753	6448.670175813653	-1
?	-1	0	51.17042123090486	-135.21950000031558	826.2970123039445	634.5995712173091	1607.8904412910904	1012.3776052056011	-1
?	-1	0	47.551269183244024	39.69294952606007	843.0411081877261	-2170.3779318699762	1655.316811904156	1648.2662777269472	-1
?	-1	3353.1516800317218	53.15506870720789	614.5584643403821	717.7781157104441	-6297.392369139742	1690.303755177439	-20013.38843033495	-1
?	166.65758400158848	2832.4891050643505	78.27919240026357	359.32864214582963	528.1714897307345	-4815.852279390197	654.6473903873942	3237.568023663984	13.22443531505462
?	140.62445525321954	-163.0359124294102	71.12150081449963	-370.77156271873605	476.9855017409309	966.7673358435671	1852.1821563606404	23680.450792280408	8.977581443284926
?	158.50578838011785	1274.8556466573245	59.7406142643265	-22.805983753004814	576.5098565229135	1457.7847160394251	1838.6699300014313	-11056.56907028151	-1
?	204.36723758608667	574.0942322673553	69.98120162684937	390.1257149896139	549.8747375429032	-2864.3309614360205	1299.353702846557	-24914.15792254902	10.813939890160178
?	187.21049999348602	-841.1669814325296	79.24690001380748	117.33437378258093	433.2933084511105	928.0680614711541	592.9620338739625	-6769.00961993799	13.668695017673775
?	162.3088885144596	-912.445812900254	75.8479203159785	-132.1930079177572	596.2781406164615	4676.421542566803	960.9032218496528	14281.531490021753	8.550225595615144
?	141.58820934847267	-964.778209629552	72.63724961791952	-275.4090739882758	667.1143855794539	2383.7279622842975	1307.0386083750602	7135.339949388132	5.172242896510696
?	114.06997803298131	-2851.764186969413	62.077466616564514	-364.4348337537989	715.4645387306781	2231.3553774508728	1317.6702193190645	4844.754891734159	-1
?	-1	2621.2454779949903	54.41550793022932	197.0656368134045	778.6821544519992	-1530.5211440090973	1549.2763529617716	16040.124260271874	-1
?	245.13225193272802	5028.904757436906	71.93074845723453	546.5473640795875	638.9384815302249	-4829.943009606502	2119.676432332641	3034.683072472128	8.751150428120388
?	250.4452378718489	10.8017550184472	81.74287613420908	-87.0199476622496	537.1850039716707	-1766.8590056499488	1701.0105065853802	-6028.616357091374	15.497083011279585
?	245.6723396836504	39.65374788999612	67.57975107412199	-448.96430763401895	550.5955312477262	3363.191390139855	1818.245614478068	5261.306541841721	3.2606981880487336
?	252.42792526634872	-651.6403189871754	59.294660752507816	59.46586039909591	705.3445734786658	7076.446092470577	1964.07583367747	6206.366255111455	-1
?	213.09032373429116	-991.4165644767969	70.55304409407682	275.0920906602166	904.4178358712601	-7073.972846442188	2128.5639272336452	-1652.3749273998685	9.778175301560314
?	202.85709704250817	-515.4185736631969	73.04926528551884	69.67709601328252	351.64593115655134	-11284.21745087251	1881.4570873074754	-7231.0154890801205	14.656525898806825
?	187.31939505113095	-280.7499755706931	74.036898894741	156.4960475297338	340.2069633276265	656.259513008375	1767.013152779634	-1096.2742038478862	17.309183406687463
?	188.81959826397332	241.37453867722851	80.87406766200564	169.24151570709355	384.45890680697056	1394.7191138384921	1826.6433771150803	4785.836176201124	16.578046819680292
?	199.38812198499255	766.7585412220079	82.4989746800958	-54.754969167875416	409.9429190195521	1342.1709770942018	2006.3049615896937	6607.176153976499	18.957728761838755
?	227.15752532507426	937.1059402790608	78.13631920361183	-297.91976091846925	451.5674556616816	916.5048235125886	2157.00218481391	2557.864592804249	13.259701619652208
?	246.24341899894625	-69.65639982043754	67.60298663417213	-419.5794273989536	455.7681601951822	-218.56098190332463	2134.198191229908	-1777.330307455961	7.335851258344883
?	223.67470533405233	-4944.868379978855	57.157347833663856	-338.2736668875347	440.6394065665152	919.159267835791	2068.1356694411106	-2145.6849485175658	-1
?	-1	-4493.494106680982	50.68930328979515	-108.26348594394904	501.7261235869724	2722.813008238887	2026.9139438040281	-2403.224986363359	-1
?	-1	0	51.74417353646633	-33.75738751948583	576.7800569784615	-1210.2535478378556	1947.974420122941	-177.83000020641086	-1
?	-1	3448.584943803095	49.00143391382083	271.8773384836058	441.21344619507875	-4930.747100030864	2018.0224437937075	2876.0982127670877	-1
?	171.4292471901572	4073.0587628060243	65.33804046064681	582.0109497980059	330.2427019769148	221.95070520908897	2091.7793307612974	-1605.8958584598258	13.405372141535938
?	202.65293814030412	256.8215258289039	78.10198140372154	75.09204189860022	452.31098145553335	1308.7167676925226	1937.727650870715	-1086.7257231805552	12.159565893677428
?	184.2703234816026	-65.84890156416256	69.09264255557687	-267.33684715658046	395.6785403615419	-808.1814119570389	2037.4430446022689	4306.08930360397	10.098206295770806
?	199.36049306209594	95.58583405833906	64.73513904589233	82.37970231770217	411.90191085768083	118.75161312533068	2153.0321160509166	-5353.942541945022	13.263663028101096
?	189.0496151845196	63.464141790701326	73.21162767146204	163.67073345422278	401.6161210178085	3583.8213901546706	1769.745917505014	-8860.35879048419	11.22988026448301
?	202.53370015163105	233.313481743349	72.91867571860358	-51.43735850303086	591.0929803654169	454.8380555969144	1710.0141765267008	8015.736229041954	16.080628020151774
?	200.71528927168723	-67.27586091475492	70.63975974631046	135.6675371260804	424.35802379765454	-795.8235022661667	2170.5327289571173	-11669.038275768078	19.229798478550702
?	199.16990710589326	-505.49633740226534	79.7020525749077	80.64584187596635	551.301805252108	2817.389444576774	1126.5622627382886	-25030.220369574727	13.345168397716629
?	175.4404724015736	-2004.5813899524956	74.67205184010884	-334.02965175578834	565.2274960264953	786.7235120512739	919.0217104783634	-1208.7990133498997	7.167875587580703
?	98.94083760826706	533.0538500894764	63.00056998711804	-160.10396956729807	590.6379808546723	1750.9322202213914	1066.1223120707928	9690.309831252585	-1
?	202.0931649060478	1751.7750349208309	66.66685336174382	345.75591794319644	652.7741070375661	1776.2649887119617	1403.5372020409995	-1134.2056994644688	3.6536686335798736
?	186.52958935430985	-612.3434799586088	80.28836588427811	195.5363841515993	679.4512302902716	-840.7665379585791	1009.4120270975685	-8301.299690429383	11.179825278882628
?	171.47599090811693	-38.62499275695031	76.44367256932392	-253.65096418854117	610.7357801396365	1933.2155069351709	988.4722175195245	21239.53501635552	9.25377559809768
?	184.5983397164623	1025.8840120105756	67.60581767485087	-88.6777676013027	776.1120056370315	695.6066187594107	2071.3887779153597	24020.90573293768	6.734721683613743
?	222.77019150864643	1234.0836803886964	72.00978418925872	143.13085943702555	645.5161110776076	920.4400141891875	2189.5175041664256	-4729.342559362486	10.00499453031038
?	246.302523735898	439.3377885777767	74.76236064670225	26.1824377827198	822.1340063464916	510.11048731885876	1834.921649947232	-11090.72378956597	10.346689199879323
?	244.73708093753558	-492.7674152351595	73.31890607839473	-83.56174587346425	671.0216354435509	-4476.578225633523	1634.9813146881193	2736.5866093062614	15.76854552976223
?	221.66415297413968	-4914.7416187506415	70.58427335302898	-337.6906032740222	598.3050950648122	924.1809066122578	1971.750980412547	1121.4333371662246	8.766537799001995
?	-1	-493.76537589475373	56.43437591469338	-157.7929082385643	717.2306807741644	-79.59043702475924	1691.0529815464313	-2688.669728943217	-1
?	196.97588417940165	3711.0885075560177	62.69462794110065	507.75664975824844	594.3255732135742	-6585.6827784692005	1837.3174939653843	-3044.854051816885	6.118368379856384
?	184.5544253778035	-479.434837848454	81.82220840260617	276.52641105616914	387.9465418506997	-4713.288032834702	1538.8102789555849	-7205.444180224769	16.64759329635853
?	173.0041422869786	-273.5825393838213	76.5209484939093	-79.41632994220215	358.6611715718358	2134.9541087110315	1477.0452849541407	-13017.288493669588	13.508788242589617
?	170.87529840861225	-177.61356384746963	77.851391905496	-58.63101544888112	494.6942472862528	4220.916515005094	887.9458542720962	-17510.50919941899	12.275483387620062
?	164.123464094605	-137.53085230305234	73.5893977214652	-198.372306930807	569.7069973220935	-53.94604903699056	601.5198249831788	23642.31078171345	16.31720533996461
?	163.99875579345954	-66.1352280837294	67.93277655895551	-56.453864544881235	491.9969448344032	-3494.9120842650987	2070.0613933577856	20965.610711215908	12.275563193695179
?	160.81670269041848	58.66630705749886	70.7667044942211	169.76686721047727	394.96139310883603	-2362.671385067493	1649.800360543989	-21182.407999165378	13.934725730914742
?	166.93207114633452	-190.0377252110509	76.4211199194795	-156.76930245313804	373.8633755810269	1327.6947312023008	1010.9409933995016	7992.593392270869	23.07773257150213
?	151.3148164298658	-552.0150992481991	62.92823937156409	-214.0920017726567	461.346129668952	3188.9716553119742	2049.430030157538	9278.506078969867	11.206944161738923
?	139.33131618392417	92.48905791820317	65.71651983084651	201.4777872354716	533.3119583466279	3774.195666438321	1474.8662973480016	-19797.842169592972	1.1742154590095697
?	155.93926932577602	455.16355929552935	73.00212873333781	31.855883400445013	650.0559129908708	4330.934259707578	1059.5379216778754	-6118.257143423133	10.856104024515108
?	162.08949414870096	-3138.7853865154757	67.30931400086878	-390.1100805486004	749.8586713320099	2171.543712661058	1168.9534401768406	3068.068177983716	11.522808730156848
?	-1	-3261.789882973973	53.496624705907514	-373.5001741390705	758.6330986239252	724.4541357222885	1212.9413305770634	2576.2183706752144	-1
?	-1	5525.74579958256	48.63430529391499	151.8233515122351	786.0813781181248	1657.4589096339596	1297.7643587106031	3780.27493507088	-1
?	275.2872899791319	5704.774585356979	61.08779228151938	585.6993935815663	841.5060441056244	-15.489580991081546	1401.95507733061	6863.101397236813	10.95973463189681
?	284.238729267853	271.94849723040716	77.91927497299372	103.88768296131681	785.3068990685707	-1820.0752148544111	1640.9194285724486	3132.9631490573875	16.632871406114877
?	288.88471484065246	27.90902579329628	66.28217642958529	-390.08251946436087	750.5022833629025	-881.1601672735026	1558.6032347834816	-298.64629168244875	12.275580879698083
?	285.6341805575178	101.01597604883266	58.4151489997754	134.5327560943006	741.248890704895	-2051.5487626790427	1625.987113988326	3351.1615916805226	-1
?	293.93551364309417	-854.539644026082	73.00881423430042	393.016111933273	647.9248452289489	-2072.8209424464353	1726.1613143675102	-1207.27411814201	3.962572229706844
?	242.90719835621312	-2181.22024680583	78.06595459643933	30.69908139329313	637.6078435825717	-1114.9615502298366	1565.6234080812246	-5651.199437030761	9.552853630825487
?	184.87450130280112	-2008.0159700902445	74.5437683039651	-196.68651407204015	592.1767677174563	-469.7832780806859	1443.601342515968	-1134.0480277190247	6.177463453904091
?	142.50639985169946	-1322.9074866608155	68.23162889283718	-204.2272217353311	614.1186796785371	-76.40938557834153	1508.9210066952726	2092.5094227849945	6.142459564858899
?	118.7291269697594	-630.3911000317715	64.3324072171984	-113.98749671705767	588.3562984385392	-2246.9890951790476	1548.2268136552193	-4079.609152476202	-1
?	110.98684485011043	-235.18479697024594	62.532254056984215	-195.44735728213544	501.7692249195831	-702.4678027024052	1304.9405490714596	-3045.921524724997	-1
?	106.96988712124694	-2239.7368970021766	54.56003935309148	-137.74552478569876	553.2329083034184	3613.6084321290127	1395.9307374189673	16181.283279642223	-1
?	-1	-2159.3977424249083	55.64497781769918	10.415120668165082	682.4496465260363	15336.183699537767	2114.0047130535822	30795.94071131573	-1
?	-1	3092.898381515216	55.080795386499744	73.32763337730252	1320.0420932803177	9553.709979959722	2935.7277729847756	11418.661633860112	-1
?	153.644919075763	2878.6340324321213	59.311359486564356	363.10430364846377	1160.1351455240292	-17958.442280243016	2684.937794746596	-25243.1647577843	-1
?	142.9317016216081	-694.8887448685563	73.23601056892319	128.0603257425422	422.1199792681541	-14296.676717878267	1673.5695350955427	-18129.06447684395	14.68589689750217
?	118.90048183233469	43.80628114236339	65.71437577369156	-30.541889136661517	445.3013096301057	-92.21720617969692	1778.4845709043857	7426.245271312704	7.334094688755962
?	145.1220156787263	310.0901550203049	71.7089161120901	67.5235809747274	417.5091189591692	-1183.6376343156953	2044.8817986611832	5473.116085476298	12.322480804434964
?	134.40498958335016	-442.8532157559078	69.09055482242798	-153.54695778874353	386.1194279143201	2370.6993277927045	2052.1403751782045	2905.299671455177	14.928957022524704
?	122.97935489093061	279.1320451614746	64.03156822265281	35.199630033236886	536.0440853488061	-951.2610220394937	2190.146782233944	-2458.027362211202	-1
?	148.3615918414241	209.6091279161537	70.85053632408985	-64.23043422585346	338.55637681234475	-791.0285676756736	1929.2390070676427	-5758.0315909996125	13.523828867493071
?	133.45981128673844	-2987.231836828439	60.82004651136009	-396.8024646270304	496.49265696502187	15.95310136698663	1902.2452026839594	-2141.0898006603034	-1
?	-1	6.172695676562424	51.01041309273804	69.72349219118016	339.3540318806941	698.1537760568396	1822.184517034626	-4699.82028512117	-1
?	133.76844607056657	2432.293874893936	64.30622112091915	354.73208453115086	531.4003457678643	7416.572826035026	1667.2541884278976	-11421.930426470673	1.7532273828464122
?	120.61469374469853	-318.89023167127334	68.74701731929584	58.30497749537815	710.1826731824507	4337.099773485052	1251.0879957110842	-9525.768729392736	7.876123685412523
?	117.82393448700267	-68.88397484580581	67.2214699956881	-256.6946331407653	748.25533444212	-211.6711875926914	1190.965751958254	-346.74632232611617	14.04999637774713
?	117.17049500240819	-2376.4786897400195	55.91228566225739	-327.21036118950326	699.599113802816	452.3621400111669	1233.7506795947781	6257.35963157115	-1
?	-1	-2363.40990004813	50.8609519362127	-138.64993771626092	770.8734414426787	2065.7883002196877	1503.833733536816	13313.305292972223	-1
?	-1	0	48.979788776444245	-156.19748759563896	802.8885288138018	1669.8578198581313	1899.4159442433988	9851.80017145006	-1
?	-1	0	43.05107755643064	-153.61093659750702	854.3663324355864	2456.5766215622116	1996.423742109326	728.0404143152088	-1
?	-1	3276.6107419833656	41.299241946568785	174.24327820640394	925.7173598919142	-3321.3481247290024	1935.8179649591598	3483.376294213877	-1
?	162.8305370991706	3123.7509765331947	51.76324146675096	674.0164057976291	688.2989261991339	-5614.995525885097	2170.5925568200223	-8692.155035988044	-1
?	155.18754882666195	-88.09738033867109	75.00006223645072	433.9554467160152	644.9675835976553	-1755.5478496237652	1501.2102131597514	-19369.961379065793	11.228172028726835
?	158.425668082237	241.39929809170664	73.46101380255203	34.07768339078737	600.5215337179444	-609.6873838274751	1202.094487866719	-2821.7386222198693	11.278081520262607
?	167.25751373124746	241.10956084233405	76.70394640599011	54.28237132601176	614.4832144062812	59.35963848451963	1360.123282048756	11478.877379667792	13.204246507119063
?	170.48114612435387	-48.02936340746089	76.17513236885266	-244.00858746251396	603.4895156421704	1281.1357777015746	1776.0383568501168	6783.364788718026	11.387471101659141
?	164.85604556087438	-3429.6229224870285	64.50351703286424	-212.01355629871256	678.5400032913608	5256.497767440505	1699.291521484662	3126.9050063482982	-1
?	-1	1788.5763130736032	65.57445455391688	103.83428937209482	866.3144040141995	5480.17452320664	1932.383607167534	13708.374820244113	-1
?	254.2848612145558	4346.928019321239	69.69523150146905	7.78638528824803	952.5487294516967	-10312.423312574918	2384.7102624968775	5200.664632393358	10.067670505922923
?	216.34640096606503	-5105.697224291043	65.96377381832929	-272.2813149058404	350.69323838544614	-4833.433789042844	2192.4168387872055	-2513.2990721410447	11.16381605372727
?	-1	23.704931809352505	56.08116575617684	128.73023782244093	710.877039999551	18506.162614656972	2259.0453088898234	1761.101652707132	-1
?	217.53164755653268	3870.687799036833	72.40028570945142	512.1689539976429	1276.001369118308	-2761.008098268853	2280.4719214225634	-12166.733179767989	9.42412828797218
?	192.5343899518444	-1169.3032252411556	81.68961345605935	25.816763410148756	572.8266350861064	-14496.257373115213	1650.7086499014154	-11032.700527981122	8.903967330842335
?	159.06648629447406	-883.8992832162683	73.69112387995888	-315.2825578374186	551.188500462537	4075.9060758893465	1728.8368950234994	16346.882699754191	5.923236499572358
?	148.33942579103035	-3201.329725889436	65.9254855641882	-162.3871958753207	776.6219388805766	3913.042434463313	2468.0527848891365	14856.954939998366	-1
?	-1	1562.5168011531007	65.57176408619273	198.7548078357074	746.8406221857055	-4391.57769576579	2471.6846420234283	-16637.372796042837	-1
?	226.4652658486865	4652.712427012614	75.8632259559737	204.20211626923583	557.043054092284	-3030.524327226683	1636.1841450869829	-16280.855944871191	12.06752374839777
?	231.635621350634	42.00167582063895	75.78186989965467	-52.81394453185963	595.3144058243692	2472.2090359992867	1657.6418447798571	9958.774932864293	16.591702356973336
?	228.56534963971848	-334.0493701317147	73.22252872938068	-295.1133285581523	680.6535058922501	1989.1523387786438	2134.1228917302046	997.5018437572311	16.624507112487066
?	214.93315284404804	-4591.306992794304	61.02620347174684	-394.1439846407801	694.7720227633027	638.4479177251706	1707.5169369677194	-10751.522394906762	5.749044448846574
?	-1	-4318.6630568809	53.5153294973414	-227.58561424663657	712.5759017785091	141.16827793400287	1596.5467719848589	2969.060676516477	-1
?	-1	0	49.64692275941485	-129.08707480029307	701.830436660003	-91.20959535766004	1855.9699707935454	8754.26105121553	-1
?	-1	9441.665274983714	47.06097575732665	343.06933316484384	708.015422010626	-4390.903988233404	2034.2598245456415	478.0719430713748	-1
?	471.0832637491924	8740.882571252905	66.80038941765729	390.12385128236673	482.2852372483297	-5202.523761905037	1879.8735679471145	-3494.332899869242	12.98303978770778
?	436.04412856265145	-9441.665274983714	66.56716832144527	-235.9255736332087	447.8892339153705	-621.751945510289	1859.543179552177	-265.90746273674165	8.354193088494625
?	-1	-5686.760772118686	55.00411073599668	141.99902071546714	451.1976399728148	3395.2554572245294	1866.5781948102772	-14490.354349857333	-1
?	151.70608995671313	2737.8379381981667	73.66711935721872	393.85176140211365	617.6520067765994	5332.7366059514025	1135.0254620593	-13898.644368484649	3.861885942800801
?	135.8918969099103	-295.30414044273846	74.69669880610265	-64.90907387393484	717.8344702703887	-788.0113175560883	1171.6459763860348	6303.503522537787	11.199810682258965
?	136.940882934576	-279.81497672769933	70.42166566352194	-313.89248912606416	578.2514408987944	-816.9902294628739	1450.2006381861938	8320.01054848008	7.14840441155698
?	121.90114807352512	1286.259458567689	59.002074349799216	-91.52671026869695	676.9849587972444	1259.5961390634127	1587.6465038100448	5206.85833593327	-1
?	201.25385586296136	2311.1103150412564	65.84533015008702	344.14681615510284	641.2312478519659	193.01815482694744	1710.543554982861	-5334.869462504173	2.332908082411524
?	237.45666382558957	1169.6894632164633	76.2094151575546	215.59096982527115	686.6358665385919	2103.6418476550098	1320.9030306848324	-8164.797458553791	11.116666845619424
?	259.73832902378535	-151.04325904380642	76.62487864135073	22.952600563101797	746.4133402347179	1401.1790963496724	1302.3036820551656	-656.8166434387101	15.599029515135749
?	229.90450087339914	-1398.7691056325332	77.35704518570971	-20.91788075908623	756.6948213560766	-1702.0569474882436	1288.0621985128964	-1074.7473910130777	9.734395616781002
?	189.7998737421577	-4618.090017467917	75.5789846033964	-271.605534331819	661.3104928603045	-2206.0320283078504	1248.566312504511	334.4536751284111	3.2913658889631776
?	-1	-3815.9974748431	63.776768469118565	-396.7049287419944	646.3932199406825	724.2016235876905	1304.7848822693172	1592.6847320218985	3.1674813913484847
?	-1	0	55.7437381662964	-144.97437975340867	697.5205740396896	-2141.398287012768	1328.200549105607	645.4303876316134	-1
?	-1	3282.541079522998	56.52804948144803	-29.11057623289723	539.3233055900425	-4829.047289446086	1337.0564016508984	-1080.9225277586875	-1
?	163.12705397615224	3151.03910561786	54.28820935465152	292.42479721888964	456.0682095673818	-1022.0940008599941	1274.1544227176719	4642.789002503639	-1
?	156.55195528089524	-182.15588153200227	71.14928934239272	398.3712832031269	488.2186055470421	2847.0286514888794	1569.1958517760836	11725.013354487575	5.307236537829539
?	154.019259899552	-3151.03910561786	74.20677351480815	-260.0135419211459	598.4196421418278	2709.6419079638304	1860.405090442059	5143.860680285652	11.025887209406507
?	-1	-3100.385197990996	58.14861224633524	-448.0099228529559	623.7007009452356	955.8163544453897	1826.3888857903698	-708.5583572714303	-1
?	-1	0	51.80627737216003	-222.32154112375522	646.210459864098	533.9411233466391	1824.977172578487	-178.16444086949306	-1
?	-1	0	47.03253519014732	-76.35786344212312	650.3977571125679	-504.7961263383055	1817.480663746895	1752.9913413812005	-1
?	-1	0	47.98838420005382	252.90238132721566	620.9706535471823	948.7950450821314	1912.6267396475482	6104.567508119121	-1
?	-1	0	59.67765425650828	275.88657309849543	697.8375093666751	831.773868961729	2122.7090391528554	8281.866489870718	-1
?	-1	0	61.78271285497879	122.98151118813801	662.5593469952694	8459.319943439687	2326.72006414109	7312.1228560629115	-1
?	-1	4499.864615582237	65.82672981591527	283.0463648486791	1120.8035065386655	-5736.267311157823	2488.315181956006	-696.4220135725365	-1
?	223.99323077911507	3878.444365027283	75.93503109741295	18.984093994373282	375.74598143737416	-16052.582882336377	2291.8989634624627	-4160.262747387983	10.638649092220982
?	192.9222182513669	-491.5882014232731	66.77593451563395	-298.2801785609765	318.1743624218352	14964.788208899923	2280.302044586604	2014.4953777286614	9.101545437190413
?	199.41382070795106	-250.71531249916617	61.02102216936391	190.22664541881923	1123.985391882381	6888.276137938965	2392.623732348897	-11645.498715864467	-1
?	180.3864526264084	-801.613445037795	76.28726678657505	366.95282474475795	662.5881693187884	-10109.622470875882	1698.0271087933725	-17072.682896275717	8.111315041761227
?	159.33314845606074	-827.0581327280578	79.36866340660207	-123.08506689794594	618.5042683385798	-1609.0231022957616	1538.9895875350992	569.0413111282179	11.911260962591381
?	139.03354599000494	-3206.662969121169	70.13301344167766	-312.9441691369102	582.1370142039991	3343.768327400199	1726.4791743497838	17645.314000506623	6.779513720876494
?	-1	1265.5194052496804	63.721454949756335	28.234808907427745	785.6926847085921	2084.1020669131694	2421.255287560443	7087.674622581011	-1
?	202.30951625248986	4350.874207660846	71.54475388704907	217.6874419349173	686.3421175496591	-2727.9877628311874	2080.8629054788394	-8398.663238855586	10.21088675193856
?	216.54371038304538	388.06838343697297	74.60582704650236	-64.67074214769433	649.2932965670308	-1433.8442674414841	2001.3221256176575	1319.769770732964	11.532812421814354
?	221.71293542433878	7266.393667303958	68.3112167796643	-248.10923869697876	614.6499041775838	563.1646784959537	2146.8513940154885	-1965.400375967519	11.474797302619466
?	579.8633937482484	-1442.1191071997741	62.20036511165324	-226.78462589128762	677.4515304918289	-858.6658751958536	1903.0521068192802	-2744.478524588514	-1
?	149.60698006434905	-8770.96291692999	56.971985485099765	171.26529036889264	571.7166104177906	-5059.472986967727	2009.6274677860608	4607.565208502736	-1
?	141.31524790174274	-694.7434134312972	70.763629630098	36.22823817517505	424.47788114343894	-3104.4336111781754	2133.4303672444203	3578.882321006203	9.3373269013391
?	114.8698093927837	-2846.3049580348143	58.78339739385854	-359.24957720704117	416.4949298588796	4004.3134340950905	2188.5715838363735	2261.2384138432612	-1
?	-1	2302.601944726715	52.80115076974568	276.0714857062148	624.6935528481963	2703.525709859985	2246.492287936585	-3821.1902364160055	-1
?	229.99990662912109	4593.352354069365	72.58697167916948	240.07324867746988	551.6712153518807	-735.5002874858528	1997.5120720155705	-7095.6617492552905	10.489098888046057
?	228.6676177034715	58.54858790654506	64.80481320361935	-46.265940613006556	587.9185384739031	1536.9979543122427	1891.7092004738154	-4249.170408747704	14.167991417901762
?	232.92733602444838	-216.46235969191684	70.27367464851912	300.01662871699153	628.521113067494	932.8189144443176	1785.0535515781824	-5032.180670297285	4.544871642900408
?	217.8444997188755	-779.9820348407028	79.80564463946914	-49.32967712597091	634.5594841961197	125.94380521070255	1640.1001669589475	-2490.095377020358	12.672519361700179
?	193.9282342824127	-4376.889994377448	67.80719079222054	-337.4500160217392	634.8183033280292	1262.0298804196457	1660.5487827271627	521.6558582694887	1.9576562150909504
?	-1	-66.93513227173885	62.93314383838194	94.66362745921323	697.6609782171029	-756.4887481051056	1666.1829598724223	-11053.392321970057	-1
?	190.5814776688257	3516.9561098412096	72.54037216518127	216.7190384520257	596.9938659227734	-3553.390449471967	1107.879166628652	-10435.730384569784	9.393662672830816
?	174.84780549206297	-3831.6295533764596	73.76909576098338	-250.6143180260898	519.991455743502	4305.619929355939	1144.3964406439256	22054.816928745826	7.0695379519955015
?	-1	668.1460206452114	60.0096562638766	-355.43839993874093	812.2748623905734	5236.648282102288	2210.620013065959	20458.787156396007	-1
?	208.25510652432402	4196.205657462084	55.99717576404608	134.8257607230044	781.8238698486201	-8473.772360105637	2167.3357984637405	1283.8720249540256	-1
?	208.81028287310718	482.8269746918249	66.75094430002692	254.72827593465362	388.58624438528557	-8313.15747159221	2274.813614313661	7130.024666498556	15.484868006217988
?	232.3964552589156	485.2357343563704	68.73358956077894	-149.23558080169954	366.16599626900364	318.77674755563135	2523.8370317886734	6952.779024829061	13.419971148578975
?	233.07206959092605	-4667.929105178246	59.28916525994183	-352.1317097321959	404.52508176306736	2509.024036289123	2622.4525655551192	-1185.2243710575035	-1
?	-1	-4681.441391818455	51.127004074168894	-173.1104486849254	491.6171980834616	4534.810096155864	2464.5758132357973	-7418.9848980158	-1
?	-1	0	50.63364282569544	-102.44886868844983	631.2655865708638	4105.103194474464	2251.503320654324	-5778.590263659098	11.150347729681233
?	-1	0	46.00456063974633	-17.403556280210246	696.8723578071877	-458.00689188856524	2175.6463000528383	-5951.729541289098	-1
?	-1	0	49.763465011684914	88.7257764580791	608.3652419764352	-426.5023403321364	1953.9168435898648	-1161.5086928721319	-1
?	-1	0	50.44084946265035	-91.8719147075559	675.5472407905805	3961.1572444486915	2117.570865409231	3540.0951257417996	-1
?	-1	1628.4482202040583	45.169869276307054	332.4516991691753	806.4231041988726	-5207.42543558422	2130.9215998769573	-1370.268756265285	-1
?	80.42241101020407	3035.4901653066304	67.06343442110935	598.3072863003355	415.1759690113658	-8787.82229965666	2049.0574275959657	-2537.445345814031	5.109719139777959
?	150.77450826533368	1662.595905726901	75.08523359132425	73.27752253681221	367.0319892160333	-1490.5477222064103	2004.049332586254	-97.93049583759827	12.824838783452487
?	163.5522062965503	667.7125721212567	70.72731054795001	-24.259858635465942	340.6485829010442	528.9461899322469	2044.1609028040857	-9182.262002616973	13.463663119642726
?	184.160136871397	160.49765153631313	73.87224065955094	-11.82582166706152	393.479298712646	-77.65725145340528	1544.9362324553988	-7865.105245220554	18.272911978934268
?	171.57708887336608	-1100.3518719697913	70.13601946459693	-213.1274698121319	336.7657203283739	6774.8052363877505	1650.9056405430524	10576.426210754535	16.48321601543426
?	129.14254327290664	-473.1130419489797	63.21586716894419	-19.65055348916849	732.2195605320384	2486.25748054043	2073.757542993133	3611.4114208575015	-1
?	147.92143677591676	934.048144540486	69.15349179013849	323.5061985471891	461.0785943553972	-4268.557932577229	1831.47621158593	-29213.182572190166	8.83663114109077
?	175.8449504999316	442.7855497955016	79.39117709630388	181.31103330033935	518.7916639031739	264.3802183313172	613.098414383604	-1175.4164731731196	14.40276145811715
?	170.06071426569216	-130.50862767710655	78.21904345515559	-324.8823199596487	474.2976052719632	1452.4822410551835	1772.7053879272733	43625.75896626342	13.577947959071603
?	169.31951911607618	65.3606009130467	63.14706109832121	-319.1187447484637	591.4157759559341	3696.7798540202166	2794.386362696806	3168.846874406859	-1
?	173.32874431134454	415.5873622122633	62.26310621773217	206.9044660790954	659.1365979729767	1141.7749561787557	1931.1477316476185	-27018.74176893781	-1
?	190.09888722668964	651.9775986656468	73.49228440227613	344.10971575281303	648.5045237648727	-175.36049405554172	1443.4492742498962	-13850.264167712588	9.174689626611318
?	205.92762424462734	433.12303896587946	79.46859200537307	-0.5602199581366483	650.3685732701995	837.7804600933899	1238.6345232619792	15344.11019946289	15.669780616847007
?	211.75503917498392	51.749583433076914	73.4642734043693	-104.40779746411147	690.3935467695428	39.21538541257122	2210.6547842230516	7314.13645804079	13.452903673208752
?	208.51510341628122	-835.2777039821372	74.24820213216742	-139.17519520386776	652.3293425408281	-3501.9835188304482	1604.341346164024	-13463.792095323315	14.276618087182367
?	169.99115397587647	1805.8327411648838	66.5055136441758	-166.7978919443748	515.2943708280179	-2332.894618077679	1537.4651794568763	9357.578497981262	8.379472827865802
?	298.8067404745267	5664.323055342496	65.90830753494856	-112.29801143062059	535.6846116369425	-354.84591216334655	2072.2202710630936	2973.7294245862527	1.3997283235318922
?	453.2073067430053	-5996.134809490449	60.8906130726447	-247.81442129210294	497.55207521985034	-357.6948462754621	1686.151650686191	-5958.564289841926	7.778883186398604
?	-1	-9084.146134859977	53.51758647034324	-191.91142956105307	517.7998693231691	2281.6545121955214	1774.292056570993	3560.7901916891246	-1
?	-1	0	51.29504159459191	-92.75224670787661	611.634800829628	4027.522543470288	1864.1911602706498	4160.059534117299	-1
?	-1	0	48.87997413494934	-86.3555074171797	719.1759964966864	535.8567425174593	1982.295033276861	81.46615110989272	-1
?	-1	0	46.97726622373286	-92.9902102272241	638.4276379555014	5604.368369460855	1868.2644678261445	4897.497136870009	-1
?	-1	3103.3099418348543	44.23046362358807	252.48017776215616	999.3944149697331	-2685.8918681197547	2227.169890120365	4581.158361830592	-1
?	154.16549709174492	3234.3198139471037	59.60127511184085	603.415502253786	504.13304454951174	-11805.26900298945	2097.3223859176774	-3796.4544484414687	7.027799415333028
?	160.71599069735748	152.52058724864423	74.4012387362778	245.83124614997095	409.1309648202523	-1772.6144953848152	2037.3471676982888	321.8922209008224	15.302546994848171
?	161.79152645417724	447.6491795087127	71.89283741933957	-134.82277669496435	415.5023197802697	262.9388753068232	2113.4169969627187	1467.1029310914328	16.5899269430097
?	183.09844967279344	4439.457220576463	67.66009990152949	-146.16602159461328	422.27790858559365	-402.1867601985161	2110.7023142528615	-568.9750254874535	14.540378852695293
?	383.7643874830036	-1066.0895438189723	64.5845363396088	27.00422080904066	395.3929817703436	482.24800675148	2084.9682456883456	-7438.758590689039	-1
?	129.79397248184407	-7695.287749659962	69.01031094198154	36.67474558433474	446.390308923168	3372.289444836873	1738.7643847184042	-1983.0332221993822	7.585542660828089
?	-1	608.4917535487101	66.41827361882557	176.0299824961695	564.0074540121897	1060.0236916458412	1985.8165845783751	-16140.262962401328	-1
?	160.21856015928	3562.076154392924	77.81181006679014	170.54420712628783	499.3914935054608	-721.380333755327	931.7512365983264	-4211.344542356323	9.473363784474028
?	177.10380771964873	534.0780935378374	74.94548397514008	-118.67638477354775	527.9384373244228	-539.3424065781907	1775.249357460556	22827.670319864163	8.541046598183243
?	186.92246483617225	254.41503846503886	71.87799082811267	105.01378297781137	472.4243731765509	1097.61357899665	2073.1347525915508	-1147.3199143073743	7.50526383918137
?	189.82455964290085	-29.899377150153583	80.19617312403072	-15.014600552529558	582.8191162742561	1073.1524924482114	1717.8833617451864	-6393.758210494507	16.57024449738268
?	185.42749597866455	-3816.4911928579627	71.12726080048618	-352.9230583392043	526.0819977989622	-769.2227890346208	1753.4468420668209	292.59174289647984	7.526342556033389
?	-1	-1099.7332224520549	62.550020207070254	-215.36571034664908	544.3579768225245	-489.04157864209867	1732.5129488900106	964.8142842792139	-1
?	130.44083485606103	2485.7069734542115	60.358975283153576	108.995627696998	501.62991886685694	-2871.8619803842184	1801.6875562807822	-5669.421008440655	-1
?	123.28534867271233	-175.26917247097265	67.99980159192023	29.541676978478513	400.76487780331155	-1680.2696615014634	1449.0418984679739	-6318.5418102403455	10.644694427705446
?	121.67737623251227	5243.884975825575	61.83605913207752	-190.8153684956845	417.6164357917826	-175.4278351997093	1485.7604657687605	3177.0015750960697	-1
?	385.47959746399476	-2453.5475246502106	58.45903316713587	-83.06135403152776	391.99348604332596	-2226.014285274854	1607.8919772227796	3853.14333851677	-1
?	-1	-5181.739926936015	57.682991430501076	32.341465107630505	306.3157215280383	-1649.140784341893	1678.4176326946017	3740.211165155976	-1
?	126.39260111719034	2538.48074527469	60.07610642251742	143.14907511255507	309.53644682623013	1556.5721738386874	1794.902535480581	-3694.9158861852516	-1
?	125.9240372637363	7584.734122181781	64.84044518612893	43.65017262237354	384.14433021997377	24672.761027833294	1493.6718383853365	12088.989298039101	-1
?	505.62930722628477	8731.98405725305	62.25861505363613	-108.52062196228319	1543.1744982179123	20978.775782310153	2399.3520003825447	16660.78492895944	-1
?	562.523240126395	-7027.558215575485	59.414414088014695	-13.44484334152336	1433.0831193354961	-12546.343702636435	2326.7110848333205	-6433.029272283174	-1
?	154.25139644750556	-7577.976466564132	61.58637288655995	379.30131934113433	915.8573130860816	-15547.385982412727	2077.7005367683814	-21343.072719332475	7.243218677944138
?	183.62441679818295	1191.3916978729135	78.37948005507168	360.00124899366324	655.7138202148487	-3920.0080241910005	1259.5574488666816	-11057.834971172659	7.765612201031301
?	213.82098134115208	329.59884103453464	79.58643533624337	-80.89025105377202	719.8569118765288	-1033.6586914820066	1524.8087882097407	6627.777116553717	11.831120791778641
?	200.10435884990991	-1210.4475535150066	74.33496750238302	-225.84028044608223	604.0308856407477	-4598.755285628203	1590.9463046943722	-159.88226921472005	5.318226718157899
?	153.2986036654009	-1558.688581121983	68.2944213139391	-161.18334912979802	489.91914759511536	-3343.7552861934514	1516.8146747490046	-4570.472190316713	3.549347475563345
?	122.16992979380966	-882.6760730220877	66.275800045893	-136.88746091344362	436.8431213310727	1047.4477612054102	1362.4226951785333	-1426.5600776730141	-1
?	109.16480001429588	-2463.398595876158	61.45004826826682	-245.8438107043077	542.2915356553866	2918.520178840916	1445.4866708653528	1583.0523460460565	-1
?	-1	-2203.2960002858863	53.98360951067745	-217.0253363533317	582.7691302731206	2429.0366005307437	1441.5753124808373	1544.618147131401	-1
?	-1	0	50.59878145060008	-69.6556135259857	663.7433656819255	2636.202092324719	1522.717578221924	4831.914781663509	-1
?	-1	0	50.50082883437811	3.0407687086147486	714.5792348893584	5145.083972377672	1683.1710515640161	7804.0382307036525	-1
?	-1	2663.43947544439	50.75081988603082	295.1249640539277	920.9975643008128	-2060.509760832488	1912.9194897571122	-627.0324771719199	-1
?	132.1719737722214	2800.4435065642697	65.25707703707471	289.8802891555047	611.5537468477326	-6731.609185699599	1651.8194277054197	-3788.8396622733317	4.876463630358412
?	139.02217532821547	215.5052949613796	65.24483434380626	-6.876433091431027	584.417105015828	-1848.485652700525	1723.477506643443	756.0919516069163	5.426154340470447
?	142.94723852029054	4.873763514227607	64.91325538250315	127.11285076580329	519.129464212705	-2188.6673722828264	1689.624025285766	-4252.2774100097	15.88728157500849
?	139.26586350392685	275.18997348653903	71.60047688209652	210.9891286175558	474.9837364016852	3029.28827164352	1510.8636361429549	-6542.024115214252	13.40973857509211
?	156.7067371946177	381.2522278857452	75.46271181338109	8.407458503265156	670.5938777948832	4483.625255582471	1362.5228195250488	8813.512423404825	4.529025091280628
?	158.32847489821438	60.68294401577105	72.02084980725978	-62.19868726112506	699.164999180812	-2066.1745719358146	1951.5392573132024	9650.556197149954	1.9346813891397412
?	159.74088439540628	597.6055018101573	72.3527774503248	-28.323035289452488	567.285149198091	-2371.5063499174385	1845.0506293825533	-581.9212175904667	3.045611353271564
?	188.20874998872267	439.14889081860224	70.60469804278714	140.4395473736514	580.5896816849383	-1996.9676967595888	1922.4431964336786	1785.300233620589	-0.8694057429962694
?	181.6983289363367	-285.5303419670451	79.37475481900746	141.54475692377017	467.4367643601101	-2767.9485959105405	1934.315641063584	-5673.242571604243	8.37868090218413
?	173.93223289037022	-77.66288648729929	77.68193588897574	-45.88627747903067	442.19225188940936	-991.3743968010165	1638.7810678534624	4735.762254445573	7.935646847040826
?	177.8151846119717	124.04964491660502	77.0804409450559	23.685593265334095	417.86804452005856	1189.7142368948257	2171.103753785866	7263.416470468348	9.481217221854994
?	180.13471513620055	59.94839230915062	78.86621555224247	11.106262586401796	501.6779637341515	1890.8756590810576	2001.951891376885	-3062.3442172239966	11.622726211818517
?	180.81260422742926	-13.225843764499057	77.635754074376	-47.787967248357745	512.4118274741128	-175.64947386824065	2017.986542924664	1349.1161783394127	13.54936842158491
?	179.4734229479756	-210.32001569953636	76.47681718982454	-55.23526014913479	492.89549004073933	-781.2256028654715	2069.4077002938566	-4481.430238456242	14.331109802283738
?	170.2966034424523	-500.5742500210428	74.87399106691922	-35.72408447879872	473.35054733083865	-200.83112026357242	1793.9150310018488	-9756.22589554291	5.411984168265969
?	154.4447104469231	-455.21559859677416	74.69061296588458	-27.48108964966878	482.85393402756057	-30.384183661297605	1581.5964055167042	-3805.8166789004968	10.996718402422623
?	147.53582351261326	-225.4935380156521	73.49993658443576	-57.17336542775972	471.83133814777375	840.0559031945551	1603.6241970568212	793.7292710442194	13.20869282393453
?	143.17003354614033	457.7899835186188	71.83194469449656	71.15360355326273	524.8567291872889	-247.9957650087066	1621.2828690689157	-17.919153256361568	9.362556878756589
?	170.42532268854453	671.1669873347485	77.05761676209895	1.577220204057119	459.43154989733824	-2411.413381271916	1602.7282393940031	145.84957907168038	5.585624222279613
?	176.72838291287823	518.376805969861	71.91080570469941	100.10510682985853	404.2860601236914	2055.7482398215043	1628.5753480224998	2999.9509666147223	5.676775933168186
?	196.34416298703795	-78.83018246508642	82.06287210359194	119.09586025718285	562.2189618884149	2540.482930442452	1752.7257877247414	1443.5938537600282	11.488552612264145
?	172.78687378962385	-45.56098084303577	77.86559871755864	-257.60194692463335	531.3102066458158	3171.4077547820675	1700.7550407105023	6103.188375703157	4.242436950894009
?	194.06611394488613	476.292795556563	69.1827747573601	-189.4096712280556	720.7893496275206	7356.294845358989	2057.8852065099036	5865.032823875907	2.568188206753779
?	196.60151356745234	-207.4786720163586	68.39511515615573	238.47154877661185	899.1249489137705	-541.9076071060149	1994.0066819043018	-15107.921531444043	1.0715934083739769
?	183.69218034406805	-478.41672121208944	81.10635219619086	238.5512233525549	693.6939692722194	-6826.101788457689	1302.4891299376907	-9951.764204689092	10.807369586373722
?	172.68067750684753	-157.99312345003048	80.32267632378364	-159.70907803505298	557.8198594908812	1040.1602571011688	1496.41847166984	7494.162764024439	8.48701732909919
?	175.7925241715664	-94.97577635244547	73.12089829443809	3.9316429897857015	745.7019821272786	-1078.6632637971304	1677.197268138918	-3861.3326643156183	3.2796440235613624
?	167.9318886892252	-782.0933076905745	80.51925847327293	182.85171933027922	503.8866963010239	-6046.685125196198	1303.3518384540564	-3096.2387549096834	8.558845752238105
?	136.68785878703713	458.5745894127726	82.26348426095218	32.89609483014014	443.3677258674644	-1956.686130323322	1522.3853303934316	2708.236169593972	8.404161702856442
?	190.86061815986415	962.5910419624006	82.16406321477996	-49.92764985936461	406.0523897848564	-357.4424637671411	1438.763646933757	-7302.593425360265	14.17951573295555
?	184.81741088515784	-422.24212628390285	79.76710176798392	-221.20737474470954	425.4956026791071	2957.2231011480926	1157.255659125413	5718.114864585178	18.85282053518818
?	169.7485118456687	-987.3098272328778	71.10369447754432	-206.65988610626718	553.9135448422632	2674.184463174249	1724.66939016302	-3654.1147392446037	10.538156496562335
?	135.45191952351325	-656.5366596509435	69.43410746267041	-199.77172789857178	559.2048258378214	1770.2272400238346	974.5499221631803	-9787.188200928005	4.281555440145079
?	136.92167886312106	503.3137696717315	61.11510808261559	-73.68302491170633	642.4249068434561	558.3687692873912	1235.3099801166127	7596.952423713234	-1
?	160.6176080071002	573.0756058089449	65.74995621708504	248.2699271675013	587.1232643021914	-2741.504901437292	1354.3975433488474	-556.6318988493833	12.068529524840075
?	165.57545915356872	-71.95836378144759	73.52860444099083	-24.866628252465194	505.3496617715896	-481.3574837477677	1207.478385174143	4374.64970977953	13.072490711270692
?	157.01968981802776	-119.14230556006659	64.50662480446177	-135.72145405271561	563.0553901148027	-1112.4094904131107	1573.130028837827	13317.02506310809	7.195190962949142
?	159.6183438755653	83.07571184193758	66.74253173835496	181.60894367535488	449.72918725093325	-1829.0339069479287	1873.3296383295572	5768.89906129551	9.88138604797064
?	161.1734754101247	-19.369020451225946	73.58707198822964	-38.09984377474851	471.60369476740493	414.82057092712444	1861.5749819026066	-1218.4425746574161	12.188969495872843
?	158.649892853004	-279.0266905899864	64.8375395496175	-193.6120477891823	470.47021579728977	2125.2832789919007	1812.4075095966855	-5525.869934572824	5.206536633674902
?	147.22214088062518	-657.4969491703649	63.906469598770386	137.8592800080108	577.8678587170015	3443.9914596221934	1585.2814851739615	-15070.970586799844	4.503013054582441
?	125.77504539448528	-433.36513176123316	71.73050355001814	141.11414843060967	642.6697887784019	817.3284154785708	1058.8589802566826	-8593.924017053196	3.821457149968624
?	125.55388429256321	-52.35703402392044	70.96217702030097	-20.93883479607483	618.7342794909306	-262.04135510741787	1155.5852843212956	3089.489646337576	9.227612465448166
?	123.15719369328922	-147.29045883148348	70.68356181021439	-76.26740032312574	629.5677210230308	318.80681282002115	1213.3334625735636	8527.376559777478	9.113999177135693
?	118.18936135098893	-2483.143873865749	67.14880700414463	-222.37079444497564	634.6746201319319	474.0092386907191	1581.9541123101756	7646.525633211678	8.93627935934718
?	-1	187.41835710927222	59.565022087965446	-143.76522571170122	653.2681829575671	1337.1687624886513	1595.6597442341529	-6749.018632553934	-1
?	127.56027920645268	2539.0111555231215	59.960545718559466	182.70008285239496	701.5330582563654	-3721.026386080619	1244.503180682474	-12768.267466707903	-1
?	125.95055777615788	-138.74887495665692	68.70002623058532	15.840610679809176	467.2168636535335	-1748.337294002986	957.2463708987486	10738.726874128208	13.567488484401531
?	120.62283545861973	-2539.0111555231215	60.752576252549936	-228.23334336738245	614.1161935562149	6991.437900977812	1781.439524388892	24410.517529915436	-1
?	-1	-2432.45670917236	57.28835906221604	-91.02975291654273	816.788758702429	12107.82074822411	2177.7722473945378	10677.323842086902	-1
?	-1	3539.6138985451917	56.201088606722735	208.5990754837451	1219.507230967429	-8913.890690009155	2315.3057164932447	-1251.2896775020913	-1
?	175.9806949272621	4092.086929726146	67.71831283640344	234.83304176313035	371.09422420196495	-16379.878626617221	2115.2077635194323	-2411.1715063875113	10.084542157033562
?	203.60434648631022	909.9220714854677	67.94274069487942	-69.58477318078352	400.5132996365563	454.2459198629232	2194.7471411738675	1622.1319865045868	8.83789534937361
?	221.47679850153614	257.24439833130964	64.23907417736422	-163.6985085357352	393.80652019511143	205.38188869022454	2196.314362844663	-1105.9357050469523	-1
?	216.46656640287588	-4449.53597003066	59.75781526809254	-37.94546898682998	410.7823940710677	15389.065779169981	2139.450355921519	8228.804892443834	-1
?	-1	-4349.331328057456	62.34180072802269	-6.919952531249906	1163.2598091536215	14613.599440309668	2607.7546074668603	4571.003624227295	-1
?	-1	2708.233521783311	59.41181764153004	-121.46200787375163	1141.4623660865616	-9213.416672695443	2368.000537132887	-9093.293843316831	-1
?	134.41167608916749	2184.1656777751878	56.26870033433502	161.61668797429212	702.5889755188429	-9678.011321044607	2153.0899153010123	-22317.223868836456	-1
?	108.20828388876093	-636.7220416052115	67.49265204024476	196.05523752202322	657.5618000343244	-2317.661419044372	1252.1393436910485	-20561.958294627748	8.488429515585908
?	102.57557400890646	59.92611203274919	66.07146221043632	41.8593160803334	586.7059045666226	72.6889570570837	1124.9920005696104	2127.192106796976	8.592698785734532
?	111.20458949039843	415.94781544985784	69.58561784426146	210.29679485802703	661.1962478871786	1874.6650460165104	1358.4989490308988	-351.6422464852344	5.700339313544755
?	123.37296478139965	200.6693925182924	76.58630195333782	74.14078268717739	680.4391568674495	137.4485927269487	1107.4098882453484	-3784.818895974464	7.855595629546552
?	121.2380591163132	-2487.4592956279575	73.29265697862039	-269.870661503125	668.0686775235262	-502.91740411254943	1169.2580042321729	2592.996572899437	8.247769784184786
?	-1	4943.062841728213	63.09276887818138	-232.867762032902	655.2932866618216	-388.4071028233679	1237.059716890322	721.3327728702268	-1
?	368.39120120272736	19.999999999999716	61.64926887697512	-1261.8553775636096	648.6483223823575	-13105.865733236247	1205.3246428756847	-24741.19433780609	-1
