rowLabel	avP	dP	avI	dI	f1	dF1	f2	dF2	h
?	251.1504151137295	4886.031049458493	71.19816461520003	1215.3588971775914	509.34756964720947	10948.685980113907	1803.134545569329	44974.711304407974	13.855908751477806
?	244.30155247292464	-175.7985655533713	60.767944858879574	-222.88946143806726	547.4342990056954	5027.343881296809	2248.7355652203987	-1846.7621464570266	-1
?	242.36048683606094	-1007.9964796682256	60.053691543296665	5.011933959822839	760.71476371205	5460.771653366311	1710.7964382464777	-12693.25913339887	-1
?	193.90172848951335	-1119.7915538395696	61.018541556870716	331.7872061782814	820.472881674011	-3561.4123377174096	1614.072608550455	-4128.679098068593	2.286322122090985
?	186.37090914408247	-628.064121260913	76.64305185221073	317.4415913749073	582.6441468261795	-4113.722459543988	1504.362483343048	-1106.9082363617283	12.131572381900764
?	162.4985224264677	-890.794929243004	76.89062112561608	-13.81293950359009	614.7867586968116	-271.22705750921574	1558.7271967323686	3203.6696758498156	12.686960334789013
?	141.83116268193228	-739.2297322323593	75.95240487703123	-76.36723882754355	569.0827939507187	-2097.4165511777273	1664.5459671355388	4486.478714972733	10.968746068743185
?	125.53703581484974	6639.035015758547	73.0722591842389	-236.99276993317517	509.91593113792527	-481.0108144974198	1783.0511324810052	1900.9885489207686	9.742992792796326
?	473.7829134698595	-2530.7407162969953	64.10276638037247	-358.33384325273636	545.0322532258477	1584.4366171831978	1759.5953945815772	-939.7868644635539	6.248147901174087
?	-1	-9495.658269397192	55.15556702160209	-207.05635934275227	589.1377619970851	407.0737974668351	1736.0617892578275	-1329.3795616318769	-1
?	-1	0	53.74994841323486	-38.51125629161398	565.3859430991895	4401.149542136114	1693.1264164999834	1142.464232404117	-1
?	-1	0	53.23000420702139	-25.975357588184643	809.195239103891	10342.796196209838	1793.1850008780334	7703.238160029952	-1
?	-1	0	52.45118053382563	-139.3638997101728	1082.5257529096818	-269.40532796519597	2078.2883245014814	1686.0691954269425	-1
?	-1	2323.864956042338	46.26180922151274	-13.703345196306872	795.7249727056312	-3783.1692621163247	1877.4884606493806	-3766.18118164669	-1
?	115.193247802117	2500.7311671155476	51.766013274010284	438.2843651322947	893.3672898038655	-8705.972450862602	1889.9792654191467	5149.871928905454	-1
?	124.03655835577749	236.26781095083325	68.1760274781275	8.588828161814483	360.42635016250074	-10227.086924363215	2134.9820570946536	4836.647556381904	6.5182712448989335
?	127.00663834965867	-2500.7311671155476	52.19545468210101	-447.7195627301326	382.01294358570425	1005.2532890083025	2131.811643238242	-219.70045939758145	-1
?	-1	-2560.1327669931707	45.79004934162084	41.82080253464573	410.6890146129159	12641.604760360558	2123.9970341247745	5176.024087819346	-1
?	-1	0	54.2864948088333	476.4472938600746	1014.0931816037328	32066.20175984978	2390.6128476292097	10072.943673829723	-1
?	-1	2770.4271759942358	69.61241403462459	292.1381197911442	2013.9991026054063	-258.1585151097787	2627.644217816261	-4268.025700200629	2.0875198048586134
?	137.5213587997116	2598.525451518258	68.89340079839049	29.413450487653538	1001.1852558482439	-33107.24948313924	2177.2115626191785	-7553.3391407788195	10.418045740870888
?	128.926272575913	-214.01885176527722	71.08308655900727	-56.30988540280095	358.636628448443	-14496.786252581951	2249.9772607773198	-17.969355969307784	10.5949759046835
?	126.82041621144774	438.8777764556183	66.07790652825044	-249.49709412630617	276.3459432191456	-1180.122060394774	2176.313094820713	-2425.7388681150837	16.630036242231522
?	150.87016139869394	1543.215403991268	58.60823185269195	18.32450560598401	299.63052542870423	1961.8761625002007	2128.6903173715655	1637.0423528840624	-1
?	203.9811864110112	417.745665628798	66.99413180854964	189.53109426004514	374.43975134415575	2554.9540528658	2258.1652124649163	-200.4656491550848	11.540779124443835
?	171.75744468013386	-1361.6359117879824	68.08478656569422	-43.13615076135786	427.37822807199433	995.8156591380796	2118.667034913811	-7841.280522492613	7.925066664919325
?	135.89939082161203	-3455.148893602674	64.83732427048174	-254.44884884047588	424.2305343010598	289.2667370897695	1866.1011863402853	-520.490622202778	7.669138577368598
?	-1	-2737.987816432238	55.36234412367041	-264.9774227891091	441.8415649264828	-345.87951844503976	2092.6425038036723	6829.397029916034	-1
?	-1	0	51.58845313102628	-69.18199383912531	406.9365583788078	-845.6618490047769	2207.5710378360873	-1167.4767716622216	-1
?	-1	2624.167540507437	51.90324443171414	30.355819886171787	399.55847247624394	-486.98519537527727	2034.2686652205612	-7482.002014026428	-1
?	130.20837702537196	2580.4754775594834	53.10624412533487	30.993627074940633	382.5872986100439	734.5663804180883	1833.4709371347656	3140.203199471086	-1
?	128.0237738779743	-2624.167540507437	53.452925785461176	-178.1264203255044	436.2867914971484	4956.819352424041	2191.2788251941156	2109.098811900956	-1
?	-1	-2580.4754775594834	44.19992310905964	-237.9686826091105	630.4282662312462	7084.008174342902	1938.9258777298135	-4651.507464469978	-1
?	-1	0	41.55449165500564	-36.391247663315305	790.4872002142938	3216.382077379057	1958.7034519706165	1935.9067588134103	-1
?	-1	3266.2187212784816	42.38036072589387	340.6841410417036	791.2473701001992	-4161.436382697055	2035.721215670484	7934.0059627046385	-1
?	162.31093606392423	3077.331607600231	58.588698707090835	271.90889816206555	582.4153810794409	-3862.392633363257	2355.4037501058488	8667.627175438494	-1
?	152.8665803800117	-3266.2187212784816	55.97580563399716	-164.80849295560077	598.1277384320362	840.8565444963521	2469.102574442409	-1018.633989001918	-1
?	-1	-3077.331607600231	50.34827405931079	89.60069895322482	624.4582083042585	2573.587209790419	2304.472050655753	-1370.8244360390643	-1
?	-1	0	60.45584058165841	449.6328429359906	726.8070989215572	24943.196543834187	2400.561352640456	14914.997165263836	-1
?	-1	0	72.82991620611034	-62.53187615911849	1871.618035495969	3906.398242674284	3050.2219089189452	-8882.352197367913	-1.4827240825893746
?	-1	6748.990931163838	57.329246773702494	-235.33831349245287	922.1270110552707	-22660.73571003001	1956.4437427720618	-17122.132651206528	-1.985022493023857
?	336.44954655819066	5215.5861143998145	61.06300053148774	215.00566234334818	738.5812499944724	-8337.88810972268	2194.115276358622	1188.7045675800844	14.684055887257035
?	259.7793057199898	-3809.8483235629756	68.07952989086986	127.75413340907963	505.2326055691382	-5567.842679676404	2015.8789711510658	-5514.455349513248	10.205789563138634
?	145.95713038004257	-5215.5861143998145	67.4507072019417	-242.99193534579274	460.18911601065315	-1317.3169693450634	1918.3925088829606	-1139.495045045896	4.390376794951512
?	-1	-778.7032066690241	55.92993312358027	-114.5960464076414	439.36675710188524	2177.022672468746	1958.9042188987712	-10033.000764719813	-1
?	107.0219700465915	2124.312994299603	61.72090488155965	105.60674014658838	569.0402496340901	4402.279244844974	1416.7424706469717	-5243.540687496843	4.749970661305347
?	105.21564971497976	-2160.439400931838	61.21027013090967	-172.7091586616614	659.4807193441332	3084.9086451219882	1696.72718452393	5589.232989227232	8.514916793441413
?	-1	449.25499505662987	53.08544694847661	-92.1651669014742	723.2856818901889	2777.4828753190613	1696.2041201083323	-7253.054851830423	-1
?	127.67839946781118	2450.5186618056487	56.60201178583598	285.7180887801883	798.3548631100857	-2036.4052465063269	1334.07444193241	-7248.205320950868	4.534666053388651
?	121.525933090282	-402.8267518366047	67.37135138748597	137.39275012816256	621.465419564873	-6296.651394281989	1333.7938540607902	532.1943774619123	7.74640263904751
?	107.53706187598101	-2450.5186618056487	63.47164929224408	-209.1801420042194	483.5222933959874	7101.766043601827	1360.6841608055056	15280.624700576082	8.871148277340465
?	-1	-2170.7412375196277	56.91234428727504	-167.31618994126154	976.553721744963	9439.34887524919	2097.8250890895915	14091.00358010102	-1
?	-1	2287.146117588494	55.10583979518103	151.90178959931058	955.4897371584452	-8331.580112325373	2065.234339810554	-10485.184814723521	-1
?	113.35730587942429	1948.4012785027273	64.50743376724054	229.15228969800478	559.9747161286958	-7739.146117301434	1573.5658483534173	-13715.556514619915	4.315995806610224
?	96.42006392513602	-219.80659389721032	66.56345428008123	50.862222185833055	568.5324312933749	-201.37212468594115	1379.4565140795607	3477.9460163379676	8.045878504572762
?	102.36697618456381	213.2187285196962	67.05054487653219	21.93477163936827	549.9061098943988	-1693.7978206250878	1747.463149170315	3588.263720835088	2.403941405519483
?	107.08100035112079	-2067.3395236912834	67.66019286204964	66.23273955565448	483.8425402621208	-1313.5219774795828	1558.8697001213145	5421.537627522708	5.527124573301442
?	-1	1795.2201376632481	70.3621818543149	99.11303891696385	484.2300110204199	-1410.8250633950654	2018.5400305464495	8498.734611933482	1.6072539967246329
?	196.84200723428287	3478.3246913824905	72.61584480789782	-55.90980013913415	413.3012870923678	-2387.3502686297325	1983.806430717987	337.9383221189676	3.6406291693164285
?	172.9162345691239	-3956.8401446856715	67.5666918473582	-321.23487409243313	364.8624975889337	2568.162871956514	2035.4369466523979	2541.8065415641468	10.894793989935895
?	-1	-3478.3246913824905	56.55410110327622	-271.26268652220443	541.709430690193	3851.3409430952947	2110.896757796194	-2939.7229526512288	-1
?	-1	0	54.00355752124803	-166.9751660451853	557.4295447436978	2020.72294341303	1888.450799019837	-4257.272478584175	-1
?	-1	0	48.20534280101698	253.2421612028566	642.7455778608442	9160.990940229598	1898.033133866986	6744.184012085599	-1
?	-1	5337.4417932973165	66.66566558139081	545.5283367582168	1015.479091755176	13187.070479289161	2225.6599996241157	11142.240288844376	0.9604802006566587
?	265.87208966486486	5694.054723039845	75.48175963892773	81.29696065340909	1302.0991018252998	-10206.795472836364	2455.145148309203	-2200.476320984679	2.8433870121216165
?	283.70273615199125	861.1907443840718	70.73051361406125	-87.25490372724639	505.1393181133596	-15058.335681062334	2115.636183574882	-4816.04491914385	6.006864102283695
?	308.9316268840683	-177.69423790655372	71.11901445256542	13.502357149592447	549.1823177721858	1960.8830370010119	2214.342902352011	4721.137633441793	11.204348016296265
?	274.8180242566636	-1463.8433622750415	71.40563147154087	46.247027233517194	603.1834699634098	15181.172733385923	2351.693065246971	7556.952311301839	2.5318281913372163
?	235.73945877031647	-982.1419973131362	73.43136581424128	86.63495029022928	1308.2409544414793	685.4197877069101	2592.1905179171017	-11185.26723806577	2.8244907716234864
?	225.71092439100696	-521.2118335260864	75.73737898605232	29.341711413679082	637.4544593487552	-13144.14056790812	1792.4297033436844	-17757.198540348145	11.615320767015053
?	209.67886709401225	-823.1592823101307	74.89845138492522	-37.085297610332326	651.0339260460756	-2038.1907483424657	1704.3305908996977	-4738.3853333332345	14.547589511490091
?	184.55296027550057	-1264.794424885979	73.88311410553571	-8.936516658608046	535.5449219316323	-2623.8926158488653	1555.5104366770236	-5195.800977608064	8.433249054858459
?	146.43914584971353	-1249.8582158721485	74.45162555199482	-2.5657170634755837	519.8392952536328	2412.7327367829703	1444.5405420192953	-2903.178207320331	4.607903904708887
?	122.06004948189336	-637.359113704276	73.75482825236193	-89.92859579790607	656.1815587707804	1803.3599030707019	1410.3515263110075	787.8869276772394	7.098748010998387
?	114.57119016449984	-155.4225872064154	69.95519576209954	-310.25121854698733	610.0072904071676	-105.3549899901399	1483.9348884031572	1529.739951060943	5.619674197507013
?	114.28892012157262	88.30599825151015	58.24226732501262	-244.41074306985857	650.9138092712734	67.5678500389679	1486.8385238640544	4209.908056519995	-1
?	118.98649007707533	39.25089546132867	57.73465860860665	188.41003282191122	613.385682909116	-2198.87969506619	1694.4302912291562	7615.347163551087	-1
?	116.25146489463904	160.42348431675947	67.66276896610815	288.1007558432053	540.9698245179643	1198.3238487328365	1867.6058820416074	-4233.2214449648945	7.735654641033868
?	127.00766429291328	1739.1185960867074	72.13969640076687	190.71775448908892	673.3018753457576	1538.7091588119629	1482.7692189809122	-11247.151966074232	5.3222701062045985
?	203.2073946989741	1858.6610499796154	77.19865669056256	-105.35014610396766	617.9052824585622	-3662.423065070282	1305.2482837378977	-3535.712762124216	6.202489506128854
?	219.94071679189372	1411.611317676441	66.8721890955685	-110.59237785142653	490.18072209224414	-938.9292888686974	1305.983580874702	-4222.010006947022	6.699679538946539
?	273.7879605827959	1454.999015597266	71.66903779799125	154.09330506767643	570.9588180151275	1815.5595064408687	1094.1477833905474	11777.860971001715	13.016116943300151
?	292.69066757175676	156.87641335805495	74.5768543489523	-4.896950758424072	580.9586974142873	-800.3500460070933	1894.8766294247857	19239.225273802418	21.234637930953845
?	281.6317812506986	-187.66846749649923	71.42419026007005	-172.89558073593759	530.9413157147729	423.3685272257313	2056.109047080665	7798.861307656662	15.305300053686183
?	283.30724419693183	-2332.0437345307196	65.93207531215545	-105.99502692226176	602.1271237755738	3847.763107060955	2284.8196948076175	-1628.0612077984472	2.9756443642420862
?	165.02959452416306	-2614.590229437691	66.12443891395698	90.19490414638999	723.32947106782	-2898.554447145841	1974.7059866907427	-10729.953303560202	4.215509049479057
?	152.57773272504775	-103.28690647677129	70.44182051947493	28.768533616853166	457.1994014182822	-1397.5226830230558	1748.3220296296092	7059.7171196739355	9.257726979469407
?	159.8652492003245	493.16047900428606	67.56286559479963	57.595105544415254	653.4533369166675	4082.8249114960245	2327.6918426744382	-15033.05627261895	3.1985753306101534
?	177.23575667526197	176.48945564839443	73.32157579669568	6.228555463105772	661.3406469930827	-1406.088759991383	996.6692159986644	-15739.405472244345	11.864615915502597
?	168.6897219827442	-395.14658334860684	67.87429336795492	-151.48081556357252	583.1488989170986	-3509.64181322164	1540.7215690622238	12000.483588130557	11.223634997960373
?	157.4784275078317	-826.0743286674831	65.74753501851708	-29.12366806757358	485.85855633200134	-3513.3888252507663	1596.6933954051901	9890.103047388819	5.521592397154585
?	127.3860055493702	-3169.5685501566454	66.41810996457625	-6.50275983805559	407.47945765456086	6228.768510472817	2035.226721431663	25405.42536070201	7.345448342909866
?	-1	296.6869906479786	65.4223970266143	-44.66642900458497	797.2969818556411	4567.953249611601	2866.964663440286	13447.849836851521	-3.819121575105255
?	142.22035508176907	2690.285402318037	64.184788514347	-18.667820951540147	635.8771201351401	-3277.7689189669313	2707.6192132742367	-6129.186034374547	-1
?	133.51427011590138	-2864.4071016353914	64.4890059790373	70.87065029014806	633.4085359072951	13574.27796401745	2560.50536172156	608.2720418502162	9.21149512606642
?	-1	-2690.285402318037	67.7283210288544	-206.76274114561724	1314.5910183360102	1658.9643757713602	2738.0328153667474	-6839.975475271874	1.9323121263777825
?	-1	2430.2396362009135	54.15086892175648	21.116788171993694	716.3567546958628	-15511.420398369426	2218.5065879579674	-21320.02557927316	-1
?	120.51198181004524	2400.8801011408336	68.78416043745408	392.3712753768002	539.0199984175416	-2606.8237428010434	1672.0315364030932	-13445.535945341642	5.351361172433439
?	119.04400505704126	475.45428286608825	73.76943269059642	70.51386570157203	586.0155675558111	484.0512664459101	1546.2297906908877	-1640.599134891137	14.845622863722895
?	144.28469595334957	1238.050154604525	72.30985372253267	-149.02046682969026	563.222561739837	-2670.8610311246402	1590.0015796585367	1268.5220361183974	5.808994623985628
?	180.9465127872673	398.8640718148716	66.31840934911193	-234.30885984064273	452.47251599957957	-2958.461354034619	1609.6558924968074	-497.90012626681977	8.582099055598313
?	164.22789954409308	-3638.930255745359	60.59441073050057	-325.43440712129626	415.2994940381066	2652.9504204655714	1565.1065733451958	477.1711854130825	-1
?	-1	-3304.557990881873	50.04668899304718	-232.2651505176408	585.1200370228577	4672.646536392817	1633.5144517674614	4616.021796570001	-1
?	-1	0	48.98115320461857	-64.33436849481532	648.9318208577466	2397.2796570138003	1795.907663173695	2146.989938338323	-1
?	-1	0	46.82997056830642	-49.90001621139118	704.9840198735473	1708.8604448455492	1740.8639486843772	457.937861252696	-1
?	-1	0	46.48615239404902	82.45185941537245	734.3748431000238	4267.890603096896	1818.8045562363297	6668.19539081183	-1
?	-1	0	50.95256353907503	52.08281814509921	918.3785500283913	2106.7474249575166	2074.2737182249675	6513.2072717316805	-1
?	-1	0	49.09029330130397	84.97442329763688	839.7122143478993	8321.422435570063	2144.4649198229126	4255.04943638153	-1
?	-1	3197.6969954734595	55.20128470395686	407.1594847915452	1334.4496718068929	29983.13932640233	2287.0261900440432	15103.583206787333	-1
?	158.8848497736724	3418.0283386907354	69.44826754088116	452.25270557377246	2338.8691806680104	-18224.909343046173	2899.6440801622766	-9575.233021229053	2.4332267516748622
?	169.90141693453617	-134.49372917527333	77.8139199826454	-52.95605766783372	423.20420465458744	-33551.189494602644	1808.2645389825923	-12480.72736922193	13.203736953351457
?	152.16016331490877	-883.4513809586076	66.80046465748949	-299.27543814181485	661.3097059378844	4297.542948124923	2275.6077117011823	5876.725913300523	9.134154997595326
?	125.72884788660595	-336.08362956157583	62.85014807555471	-12.369652797663422	638.0813520608328	-519.3510074192109	2102.1008346476174	-2320.7462906587434	-1
?	135.35598183683004	327.23195548185373	66.18198201760632	19.66192199899048	635.3421555669239	-6133.554948061731	2159.5703971682456	-11162.11514443465	11.612387957579656
?	142.09044566069858	295.1802518852877	63.833244175504234	1.8504546342171646	331.4036046577474	27548.259412935502	1543.9950774258868	13069.505612056102	-1
?	150.11499443109437	960.4319934098714	66.27450474931717	96.7328701435722	2012.7551262136942	-1202.515529839072	2813.0456777710483	11889.400627060882	2.590141343888877
?	190.11204533119198	2173.5290571774062	68.66988768268283	150.76867883677605	271.277828165794	-33133.3196463921	2138.465108778929	-20583.07605865558	4.441123160152084
?	258.7914472899643	2119.6888860247136	73.81293869115595	54.699640893278364	356.0891438940952	5609.38987127659	1783.891874838273	-7282.370290060851	10.605453795899995
?	296.0964896324273	494.53823038674676	71.40486972734674	-187.13520150635824	551.7473217296225	5610.254351073849	1774.3465942758876	-209.98415467420347	15.134478485591066
?	283.51835880930156	-375.2407121517901	64.45617861583807	-314.57499294609676	636.6018614477866	1092.3251311149527	1773.3926671045629	1065.002528789427	13.50970442381006
?	277.33445402483784	-5690.367176186051	55.676120080041954	-289.9893096755688	606.36357828537	-1011.6482478898197	1827.5967207153587	72.86751420778299	-1
?	-1	-2859.6328726891893	49.95671313205968	-39.19275983619471	586.0194490532958	-994.6633540613938	1777.036042814952	7177.452255931042	-1
?	134.3528103903789	2673.392054877684	53.716482088232226	266.3577921934994	556.6304105823004	-4246.34774065278	2186.4693335119096	13257.947889848585	-1
?	132.66960274388373	-2707.0562078075873	63.274602741734604	-65.0969732326025	373.7020620206576	560.5448368788664	2439.933437307379	3365.845080231041	11.852427709088278
?	-1	-2673.392054877684	50.46163342660211	-274.22691673485826	584.6576524262437	6100.482762883187	2354.761587523461	-2008.2769383463417	-1
?	-1	0	49.56325690499174	17.897448000819118	678.7262001648159	10318.173807622512	2339.519590390062	40.65247778852623	-1
?	-1	0	51.356505826643065	-113.0563156338705	1100.5663428073674	5074.171208763857	2356.7942114128873	-4708.181743940875	-1
?	-1	3026.5663684922265	43.910441123298234	-93.04592101452035	932.4347606030078	-4914.39507761031	2104.110503193019	-1356.190394565224	-1
?	150.32831842461079	2817.323847602786	46.704209775917064	438.0036499088689	854.8465889268528	-12421.969622841592	2288.9846916846263	7192.170659481224	-1
?	139.86619238013878	-272.7268314834775	65.8106236187416	505.99773219769	311.3362794609305	-9985.582695713069	2463.719036167079	-600.4962486456883	14.270437121417476
?	136.69197685043696	-343.24949886816205	72.00409638580148	-21.209488261240285	355.5674541412011	945.6989408481104	2258.959879252342	-12839.16054018543	17.45548989596021
?	122.70371743673074	-230.88257783198824	64.75014920567959	-250.18876655409971	358.62122650333583	4816.551235277829	1821.76100915781	-4072.177128272757	9.663755176756199
?	125.14784795883759	-327.72928658451434	59.49465805809653	-57.01711241844939	596.3950159050917	8056.945572370156	2055.351022838705	677.5114350420041	-1
?	106.31725310750508	-2522.956959176761	61.89929358475713	114.90600012292971	761.4685051218422	18323.70467823314	1855.63658090991	14475.590585845917	10.36249693260714
?	-1	237.0080039018353	65.239958064243	114.59712392088376	1512.5802498167454	512.074899074159	2779.1305521309982	1883.126483927974	-2.4065145151835177
?	118.1676533025968	2306.008805698578	67.6291497808013	62.44611744708856	787.0722500755501	-17594.41852171049	1949.7929051063084	-24510.31799735215	3.7733991194093757
?	114.30044028492848	-261.6291133984689	68.36226393659742	-97.22881550730654	632.8593237312241	-5649.497070017222	1553.614652263395	-4249.582916762676	6.0577112258901495
?	105.0861976326734	-53.684115096910624	62.76770900543599	-67.91823639622488	504.59739657469	-3903.3003074005796	1737.3137592681753	5182.978282030408	5.98972055182757
?	111.61623453008296	177.3450398702642	64.96635211678618	-31.368143373775265	437.6943083611958	-1419.9274312030484	1812.7635663649146	2370.2077145594144	12.470087095192222
?	113.95344962618658	1138.3883325504141	61.19930183674723	-14.331016972213087	433.6010250145378	1141.1916870616171	1855.8241449961456	2002.1022648182068	11.25362822598938
?	168.53565115760347	1740.5978688086902	64.24980126817553	144.6150102159141	494.75389271427645	-118.38187163959944	1912.8686796058246	5033.251669422461	9.836430333226502
?	200.9833430666208	-281.3639831090886	68.43005234754291	38.16897567101207	427.68193143255786	6016.498895243569	2107.4867284672678	10833.466588026087	11.430210723534687
?	154.4674520021491	-4039.66686133243	66.15825005172613	20.101892143680757	795.5788374764538	6481.250298224753	2454.542009007127	2553.071397174681	4.974664847352774
?	-1	-1147.0308411890733	69.43514695472695	11.41522472591309	751.7444463437944	-3435.6089723768796	2235.1402983260014	-17225.143641050283	3.019185739628975
?	97.11590994269562	1860.4388792704422	66.72901128802178	-147.5197043038346	623.7983888576105	-4621.918941572847	1593.284826954616	-13767.121682609939	2.733453541945244
?	92.02194396352178	134.63112235979386	62.05916173953524	-176.5762814504574	520.6484992651529	-2822.6033151729334	1546.7842141955068	-41.65136992483455	-1
?	103.84746606068529	249.53707252362025	57.90019721549894	49.97180367344601	482.6682230989643	-1939.1265748474905	1591.2022584583742	-1928.7381872099263	-1
?	104.49879758970275	-2096.949321213713	64.55775192320753	-99.39554745394709	423.69217052277867	4305.002472262503	1450.3473048350108	1663.0295274346158	10.309838500096264
?	-1	1517.8352019277984	52.930419842801605	69.56757915491546	697.9183467120887	7569.937265133231	1674.3537348301047	8765.187554635113	-1
?	180.3905576860924	3601.639995549346	68.0361308809533	365.6190167508413	802.1890337794389	-2152.561247003119	1888.606682566765	-1400.931544706264	8.503212975407116
?	179.08199977746668	-610.3315859679502	71.2113706803436	-110.06007534866566	590.2902843619331	-5200.97445331558	1604.3071575947918	-4192.270316227742	11.87113848840047
?	149.873978387695	-1180.1977733893593	62.53312711352003	-113.7205591631739	542.1403111136608	-2997.467667980746	1678.9931667553785	-2587.463109265923	7.465455938755461
?	120.07211110799892	-714.2149722391088	65.52534272218493	70.03941136469462	440.41690096289636	-172.53093827335368	1474.934002131496	-4036.459309433786	5.411116709638926
?	114.16322977573968	250.50280113549863	66.03509768175475	19.460168680495894	533.5137641999932	3345.250739517316	1477.17020128369	1149.9976462356285	10.074670990969093
?	132.5972511647738	-2303.264595514802	66.49835115620972	-233.6832413908162	607.6794379387616	1576.3588590753432	1532.4338844432773	2124.026996070023	7.426040706062388
?	-1	1994.9262577654908	54.35093561221398	6.552415367762615	612.33170715376	-872.5808342153035	1583.3715510871907	4483.641392005346	-1
?	232.343564053048	5616.931186034393	66.82597192459785	85.97828161321716	564.0503962279965	-801.973980543815	1756.6159540435438	3854.503153138512	9.217313734623872
?	279.8465593017187	1280.6770835069142	58.649849692874824	-7.996199292782961	572.2330081265694	-950.8053811230286	1776.0967087441156	5545.729236140289	-1
?	296.3774182283935	-2166.2784203547626	66.4261619599587	21.20276416044057	516.5101271718453	93.0910465470564	2033.9024158505572	-1890.506666390786	12.896643261846894
?	171.53263828398093	-5947.5483645678905	59.70998790089685	33.92006672696437	576.8875604539222	-1584.638279768967	1681.5713754245767	3153.045530613765	-1
?	-1	726.198606295914	68.12216529630692	235.7081735379973	437.2782131833972	-3491.5788955443354	2191.554692381245	7183.429409359572	-1.3982309868054688
?	207.84256859877715	4016.997618478687	71.49539657779688	114.53527590232433	402.30861567670297	-653.5464050376786	2040.7428458925604	-1622.2579983366675	1.8796116549356516
?	199.8498809239372	-2278.439029724522	73.84892909142322	-113.23725818964287	404.6008929315128	891.2929679905618	2110.4417924644104	-1361.797010600684	11.55809331195707
?	93.92061711254945	267.55797720723325	65.83353366831466	-166.37775785424984	446.8732640762317	1421.7638987301657	1972.6529953625252	-8320.994374966995	-1
?	213.22777978429906	2488.658934366536	65.5300411987106	162.73428098766541	475.6890878680221	5259.789535106883	1694.3920737160547	-17584.777853176885	7.570072526146507
?	218.35356383087802	1636.3718717271747	73.97024771769804	4.335011305700728	709.8627408315796	3090.3488746194766	1093.4141027036685	-2132.72254085162	10.734078952913702
?	295.04637337065896	973.1908553385566	65.74679176399565	-248.02731425699722	630.2065315989981	-3747.4640061566756	1587.7559466734722	13241.000638568556	6.237058873276932
?	267.01310659780654	447.34165574189706	61.56888200484801	-190.2744995548555	522.4895405237431	3032.6749777326177	1755.4641346321057	13728.29621271837	9.16814918200939
?	317.4134561577541	1087.1952034439896	56.233066786252735	295.3881415677771	781.8402804856312	-474.30340932492305	2274.1707573094004	-14708.872932679375	14.185108650856497
?	321.3728667700068	-31.138097111929266	76.33828908323707	351.06368258216673	498.77437005749664	-4698.18053813617	1020.0204879981266	-3501.308308060748	11.973293131114156
?	315.85655130215764	-6447.457335400044	73.78625091536132	-32.68615943339608	546.9312535788193	6315.452967791549	2099.1053419063605	27350.386517201117	3.7221908184093464
?	-1	-6337.131026043063	74.70398111156725	-8.86002494282552	814.5470184470786	3351.34756318105	2387.539813858202	3234.8847941801428	-3.9313090607873358
?	-1	6902.896859446383	73.34324966822004	-77.70835301052986	714.4986317378742	-7874.043839386189	2260.84958161537	-1042.8945314336795	-0.3594441097402383
?	344.14484297232406	8096.916129661596	70.8185634610407	48.40035152634487	420.84482647776355	-6161.760119371803	2335.395087286517	-2007.9919205973044	8.10311259388146
?	403.84580648308554	6.372102796237778	75.76326724453732	-148.19682273006367	406.4106257692797	-1061.065156274693	2160.4499855855033	-6146.606843994354	20.07607899769093
?	344.46344811213595	-3169.740210600761	63.40872232453741	-50.549957462528845	367.79156866402815	399.90117768155187	2028.064745086795	-17471.710800435852	10.855460192541859
?	245.35879595304522	-2375.4102957305386	73.23576937141084	104.06854515615629	426.4056846533576	3141.046145524833	1286.8644455636984	-11571.991198932496	11.776918408228966
?	225.69293332560733	-4927.1759190608345	68.6121495823453	-335.9772788493752	524.843875940272	5052.5963327823065	1449.465185140162	6375.067280389844	17.15210076421466
?	-1	2454.728815979221	56.43690542894184	-129.81331576773854	679.0355012924765	4504.8964475311595	1605.6178095831951	5705.701252199438	-1
?	348.42937412457013	7090.518967232333	62.12148379395828	274.32054276289995	750.0886983168332	-1392.7913864732825	1734.750247750138	-8125.989992943308	3.8808992216952816
?	353.5259483616217	-1227.1281099340463	70.15293256708704	157.893335241063	609.3959319688114	-6997.438736836213	1199.318309936024	-2259.071722135445	7.604588578082942
?	287.07296862786694	-4358.7195658306955	70.01615055601154	34.878529519777786	400.21676147501756	148.57069741777667	1621.7966616433641	15241.331863340816	1.6444246561163895
?	135.58997007008387	-3048.2670341496373	71.89685904307595	-92.54332344481422	616.8244668397003	3496.721340167027	1961.3849031030757	7320.881255360015	9.055802887630827
?	134.65961692038292	130.54299289599712	65.38898438377076	-97.7569911913304	575.0528284833714	-2527.0787314522267	1987.84072441137	986.7983085189686	12.647088418031831
?	142.1171197148838	-2713.19233840762	67.00900948350936	81.38169768521975	490.4705302670872	-34.7399093415033	2010.7248185290248	-2355.674167570999	6.958366869358528
?	-1	-2862.3423942976356	69.4580692680318	56.939033529933496	573.3158330162962	5714.70585331056	1870.0570160328184	1318.2029647385975	0.9920365004640812
?	-1	9654.074141214232	69.85596116000608	67.53959820595571	776.2058229326193	-342.46814221348325	2076.6349667659556	1645.685585974201	-1.362978098452092
?	481.7037070607185	4687.205929862872	72.83504917832964	3.616942640988958	556.1924259056218	-6156.684450012521	1952.3412953315296	-2537.8762517513683	2.859162251822663
?	233.36029649314693	-6755.384425029753	70.03680829205553	-68.8340736556414	468.3716004319889	-2671.720374451074	1949.7411541783854	-74.11728301485604	6.311793751281351
?	143.934485809226	-1663.1026985917672	69.39334549554752	-100.4676076988369	422.6064071830662	1626.2331150129075	1948.6354311807868	-2004.409235416955	8.05786140608268
?	150.2051615635574	73.90642180386246	65.01342790711361	-95.8045709754416	549.6832561826354	5263.981132357259	1849.5206924075362	1607.7406786102938	5.611121565384165
?	147.62980689941918	-3024.103231271105	64.60311694677537	28.292758848491697	685.8054638009329	7301.5473120611305	2029.0224651113026	8138.699129936311	3.185485072884324
?	-1	-2972.5961379883415	66.42806584953821	15.376610396872715	914.7606217856971	13215.757405247161	2256.4556489043575	10130.025540271137	3.224026370769137
?	-1	3574.8401182151406	65.37194746661902	-66.48470089035476	1346.5933340633003	4763.624666249958	2535.5237421248667	4430.406288168343	2.8729386376771653
?	177.74200591075956	3640.6727969267104	63.10383080502043	32.915265786618974	1152.9418550981984	-19514.95709526576	2477.975963312778	-9595.882964494167	7.5556492146840455
?	181.0336398463381	1220.498130939392	67.01771075594999	152.03706252669517	370.84547929999843	-13635.255284987148	2055.7295939001515	-11489.614162950857	11.64119539792413
?	238.76691245773003	2518.8901014036005	70.7056839313553	195.81568989605194	471.17909084883127	4787.5775557496	1903.4952551652268	-7598.016195579981	8.524425264209528
?	306.9781449165199	1436.8693132179317	76.80849525075273	-207.58198194159507	610.2243570874819	2642.340973332751	1675.828784121147	-4843.724542673766	9.423353389424818
?	310.61037811862764	-2815.7724066370656	60.326584834275394	-284.81804269298857	603.2961395154707	-2834.094059814415	1661.309028031535	996.2261548493001	-1
?	166.18952458466464	-3428.8589692215496	62.5675931161031	274.2559686716135	468.5196540967591	-4311.211475044171	1725.6400918636127	2991.957624462037	15.154314352177106
?	139.16742965754773	-469.8662563192427	74.03938326785627	220.82516969696286	387.7355657632591	6695.744704517026	1810.906909254639	4627.884455145143	10.020115450291497
?	142.69621176870217	-2803.348593150915	73.6088516009514	-77.0323242182494	803.3068893226151	11468.262315827551	1957.0343146208731	-829.365467913105	-0.24163249023576996
?	-1	-2873.9242353740024	70.18776705694374	-104.37539697516479	961.1486815546448	5911.390917698	1769.4386358589832	791.3679429975606	-0.4595135828800908
?	-1	3994.528329926022	68.39008175219308	-44.355649963212265	1098.8764352075193	-1666.7332376683012	1996.6027117707517	7316.651343362097	0.8331168839755944
?	198.72641649630393	3843.1135931884487	67.9699845587831	125.63375401871147	877.8120196712285	-13240.628666630873	2135.271203027093	-327.7898326248031	-1.1560900562270595
?	191.15567965942518	-442.1320618237274	74.67176945312875	108.33146378880645	436.8450018759662	-9001.019338368145	1980.2132201395113	-4519.185090197265	6.750364198742946
?	176.61981340511724	-3843.1135931884487	73.3865577482235	-155.05330316530012	427.76105275281486	6992.711938908326	1909.3119485172267	5523.834839717073	4.8165090156957735
?	-1	-599.9312900939947	66.91910429486363	-100.08787723156246	786.4805988213875	9235.743194300367	2256.404962125369	6306.30749364103	0.36238700091950293
?	146.62324890041708	2461.3144120386723	68.3821638866453	84.21231375796731	889.5482124678398	-7297.834285539946	2224.6273231992827	-10750.187119846934	6.8567695122791275
?	122.06572060193537	-860.4856932491026	71.12971998276206	-192.90769531362156	421.588884544385	-8784.770474914134	1718.8956061330146	-8748.657884148368	6.008852965403145
?	103.59896423796134	49.45618006691192	58.73677912096409	-185.31903471427447	450.30968872212685	312.71348456787234	1787.194428991858	-1647.6715322227385	-1
?	124.538529605281	428.5158632248978	61.8637682470482	266.2395061247513	437.22455877277883	-1496.0811734952918	1636.5120295218765	-345.08029579907964	5.365161260260466
?	125.02475739920654	-32.529462210818956	72.04875442720184	152.8795340426306	375.5056300473612	-2010.597810726499	1769.9404142019039	4218.801633571838	14.11361479165995
?	122.91205649474003	-33.579423546585	69.50774494917984	-80.09585161918068	336.69466823645246	-1619.4407757728502	1847.4521112004713	3773.0675846816903	15.349138672676537
?	123.34578622187726	71.75421537428645	68.04396184624275	31.893454897870697	294.53359125871754	-890.9891352172393	1958.593793435991	6298.755712633312	11.684621287010524
?	126.4997672634544	-17.199395654377877	71.1024176940734	-12.88683998934498	292.14521147558986	188.96100898582023	2162.3898968321414	6459.310069134875	15.909025758811799
?	122.48581643915836	371.8769249339736	67.3996198467755	21.58613078231864	303.9816417080087	1350.4503846524508	2281.5592968927394	264.11028306910873	13.640417375334266
?	145.09361351015335	1027.5750714444691	72.18172423318934	104.65472189109612	359.66773070821336	3565.344196804104	2175.595410985597	-9911.79974441573	11.482648351951669
?	173.86457001138254	509.36686988286414	72.63235594133037	-132.4177200071706	482.2488515482164	2945.5036727573374	1785.969309671946	-12620.664277835951	10.837939393001886
?	170.56195700429691	-985.0064357189807	65.56083823283072	-225.6009395045843	506.9429143460823	-1621.136902982323	1544.5621970937905	-3150.8019222663333	13.935317797572148
?	124.6142482254328	-1204.579057209714	61.352308966101	25.139281323836467	401.1920063990991	-3692.6481858594525	1628.429213558627	3065.4015561539536	-1
?	110.33300414381036	-283.2086636589241	66.81780229902256	158.3973339505572	322.3105050531071	-1163.7868673631162	1697.8322749014903	602.193046920998	10.800207956190954
?	110.4538150424864	187.57388753289422	69.27217566362897	3.9005003026834983	343.0026630309425	-686.5644563548578	1658.5388659046773	-1272.2582502847945	15.531165153467175
?	119.7116985204552	155.03446279271463	67.01282731415674	37.69608053511579	287.9822822353637	439.99068096834037	1634.2193623872497	-4736.970379543537	14.669953510410403
?	118.20553818212224	-389.14594974606973	71.15697969038479	-22.012237105696755	365.0021970793598	1344.457529422307	1421.690346927497	-5744.595686789944	14.606121820114073
?	100.25440103315144	-133.6787123708559	65.91221545887188	-154.40792212032216	355.20515870648	2353.986816138883	1346.9895780477484	6700.30434609931	12.610571492213763
?	111.52160256357935	222.77085271366641	63.43658358436857	161.3813676123115	482.70153788630563	1668.6482593862652	1756.7055642324674	3299.2008894439537	2.609419673704041
?	111.39294366883492	11.301498210684553	73.98128383948757	47.11391905430848	438.63757167579445	-2146.558119728833	1511.9496225199484	-2417.340936118896	16.31503132866967
?	112.08667747411359	-27.253817313023102	65.79227953708403	-109.07114489243371	375.37363189986246	-473.2030692547381	1635.8385174265209	6324.079990954284	11.278618843698304
?	110.03025280318374	-33.457983938023496	68.52772659486581	-58.17859079753947	414.9774182130572	1288.6043055001185	1828.1536220676671	63.158648696907235	16.07531245203719
?	110.41377827721239	425.9945470705659	62.88334999720701	1.740036792663464	439.8038471748693	630.150594293798	1638.9964498613663	-6205.226704193536	10.778334718444984
?	131.32998015671234	575.2053174016846	68.61472843449899	-36.089895720897175	446.48494792774756	-51.24463421002061	1517.892286857986	2037.4017884769257	10.76068323804083
?	139.17404414729702	1678.013520044376	61.07885521116213	-106.88997924935795	437.24161546436824	2278.1721506790295	1740.866539285214	10913.432472631352	9.929245493621373
?	215.23065615893233	1439.1717601836524	63.27022947203101	56.30810210232814	560.3935554617007	1859.5752764147696	2063.5639104895613	-2221.97566486208	8.807157609688218
?	211.13263215648067	-334.8433355575859	63.894260316278576	-77.71641040720257	530.220379285108	-3837.8935279825146	1629.7677560421084	-10727.344037821296	11.858283371929343
?	198.4884893810528	-881.554933812294	59.38440895167083	191.10109316552735	368.4988790625722	-3501.3608232405913	1527.1967085984888	6206.773371233156	-1
?	167.05488546586534	-390.5724657981888	73.44931497455508	224.18795185803484	355.152338123076	1455.818191673246	1940.1064246037706	12120.187642846067	8.912494628501372
?	178.95986609114308	192.10326144251792	70.59380654457273	-260.22864913505003	441.28978864623554	1683.280871377218	2133.206090740801	4022.082283695292	9.208789981572396
?	176.66004853799137	-3599.1973218228104	60.43788251780239	-323.7602019857584	439.3163816919381	454.15766233048123	2141.210538788538	-1377.7031334027638	-1
?	-1	-3553.2009707597767	54.40579644528458	-185.40348128956757	463.9976717627599	74.72851266369169	2064.3209340706617	-429.7431259147318	-1
?	-1	0	51.16770845332388	-152.77863638461267	443.0528073251227	388.384505779742	2119.723382492801	-1585.0916960893167	-1
?	-1	0	46.76686462605384	-90.27190731766552	483.4168970517473	3158.9721676325685	1985.0663492661947	-4517.513583498279	-1
?	-1	0	46.65411308744054	29.99723254246163	601.0014157067534	3603.8051811867717	1893.847703317884	-2170.159962695371	-1
?	-1	0	48.26672625317694	73.65558035850918	663.6071561110884	41.275113249254765	1876.5583511314246	-307.214023458546	-1
?	-1	0	50.336892105366054	45.71372503780132	603.0651713692162	-117.53713546422492	1878.4870021449565	568.2317619954403	-1
?	-1	0	50.55241250506704	-54.057237511026074	657.7302993378771	2759.8178863400785	1904.969939231197	1789.8385127349702	-1
?	-1	0	47.63403022981471	-68.49916048395915	741.056065686222	2868.377895796027	1967.9789277817063	-1685.5715185611177	-1
?	-1	2989.359265525945	47.127454480869034	335.51122538671314	801.1491941276805	-1324.1766077006712	1820.69136330314	1315.0183725968686	-1
?	148.46796327629937	2831.4562200155488	64.40959149915061	590.7430901844127	674.8472353011875	-8669.507930676175	2033.7298464115506	-2437.5671732988094	9.248696567054164
?	140.57281100077944	1637.453268761143	76.66460899009009	290.921984955081	367.67379759386563	-6498.090560356887	1698.8130046381978	-9457.303301319096	11.906756299639772
?	230.34062671435768	5396.230470842595	78.95569074690486	160.10004163714683	349.94270728333856	979.0495753183322	1560.8646813455891	7780.619307243963	4.97341735704228
?	410.38433454291305	3706.2513717287734	84.66961107194754	-13.020015120084835	416.62627635978293	1470.0648996333207	2087.8439700004014	7643.955098061525	10.444360925312079
?	415.653195300799	-2271.022593947252	78.30468999090061	-123.42783032252153	423.44595226500564	444.05094902954426	1943.0624362486708	-2350.864595741003	11.251689705812174
?	296.83320484554883	-5476.629733059361	78.49821955582138	3.5010639983971217	438.82882381126046	1610.0684835591321	1970.3007402133496	-4265.2344235503715	6.321536571588771
?	141.82170864782705	-3229.687029367648	78.47974319082047	-132.78736278997525	503.9493764429634	-121.69631260115065	1729.8007150711492	-5331.730237987806	5.697306898470318
?	135.34885337716415	-397.52263030467594	71.85885141632252	-81.77905794731001	432.74400818120284	-823.2780602612021	1703.7142283139556	2882.107991210255	2.488290364679262
?	121.94557713259297	-485.9324616284513	74.39079029345491	59.97386670255594	462.7854734299027	280.8424487224903	1873.906114631664	6454.381619169734	9.919724455652608
?	111.05223029574124	-2458.9115426518247	74.85754475145036	100.61980807719691	446.78613061732756	1250.834301811456	2026.4333092724469	-228.7329781628536	3.9123575169248057
?	-1	907.7224479078398	79.42178069731483	41.55170562600316	525.3271885204764	121.87018058937096	1862.4694657235211	-6703.028048921674	1.3032704005796423
?	156.43835269113387	3205.9251249093263	76.93513003275055	-27.824894315288763	452.8796396467962	1754.0422172603076	1691.2819068263584	1650.3730497909776	3.6385533531581387
?	159.29625624546858	1025.1575065938416	78.03053598155037	-15.680692972460752	613.029299383493	508.4294152590572	1944.9881182130712	1537.0840090565353	8.175434451676248
?	207.69622802082668	1655.7726610489515	76.1510953841275	-55.670934655164565	478.3011104097494	-746.1927600902512	1768.1361072791863	-4919.333602177551	7.486270153071084
?	242.08488929791733	2193.4600232929815	75.2469892487921	79.20924917528653	575.7196613789799	1739.0627831018971	1699.02143810419	3534.0537829452933	10.285140099878568
?	317.3692291854773	1368.54192818552	80.11155784289188	-61.27023233277922	565.2542495648455	782.6155993817113	1944.8387964264534	4601.486518199925	8.624172519086665
?	310.5119857071943	-67.70572483763334	72.1834776321531	-332.68080294166606	614.850441348066	977.932908530963	1929.0957640141896	1798.5678106278256	7.918578140306828
?	313.9839429435956	-992.5320673923313	63.477517695808345	68.19773500462748	614.1508949913944	-5605.811809238238	2034.767186957846	1821.120994184204	-0.2979817714703552
?	260.885382337577	-1339.837461639411	75.59336438238452	233.41477768466413	334.5598508861502	-3617.435052607304	2020.1518137234011	-1326.5473276101868	10.53025206008545
?	246.9920698616241	-528.226576188457	75.14825658004172	31.49357903620325	433.2791423610266	4752.221153476637	1968.4398205773357	-7110.90600620153	13.019720053203258
?	234.4740535281538	-410.0474028555082	77.1680433341947	27.896122001703702	572.1709085599854	7050.845403887816	1664.6065134133196	-11476.150970356653	9.971418044830507
?	226.48969971884839	-484.8108354058916	76.54306268012692	-104.6337774490177	785.8214125554224	2309.2107338044675	1394.6322720594949	-5670.699022259329	9.963920538558098
?	210.23351175785888	-299.6495162006764	71.93635446174375	19.37749310728038	687.6314452502104	-3859.2617590085633	1381.0715623003491	-1541.1045923950733	0.5470899334485091
?	211.50722390881435	601.2875823128087	77.51193733549096	78.46459761417864	592.8583246049915	-2482.5499730760553	1317.5770424397401	6653.687788355834	3.8235564195703646
?	240.29789087349974	925.4043828899141	75.85958434245274	-69.23858879484486	563.5039465964059	-3483.5664153009548	1713.7559517181455	5852.319309337903	7.213116049250788
?	257.7774430533107	586.8547201564828	74.05000789574866	18.167768878774975	418.68000383994126	-4525.73556566313	1610.1930079066394	13884.610870257791	13.144943610705496
?	269.6406268813243	-297.61828350004214	76.7679727863915	18.9139789519581	337.21716831324613	-740.5858196509493	2407.986495231045	11751.23654216167	15.29628586958402
?	242.8965288783084	15.583933178325884	74.99570684334658	15.655102281034834	381.6507128573933	3075.893542496797	2197.7548350147313	-11388.080811371066	6.393640762162802
?	270.4198235402406	528.973314647232	77.55072790044325	8.643233772127863	491.0118454380882	5210.44081234519	1838.5824546624835	-11196.539918244598	7.098842979848099
?	269.3451946106704	-120.77263186196829	75.42786853195298	-154.53477209356046	642.1727534746565	3962.562295181362	1637.9278391024934	-4096.02797411822	9.87390496807889
?	264.3811919471421	-5406.90389221333	69.82398929576512	-135.61861501637458	689.1399601971591	9680.34069904991	1633.7810559565696	13583.14042536542	3.9963859037823313
?	-1	2877.899774987445	68.64693778113416	27.444222961550686	1126.1897884271589	5176.697716477105	2317.084860370774	13128.229246222749	-1.0777065874855336
?	408.2761806965164	8309.107345306082	71.19620044384267	124.326313346946	947.974846021018	-9116.971209948852	2290.1925182677164	-7300.12962803674	6.925836619130408
?	414.45536726531003	17.897731322778753	74.86325344848154	75.00305544894879	670.3412279297098	-7404.378145457233	1952.078378968932	-24135.313207288702	17.634204218420447
?	409.17106726265536	-775.1407633274213	74.94635321629016	-20.485754352671954	577.7559387481512	-493.4675114591185	1083.4268579032641	5803.342217292879	18.003374103027625
?	375.6983290989384	-8203.421345252991	73.83896573084793	-28.517763129438997	645.6678523567535	3587.213558949924	2242.24548983358	23316.181043528562	6.784954255319978
?	-1	-2602.3133709990343	73.52046505981819	-26.986309704246494	757.1166166956499	-996.2667297501338	2249.235910079709	-5596.157602401479	1.0418142227579303
?	245.58266054898485	4532.429876083902	72.48965024563559	-135.67085428658464	595.8545158692461	-5795.725317085173	1962.437609713502	-3277.3829035736608	4.917640189199465
?	225.62149380419834	-4931.653210979627	66.73692234548886	-223.78183202930452	467.33035084138714	-255.8864047897041	2085.3667649010235	-154.85420002519967	3.76567492947719
?	-1	428.69950166138796	61.3005586441702	169.67237099289648	583.0601956297608	2492.5602907429707	1954.694899712242	-13724.982236794085	-1
?	247.05646888726804	4954.569585646594	75.22054089513381	333.97018875968394	591.9583653785375	-1296.2888085307848	1399.1176530613095	-2078.608547800361	10.562183263685942
?	246.72847928233318	-98.26631514892969	77.99906808215464	-186.5978812274948	518.2457552032206	-1240.7600110511435	1850.7644723222224	15190.336947563936	21.239498239708816
?	242.14315312982148	-9.644170701483153	65.89064683375894	-312.3515089356483	529.9203648259794	1276.4008594228926	2158.634500439517	442.48771805526127	9.145901461071098
?	246.24627074725902	-524.7935690989032	62.381492635372	19.0067225674443	582.0657981743661	2005.9048369116147	1872.8888582249858	-11815.59940576433	-1
?	215.90347467487595	-536.7124688287706	66.84098296213116	284.04743609422604	630.2156066715616	1287.2483572386932	1567.8545301512922	-4706.1915294625	7.710746900080879
?	219.4106473058201	-316.2835777113111	76.5838644400835	132.72901620786325	646.4282160363017	-1107.0230838091995	1637.5792817518575	146.12250495707278	14.007040930163276
?	200.08929578931017	-826.1487042379283	73.47743377252442	-20.784157503290704	574.8644524811008	-3797.3691839666712	1575.160655399146	-4412.315490577053	2.4667710851364157
?	178.1032120939231	-249.01047383581542	75.54465656491895	85.83775796714824	456.55975683796544	-2503.3952953315597	1416.9635072230017	-1027.8659861007181	10.45934697529501
?	187.63877209751922	-1053.644861132937	77.7693216708819	37.13839663783976	449.694687714521	-537.856113030662	1523.7673560941093	8908.00856646904	10.369948762128441
?	125.42096903727551	-1909.6092930158816	77.40157639681097	-118.27723075136421	429.66695118643196	-1080.7070683983948	1862.36393554646	9731.963782527462	7.243909106204074
?	92.15830744672378	567.974214123489	71.8554601333136	-17.998757431055623	395.6593342946005	-6.712394355812326	2010.3655452204894	958.3592083558506	8.10789210522948
?	153.81967974345037	1646.7525282732586	76.50163852525817	107.6134089952622	429.33133146864134	705.4519195435071	1910.2818959642532	-1133.8069556750836	5.277252250103638
?	174.49593386038788	2980.896071219532	77.23613058307679	31.32432188538827	430.93193027177637	-1024.0759248704446	1953.6751974367344	2403.0210762782076	5.530336245011485
?	302.8644833044291	2992.5443491191613	78.06785461952761	-96.84886092300506	378.1275352251184	2497.6967974020586	2030.4329497781653	6776.624230385281	4.626613958734663
?	324.12315131634807	830.4969570236592	72.39368753692646	-98.58821017280322	555.8167701418811	5608.750270986469	2292.5064089560033	7853.417768140864	4.833784244249026
?	344.38933115561264	-311.28603002041484	73.13844411088738	-26.660596378630903	658.5650487744458	-1317.3400696930748	2423.103838185214	-1115.4334930492428	7.702120631776258
?	308.5588498153271	-464.15302042521625	71.0606577179949	62.80608010274871	489.9497666572264	-4612.609210186872	2236.7347343035403	-13026.331707917217	5.29554933064045
?	321.1816801343515	-269.1829176502957	76.27874811602486	50.685841249760266	427.93458826509897	1212.610390449539	1771.787252789344	-3830.420676582048	15.42435559714556
?	295.09970393281213	-294.3228063989833	73.59494978048295	-61.8408664914389	550.5802861797042	-1484.989848213309	2045.2137004744352	3594.256334202554	10.378852877477184
?	306.4655398144021	-27.841008271654633	73.18670479145287	25.668761939940826	353.68509585443246	-897.1618254067389	1951.5000694994742	-1707.3231027951745	3.294909775974353
?	293.7076535192294	-905.7965171282907	74.87838787748001	-75.85863165002286	505.72219490936664	2197.3772713543035	1959.8475453346753	1259.1331242061963	10.994874890533186
?	261.17571395798694	-1179.87540113945	69.39377320895167	-112.95222024789932	463.5539594221492	1072.7300443393058	2014.456725709785	-1233.795254252196	2.681653779000435
?	234.71388346225604	-429.4649205252866	69.23077686508496	10.49013781665493	559.3586971263327	5442.582040820539	1898.1577826220646	-10250.83318719809	3.936862523455351
?	239.7024679317223	-1076.8160167877966	69.91828009978443	23.29427106317321	735.68306146318	1161.2244505349502	1501.915066349873	-4312.379601087126	6.081609316715884
?	180.87308262286544	-3287.3901498623677	70.39549041824364	-55.34003187404529	617.419919653081	-6514.542983485168	1682.5388025677053	3077.5010658207675	3.0896835336018413
?	75.33296043860159	1686.3413931348628	67.15127850608212	-0.45508509163823224	409.955912288917	-2379.14090435216	1655.7901196409136	6245.469478877032	4.2850955532253225
?	265.1901522796098	3248.817058917281	70.37273616366173	69.57123046493095	498.46287443547135	415.64753048687953	1994.8122765115613	2978.4262547497733	4.299378176909206
?	237.77381338446796	-436.00426223957646	70.62984002932872	-34.448883603268506	430.73828881326125	-122.5279233269617	1804.7114323784044	-1109.5738412506014	6.732688713133726
?	243.38993916763064	601.0563937638426	68.65029198349828	-17.55424890023054	492.3364782691232	3166.5001629765466	1939.3335844490305	-4802.607399564963	3.0038237213398338
?	267.8266330726605	98.71592191953	69.75212758431718	-108.91805563639069	589.0632969620908	332.8281119077449	1564.5810624001529	-8142.883828996117	5.548720044706192
?	248.3257352636072	-526.7665772916898	63.204389201678666	-118.04206591985735	508.97788386451066	-1511.5608439954021	1532.1893929992189	4594.052659298416	-1
?	241.48830420807565	-910.3987351900163	63.85002428832423	98.71322917698404	513.4852547623196	1939.1064368054986	1794.283695365077	6333.807948462575	12.845442653201214
?	202.80579850410737	-1945.952527133871	68.14005066052776	122.13700776670333	605.9332057047835	-1600.253899929421	1848.8797904223409	975.099962609838	7.24542908098585
?	144.1906778513807	-943.8361221150066	69.95687467665948	114.72949001096204	433.47255976584745	-4126.077114367548	1843.0386934955695	1411.516953500839	4.785640733602135
?	155.61399239835637	340.60995917122597	73.87652516107595	125.0827256627445	399.62934998640316	-99.88125295187359	1919.4556380973838	3054.6699512576174	6.991498064680866
?	161.22117580994225	-150.64455348780896	76.2110109597968	9.49503326288508	428.4784971182537	386.469103867279	1995.7721910584526	867.4632303902731	16.265855312884774
?	148.08176472396582	-561.2284045143292	74.35127682422021	-1.6391669087786676	418.9528051797674	-415.5530803230122	1962.828799616898	-1306.011152522296	7.329365805185025
?	133.1597555842254	-266.74852892683776	76.12905261435786	-141.7998103283264	407.7008431021028	41.53802690031225	1930.4716334323368	-1062.5036140634834	9.822275056995258
?	134.74433827762374	-41.174937812314724	67.26128630780379	-226.85604134520523	421.029706524783	1044.8792735252857	1909.7036189137232	-1454.8342778811523	5.926246725183702
?	131.10100869360963	-174.64921656955178	64.78625054709744	-155.47464245935592	459.9448067783678	868.9888265505409	1857.7299195382782	-765.3213719906471	-1
?	126.01187744914603	-2642.020173872155	59.48755418483588	-166.3060103171984	464.4791478523107	1789.0756428674827	1871.4375503141903	-1934.7321167152948	-1
?	-1	2075.2533591602787	56.4709500312374	134.75650273731384	549.3985889217432	89.03387605428848	1760.993313702512	-8009.852145185732	-1
?	229.77454540716144	3837.089062000407	66.22537932170167	206.88871685380667	468.9308416550252	220.03098565248962	1470.944943054898	-12992.462403026504	11.95266520730742
?	190.85445310002308	-1619.2529045116455	66.81538587392788	73.9793605679055	560.4001382043679	5006.780176852874	1111.3701935511776	4751.132589996497	1.421567418670368
?	148.811900181578	-1042.5736077867934	69.924347350097	9.38726353338084	719.2698504976725	4270.5406745653845	1708.5015725547262	14505.818045575874	10.090462780446558
?	138.72577271068266	853.5975160872616	67.28474905059693	-12.460168981049371	773.9271719326401	-1326.6576157261436	1836.6610958299816	-3974.2408704859445	7.2077075798365815
?	191.4917759859417	1240.0735502856758	69.30133890104452	183.2841410287582	652.9369697113643	-1786.4057598740483	1509.7895290304261	-620.6603263171476	5.862994739824265
?	200.72945022496734	683.650055651508	76.44895610203497	-1.4852312637500875	684.6068839389365	1845.2543779397581	1805.6280795141238	5707.581437406976	1.0247493800888603
?	225.67427876851758	348.0320970718505	69.22707733785701	-109.06995183085444	745.1996886083535	-6714.2712130571135	1795.168600900779	1210.6750476449552	-3.99072831153123
?	218.1310550785601	-572.32580971305	70.99545851049217	-95.24205885658155	348.893323286076	-4777.536578981123	1866.1618318963724	2231.723708420109	8.211123893030058
?	197.05798828286467	-456.92562503372903	64.46497439502787	-206.47058949101995	506.322859659294	8085.396289554946	1906.754786321786	638.0741580932317	8.228946776353524
?	195.28477382687333	-3961.159765657237	60.67192903594103	117.57686056310322	753.163137763829	20521.977605469914	1898.0655398010344	14374.52340195761	1.7573004388147038
?	-1	-3925.6954765374107	70.34381742318311	188.59633395348683	1532.4217399328043	16449.978384781567	2625.4809564196767	15673.123753477917	0.8553456099944915
?	-1	0	70.1017457336155	4.846349402782481	1575.662057002919	2181.8160295817424	2681.7217274749414	2380.7015715271637	1.6216716768128088
?	-1	0	70.58613489332224	-60.944183312502375	1641.512541411893	675.7109355320558	2744.5160349960365	1785.4232047647583	3.4781110116427634
?	-1	4213.26536436547	67.05453656799034	4.22316282498991	1609.4476037795223	-21205.90393243511	2770.9928877131806	-21575.237170748285	2.5056455587628266
?	209.66326821827653	4034.2240977327974	70.79729303457174	64.34201925704736	581.2173447901222	-21130.616392613265	1665.754176458607	-32426.45767570487	10.688450114729443
?	200.71120488664275	-476.9213543493067	70.27163753084275	42.6980895832261	552.9167841488442	-3256.297109810313	1149.670003927914	-13238.495310697921	11.45041559924513
?	185.81720050081086	-648.2518994386202	72.93219751373307	-9.517793463995908	418.4024892996042	-3734.748850946035	1003.8294109237015	-2005.3991659040128	12.449949852003959
?	168.29860991471128	-126.19369928109896	69.79574785764295	-233.8279007852308	366.17934160153976	1838.3675451252452	1049.400045632712	6137.1718791425965	7.835482945913621
?	179.50751553675582	-3385.9721982941774	61.240802474471366	-275.283514924329	510.3208665558678	4701.988204493614	1310.6880048808357	12490.113997351	-1
?	-1	-646.195163329745	56.03157211142631	38.89302670916352	601.2787518262238	2550.489734313036	1673.9057455002708	-1962.0728300803596	-1
?	147.1977573702681	2823.005103106055	63.18545380992957	166.03542972542306	637.8453532715214	1798.9387706166935	1212.5843633768163	3529.9253259930356	0.7543187547057879
?	140.15025515530473	-237.27872924514887	64.33334359769758	-114.95089421076123	691.2256903570598	2527.7902689360126	1850.402011799925	21857.61939880228	8.970420851077469
?	135.3338209080105	878.4629961728842	57.437909099391426	-124.02557900265472	764.2348667183238	5775.223648482676	2305.465333316946	13107.210829158275	-1
?	184.07340496394957	699.8056586836763	58.132064647564754	224.77648004834046	979.9868727811977	-8595.126869063874	2505.762553257848	-3451.563710547285	-1
?	170.3241038421948	-456.73861648839625	68.67673310180861	14.537023905133786	334.478523265124	-11836.005149940189	2132.887147789579	-5970.704866217299	13.551886360612821
?	161.23647413952943	-3426.482076843847	58.85891584282145	-181.83420777571567	388.1866152841798	19771.659016128575	2207.227309946979	7122.181585134839	-1
?	-1	-3244.7294827905425	59.585022713022695	113.10562293888093	1323.0614740715669	22389.6881943106	2488.996227046326	8559.46986786104	-1
?	-1	0	64.51419698976558	37.56435159520752	1507.6710249997257	-4938.280787323882	2635.200803340037	-3937.760501944402	-1
?	-1	3021.297897913973	61.4632402927831	2.782211303588969	1076.1474347053693	-21546.434982075356	2292.108201949103	-28610.72716329159	-1
?	150.0648948957008	2663.0407646228714	64.65330755494503	119.16919659750137	430.3492758959426	-13615.525875149773	1204.664445175437	-26648.43539886003	13.76646954603533
?	132.15203823114547	-784.8878302058874	67.42170012265825	17.880556697334413	395.3711409478709	-1376.4500089680937	959.6864320060826	-1606.261358069387	11.98660932765781
?	110.82050338540587	-555.2030918354652	65.54733538981176	-30.938101281511607	361.5267754475369	388.46165598452234	1124.3513772719666	9158.802927151868	8.230096744916915
?	104.39188363937181	-261.579394231627	65.87479505858265	-21.818252413027015	414.7942237470973	1116.777061461513	1417.6265783636825	6557.321423002007	7.926117564114446
?	97.74153367382434	-2107.8376727874065	64.4564227691604	-224.21216072450343	417.36562852061337	-256.57701776495605	1452.2174484220716	2756.8107059268114	9.702056677715873
?	-1	-1974.8306734764587	54.66418702235732	-320.9169985495474	401.9653728588493	2897.5200107250735	1555.467113660025	5561.4182250556205	-1
?	-1	3652.3683359595293	48.4105728416828	170.42161340866798	562.2416290568691	10913.183069447563	1730.2883596748566	11155.810662674581	-1
?	181.61841679797905	3650.39411368186	63.18526769279084	423.1359596222576	947.6245263312352	-1174.5461770208708	2113.257646793762	1684.4664771009082	1.7491705142469407
?	181.51970568409558	25.91403458611714	69.56737082279598	220.9224640453111	503.51432020582473	-5560.584090827668	1814.5116835299032	-13140.55507541498	10.432625001220368
?	182.91411852728493	-337.0654849781281	74.23139089505655	9.316663898824666	669.5953217898478	1815.8493339499732	1456.2298930230036	-7213.148829516214	13.372465279012493
?	164.66643143518894	-708.8315277764299	70.03320401773722	-268.23744457988965	594.3067869033247	-1292.2016614316633	1453.8542420540873	-243.02045381880924	4.884281957118914
?	147.47254213846293	-656.7470547075548	60.819518666061875	-171.84239145681656	604.9852387182638	-457.6338859954334	1444.078870332063	-988.7791374269814	-1
?	131.82907869981074	-437.4677763714508	61.44108444489627	-3.1365766163615216	571.4250926035527	-1716.9571100888522	1404.4152851827375	-541.7485299119985	-1
?	125.59915331989008	-33.87230915227073	60.662689835243796	106.57376362630065	519.1373832138199	-2033.3270864784442	1416.9914438364626	4559.7901944690775	-1
?	130.13546324219718	-154.68633167578	66.76977262621138	85.09395312596318	469.75873827962903	32302.306854453454	1632.4047949061946	25598.068125466416	10.663724477576341
?	117.86483673610097	109.32094985194185	64.91738749154202	26.305485578993935	2134.2527259365156	6351.259166402243	2696.8948501098016	12899.459670745944	2.919800549603565
?	135.60151073479435	332.6170772112989	68.0850469051611	108.78373551591055	787.3216965997457	-34713.12464885403	2277.377778443501	-16681.41020428617	10.703288633473187
?	134.49569059666615	-19.72762661287931	70.35657426733762	-56.42046132109021	398.59649349378975	-7238.129615736447	1862.8243398954812	-8969.387330914169	14.032776987153946
?	134.61512940415037	-17.027321159999687	65.26402383910654	27.705307101906445	425.4152158129182	13657.051317571924	1828.9084118977862	7559.363200173754	5.462390011989302
?	133.64432453866615	-229.94911602992985	71.74183962243296	19.882385038099528	1081.4490593723956	3124.4393607862876	2240.7924999041743	-1303.9063347543286	1.3834843904515877
?	123.11767360265371	-183.2903839990558	66.25814309101153	-68.73870552817793	581.6371838522348	-8677.567782823993	1763.7130951600689	-12772.541410786276	5.114151994673538
?	124.47980533871323	-45.63669942115403	68.30490434602402	97.52439203581221	647.5706702311898	1822.3610634964498	1602.1654293648514	-6960.916593719868	7.164470156984427
?	120.83583863159598	-235.89375737978975	71.13436269280221	7.558414762043134	672.7552370270586	-1477.3761022185108	1415.6672654740705	-1622.2723841543482	13.01828900546422
?	112.68511746972358	-232.43267989853263	68.68282508412618	-97.0471987900277	573.7018651202632	-4774.327010429683	1521.0518101571329	4657.015203269645	7.809164076978263
?	109.21420463666918	-85.94564700589947	66.28200275330076	11.146796320106615	434.03888650557104	-3230.4408293264996	1648.518025637556	1690.1921249838674	7.616533009670931
?	108.38783511942854	4091.7792931649637	69.24016490013152	41.97623057147976	412.1798236539359	370.8885201165917	1605.5614164063275	-5916.278802846085	9.201991627792832
?	313.8031692949203	5823.542740320227	68.38081428187478	-165.14065884195253	452.5833125114009	820.2152463990918	1352.7040854952477	-5555.14672735533	7.9396441484373845
?	399.564972135444	-2939.5590669091594	60.98313195803377	44.03466475891287	453.1905859738911	-1326.9391331868444	1327.804080038557	-1295.8380701690246	-1
?	166.82521594946022	-5441.995604191763	70.58254751982045	178.5048962738445	386.2363558520577	-2948.434173456494	1287.9121819867955	10755.82707262549	5.783440747691283
?	127.46519192585198	-760.6677382260494	69.90837677172613	62.54658074980252	305.76887730106426	-1608.4640953328537	1865.5954336698392	18387.915057075792	11.917398605466468
?	128.7918290381572	-281.03346240747214	73.70987655731062	-34.386361816773466	305.8131510854139	535.435840439491	2207.307934840598	312.1088112529334	16.248328728335466
?	113.41351880547818	-515.1726351446332	68.18905868088743	-142.59462776711584	332.5406693230392	1912.9927141944256	1881.200874232486	-20944.447975067153	6.248921029576625
?	103.03319728092518	-286.6630290262971	66.58014516895473	-18.798032201954147	401.46278679513654	2672.1802458514962	1160.0855360872256	-12870.573278820324	8.97026565732094
?	99.08036735416312	-70.05882944836529	67.2491570707897	-187.95578734583503	466.1496816156159	3602.9387041116365	1237.6722102914607	17638.61040805619	10.402606042476265
?	99.53025580850687	1153.51923330837	57.182355801662844	-51.250933277264444	581.6097220007209	1999.5864542303946	2042.0160564900475	-5363.809512920183	-1
?	156.75632901958244	1130.5563052895704	64.68661040692645	202.04037327972924	566.1290043271371	-2858.3345465189227	969.4817346454478	-24858.890591204065	5.462852329274957
?	156.0580710729862	-332.18536031398327	67.28437446564945	-14.463044589270531	438.69299467477276	1553.009527145178	799.0715269298266	25005.973753459573	12.455987258753915
?	140.14706100388304	-3141.1614214596793	63.96345817746291	-126.95106256367244	643.7794806843971	5322.68517295276	2219.7804223184444	35142.661819600966	7.449047171326994
?	-1	449.8689282826688	60.93682133746574	-98.52817540698838	704.8272533224146	7645.438630009337	2556.2046179098998	8443.634219429512	-1
?	162.6405074180168	2716.9157365607425	59.03704940711342	58.565577967262804	1026.0514121848694	-8116.604792976408	2641.962133289926	-8886.895332915894	-1
?	134.84578682803905	-867.8518600270876	63.86510023582892	-62.32210919791836	298.99701367358836	-2940.71190983659	2111.859851264099	-2466.780694813607	-1
?	119.2479144166618	-232.7057609488632	55.92094394721746	-9.36730231245293	879.0158166930378	5856.0740168078655	2518.623098549244	6067.7438389546705	-1
?	123.21049878059573	-147.0766424546723	63.396735120206266	150.89617540330053	591.8007145139858	-10973.065222853013	2415.2470432118366	-5494.897550686996	15.081351543309509
?	111.89408229392808	-2484.209975611879	63.46575271738259	-29.59682404346197	330.3625555503794	36170.450546014064	2243.87822101489	14276.721731552976	13.260055360762513
?	-1	481.760688369435	61.916893918033146	-65.96816445896826	2400.323241814715	33537.42358709094	3129.0831297894956	8248.218075835104	-1
?	135.98211671240017	2418.4479997392073	60.16734449443413	153.04238237610485	2007.23373490495	-39494.10451538519	2656.289124806651	-27723.769438665102	-1
?	119.92239998696209	-564.5033488726527	69.5690130368385	104.18420292980721	425.61801604542745	-32236.680285966064	1742.8946578562209	-18432.904068583965	7.9532183030233154
?	107.75694926876713	69.76792482614158	65.37655464092457	-87.80817332304355	395.39972060662404	-1796.926679027593	1734.64392137744	-3912.5714388502265	13.474097045416634
?	123.41079622826922	843.1964713700359	65.17860437068626	25.531791030515116	335.7716820940465	1976.7713121180307	1547.2660859137068	-76.0017305639065	13.927908357902863
?	149.91677283726952	1221.5291383956323	66.65314419245034	63.12918474891116	494.238286212527	4134.899129856084	1730.8438348492446	3766.378849362878	8.623980522739673
?	184.4872531480517	1274.4880500931556	68.33506360813186	2.574811038544417	542.5166385868537	-371.03328211631873	1735.5850283818534	1398.2429880123511	8.25537226973401
?	213.6411753419282	868.8273404454629	66.78188474437756	-103.1189189021472	475.6866221067108	-3338.416512583182	1800.755984249863	-1753.3743722352233	11.138298169453861
?	227.92862017032547	246.16589337589792	63.17911766302443	-72.74298998184558	375.5958129576922	-2017.4767383635024	1647.916309770091	-2271.4041775670053	-1
?	225.94947001072327	-271.5409819458922	63.14473524528523	-137.0567399002991	374.81278518853424	1498.13896599552	1687.1857753715112	-667.179757028434	9.882384415793297
?	214.35157107303067	-4538.989400214401	56.326280668009375	-239.35246151764176	450.5027612574693	5928.0087802133785	1614.5573219186688	-1350.0343934217371	-1
?	-1	-4307.031421460552	51.177112169402974	-118.64004943916514	671.2132241992074	6623.448347248415	1619.6840557004234	1911.006296122505	-1
?	-1	0	50.39427819605103	-22.147333746993606	781.6751786198947	2009.115758373392	1710.1076367247954	3314.411774710905	-1
?	-1	0	50.06974548205328	7.290272677625647	771.6690121178784	2079.2469280850196	1785.404644435971	1886.4246219070951	-1
?	-1	0	50.75879182993232	12.819709480326752	885.6375250241472	2500.2927479936793	1804.4288678201515	-1685.1823151910264	-1
?	-1	0	50.710730956069625	-23.641297005579336	896.6836495175642	-391.4617415005081	1701.1455286764185	-4359.564033531826	-1
?	-1	0	49.57672697965334	-96.36847520069955	866.0644379491215	-806.8917468023846	1586.450666143557	-2924.6801535964137	-1
?	-1	0	45.89230719603458	-126.35027902049251	856.3390621774444	1219.347685724891	1554.9115209965958	4685.086781218976	-1
?	-1	0	43.25921302862862	210.38938178261716	927.0318222353669	-3194.525274650173	1820.7050052045092	-5390.781317161178	-1
?	-1	2848.5434817300993	56.41177628516559	513.6870727618351	696.6127984449335	-5652.869208112713	1285.372455138533	-17203.3966236372	12.424080166560096
?	141.427174086507	2774.458380999337	68.94356666672074	311.9840232451015	644.3883618297273	-3898.639074748751	960.535174022637	-3466.5671102984024	6.742564400871838
?	137.72291904996882	293.9442355606836	72.01097744742089	73.97379801967824	501.6808447074931	-5936.91776832478	1112.0440996236105	9592.988899144044	10.86896100875152
?	156.12438586454138	395.3702614091845	72.6422565677047	26.511452056774566	347.54247341348406	426.3681493979762	1440.184618979846	259.88639897023035	12.23503013406373
?	157.49143212042833	-195.542978472293	73.33655005025963	-140.81740563005525	522.9992521773922	4114.613855543925	1125.0384195721222	-9421.073847856285	10.270462727038426
?	146.3472369409266	-151.26351445310843	65.60138628620184	-272.98244829579613	553.2731661906832	1489.5881715378998	969.130926587025	4015.290248732656	6.712101770668013
?	149.9282563977728	150.8122883089301	59.68742763546963	-28.602154351122685	597.4786607542883	1484.154490600951	1325.8029320087578	21561.17230845415	-1
?	153.8878513563732	68.49965257069886	64.17127856864569	292.99044169682884	627.4808907207319	-2744.490084886139	2047.1895420097478	9881.164401611937	7.914343757701836
?	153.3532390263078	-206.55349457490323	74.33694972031128	136.97689257929062	460.2541565099794	-6022.14723407558	1819.8611520893617	-5562.450261087968	11.481555811552278
?	143.5601766276279	-112.01729431269666	71.02012319761032	-25.25060367251363	326.37352901694857	-2909.162428960339	1769.0670289553454	2218.373881997814	10.56049792047194
?	147.75237431067288	-35.57201628884008	73.07441953668558	-4.767375514438971	314.79603506196037	-420.1039649066692	1930.779846189254	8763.714544824665	18.4429319541911
?	141.78157581318587	-234.69420741417204	70.78175442188837	-138.9646169271342	305.3683307716148	3560.7438497751496	2207.252756196585	7777.50450588196	13.866329957268638
?	136.0176639399641	10.97212734595287	66.12618869032878	-107.04729262653008	492.8332275507204	12432.205111197136	2319.6550714833575	8338.379524542988	8.369837121816055
?	142.33018218048352	167.84999733388804	65.42938979056179	70.76995641535758	926.9785863314804	-1544.6657683006022	2624.17173242374	-4067.0236602875652	2.394509734024105
?	144.41016380665863	102.37210085711152	69.6646865110967	161.6501611026703	415.59993913568917	-8373.011209014097	2116.3038884689763	-29063.6560568459	8.008686143619674
?	147.44878722333917	-9.33824412134002	73.51189784569542	7.535258243728328	508.3280258807696	3646.364394573757	1170.9889295814246	-14288.160271066468	14.994332392268017
?	143.94325160059162	-200.18220447267424	70.04144942328313	-52.09075052015163	597.9181588643796	-3410.49146039749	1401.8958749156427	-4538.39851261508	16.364237475728125
?	137.4396769997053	-446.1711805562597	70.9073603196878	-97.57324699488126	337.80345286089266	-3355.3008236376777	944.0690039506674	-3577.7283290121013	12.403849812024392
?	121.63469257277832	-2768.793539994067	65.162787073539	-331.34863002674507	430.15311768249336	9379.486606131537	1223.009458465035	26288.221210445714	6.976875313658835
?	-1	-2452.6938514555313	54.33992881835031	-290.25669191388886	806.7777831674762	11039.156510427081	2258.4800644729717	22606.650445787443	-1
?	-1	0	50.649952477844344	-81.91841582800035	982.1109432038552	231.69481887726204	2353.3419807544233	-2955.859303850224	-1
?	-1	2586.214670720002	50.24400802695023	385.63172832425414	818.3625241113394	-11709.908836005206	2110.6870992804584	-28115.48914363895	-1
?	128.31073353600192	2365.027867048712	69.93153889405733	429.82457551451745	396.61550140358656	-9358.688148374155	947.5675235724557	-10053.604011998757	10.441430378608725
?	117.25139335243728	-335.08888372569294	71.73523680267641	15.498752066815833	350.4281166926251	-1699.836412295799	1608.0068986805134	14444.516779420528	11.737004318639377
?	111.55628934971703	-194.02114498805568	70.70647649739813	-51.34527303348887	311.6236807887954	-304.79545083979724	1669.7933625434923	12561.787654782882	15.748191293146197
?	107.55033610303435	-251.52296137061865	69.16797315100193	-98.594582483465	335.18834415063503	204.96355808207164	2236.0962814196664	7454.319459306065	15.181718262382507
?	98.98014128118592	-109.11379107801069	65.77674737322481	-127.20388723248836	321.87185869289914	808.6158951198887	2042.5093355088009	-9388.487952154572	20.54468035997057
?	102.09464654913374	146.22878674209963	62.80777878937742	70.59548655328611	375.61913890663004	1980.357799989429	1766.6718838119311	-20039.357127051524	6.340877848926595
?	106.29158061829101	86.07761789740542	69.30652170088916	-11.548016048440367	420.889748692372	265.97711296696923	1040.5414791562105	-4250.394642399064	12.40990853812438
?	106.39852744400407	121.2055287250311	62.230377986955396	-184.3386468269187	388.9179945549787	-630.6944631247826	1554.152151691975	13423.076307733427	9.222865377754738
?	112.35185705454265	349.97235063124026	60.0895893595431	235.56035019791116	389.3550255361324	-348.02532149286736	1711.6952945428914	8319.597013997218	8.193384267473313
?	123.89714497556633	281.8507767661427	74.00839549685112	66.80153345310264	371.5167284803351	-835.8157378500296	1970.1320023918418	6992.7455000756945	12.308552628938504
?	126.44439589284998	55.18465957736886	63.42966603219828	-277.23975561328507	347.56423864363035	1546.1936227405245	2061.332569546681	-166.07997229524918	6.760040524780841
?	126.65637795443482	390.31792208693884	60.14640771618667	38.463439379289234	448.8264096173624	5466.338530804319	1961.8280037770792	-2102.3794943883304	-1
?	145.9602919971972	237.44433647524662	65.35283800116277	137.1393061894398	620.8811651838502	3984.48146956953	1956.213594827263	-3133.8308237848205	3.2211784015823595
?	138.52859477819732	-471.4940675147771	67.00337302565876	-80.71598272554637	648.0504830958417	-2691.174960599092	1805.136462587836	-6306.047191218487	13.118179996392268
?	122.38558862145801	-2790.5718955639068	61.31703886488539	-318.0884104882175	486.32241715389364	-2888.9993405797964	1640.9112352663342	-6026.408701203019	10.094438840093602
?	-1	874.0035219466106	51.09895250124766	32.37566525126223	503.6005160668499	1041.7081064750766	1503.8160275276807	-1656.109183828834	-1
?	166.08576471878916	3556.126990708848	62.935822127448525	378.96531687713764	538.4078224776482	-661.454174006387	1558.1057760748913	-12748.320018761997	7.30725283942382
?	176.80634953544492	767.858819992703	70.04721834510481	54.716845966971384	470.52780736653006	-298.91364376834673	866.4000265895718	-8687.351658591255	12.953582722417616
?	204.47870571842486	961.0580363203002	65.67166442579713	-82.33522925447713	523.4621402892307	-803.501794119469	1123.7381931453224	8035.281585066636	11.292422891103644
?	224.8592513514606	440.3413990158174	65.9304568823809	-154.38279682979905	430.35271766055604	1309.5688315622256	1268.1641058429093	10132.858365102686	9.305132223989759
?	226.49577566921604	-4517.185027029148	57.95252458430707	-274.6424157945102	588.9405818673429	3871.305979773825	1630.3811114004639	4125.988524845153	-1
?	-1	-4549.915513384256	52.19833609265519	-172.67846107622813	623.91801664925	5009.810079414969	1474.4635320851698	-2306.3871193432024	-1
?	-1	0	49.31860153049554	-109.64947322670767	839.4310858380949	5341.716216948506	1515.061755433302	4185.930765122998	-1
?	-1	0	46.71586243131973	-4.423580128923498	891.0038274966792	-549.5504797654497	1683.7600703413227	-3365.9806789371783	-1
?	-1	0	49.097422524049364	-68.23382641138966	811.953561849822	538.7604687161858	1346.7627214864408	5303.009656625984	-1
?	-1	2474.6800403433676	43.3041711107502	88.71458799500617	917.9418509324888	357.6747946828181	1948.9105531726257	7925.924805409769	-1
?	122.73400201717014	2397.5790109385694	53.533151923799736	473.51965585334875	829.8373015839632	-8577.342377080424	1743.0589617569349	-22298.29357698848	-1
?	118.87895054693017	-275.3073627684322	66.98015390341797	270.92703426303	489.0747320784615	-10016.438065316652	833.995874323186	-12932.045971225782	9.534850021190204
?	108.96863387874834	-171.50977262640492	67.07950363695143	7.379871771674297	329.0153983181234	-1066.3419012824427	1096.4566631956366	8055.0033288294835	13.797041116726236
?	110.3034619156098	113.01417822233286	67.34914749200169	-72.17996125133223	435.7576370143386	5827.054860894974	1236.7460407646658	-414.73297445398975	8.950692202908963
?	114.61934278986506	703.4802047734919	63.47050557438477	-63.33013290724916	620.3681413628763	1588.2334758541278	1075.7200144729368	-5508.449242348187	10.438636787671417
?	145.4774721542849	1090.1358376539333	64.18264084663919	190.8107333731897	515.1693108070461	-2333.8849677243843	961.3235786472526	4958.809415305957	4.332385837355174
?	169.1261346725625	414.95770501413153	73.01104224304439	140.6403156780081	503.6738929766554	-2656.359092477995	1323.6604852382382	15078.129507162794	12.274876715439413
?	166.22535740499177	-506.9007937015842	71.2146566305397	-88.08959505868631	382.3513561831445	-3005.93240375908	1715.230054005403	3180.858392751939	13.273404303075097
?	143.78109498748293	-659.0953369694663	68.60656249011001	-8.573408294613378	353.37727278869926	-2017.6930322668918	1482.7034048758374	-7688.111054394635	6.729463559401521
?	133.270590556518	236.6972712348974	70.78598621580902	80.33486478037503	281.4667045697985	565.1667012197992	1330.8245012856657	7635.669679910594	15.054714952386387
?	155.61595854922797	919.3604189864152	72.62330572912882	66.52333535344458	381.6356078496896	2088.807573465708	1864.4868888713725	16324.22325297538	11.898026161983783
?	179.2386115058394	786.5162809370062	74.1121529834813	-88.7068333472162	385.90708324308537	-139.05258280528216	2147.0356639344463	7033.16622029361	12.979672680211047
?	194.94177259607883	439.0211669407074	68.18796406176794	-2.6764338152693385	374.6829787094254	916.4927177449187	2216.145199886058	-4935.82283216799	10.061033434376736
?	201.18966985287508	-237.30444997835892	73.97833129271783	59.502709436965525	431.73171913033195	2975.7539161373143	1900.2445223260434	-15853.271710709862	10.734091473321515
?	183.07655009716072	-1297.7305202043763	71.16309953361626	-241.6709483917023	523.4706745162932	1674.6639870552247	1423.4816143505536	-7275.461648411407	10.666140069460676
?	136.30314384265534	-1128.659863922762	61.89478387313254	-66.71670338880934	515.4649184830944	1257.1547711943506	1536.4714399054678	-8416.27341426797	-1
?	126.64355690102181	-413.1936244773821	67.82726436417575	115.67216774234515	586.3284130760117	341.54111982341163	1002.6679436371492	-14528.231260234536	10.85343999889414
?	115.64346261878595	-333.7922822353128	67.67839226024988	-175.02454769991834	532.5419744742652	1876.8396078418148	810.0598768937307	17655.81746377144	8.466309600094387
?	109.95394278925593	25.70002591348376	59.076036979179705	-197.73664048752752	680.1703934681037	-362.3633329518787	1885.4588168257337	19283.407489427325	-1
?	116.92846391446015	230.49099121714661	57.79156023587336	230.32426731850862	514.423807826671	-4520.27890002639	1774.2302513651107	-1006.6968765853555	-1
?	121.47849235011343	-60.379901116319836	70.5922503451053	170.80615728715642	454.156448466781	-3027.849349616644	1835.1239729964652	-3476.332254327636	11.383741878085768
?	113.90946885864412	-46.240630659962875	66.3318681002313	-60.325159499343776	363.03134034583667	-2796.760448211418	1600.4136386487264	-2752.9857463598655	8.616518320113316
?	119.16646081711525	-46.58112107433302	67.57599237013807	-18.22686163185241	314.3184260562081	-1293.3722697744938	1697.47468567847	13667.498447720447	16.348701910092775
?	111.58041280492743	-203.72245508599087	65.42052501863867	-105.32213985633213	298.36272685711106	464.6392144950746	2283.7885610347585	3610.766368348071	14.572489174790515
?	108.98033806281556	-84.00510914220001	62.309885377321386	8.645427233813214	337.5503867809622	2524.487718348982	1878.013004095876	-10748.482980914716	11.114992475322918
?	107.38015734781737	-2199.60676125628	65.85279638032934	-21.863582497593487	424.58711277456194	11518.048407190314	1746.364411989015	14918.960459416763	12.627564044696845
?	-1	-2167.603146956317	61.216706252441696	-80.30463720233314	913.452807140486	34062.552252903384	2623.961027066725	21107.223651452114	-1
?	-1	2383.585100464006	61.837564520212624	121.58367665204989	2127.7147254197553	-6189.568520849726	2801.7255945616357	-13540.136384708065	-1
?	118.17925502320197	2193.974522724159	67.29589008504428	28.7797578967397	603.9743810979953	-32321.854689564723	1946.954207831312	-19086.31901326921	7.767127396080309
?	108.69872613620953	-2383.585100464006	63.27655241504963	-293.2947593843226	511.6219909414961	650.0856879301977	1847.4096438981617	-6607.448910949494	1.992595612795818
?	-1	-2193.974522724159	52.63115211582794	-260.5616412321382	636.4786654945057	3995.5442337028753	1616.5817622838326	-9263.914403286944	-1
?	-1	0	50.248470353442535	-75.22726197058809	711.3992026266427	-177.42142500415613	1384.2139237338079	-1990.1932288997468	-1
?	-1	0	48.86978901729848	-93.91026953655648	627.6075942442977	-140.34622124143453	1517.0721008388439	5191.660634517406	-1
?	-1	0	45.552956876614644	-70.86017355121497	704.3818915645709	2854.358768438331	1643.7969554596818	4033.8720613760024	-1
?	-1	0	45.32678033973768	179.74134594108136	770.3255326662163	646.053968028716	1718.7657039076469	1611.9826606817649	-1
?	-1	2641.3505327559733	54.54002417366884	371.7923379732298	736.6845899660071	-1334.1020750842238	1724.3960884937712	-9377.373178170095	-1
?	131.06752663780054	2360.174925509726	63.91639723839943	159.2381097976694	703.6204289120042	-1378.3754594245656	1249.8970449991355	-13166.317889925176	2.482540450472415
?	117.00874627548798	-52.0998714734007	62.501929663552424	138.4680122734166	667.7658169947779	-5306.865051948171	1066.080193997503	7026.27182700126	7.071536706841689
?	128.46253306413047	354.60676999085	70.83979785207036	240.2389189986532	438.2771763145919	-6009.153030011024	1601.2106363492035	5148.089181922746	10.709887229393834
?	134.73908477503073	-45.29424301781993	74.51387561348525	41.18282931083881	367.3081654942224	-2197.167171330163	1323.484653093644	946.3383079090365	12.314528639804752
?	126.19782091323944	-208.43022907417821	72.89893931761233	-26.989040255050625	328.4188177480822	-1059.5594349704968	1648.527551744656	4219.110941079283	14.578180295936757
?	124.31757332132167	-230.20495609428835	73.1644236007327	-68.5544905569178	314.3301937456968	26.046021725237182	1534.4402001476112	8530.552697174328	18.382925427602018
?	114.68757310852486	-212.7227139087405	69.47121478976639	-175.7246293814581	329.72111883434405	531.5695419066678	2075.0551866033784	6789.939063171104	12.254643663077504
?	113.6814376258845	-159.74767151336493	64.37819213165967	-11.483214608016233	340.9086708410306	1808.3014619089595	1873.9371533061712	-7412.296738808726	8.067102663094833
?	106.7001895328565	-2293.628752517657	68.89705405936557	-76.13631293654399	420.1361919297933	16002.047604783504	1704.4403496629368	17839.31758464308	7.72748864626396
?	-1	-2154.003790657099	60.57137648483242	-170.69595650492545	1141.0110510802172	16935.469758761104	2765.903032538338	18142.874425036916	-1
?	-1	1939.7511827778335	60.36225623411918	146.97485605003385	1266.9096798678606	-12991.838654434603	2611.5840709147956	-23987.592789637598	-1
?	95.98755913889305	1901.7620510349493	67.92011928733422	73.86274884292499	491.41911835847776	-17966.912526907734	1566.523393056441	-26877.6748337327	4.189783552725736
?	94.08810255174882	276.7055155315521	64.05539367626548	-21.048238364431867	368.56405352246105	-3130.2702357041494	1267.7003292281415	2414.630044644275	-1
?	109.82283491547085	381.0233725457127	66.86770736911261	140.98096550403767	334.9056065732681	-566.9720242906111	1687.2548952886564	15329.675348384068	8.430049787019565
?	113.13927117903472	86.38836222274725	71.10444195146746	-77.65648138691549	340.2154523079301	4911.712004211714	2034.1840966473558	9510.432582556316	12.457008441536292
?	114.14225302660827	-2282.785423580662	62.98488329976678	-119.76988062137337	580.4912067838573	23876.79593799828	2162.776524416479	14175.4431745416	9.094283981291703
?	-1	13.721046425613483	65.11594792039871	203.89076904396654	1534.055249207861	-3102.728524965852	2742.956255374446	-5526.943595168176	1.4150276280845937
?	114.82830534788896	1946.8976897926389	73.17942175196525	-0.4795262204487403	425.35478053556244	-21731.630528312973	1886.4293446580662	-21101.127814814423	8.715051809030326
?	96.34488448963333	-236.97781360216004	65.09197160937627	-257.22025495955114	447.473722792197	888.942163111485	1687.8998646337097	-3768.245414240465	5.375904286165882
?	102.97941466778079	566.7343654239976	60.31840900398751	-6.940810810205179	469.8018886911373	-368.2151560393236	1698.0170739460402	-5182.716663618716	-1
?	124.68160276083361	1224.86631124343	64.74493106886601	288.71307907474136	429.06296499023057	768.0730488311353	1428.7640314527703	-1332.1138266826385	2.8706044260734767
?	164.22273022995316	1668.8625725637169	74.75406295772478	170.03883373757063	508.20554113269463	1824.9102342417748	1631.4113826119074	7208.441820909536	8.85476521526849
?	208.12473138902064	1596.596633248737	73.24687275574466	-79.94610404032073	520.3084767023206	-304.7213721777475	1789.1861224982522	6184.0622468703195	8.671412065292824
?	244.05256189239114	483.1381621614997	70.75675775570869	-173.86624958620595	492.96947252380704	-973.9211547607179	1940.6144949554277	3540.919486367438	9.33051592315049
?	232.28163949709597	2.467396901697008	64.55356027643424	-344.2504260125174	471.612418964284	539.3880034529983	1966.2320968166266	12.257692779162252	10.338071337847145
?	244.175931737476	-4665.632789941853	53.544236455082576	-229.09273230622404	519.9388726964573	2164.6962436729154	1941.2273795943859	-298.5952757324415	-1
?	-1	-4903.51863474945	53.098923661122875	-26.869921179573357	579.8472311479313	1468.8960628889636	1951.3023330300043	175.22990764843348	-1
?	-1	0	52.20074039610389	-33.266522270516056	593.3836758409066	6760.7512716648735	1949.9888749768077	2970.984966392865	-1
?	-1	0	51.43559754759705	-15.603225621047505	917.8847947311798	4787.680277739792	2099.8515813496497	2071.6151621992435	-1
?	-1	0	51.4205791150515	-44.45839354838875	832.7676897278996	-4037.2080683367194	2053.5696330867713	-2172.650796288609	-1
?	-1	0	49.21267787017758	-125.27403617987609	716.024391314341	4431.908707982312	1991.2190415352177	83.98323380198116	-1
?	-1	0	45.15687730605761	-40.794548336939286	1054.3631251270183	5267.7461353608305	2057.7687947768704	-611.3735829962484	-1
?	-1	2596.8951077157863	47.172950453330586	470.2958143364857	979.4116980823862	-11311.930284110576	1960.6503623854048	-4054.403177615451	-1
?	128.84475538579116	2299.926162208307	68.67166802288223	411.8960113172589	488.7666109214814	-275.44748488786644	1855.048635896095	9766.174019552902	6.704388165733029
?	113.99630811041696	-2596.8951077157863	67.76775101919382	-37.768137462219926	965.6393238379927	19063.753098885623	2448.959063363057	19932.093295450144	7.8382852173405295
?	-1	-2299.926162208307	66.7832611497712	-54.78087495475343	1441.954265865776	16574.017483076776	2851.6533006686163	6708.677669805188	-1.7911678633816137
?	-1	2408.680647057829	65.02870727145611	91.51522229271205	1794.3401979918433	-21594.659767147583	2784.392946853321	-19236.841965958254	-1
?	119.43403235289317	2046.642292853743	71.35902226440688	-0.6669180591151663	362.22127750838155	-27435.266074117237	1889.81120237069	-20570.489718042398	6.432043389186434
?	101.3321146426886	-389.4700070891661	64.99536136850036	-185.49607875886457	422.5768942859621	17027.75003803208	1755.8684609511865	10615.287819359295	6.007682672663512
?	99.96053199843459	-2046.642292853743	62.084218326463514	48.256076814984276	1213.6087794099976	12132.092443774374	2420.575593338662	19315.76716597542	-1
?	-1	-2019.2106399686631	67.4081652092496	38.626594003251874	1029.1815164746895	3298.7904493248184	2721.6568192499712	4914.108408917303	-1.6796095491100764
?	-1	2946.394267584659	64.01554802662614	-19.950723193985027	1378.5483018762409	-14250.16690199963	2666.281013784531	-9897.43529149047	-1
?	146.31971337923503	2451.4296429193846	66.41062904955034	155.32740559316187	316.6731713746979	-20825.55488172136	2226.7850546754407	-16302.879374224922	15.404327485270546
?	121.57148214597096	-956.867473356159	71.78191830628434	-35.37419195610318	337.2705577901582	2514.0571925120407	1851.1370450732732	-9652.467585712306	9.951597953582695
?	98.47633971142639	-620.4219831610908	64.64191945174515	-275.08382680188197	442.37603100030174	2085.0889948445297	1744.1616753898186	-3359.742720472443	7.599858962701555
?	90.55038298791598	-1989.5267942284995	58.027726966190045	-158.09299227359378	441.52500753238616	2340.835062917689	1683.1499090496486	-3345.078717790477	-1
?	-1	1181.7993778763637	56.73726983806535	208.9601653415308	559.4177841461878	2138.5642683685483	1576.9077395002923	-8886.169485356515	-1
?	149.640351881735	2852.4612209074326	68.47573523326673	205.6444002406244	548.4532209508151	-3263.4091306126224	1238.8414347818166	-10092.413555852983	8.44762273317074
?	141.62306104537365	-216.17053796218306	67.01948985009672	-211.91094895579266	396.2473276155544	1201.407123031014	1072.287061707636	10352.955294014086	15.590391350849082
?	138.8318249836257	121.80907300971396	57.88018778547695	-49.69386366400912	608.5235771023666	4569.011210080307	1756.4891994825282	19005.73357572441	-1
?	147.71351469585943	-131.04553735835492	64.53479666689623	221.66520075483132	624.697888119573	-2501.777677647477	2022.57374049387	-6331.006819959253	7.731575662765276
?	132.27954811570785	-531.4032967041611	68.96344782321867	52.37646491275779	483.434693219991	-4277.34969716564	1439.938858484561	1785.245928444485	12.644867857509194
?	121.143349860651	-255.26848626652628	67.15361991253415	-13.585158066670237	410.830403261288	-3035.562162360118	2111.8360369160955	14266.736198096458	10.122201025187042
?	119.51612380238136	-165.91529033985344	68.28418991988515	-57.15120354021853	331.65658510198296	-1364.1189493996058	2153.275668389394	-5482.345374530832	14.667854130524177
?	112.84758534365821	-70.75294580352035	64.29605973552319	47.08623863449209	342.62445579130673	3229.5257710648225	1837.71876818955	-13793.824804497093	14.082914463267043
?	115.97847651220529	-18.298864619291944	70.63850185160979	127.79583313696907	493.1328736552264	2511.9294671176076	1463.5844281645295	-4685.02077755146	10.835033949480579
?	111.9326421126936	197.72733897790803	70.68585139237173	-58.30393523917879	468.2209291471889	-2591.2711049765626	1603.4677293119737	7377.522904447387	9.762824369306278
?	125.86484346110083	591.1924558350468	67.72330508965081	115.06630555927167	363.5693184063964	-943.2317964022993	1832.4605733869041	6058.274685013616	10.188286309102834
?	141.49226490444636	224.9036143258311	76.4391666703354	115.19954612858534	421.05933932707325	918.0627589158002	1906.3814635626588	1094.2099661489992	20.36285100809884
?	137.11002417739255	-466.6322159564264	73.48328239608016	-272.9527183212944	409.47245635218707	-770.8714605839593	1887.1710716943549	-900.9241052368642	18.629025944659794
?	118.1606541066247	-738.5917491105253	62.79153075427048	-235.20237857548884	382.51576629787473	-166.5580416717443	1861.335258300815	-879.2084844305521	-1
?	100.18043672186576	-415.1994768983116	61.72316346730555	68.80685741965935	401.14455426859973	648.4275247093023	1843.2106474728266	-3915.7585059650764	7.0017682569804816
?	97.40068026170883	-192.67656782430618	66.2318736252535	-52.02519951490498	414.9371425333403	3485.6674096018055	1665.5473330025584	3010.378954620822	6.993182077054548
?	90.54660833065032	-1968.0136052341486	59.12190349156026	-136.94255469456954	575.4279247486925	21146.263597985708	1993.7295952038698	18807.279668458894	-1
?	-1	1143.0205600139143	59.384745890524925	49.88648778924542	1472.2503224326406	11066.852592874095	2605.9113164255164	5501.9852482277875	-1
?	147.69763633134684	2657.7115331397154	61.61622788102257	269.0707396039197	1128.770554392405	-20049.189510467124	2268.828857615263	-17001.03249465317	5.637021924676995
?	131.88557665698767	-504.9511137507036	72.8382828707211	219.3905658332008	469.7908469092701	-12466.277155989676	1755.859691692846	-11005.507234403502	11.850582766489953
?	122.4500806438113	-523.375862569527	72.58575617268276	-270.6500388293719	505.4566965929124	1189.0784860309284	1718.5534958950802	-2529.060837161674	9.169294681577254
?	105.71678352851094	-360.25247658029514	59.305780929252315	-178.27304847950646	529.2447712108174	1341.8795212414798	1629.4066498347604	-13332.058686501743	-1
?	104.43745681479629	-147.84117001786416	63.672103748707315	-8.805193052896971	572.5506726549874	1143.9574903911828	1051.9505615699836	-10120.21585346509	9.652095390262915
?	98.32472502761763	-194.587102940042	58.86552127660746	-219.46372184844165	586.4426457303773	2487.605551041762	1123.3958571614987	12806.303358967783	-1
?	94.70810166779405	-1986.4945005523243	52.698917656285076	-152.91088916915865	696.9309502070772	2599.7371732202096	1692.265729518382	20239.182564286075	-1
?	-1	-1914.162033355854	51.21997681814942	-4.905608386345863	716.4295043913896	210.84362409559546	2135.354985375817	4870.807829597442	-1
?	-1	2907.151472047042	52.45363723696778	228.30373115993413	707.4731314118571	-1363.807402511444	1935.8061209982575	-6669.705748594161	-1
?	144.35757360235417	2897.827863196461	62.63516337614629	368.37791261731854	648.2391342658165	-7722.275443256651	1801.869697946104	-11769.267777146317	3.030047068197417
?	143.8913931598251	74.36225412910639	70.87253286783397	199.57937622817255	321.3593592490191	-6678.904760366018	1347.3427321409333	758.6588614416297	14.614978814220398
?	148.07568630880954	-210.5683991598822	72.61413218755506	14.824587398407589	314.2938962475108	1013.2700491362201	1839.802641018186	15567.902125302919	18.772344791770237
?	133.36297320183084	-624.1559918227073	71.61376223775436	-102.7547222708642	372.02286170583085	2873.6098293020655	2125.7378384060903	-1170.5867744687491	13.20234477784756
?	116.86788671767373	-444.92853786063444	67.47639607401177	-47.74227488770055	457.97438771261614	1968.1476986825605	1781.2733022947477	-9553.574482424898	8.05173985029001
?	111.1165463087988	-210.110383985474	69.2266484933693	-38.74427359542894	470.4302466399603	-562.6256632665161	1648.0591142848386	-1341.568572503028	10.388478577000784
?	106.36236751839988	-2242.330926175944	65.5391823942403	-243.79419462753384	429.84310454928993	1662.8235578435433	1714.1948736695954	5626.558101980238	9.177563014275986
?	-1	-2147.247350367967	57.03693876199243	-182.51421098697048	553.5714245321386	6048.755002093597	1929.3870193838545	5893.945402383418	-1
?	-1	2772.457081308551	56.413471844891646	220.78393998799498	732.2808546539741	-1015.391396471629	2008.8921437887705	-15335.082897909679	-1
?	137.62285406542952	3301.4590464452745	68.07613576139234	353.24143290725726	502.80185470855645	-4771.1209153037025	1162.6328744883597	-17945.65380633194	6.616255755021475
?	164.07295232226608	925.991346071388	74.07554349025476	77.55348785304935	493.72480888878556	460.6252954255322	1111.6094534721608	-3338.0971028892286	11.150174618803522
?	183.92242136899958	175.40347863082877	71.95381015404486	-155.64039976275131	525.8331194798334	938.6746916241376	995.7280193438959	-4576.119329067916	17.040179331201944
?	172.84312625380764	-3698.448427379939	66.29352350211708	-297.9239821698805	540.6585434699931	3362.9486432409158	882.8034870187618	20260.816391936893	11.973750994964801
?	-1	-3476.8625250761033	57.05761104555062	-273.5000451508051	693.9805516418816	4212.824407574207	2008.768838940755	11492.615822864384	-1
?	-1	0	52.618521244576634	-64.78172195319978	751.2997638487065	997.8442242070327	1457.4342781619891	-4831.252481468418	-1
?	-1	0	53.81852494789059	-56.537662374833154	743.8727628522339	-3613.133622181898	1767.2062148673306	8092.058231245432	-1
?	-1	0	49.791638125834936	-131.84463011095983	570.643082739609	-1874.8225672040446	1862.0371897242665	2362.994730899907	-1
?	-1	0	47.2262934423425	-111.95610484518494	650.1316344920303	2319.0717876210047	1885.3559514123276	2378.968181327271	-1
?	-1	0	44.19383288357561	-133.3121356005662	686.5966721206609	117.64614552473009	1980.9855987906317	2679.319657551494	-1
?	-1	19.999999999999716	40.5606866623141	-883.8766576714996	656.0139417682669	-13731.933442413021	2019.3219342899042	-39619.71197581207	-1
