rowLabel	avP	dP	avI	dI	f1	dF1	f2	dF2	h
?	240.3193871625223	3755.2413352506915	73.75309634352584	1373.6971598040993	439.92643477595266	7962.031297616173	2078.756464123703	24749.418970008526	14.688020511708906
?	187.76206676253457	-1516.1921562615328	68.68485799020498	-100.84519197453915	398.10156488080867	-434.68097129415924	1237.4709485004264	-5045.7611057070835	7.847281225067653
?	164.50977934944567	-314.3111064219163	68.71083674479888	104.769735550727	418.1923862112447	-529.2216405941392	1826.468408838349	6169.8629377950765	10.986674655082123
?	172.04651144143875	151.71461754318844	73.92334476774133	0.46132055565038865	371.6404828511017	9912.37798395059	1545.9640953901803	12542.061014502004	17.001182455680286
?	172.0955102266051	743.7286270306414	68.7339027725814	-98.06335119043015	913.8112854087741	7951.689679591169	2453.571459563449	11739.51498385177	8.966971466584946
?	209.23294279297082	521.9619402582783	69.02017720821982	156.22087869749438	769.22496683066	-7421.856769084783	2132.9398445827687	-16370.213977478601	5.490467978421495
?	198.193607239519	-331.782312630445	76.54494670745612	32.21258765711213	542.718446954535	-6231.531730397254	1635.0607606895192	-8757.128187545524	12.618793491655731
?	192.64382716144857	-85.62628152054118	70.63080659107543	88.49815804223825	457.6483803107974	-2990.8094143997773	1695.0834352054926	7425.239254025566	6.537764622306536
?	193.91229316349194	-73.64930601703237	80.96985460956803	-60.52414707794328	393.1779762345462	-495.9553957844777	2006.3227233907974	6818.955709740187	17.532553094774464
?	188.96136186059695	-3898.2458632698394	67.60459923717826	-116.56045877470152	432.8506105215735	1263.7484256263624	2036.0312206925018	2055.4930904561666	10.937765163581311
?	-1	-19.779912620296027	75.14183167083296	115.08887101879272	456.3653975158643	15430.826236434423	2109.0973779136057	7139.683000419048	1.9976067421578718
?	187.97236622958215	3470.2975444100803	73.3590427881179	102.52162556322835	1204.3919223432954	-2086.5793047945026	2393.0153707134546	-1942.7638708869363	1.0222662475242472
?	172.51487722050416	-383.9377223715703	80.26791294899438	23.465010730431267	352.03643227613907	-16705.32976733988	2011.9591843692588	-17200.517132216926	13.510951819908138
?	168.77548011100362	-101.13767833416935	74.53229332463947	-106.18162945429863	369.1254339763006	1333.4705627680103	1532.9895141026075	-815.6852772788482	16.73040666297326
?	167.4579933037957	-94.43310202285366	74.95883147627944	-263.69599740949997	418.70996041453964	575.920570263009	1971.1749205053163	8513.854993768839	10.049675906493146
?	164.05382500986093	-3369.159866075911	61.34749345416446	-197.8404645010873	397.9214624894511	3708.8896216569233	1958.6822637910498	4254.303466244247	-1
?	-1	563.0645518003548	65.06680825122507	272.085115038811	604.154441497386	3688.209821018751	2183.890093817529	-4573.975662541039	2.3531844938619146
?	192.2070525998787	3511.7255342540166	74.95174920610502	189.37892659715328	582.3319535403888	-319.68390951205237	1729.9834806639976	-8753.679845386256	6.462748528080392
?	174.586276712701	-341.9570057149477	74.53575458108274	-67.94776337291773	588.1702460217833	1315.01126887331	1746.2061015482157	-942.2279423004048	9.799861476950245
?	175.1092023141313	-3511.7255342540248	71.55436103745913	-91.33143883739236	648.0825169840543	2534.6386726716023	1682.8720835489773	1425.4155906871501	2.660351301457257
?	-1	-834.191889632667	69.96918263921313	-16.101077709184878	714.9021796553633	-4251.686212473699	1817.476881082573	1971.40449591185	2.3161772600507335
?	133.3996078324979	2499.2208025352375	70.74930715199989	-22.797185397231466	435.4982063603692	-6551.713154474256	1781.44230834457	379.34567554063926	7.571360510722438
?	123.96104012676199	96.23191209804352	68.82932336935156	-267.3970479437734	387.3165219316502	-47.18122223827318	1836.444164859605	-696.6654943818861	11.54744475854536
?	138.2112034374001	-2499.2208025352375	57.379454754811206	-332.669914111337	433.1391452484555	870.8040380765377	1746.6090336254756	-1737.7098564685714	-1
?	-1	-2784.2240687479994	52.19582766378469	-145.84510490850846	430.8567238354771	-255.36140877811454	1749.5586720361764	665.1407232714422	-1
?	-1	2598.217314569058	50.087199509385776	201.89045164650392	420.3710748095498	-2202.672168669334	1779.8660697890477	1787.6543170901034	-1
?	128.91086572845302	2502.164403455424	62.290350246109895	401.7872780340699	320.7231154020103	-1136.9268838880284	1838.9413878906817	5476.30470504047	-1
?	124.1082201727713	139.39411971268203	70.17656341108929	256.6946050782588	363.5247306151483	1525.4417512664734	2053.6813050410715	5021.58690341575	9.271060497112998
?	135.88057171408713	412.8322282017367	75.12508050002285	-3.4993417132551454	396.99520296533404	433.2417701248069	2090.0207330614694	3818.367209070099	14.782216464187337
?	144.74983158285815	322.0431381630638	70.00159632542653	-50.64436579540849	385.1868191213887	332.8879546967275	2244.5996654945766	267.09329761175445	11.16058169992168
?	151.98272862224033	107.13809674120047	72.59286221025242	-81.57567435287938	413.63960070017043	361.0691347444125	2103.375397942057	-4397.5259362526695	12.675154452948252
?	150.10673641991818	11.029147236731081	65.92281260778256	-139.22185226934874	403.2402758586093	-343.43956500522467	2024.723368681943	-688.6838380313378	10.171312363052166
?	152.53418598407688	412.1612472307455	65.63176959678498	69.61941579345188	396.4676224499092	1733.8961282498549	2068.94120604049	-2828.535893983032	1.5589627390866616
?	170.71479878145547	-89.06718461686458	69.40378339745516	139.58831900438344	489.93508227110215	4259.356678345162	1883.2965739827912	-5429.651099640014	3.764106761966862
?	148.08082675323365	-821.831522041329	72.61118554700416	-70.21333294188247	609.4354563671675	753.6453645669092	1797.4586510584893	521.55857599193	5.768692093918864
?	129.623222679389	-2981.61653506467	65.89311675036103	-290.6994160113739	527.6173504994476	993.5771618614117	1909.3745027823877	2112.7733073250583	7.190700878340776
?	-1	90.70445547688101	58.07621474643545	127.05804106385176	659.1143144602381	-1170.6430214891657	1903.0973164247423	1974.2611378576094	-1.5157871029512406
?	134.15844545323304	2324.8180165332005	72.24601880355363	284.9790757918753	469.0851994249893	-1616.6456630777825	2008.0875596752683	-3279.753877014952	3.8980032015276684
?	115.24090082666014	-417.1489395614295	72.32516853602922	-107.27363162148056	578.2820313063489	1992.876136747547	1739.1096225739946	-1058.2900802978875	5.855764354887162
?	113.30099847516155	-2324.818016533211	66.88233722247959	-22.452471182081773	568.7290062623667	6632.815160121346	1955.1730556603738	13084.010243474837	-1
?	-1	-2286.0199695032393	71.20254497692514	20.962050191979035	909.922789312415	5398.455757488017	2393.310134747734	10675.847687733396	1.5815261319464997
?	-1	3672.332323701642	67.93043973207854	-126.94820966184994	838.6517941367666	-4784.021663103564	2488.9654400470417	-2592.2248026501074	0.8960375856838595
?	182.61661618508145	3342.987260443309	64.85513449383267	122.86582306530663	670.7217061572377	-9821.54941695822	2263.698894615229	-11452.351885112279	8.94018511183127
?	166.14936302216486	-766.0729518107114	74.07373088534385	198.4764626289369	347.5743232888574	-6780.49498332935	1916.3478457914298	-7873.0204871715805	18.85621579523816
?	144.31296859454602	-866.1021633593176	74.77895762527948	-57.886651000964015	331.69695699077135	-1236.2637392519682	1870.0478702566515	-6049.728417129781	14.603101911615674
?	122.84425485419914	-796.4130872672195	71.17939833529566	-151.96072169956122	285.7611363262592	572.6117812283312	1613.8614249349419	-6908.968684917729	9.747881587292989
?	104.49231423118519	-567.755875338479	67.18092154030144	-149.0474949106199	360.3275460521878	4706.164029979725	1524.5994360107663	-46.783802873433324	8.404933420636429
?	94.45646108727529	-335.1476553648323	63.72702358976469	-186.2099838159957	521.0693378252446	2943.1901362215444	1611.5222347912702	1197.6880782805345	-1
?	87.73493146294364	-1909.1292217455125	57.87042234950169	-247.20731793579648	507.4870528632645	-994.741936730875	1584.4838399247928	-326.07674340121434	-1
?	-1	-1774.698629258879	51.36665769297491	-244.65850014637257	471.332240988701	626.3867508637839	1595.2183976212095	4009.8036133033524	-1
?	-1	0	45.6374973421831	-78.91927678141968	538.8063904064536	471.86357239300315	1784.9740205899598	7137.662832519916	-1
?	-1	0	47.42069385390394	62.8098477595669	494.9254196083511	8626.386352002266	1952.101539247204	11753.871325350907	-1
?	-1	0	48.77798973016144	-11.655115290955292	970.1257080065653	8336.295744603145	2372.667586857503	-1000.9195498973339	-1
?	-1	0	46.83793808935618	7.43028062425398	911.7402068385069	8331.566472134991	1902.0555617523376	2960.769398845497	-1
?	-1	0	49.149503761374135	2.673838342282702	1386.7040316133134	3316.904137249417	2520.7060567997773	6449.961132186954	-1
?	-1	0	46.97163000647031	62.818287234235946	1077.5854137009771	925.3963234885929	2224.553618361684	-1999.8169530733119	-1
?	-1	2626.659916909042	52.29041812308592	113.89638892110182	1432.973847787743	4299.2122455084445	2420.715209146112	1953.8592529985888	-1
?	130.33299584545162	2627.9523864339494	52.666449452525384	279.1071805339723	1292.5460259763986	-23028.879995678417	2322.246581011613	-15308.987687525369	-1
?	130.397619321697	-300.2008220025578	66.24577714978449	281.7045286838472	281.5298480038261	-20489.715698261716	1655.2658247698464	-13690.382742953156	-1
?	115.32295474532378	-325.2080686234481	66.75167588671769	38.52740214419767	268.06024106331637	1457.9521792958253	1637.727443863958	-2113.3604818925264	-1
?	114.13721589052464	-221.476728401015	68.17214725699436	-88.25222081321573	354.4274569686171	2773.452870290891	1549.5978006752205	-562.9648079408728	9.383019866282924
?	104.24911832527307	-2302.744317810501	62.33906484605692	-238.5775039144535	406.73288457786043	10356.746113543593	1609.5792034669144	12347.282849740017	-1
?	-1	-2104.982366505469	56.24327206127173	-106.89087313525543	872.2647626457949	381.0891499062179	2166.961943162219	2239.3110248730577	-1
?	-1	4296.167840921216	56.99452118929417	78.2720731333579	425.78734207317126	-689.7370102925063	1721.5447547105668	-2869.27177291555	-1
?	213.80839204606005	4414.884248467974	60.15687571793961	397.647465900133	837.7779121311697	897.8190351716112	2023.498354516442	-7009.018229055834	-1
?	219.74421242339793	560.9393971264288	76.87689448430075	367.6983747027656	470.67829383175166	-6985.630256394752	1371.0938432577764	-10786.544023541917	13.269863903726625
?	241.8553619023814	522.9993488083705	78.54179445307783	-25.056756524163095	488.4963993114334	427.1578657308548	1484.1711533393482	-2326.2346268373303	15.747453832684403
?	245.89417986381636	-166.25897451006895	75.6240566580926	-276.49273649649683	492.0361871182943	61.55324875152382	1254.7821119159103	-5054.098240805952	16.271921930290183
?	233.54241317687797	-761.497678230749	64.71715762825303	-196.21212865835403	491.57406174900956	-2063.74690373118	1231.4662412990515	2375.0158369675587	-1
?	207.81929595227905	-863.5159417018721	65.81345022517493	116.670710461306	388.8488419317357	-1832.5230631654333	1373.5329037642878	1229.4919744082606	-1
?	190.36661609178452	-972.5417005926289	70.55069315131831	168.81598478662372	399.9479085907382	4412.739542208678	1292.9408400194643	-5395.5202381883155	11.2207664702559
?	159.19221092264777	-675.326588256524	74.25424946450609	32.068101982843984	609.4858190421688	5932.1759741553315	1103.756891854873	-2794.3121801523384	7.1065840126171596
?	156.60028667895844	623.6422337435214	72.1540982504605	-104.97191802412866	696.5567072985037	1229.2845010478525	1153.2252310118479	7245.931732184534	11.60454188912192
?	190.37432260982374	1941.454175411934	69.00565356329967	-70.01673061678244	670.9500440945612	-2367.6528012504164	1466.0534784640984	-502.1211669753729	3.9397988917692657
?	253.6729954495548	2055.4355458368295	68.6532617196214	-80.39426643709163	578.1740672359833	-1901.8746195239487	1128.1191726630793	-5819.315456660941	8.193130915002625
?	293.14609990166485	-5093.459908991114	64.9859402414451	-265.5347459176641	575.8563131183641	3491.849068532143	1175.0877056310524	11536.700393242909	9.904650412522235
?	-1	-5882.921998033318	55.37652442373824	-276.45329925289246	752.7665206625899	4843.24746219212	1704.9541923252227	11179.829536964357	-1
?	-1	0	51.16327527880053	-181.51535202685133	818.0186862279693	1166.3361982823626	1734.0791824792682	6136.27739808392	-1
?	-1	0	46.300756822395705	-119.22416901772337	811.0833305767078	575.049342249549	2011.7680622294176	6520.2590326559175	-1
?	-1	0	45.202066827914386	56.914386933131794	846.7711533404466	972.8851910975766	2060.092134112063	1514.186630090454	-1
?	-1	0	49.146476169052285	112.4462849105461	859.7275901315865	12272.223786205532	2087.47739373394	1500.1676371523133	-1
?	-1	0	50.82438107344167	112.20576390234638	1460.382342650721	-4157.860285001317	2135.1005159696783	2014.8696811076913	-1
?	-1	2913.200945884483	54.756764364169584	386.83709116122395	651.8345758815214	-22175.526396929552	2188.2208777893243	-2738.446092525642	-1
?	144.66004729422363	2958.950490511954	70.1662356315028	368.4303274243321	351.6060228042474	-5776.473234257591	1998.1782113433967	-2596.253575735809	14.555340931684352
?	146.94752452559717	8.094244534214028	73.17828073538612	-17.970828931885087	363.01091416864284	14989.104562932906	2058.4081990025343	12107.976472487664	18.58835797869508
?	145.06475952093433	-2958.950490511954	69.26769418490855	-152.1947991006618	1101.06125095089	11417.162611520274	2603.5770349677778	7524.949705620501	3.1308233839295183
?	-1	965.1254559852913	65.56854078035306	-186.2304926928497	933.8690447446545	1640.4858165881446	2434.655684283558	187.5665122828111	1.631799009917166
?	193.32103232019873	3490.264058231961	59.9561695502661	47.07912037425575	1183.085541780297	-8642.79935398387	2612.9553605819183	-8009.306204354681	-1
?	173.51320291159743	-321.98891420361576	67.92249679906584	196.84666660422508	501.72907704546253	-11667.763410544721	2034.1903740658254	-29664.838718383675	16.185952645974297
?	177.221586610018	564.3581505359115	69.79850288047732	22.89059982857574	599.697371253063	3173.9218358778635	1129.7134246627397	-13250.797492468193	13.737870840188515
?	201.7311104383929	1480.0946775664127	69.06702679049462	27.775887940537515	660.4251688393551	626.3987364154718	1371.650499442418	7726.875849831272	9.373582374746913
?	251.22632048833836	2336.3455374048394	71.18729727750419	18.428788166733973	631.0173080738365	-1258.9868778928576	1516.057217154302	4654.234833873477	7.653814250144983
?	318.54838730863446	1638.7721662009637	69.98846619883132	-205.38373596496572	597.4758249447125	241.91080213802564	1604.3622411360911	2159.691672822017	9.784970960375716
?	333.16492879838626	-6390.9677461727115	60.91811047925594	-337.7227525923555	643.1128481807377	1097.6929309308496	1624.0418007954024	-1489.2200319585488	6.437455652882672
?	-1	-6683.298575967749	53.102328569213604	-229.83746946113553	652.3604714912548	951.2102456271657	1529.901239538164	2240.824927827165	-1
?	-1	0	49.4262370061992	-46.013832117073456	690.6733604620958	1156.666230798473	1736.0830471867603	8492.658116531973	-1
?	-1	0	50.80163696335994	28.051500842148258	710.1937830311782	-929.9233569810223	1954.5341453647611	5186.501675086247	-1
?	-1	0	50.82881204830661	-105.70581606847605	644.1771926130449	-1170.2681345640094	1995.4081309410717	-880.7851772726267	-1
?	-1	0	45.516346159936155	-146.6087603195937	651.680376302978	2848.021732619646	1910.49488650113	2624.780591507934	-1
?	-1	0	43.49837403232695	162.79598952060596	786.5782792440267	9224.777008968506	2126.647160516468	6878.781510937881	-1
?	-1	4126.4070899883745	53.656145635966425	388.62972961375044	1112.9192267514015	-4347.389696042998	2254.4339620480227	4833.634650468693	-1
?	205.32035449941802	3365.4906641882158	62.929860513014404	187.11472156632405	569.2087944418776	-12599.90492826043	2368.3288930399017	3973.8745454080486	-1
?	167.27453320941018	-4126.4070899883745	63.011881714282595	-176.58028718221166	482.92398033838225	134.7084503068577	2453.1276893184245	-343.5187839579715	10.52200516543511
?	-1	891.7232225508369	54.10084615390385	1.8466117899335255	575.9442169572204	4743.62852937804	2351.152953842003	-16232.84372611535	-1
?	211.86069433695187	3844.0311858685996	63.10421230377927	375.55120928425345	720.1054068072834	-2582.5258379781635	1641.4855030126598	-27646.83446405266	-1
?	191.20155929342928	-732.0212537215375	72.87840661811646	51.61850748911807	446.8179250583127	-6665.726816163093	968.8112306393749	-6752.6573797849105	13.83155360997774
?	175.25963165087512	-61.666309536324995	65.68513767823517	-343.0796930690608	386.81906599913	4335.550091606543	1303.8526340234155	21413.18190248695	4.91484053203758
?	188.11824381661305	4643.01695497091	55.72442196466348	-79.70149687506762	663.5954296386391	10705.08550481639	2039.4703257637186	13682.981906622816	-1
?	407.4104793994198	2047.8737729198324	61.7000628344818	155.09809343624835	922.0733412399476	-6180.489409300051	1988.0017293545538	-9296.972671374184	-1
?	290.5119324626043	-5595.971998010383	63.47932663647587	138.91670771176015	354.5709591736376	-11256.275062265446	1574.621692195011	-7976.551558362749	-1
?	127.61187949890167	-3529.173122145799	68.64589822006978	75.55728727199137	359.2595881266773	-320.7736783550456	1589.1741514364178	898.4232735865121	7.368816500772828
?	114.05327635531498	-105.64590605087469	67.25719100007542	30.731127387926275	338.5322752558854	1425.9265255276187	1619.5428558743365	13704.709546817856	-1
?	122.32958419635796	427.5570239963552	70.18245458946609	135.91458219774515	430.55591440305795	4870.940332257981	2274.409628777308	-13040.820419443095	13.374956116574841
?	135.43112755513266	946.5707925146762	74.05292010996266	64.05721577656658	582.0792918687836	3418.9051980274357	967.5018349021841	-16338.752702864047	9.100301604782004
?	169.6581238220916	958.4091197165958	73.38531537829441	-80.32560930082099	601.5011743044291	6688.487660131558	1457.4719936341087	23687.963188572063	7.02991061011361
?	183.35158354096228	-3413.162476441844	70.03663964492162	-37.63934324407116	916.5036748753603	10978.488480997927	2151.899994330783	22397.056464397767	3.6305031412641657
?	-1	-309.77291801266455	71.50334821609086	7.007222330100571	1150.4255983543235	1028.206660046682	2577.324816853993	1340.4035467698716	-0.4262986789843481
?	167.8629376403291	3622.5104839948003	70.38700076142665	76.81347682464973	967.9140078776942	-13099.902972371472	2218.9201716692764	-12999.68000944883	5.252895438367386
?	180.12552419973937	1147.4942037253522	75.34402205732333	78.95761725720575	495.4304497357522	-8959.713074240355	1927.3408163815539	-10018.797180672345	12.52410790133512
?	225.23764782659651	1280.8381988916744	74.33488162428692	-187.46480198514243	519.928354165678	1852.703988513674	1717.980312635661	-6028.604465013517	11.211765344266201
?	244.16743414432287	-196.08473859762867	65.97078195806624	-74.60237095183145	588.0656491614355	4297.139851244773	1625.910593130879	1335.5460378965429	11.276044922977562
?	215.43341089671512	-1755.9043658075404	70.60476307669536	112.30376096804503	734.7853467279159	-1100.8393847642894	1784.757614530488	-12929.678634255184	8.119166089549854
?	156.37221585394616	1810.6434914067247	71.58597000646847	-85.44512303288884	533.0236799232213	1296.4401936175204	979.4266614181222	7722.1164523880725	7.278673682619795
?	305.965585467051	2259.3612523879665	66.33250692505094	29.744879958169683	799.6073564087917	4056.7526082070626	2170.86343714989	23229.8713972477	-1.0090258377585226
?	269.3402784733441	-3401.4829792533474	73.07321400437695	99.3061738953211	735.8613103335737	-8265.907011262838	2140.9202312805032	-799.7962832532477	7.093337840357956
?	135.89143650438427	-2901.773167894521	71.29781561981697	-48.502403782538465	386.31200584565124	-5827.375859522326	2130.873622987228	603.9138727731846	10.064454693063977
?	124.25162007861854	-428.5418506049201	70.64809381525004	-68.64449917909464	444.4925173574584	3870.9409335111127	2171.1159249191624	-4881.47484800761	12.050699229789434
?	114.46434397413834	-61.371250405163316	67.86559066086225	-154.7846404696936	579.8590525212062	8853.58944479532	1886.7998805868483	-11488.317860598918	9.163155679012592
?	121.18305755836039	548.1713273015839	62.90886179176538	-0.4135299363036907	887.1719895972228	3085.8351110315534	1596.7000318892185	-9999.555450046191	-1
?	141.87291033921744	1572.3014636239668	67.84491416404707	149.77692079898998	734.1508080727833	-2719.581708011979	1386.8221080845406	-3030.2164500635417	4.609383537137431
?	199.79813073955845	2594.2228444102097	70.39770783171485	68.55406307501109	751.1929041966243	-3411.9986652775797	1445.189209386042	2337.154921078426	1.7338323175820485
?	271.58405255972747	1606.4229244981	71.27261731779761	-35.82474318938934	563.550874808905	-6349.286432977964	1503.6798541384615	-889.1748903850462	9.10273756927738
?	280.11927696446315	-734.8366974783907	68.6064706722454	-96.95988473297496	433.7285825477273	-1609.1148905438274	1400.7304648667898	650.5394350688016	12.995072667402663
?	234.84221768580807	-5622.385539289283	66.42462308114888	-284.823164886095	483.09513028171386	2088.3374600510883	1536.2068258919014	1839.3924995831296	10.035916076291787
?	-1	-4716.844353716178	54.365312427940694	-323.94794234619155	538.1454555502813	1769.2752253802446	1492.700089845946	4181.902418811925	-1
?	-1	0	50.22722596383936	-131.26705968215506	571.5588915507258	2071.3436550731994	1745.301946832497	7232.959367958804	-1
?	-1	0	47.80195944383296	-51.916918680481004	641.7126383039409	1629.5287467477272	1854.348058243885	4043.5073726502706	-1
?	-1	0	47.63138002981532	-26.068123895934384	653.0353288881119	2184.4761462192887	1947.4773154650097	935.1977998083099	-1
?	-1	0	46.49855324903625	-10.235365004984978	750.936445614905	692.707484894536	1901.1079482343002	-1126.1606111633632	-1
?	-1	0	47.11961177956607	-35.84048820454241	687.6707031328385	686.8223974376384	1891.1692849068418	1285.9390223626406	-1
?	-1	0	44.706528838809135	-26.28806370210365	785.2775654867868	484.70300359331475	1965.404899352432	2196.4588137666337	-1
?	-1	0	45.80520859446089	45.38814220234445	711.9058533125042	-922.7472752327059	2000.992225595173	858.0941265626901	-1
?	-1	0	46.97593594892635	-58.67664092088197	739.1402017251517	115.66500120919314	2008.3096056805664	951.711532873386	-1
?	-1	0	42.871376548416805	-62.804125814096146	717.6891033729638	-499.9830575953087	2048.577802238842	3004.878748048083	-1
?	-1	0	43.83572965822155	125.22582544118835	714.1410488453863	840.4785002795331	2158.55354308297	-1259.3395695718482	-1
?	-1	8811.876647812618	49.1326678204762	670.8140195644686	759.7130283869403	-7799.282979032573	1985.61082376025	400.6895153846759	-1
?	439.59383239062936	3863.1288261518234	77.37643063644487	595.6095918912188	324.176899893759	-6736.352513895538	2178.5880188522037	4455.30192884343	10.564432157662353
?	192.15644130759048	-5577.936875917605	78.91314741503703	42.17182071977064	422.8954026921646	1551.4552268440955	2208.3759202024207	1003.038351579702	5.650052492562565
?	160.69698859475014	-634.0417788060302	79.48502167243339	-31.77470604802221	401.7496612359635	-133.98506735265008	2228.7399364311887	-130.18324776442614	10.4368340181346
?	160.4543523672891	3320.112878796665	77.32441211263593	-135.9967038354579	416.19614932453214	955.3311881272225	2201.8667578141994	-2945.995037726217	15.242244369023464
?	326.7026325345828	5913.4065444476355	72.68518648066052	-199.14026597175095	449.51622064232447	532.8133110684595	2081.4401845448783	-2500.4159253489524	5.9362271728185245
?	456.1246795896698	3576.1664014120515	67.36739881404841	-250.45715502659635	442.836814877955	219.5825404486421	2076.8459615467523	-1401.6891383486568	4.007722013501594
?	505.51095260518474	-3489.343492396729	60.162328729330746	128.65000015198393	460.49534766475654	1312.7902221200886	2011.3557276274457	-7252.2128677740175	-1
?	281.657504969834	-7469.514827985643	73.79989882164759	328.5476535360813	508.4763259839592	891.2761789224667	1714.2353181580527	-7773.282419541911	6.723165562634973
?	132.03521120590392	-3011.399153214427	76.58971140613475	23.91730432683582	505.0591566108797	-718.9277611151479	1622.6916066503516	-2608.3204492338473	14.483669183131209
?	131.0875473091132	-114.7415070717092	74.99576403798938	-253.79346256167486	472.52993792820195	-1184.2409790885504	1583.8192956963608	465.26731870871737	15.773332366604032
?	126.29813585231848	-2641.7509461822733	63.900038278051056	-224.34694704799747	445.8471076564524	7895.57421953674	1645.9549725857873	11653.368106434169	6.356440135926037
?	-1	-2545.9627170463787	63.77841668558954	229.68976404816684	867.3086489050376	15436.183265174037	2166.487701018067	17207.614153417297	-4.276695126678332
?	-1	3463.3029332334772	75.38452648045936	215.2114958722314	1217.6562709151515	5508.470708707836	2506.335680256649	5459.985473576436	-0.10910511351012138
?	172.16514666167325	3203.3261439610346	74.53899147920107	-37.57805807914891	1142.7321843404284	-16033.275082664542	2439.486974696888	-13502.371234477225	2.7655960649615983
?	159.16630719805116	-227.92646315161352	73.50562357650192	-270.0882331213252	415.99251678192724	-14591.80334100901	1831.2171185327902	-11809.734599700902	7.303380566541269
?	160.7688235040924	41.65889872547948	61.03457982313462	-372.316091303555	413.1420172899675	507.63794335103927	1849.0002447118345	476.5478578222679	-1
?	161.24925213432516	-3235.3764700818024	54.8898190113239	-77.12437253815172	441.37441394947956	1207.4792644987622	1855.044511423904	167.21110770619123	-1
?	-1	-305.3077602174923	57.17836119622698	405.8843078665013	473.51598051490646	-363.90016796850256	1857.3608000971442	1671.139794643058	-1
?	145.98386412345033	0	75.18403440464925	28.451720418891732	423.1794055510542	-884.6489773306984	1938.601501156058	1016.1454467321247	3.901693168104483
?	-1	-2939.6772824689647	58.60094721717159	-436.42335130519547	429.2835316483709	178.3300763107272	1908.1680724337511	-183.3335413589176	-1
?	-1	0	53.36286683938917	-172.50127538481206	432.09590936659066	617.9197059142056	1929.434824088112	1231.4330328067042	-1
?	-1	4228.214943532019	49.97588344793086	233.4703145873494	460.1795169440816	3038.600239072504	1969.7397240740872	-6847.166849239446	-1
?	210.41074717660393	4200.511851437766	65.0363825687568	473.8283784454381	584.025921320218	3370.764619197299	1587.0764816261349	-15077.056498098804	7.455734134026069
?	209.0255925718913	114.0533095912219	73.6673023702031	75.1176439687675	628.717747903949	2526.4264059605653	1215.8868991691363	96.51762258828374	15.698283989057057
?	216.1134126561651	-4200.511851437766	68.79226476719524	-22.36925484058045	710.3472416182481	5404.380651958211	1591.9023627555491	13604.62290922491	7.99151859226428
?	-1	-86.61127713594784	72.54883962817407	33.952923562158986	898.9367805018634	349.67887739295253	1896.1180446303915	7274.724090414544	3.4076133448951635
?	211.78284879936766	3745.5971669717096	70.48991094530321	-61.36305837049432	727.8311854878959	-6453.625072349543	1955.6385672762815	-4056.0176580937346	3.679513697475432
?	186.27985834858814	-4255.656975987293	69.4806867096493	-255.309771228245	576.2555268843817	-695.7642146670347	1693.317161725702	-6780.510217848881	7.000618697541334
?	-1	-3745.5971669717096	57.724422383890776	-248.63157163560888	693.0429747545437	323.43268747926	1616.6130563838326	1443.558011943112	-1
?	-1	3688.421275061922	57.049108127868685	325.8475673493212	592.4271612583449	-4621.88346108167	1765.4950623228585	6747.812241471493	-1
?	183.42106375309874	3344.9053117903086	74.01680075135707	250.4256097068054	461.9488017004569	-3695.928493965406	1954.003668457412	4399.203098299264	8.355049473280172
?	166.2452655895178	-388.15227026724205	69.57038861320913	-68.18124209722004	407.63073656007197	-1250.4780226991663	1985.4552172378249	2359.3763040411277	5.662277251582347
?	164.01345023973636	-169.4868977004721	70.60773864649602	15.871497786674299	399.4249005654977	1806.9411098658263	2071.97248365947	-16314.897652382893	15.202488248427812
?	157.77092070449407	-264.6654077707577	70.36396350254286	29.02709473724103	497.97779205336457	6242.949423390818	1169.7103346186686	-15998.199184428791	11.333426557809743
?	150.78017985119828	-184.72526713066623	72.05909338335809	11.607053394381358	711.572371735043	1401.9998373256446	1272.0625244380192	4711.081955193405	16.0714473947469
?	148.53465734796063	1158.188867973929	70.94431617226194	-97.08687217062793	568.0777839196478	-4170.773952060331	1405.2644323783422	-8127.134531206862	17.58663622061341
?	208.68962324989556	2543.257525958471	67.20474977482662	-281.23181165234513	503.0336741320235	787.2491958298681	865.7057978776703	-939.6749830690445	11.918318262196195
?	275.697533645886	-4193.792464997851	56.88272558964448	-188.7227227097428	607.4402437111418	7466.691232490444	1358.2806832248893	29255.194787273715	-1
?	-1	-5533.950672917641	57.76861363933935	23.966445992232593	876.368235756551	4197.647029078102	2328.4655372413768	16777.00739772953	-1
?	-1	2637.730351263251	58.081047889256126	134.74796575192565	817.3225951650499	-3679.9509425465	2197.1310531113777	-18681.5129459554	-1
?	130.88651756316443	2284.834703726785	64.50601192693573	181.33934669809062	692.3706886292234	-3309.792713061448	1394.3898899435935	-5037.551078111252	-1
?	113.24173518634086	-610.6445571984266	67.14801522416079	-92.36066202442356	651.8329595119751	460.4780124882066	1945.2534992058115	14415.884654091346	10.638868003881237
?	100.35428970324267	-2284.834703726785	59.887978825714484	-184.9262795973116	715.3945892536341	2020.8467268025684	2115.184122648171	1444.1276506827876	-1
?	-1	1264.988314949547	57.901701244295076	110.09874019802893	752.875295852105	-102.99765070128014	2017.459881739952	-11834.611359905293	-1
?	163.60370545072092	3067.761512918689	65.39291583561601	325.68539960343406	710.24470671857	-6244.562561819098	1523.453554652898	-3357.55417271999	1.6263217916627428
?	152.38807564593662	-3292.0741090143715	74.18597122446701	102.95506774198851	440.6471677611456	-4525.621542444673	1849.58217310395	10526.142170510411	8.792272531967743
?	-1	-248.32826844404212	70.54066922271551	-118.8882528058136	483.96362959633313	13861.453638909734	2049.760663178426	6404.891968475449	1.8812171085129155
?	139.97166222373434	2543.5186662023675	68.24155858417625	-55.509439320458746	1133.7198497066422	2892.895074963351	2169.826771527727	-3721.2178322563404	1.2627117256720597
?	126.17593331012017	-534.4093326166277	67.76519725669253	-64.94525756594264	628.6083833445027	1448.0437081930424	1863.6997715656064	9313.186899600827	8.994774172283924
?	113.25119559290258	-2543.5186662023675	64.99429570587907	-36.90418090879153	1206.1220351162954	19359.51541336367	2635.486116507775	22898.377655390483	6.820634411968122
?	-1	577.019049994228	65.91998821125293	-78.22260325644893	1596.5841540127	11792.202982147119	3008.618654335147	1855.0250616867115	0.07553623201081808
?	142.10214809261439	2489.1751847649875	61.083165543056566	65.12482351746534	1795.7321842236597	-24636.458409873532	2728.237369592112	-19259.307495088022	-1
?	123.45875923825115	-549.094313904127	69.17622938712624	160.80751187806243	364.761233519006	-26333.10691672856	2045.653279580732	-19786.22642391157	10.064377704917458
?	114.64743239740764	611.6496829743848	69.1235411369598	67.91984505821904	479.07683838721306	2538.7428215389996	1738.9260483965195	-6186.522419823303	11.045144894159405
?	154.04124338697082	2131.918401408408	72.57222164003724	293.3634757094252	491.6983745959578	-551.4522184629847	1736.3271585895625	-12262.79466328709	5.8425836079443245
?	221.24335246782957	2113.289567578556	83.79171492243127	63.856592798607835	451.50422746406343	374.84358361778084	1125.7863152321563	-10364.330464878461	12.394379719049272
?	259.70572176590014	324.9558409449127	75.76505127996768	-385.23063627023896	510.4405537768471	956.0962304833777	1218.110635345632	3068.623530894717	10.863344209430512
?	237.49114451507543	-5214.114435317929	64.53018310891905	-178.13241726529557	499.309038988233	363.6020250319273	1279.2174917768943	14873.672553384302	6.800593900177344
?	-1	-4769.822890301441	66.85843041670277	21.5491271503083	528.6206550284437	938.2789633218355	1961.7942630148577	9722.510742185594	-0.4643815050252471
?	-1	2152.206136197216	65.60763946643448	-8.114075978485742	546.2229871543254	-38.50234555894931	1765.343028886181	-8652.988529593644	3.309519787456859
?	106.61030680986234	2162.8069684253574	66.45272661777848	-44.84319712837667	526.6955377504962	-213.46070302811918	1529.1448365351694	-6195.463896446111	2.5787329341694534
?	107.1403484212694	-39.65763647879641	63.36547961001561	163.22665482549917	535.5499520029193	1748.9452768734147	1455.569834063871	-2682.6170027164226	-1
?	104.62742498592249	5639.259677800197	74.61405935905356	260.81099856911095	614.1428015941682	328.58091777139396	1395.0139863993463	-1792.6024498074385	6.029542507803464
?	389.1033323112832	9366.560243783582	76.40602953847134	-58.35765176068835	551.9789978914893	-2079.9698914048795	1365.9397115734978	-2061.7613616143335	8.284623679095372
?	572.9554371751083	3793.81437856742	71.6961767710191	-176.21964703433412	510.14430702392275	87.5230326404436	1291.9259183186282	1393.0356100781712	8.205749942169016
?	578.7940512396569	-328.51925851088697	67.59504718675451	-80.13236006027825	556.3551495235115	673.0207130767196	1435.5914920774073	4444.597525246255	-1
?	556.5294742495637	-1436.8458179611707	67.68955876800513	-27.365938134979228	543.7953426777592	-1289.4510328549857	1514.155794580944	-1178.2071575722616	5.5000279108151915
?	506.9517603415974	-8884.788683847915	66.22675028000553	-26.154409362195477	491.8825978807613	-486.19514173713003	1376.6811341987934	-2156.42049706246	-1
?	112.2900400571616	-7083.818442058372	66.38183829989534	177.99213509065257	519.4855855909024	-464.5444663017249	1406.3347697278195	5226.319329964274	-1
?	152.76083823867373	1988.017406158124	75.12635703453829	341.7224717551815	468.6553745656747	-2200.980015303655	1637.9971006970109	5929.688442913868	5.057507524978315
?	211.69091036506921	1237.9284376954156	83.46796188765465	58.29692130525702	409.43658482571806	-918.3888183203743	1702.8191918735172	-6700.085268035186	12.507036148775995
?	214.65726012344538	493.74249500615787	78.04120309980118	-92.97952493773958	422.73593364965535	1834.4248570698005	1302.9928372952468	-6902.705825679238	9.779282883577087
?	236.37803511537746	92.53316044580781	78.81898564076761	-78.1803929277169	501.1578276792094	2877.0763412451233	1357.6839005895504	3560.698394638475	6.2075741222247185
?	219.28391814573584	777.3147702593949	74.13218345341528	-174.98492424460048	566.5897507119136	-218.69641834825447	1481.027757027173	2333.6657082363886	4.871478795393362
?	275.24377362834775	225.09894288364498	70.06973942853746	83.54338776950664	490.2230067617965	-1527.2895547435155	1474.3671860013715	5323.806314838882	6.654651726266966
?	230.53886528991825	-1250.8422939652482	78.30935284189067	170.6962979776894	490.2252729747367	-557.0924849243943	1747.218072769121	6366.296013621028	7.15735972553384
?	212.70165893008445	-4630.7773057982995	78.60455432742205	-136.65933799664293	462.3683825155764	-519.7031596093433	1792.6819866824274	3518.6742360604785	8.535745370355043
?	-1	-473.4664979668413	71.47638594205843	-67.58082326941678	464.24011499426916	1550.8555525033087	1923.1517845721473	-10044.234923365388	1.2591429124355191
?	189.02833403174205	3400.5172299442647	75.22551316395116	122.08946617445318	539.9111601407429	1577.9734906376862	1290.4702405141509	-6117.6599636519895	5.7471167829135235
?	169.02586149721566	-383.705604840492	77.58085925078117	-209.0978669285657	543.1387895261546	-193.3433138816708	1617.2687863895435	14641.765035738374	10.377893546801678
?	169.84305378971717	72.7509716373596	64.77061981752273	-220.92723478884665	530.2439944466593	335.3262011388367	2022.55849230108	378.9198663841981	-1
?	172.6634100790837	488.63074814289394	66.53449751133869	244.58892711701588	559.9050995830967	1967.3145272277718	1636.2147797087537	-17378.266749664166	-0.7962037874418478
?	194.27459119686222	1191.7592136572991	77.0000661733737	122.28907807591295	628.6097208080493	2014.4567405960297	1153.6451548178593	-9014.493026314194	6.391078271748755
?	232.2513707619495	799.0380070303996	72.64895141513442	-114.94353175789122	660.6279366128996	1231.2213524232818	1185.4901283930376	2512.8813225044228	-0.18518109186776133
?	234.22649154838277	-4665.027415238924	71.25288958547905	-232.43631185349142	690.1707884292142	93.9025127816067	1279.2892209430822	2037.397449691983	6.890005031065035
?	-1	2483.1874430965054	61.027135822459684	-184.74644254676755	665.32306225198	926.9249926400612	1287.3600008776382	4053.0502589566836	-1
?	358.3858637032098	0	62.015567458140545	222.39037690979782	736.5170380612179	4309.250066617845	1481.9417338909193	25056.576304138292	3.26697495040087
?	-1	-7187.7172740640935	72.14665466794973	183.51717742593488	880.7855655828753	7833.01869276293	2540.1888160845706	23836.069489361114	-1.7844988294675637
?	-1	0	71.19142632943742	-29.17456518574924	1128.16797269937	2319.695145377224	2673.745208358992	-2519.46846732295	1.5890818082831226
?	-1	3942.440042067782	70.68792640866225	46.7795502404734	996.7703228517381	-14832.930219221138	2414.2153927184213	-11727.159462009264	2.4971567898335287
?	196.1220021033919	3574.2028702308226	73.53040384146112	-25.94540677182627	386.52146173830255	-7838.317008868751	2087.3872352585204	-1080.0096575529396	11.326138194147502
?	177.71014351154366	-897.7472405622829	69.39065607007092	-96.36332208312501	604.854472408295	3686.3079107831422	2360.2149098407735	1917.3646281458787	12.08559876317526
?	151.23464007527713	-826.0564882678968	68.7122377373048	-122.1894779573783	570.8368572774623	-4538.442133765173	2183.2554666658157	-7787.387082766689	9.221495567451223
?	136.40731909814824	401.2687537905498	63.281182172201916	-48.16402798952839	377.93236572003315	-2983.3911025348716	1970.8455557024336	-1862.7403759305444	-1
?	171.2980777648049	1140.3478950697113	66.30403633782835	129.21691020325937	421.6673021507166	1995.3576629910867	2090.118447869287	4435.870357575787	10.941200307618422
?	193.4247138516346	475.2474166741303	69.74202768236498	40.21818370093797	477.7002488695889	1234.2681131923423	2192.639073581226	-976.981186359262	8.79475229493687
?	195.06044859851175	248.9874571466355	68.31494552287528	-185.38670672037915	483.38070781033457	1501.7277306790165	2041.2693885513233	-5215.434361641141	7.91017556530025
?	205.87408670896656	-1396.5486680009926	60.47269234634589	8.486718638741188	552.7866354035408	3159.3163372688086	1931.8673554991653	-17591.282757016183	-1
?	125.23301519846113	-4137.481734179272	68.73928145481234	-20.204419508010144	641.3465246737773	3130.5401475172503	1161.7052507005017	-611.889660401112	4.187048693630751
?	-1	-2524.6603039691868	59.462471370945366	-211.66515799722202	709.3136427794055	918.9241780787557	1901.2728724791093	11562.462927550023	-1
?	-1	0	58.15602355495109	229.7210037694343	687.2927335777157	1201.984496837448	1739.828397078011	-10378.45356769081	0.6335919721241566
?	-1	0	70.94852155941724	37.38409105026523	769.4128676212788	3258.2074285192302	1382.3501940945614	-1976.9752447630335	1.8633813362151634
?	-1	0	60.02522810746438	-253.25621311774378	850.2031050036795	2899.5569969634194	1640.979634839858	7290.228878974063	-1
?	-1	0	58.285710903529875	196.4061348436774	914.3907174694518	-8326.461473097925	1746.8616380432697	3745.669317014241	-1
?	-1	0	69.84553484964839	182.74267145662176	433.8800313487774	7615.246152366472	1828.2631006905726	12620.146213696424	4.718953632838192
?	-1	3462.2962873523543	67.42284447636109	-120.07364407535235	1295.1530250877809	9154.81418536855	2377.8689487281	6239.893393616388	-1
?	172.11481436762017	3621.0273476259126	63.841852645880685	205.69613460560495	891.6207406172114	-18207.53370124955	2140.2577703713964	-7950.170735390994	-1
?	180.0513673812982	457.93909729822906	77.70765120664149	286.4626490213178	384.7763400252905	-9861.178873506015	1980.3604119585445	-2472.119929843417	8.526667610225783
?	195.01176923253195	310.7270995288952	78.16498509694678	-90.99459536313516	398.5617969419036	-203.941068206696	2016.6517738792238	-235.12086639272758	11.639833260373702
?	195.5877223577432	300.04892728579904	73.15792143848466	-31.927767684900743	374.57928661495555	422.88288043235036	1968.604368638908	-2092.8839253580213	7.1533020309957225
?	210.0142155968221	737.8184184455072	76.56859671270172	148.7656583281934	419.7059409635214	1154.8817432269943	1912.0075776113213	-3598.2049020793775	12.984646528785442
?	232.47864328001907	269.4578606506663	80.59620435489444	-60.591789353412075	432.3233737763061	-848.4881571371379	1788.6941235349366	-6821.076209554852	8.798586602316954
?	223.48710862935562	-39.79111317991908	73.53900724503107	-300.86598958584375	377.2815331066639	-899.9743731663054	1570.9537671335738	3661.0564537570535	9.862391131038619
?	230.4890876210231	205.39050698524184	65.55290487560204	-151.53837557591726	387.3246551179902	11567.45119615035	1971.7469462227918	8468.558740124016	-1
?	233.75663397861786	465.4404674992028	65.9620884662351	303.1515686401459	955.6540929141896	2781.188996149131	1994.3817041397806	-4148.954168544997	7.2794641842175745
?	253.76111099598356	253.43076732004002	80.71048330760955	117.18449689094034	526.3841049254487	-8233.964492729114	1764.299237795539	-4427.908829957329	14.47429228558384
?	246.42817234462004	820.9057284899861	71.8213133107822	-158.46293631115773	543.9558682777281	317.98185625946877	1772.986262641911	3214.3017264352147	5.458740904309389
?	294.80639742048345	348.4496534726317	72.78733649205155	69.46519704484346	542.2831977384224	-1628.520523693456	1925.014324117302	5487.4913794133445	1.8564752069339778
?	263.85065501825187	-693.7476335638386	75.29457316302442	-218.19191248874478	462.5298420930541	-1451.677078839418	2047.3608316125822	1506.3947441771202	9.829669369531889
?	260.119015742291	-399.41524278227746	61.87774086761416	-28.03932460032246	469.6993437964504	2631.3289869352957	2000.3340613261591	-11919.099960240845	-1
?	243.8798928791377	-734.122264983034	73.89260693300828	219.15633758933538	594.0962914398208	1475.1097700780447	1451.4058336005314	-9463.609716649364	8.181383048895224
?	223.4129024931388	-1947.879859188745	72.83555774708108	-77.83542840111781	543.4548323003537	-2704.906639224978	1527.1535754936842	2562.227602252551	7.668572861011514
?	146.48589991969908	-1159.3870548928767	70.00083551295234	18.481889269943984	458.85095947856996	-2188.9379132173267	1579.5172137131608	8142.747421260245	2.4347299589908356
?	165.44354974849415	699.6061842934953	73.7596522105783	244.31546301701184	434.0079366394858	4594.460459636123	1934.2909465567022	-523.4060280112016	4.201518902772973
?	181.46620913437434	776.1426347259007	82.2166086638031	161.2989276362671	688.5739824603794	4282.932366936298	1553.3469123126004	-8729.180038193406	5.673548422681206
?	204.25068148478974	2259.71491516855	81.82459859239177	-58.56957165296566	648.1545549863038	-5311.805116893795	1497.8319446470257	-1926.0625615641811	7.110765938780908
?	294.4519548928034	2711.8326919364254	79.28813008115478	-109.5761299759586	422.9837266156859	-3269.7371219145625	1457.04378423439	-1757.7186973995163	4.71631334892499
?	339.8423160816129	1426.2006458911062	76.34579209359376	72.47127463579557	484.6676988905733	-515.6371139444088	1409.9460097770486	-2619.4946101670384	3.283941235171588
?	365.76198718735975	668.1876671137691	82.9116938129446	215.1422941322557	397.2018709184651	-131.5225115443381	1326.0690537260361	10440.782701733535	7.274687336714019
?	373.25169943730185	-3266.265712994658	87.1029068002067	12.716326356880177	478.0915733133563	5126.824044295799	1931.9851448637328	-2055.2445586876756	4.909861839627663
?	202.44870153762454	-3183.822807363426	83.54751013078862	-107.87175788273674	653.5430731332586	3528.561026282773	1223.306825791651	-14710.66168107324	9.929295541660292
?	214.0605590691283	415.1330049224291	81.70931890606978	-22.04864264104455	654.5196246274975	-1713.6309476757885	1196.4520608100604	6801.933908060513	7.538017246763732
?	223.2053517837463	67.07986579397034	82.44507799873638	-103.22245927128729	567.861525749468	-260.8580220977919	1563.4035211946814	7569.237042798338	9.345329299947055
?	217.41455235882685	-4484.107035674862	76.54819594250535	-201.81060937368952	641.4767235226077	4450.962977396657	1574.9139129499827	657.3414163705136	4.7906471664459485
?	-1	-4368.291047176475	72.35454753005176	-223.5101081299606	790.409674619304	1079.5255169094191	1596.2705920132075	1804.0726184381053	2.8404137080638603
?	-1	5419.880975636552	65.37269053600716	-113.01309994308563	695.4529993680794	-1307.317977460004	1665.1175438718892	-5203.473371230324	1.555376795355977
?	269.99404878183145	5237.868326469913	66.7038925328974	380.0498367664784	725.0437757463029	-3146.3973496353956	1336.0969234516876	-4413.144752021759	1.1045444668683784
?	260.89341632349937	-683.4790463896081	84.37518237433135	274.190057256881	538.1331318863074	-1916.7142796457256	1444.4603062707981	13548.63196066595	16.45862873553655
?	235.82009646235056	-1299.9944286644247	80.41339539574165	-238.68932785723533	629.2080617640153	1978.8368911096736	2013.5285214849948	10314.059393970063	15.530132097630007
?	195.8936948902772	-380.8383969033187	72.44071598146941	68.39958252688052	637.0749764417925	-2296.5475966218846	1960.1632759693086	-13677.665929802117	6.574407392198964
?	216.77817661718436	25.51874508186038	83.83337452208572	150.50533060452082	514.3806819329194	-3918.3067387706637	1329.6452249948793	-6664.0521369549615	15.808352807704429
?	197.16963214437024	-4355.563532343625	79.96598251169556	-191.92720897592562	441.1596395032565	506.2713507046279	1626.9606691215558	17199.36264383212	11.488045834795134
?	-1	-3963.3926428873483	74.2370140732893	-190.18859567672862	539.6942494681512	585.3245526148916	2189.6133571864975	5475.011876037865	1.9905726164189805
?	-1	0	70.45655272785899	-67.77492270167687	470.4258671340015	192.12260937739939	1900.711262923453	-5331.4171008693775	3.69691760526943
?	-1	2973.498366257151	70.84826793820541	186.28891115541413	549.3003799370213	2572.0218652554954	1923.0425021430249	-12257.475243778998	2.4679890066437684
?	147.67491831285966	2454.416326769339	79.77099828562983	40.112405766407164	599.0269603967781	2427.611180152614	1287.8375007344944	-18131.834870258772	3.5453199340774058
?	121.7208163384687	-1037.4679223175522	72.8538882265258	-305.3069316420922	670.6809389446537	-368.25195090273996	1016.4507586300733	-2666.0033452232515	4.177837098042019
?	95.80152219698131	-619.1969247205353	64.505651703525	-213.9464686930203	580.6143628516409	-431.1063300762528	1154.53733347333	2536.3237240610674	-1
?	90.76097010244149	-1936.0304439395986	62.15656479187463	-128.00724402598237	649.1256224408407	-1929.6045667429414	1143.2669448331285	475.9033575054378	-1
?	-1	1863.003662348465	58.105289502225794	57.94125886065163	484.1341345144924	-2600.795964484532	1178.3325013486021	11414.918656221409	-1
?	183.91115321986607	3838.5533109776447	65.05362773490725	379.7736619873264	519.0858242166123	-1049.0563523779904	1714.012877644207	12575.133971419826	15.799818884138705
?	190.92766554888496	386.8808043330144	77.09397260159238	187.81980135141953	431.68131689559215	-2030.7115252163255	1807.0891999196024	1568.7268577728087	9.18221953788375
?	203.25519343651706	367.8457354893395	74.44461780247836	67.08722741764821	417.5502479557946	3735.3565055541053	1792.4492205328486	-6010.331045789027	9.443574422167034
?	209.3199523233522	-375.12142474853283	80.44833397247484	83.33387571956673	618.4491421733001	5223.796571348974	1506.5726476301468	-6815.633978652726	9.354931558997492
?	184.49912219909015	-586.7328610413792	78.61131158845676	-141.4890323269685	678.740076523247	-1773.5025728102617	1451.6675216002075	-572.5715045837214	6.982934256074492
?	179.98330927128282	-73.24606620262055	73.37388235612632	-124.02214437986908	529.7740135327857	-4299.727239250505	1477.9440724009603	-121.16884493413919	3.3848562969451628
?	180.83681888895907	91.67698124668374	72.41020436946322	50.67164639288634	463.7537145607187	-1515.069189024241	1445.6090793535004	-727.316570400793	10.77202836976404
?	184.56715833361707	225.69088358234146	75.90746467577067	128.1486532848358	454.0205540815726	1510.7839706595862	1441.5782438809201	-8090.53084975374	15.950594093057429
?	192.1213630680763	292.4246827722457	78.8176370337051	84.94676187581909	539.2929130936991	3544.330744932548	1041.0825368658077	-5967.9615368616505	17.138244531052813
?	199.18839247222957	40.05222592171265	80.15480276956168	12.970253998584937	631.2370913282025	2132.348240444843	1143.1801670378334	2987.434127091477	16.371036866547406
?	194.12397436416197	-307.03724167045226	79.46614973363435	-79.16992657561424	645.9103251159428	-1016.8266457607107	1190.4542432203837	404.32703434909735	17.509783191273794
?	183.83653038870673	-830.7063247894344	76.19630644078092	-192.22477749401304	580.3957590401662	-3471.576218440077	1163.3965187552885	-1731.810884683744	3.790209194753146
?	152.58865812468966	-805.912410371726	69.85491085893357	-138.04959784193332	472.33151419393647	-2890.3908917681542	1103.8636989861952	1830.8461981013365	4.600628976699481
?	143.54090987011986	-274.27876558960696	69.29382654868415	-59.032307984526554	435.8762144517565	3585.8309146615647	1254.9388286603566	22332.898496828857	7.855030822515426
?	138.8747198452091	-2890.818197402356	66.9032954597072	3.0905054784022483	651.6230599270173	5732.110241587468	2220.508623827654	23705.810993402647	2.884543402342382
?	-1	2275.2116338164274	69.44835182260427	125.88036380374822	722.481726531134	6758.311724775596	2440.229378330506	1801.481128383122	0.541795513169634
?	252.6353015360321	4543.730537665351	73.1973136498947	155.57498879498274	989.5386461658019	-5253.181693657304	2310.5826802468114	-12040.626620129993	3.9297156697505535
?	226.1865268832708	-1934.934048645253	77.22710126235351	-14.599350660663296	459.82264184826505	-11717.899078676859	1838.1980473239976	-8480.258160560705	13.234256054103772
?	155.8885991037681	-1541.5673275478277	72.46734611686152	-106.58885798332723	403.6436922319506	-778.0516566663804	1886.5697722187701	-5479.6742625422885	4.382725734144694
?	149.10816050587832	1470.8815606556796	71.89765836318708	39.73201502087165	420.9200590149455	3252.0162744773793	1564.2143341968792	-13138.006319276501	12.918095418625214
?	229.4326771365531	1334.9036814478955	74.45394686790513	172.14058390047722	566.2445059558219	3063.2084727055267	1229.6694562549358	4166.181094300009	2.7013697435530055
?	215.85334457827403	-2011.768583544658	80.50468755821106	107.98928112862956	574.080482650224	-970.9351938767462	1772.5233889118826	13893.248925286582	10.222772518619374
?	128.84424795931878	-1110.8388602723678	79.85341092433669	18.788938011405225	517.6977462619839	-2126.728747116035	1924.3319025192748	-7787.283846177063	2.9050478705341556
?	160.31140156465486	923.8459539770466	81.44413445878134	-98.13725554254528	467.74404529442074	-1629.3970562399165	1383.159196603024	-2889.1368011123973	3.7103752943418025
?	175.03654565817013	131.62346023889012	74.94654814720953	-150.19408024262916	436.2278934499898	4853.497723332834	1779.875062463658	20404.81941618016	6.177527777321191
?	166.89257457659946	-58.1555014675931	73.93443044664977	26.317574804332278	710.4189314610659	1893.0241945681955	2403.4001674120464	7001.280642674516	2.3819018857714767
?	172.12877058479043	274.24053656608186	76.26242688742616	125.46051361537131	530.8791031784009	-3631.6633034685865	2129.9390945973887	-23129.60612626911	9.158565063454338
?	180.60460140490375	202.75252159540625	80.20745612741843	-55.723232636824555	528.835766287634	1211.561881020974	1246.9198610985743	-23228.157278725037	2.837251423860863
?	182.2663966645609	-3632.092028098023	73.47626525558489	-304.91382081217006	591.4571972294505	1729.1075140750631	968.5312306611204	-281.9112566805603	8.076443377231692
?	-1	-859.2499794133315	64.9617650868097	-127.62046222476516	615.2911419913884	-2190.567389599027	1232.824298264546	7785.679362452359	-1
?	139.3038976938937	2821.086716760736	67.09524214434654	199.2490681939151	481.92882774949754	-2852.5731537755523	1357.8151987837439	3161.9642143407514	8.60287129050646
?	140.0543358380388	36.34930085127683	74.9242184965056	214.41570528506995	472.66248430260873	3367.506469799351	1390.922508981586	-1041.9373211550362	8.609111727712527
?	141.12136273645757	-31.000570288498025	77.81602740860019	-31.509723946983975	650.3041512394675	-310.04932070037523	1305.7183327259913	-1174.0706005292593	17.36528459813031
?	138.5043073236139	4.571143987378085	73.34873229915638	-159.9273534579146	457.16001826758975	-3423.3135210207984	1332.218978955122	302.77801313478017	9.40543680689675
?	141.34991993582648	461.21195022425724	69.81965973570435	94.17280318695285	479.13847518842516	992.3111167288773	1320.8572333827306	-4479.90795076892	10.507048504156302
?	161.56490483482708	556.6484375176788	78.05737245850409	205.0365809935902	506.7755741040343	1607.1780862205367	1108.223581416673	-4402.86155990893	13.258637356009796
?	169.1823418117108	98.64577623287774	80.071488785384	-124.93238099139283	559.4973794994531	766.3262293361611	1100.714155387281	-1673.0398509368376	17.509440722147733
?	166.49719364647103	-326.9017693050391	71.81075340893436	-311.2868586498872	545.0918855708429	-1253.2342986947758	1024.5715888698298	-314.35028594763486	9.330902958581968
?	152.83725334645862	-648.1740056121946	64.50714585288942	-60.60723532502663	496.83566456471345	-2950.1338025243945	1084.996641089899	2184.787941586038	-1
?	134.08849336586084	-594.712422774334	68.78039164268299	-20.10292443805838	397.5851954446211	-1572.0046115002588	1133.8109859491333	15207.477637137492	9.631237887822076
?	123.1016322077415	-2701.7698673171785	63.50199963098649	-107.30894510224137	418.2354339896994	4846.227628172033	1845.3705229467844	18528.381119394064	-1
?	-1	-2482.032644154795	63.41494438757084	1.132829242756214	639.8965768532262	5125.5745064411885	2060.2300419188496	5043.748785278509	-1
?	-1	2472.3884529497377	63.5586410931243	154.56088598433647	674.5141593117625	-1417.2318940842413	2097.5579622107134	-12281.456198534683	6.990617277996237
?	122.61942264748865	2355.4343911935907	71.14298868678777	-53.475757137966816	569.0349821490131	-2664.9473689789634	1446.1572319921067	-12245.5050107362	6.40490548609399
?	116.77171955968122	-272.18061855327005	60.88485323622592	-167.75727807349003	541.2667908628124	-2631.769068322037	1485.2827116738947	5198.356551653923	-1
?	109.01039171982495	-249.45919879478893	62.75512478311315	-55.00868775526463	437.44652873290937	-2184.25297798418	1706.0750595748066	5819.775256748566	-1
?	104.29875961994159	-2200.2078343964677	58.13441884846265	-199.12795421428356	432.05414196360186	201.0445017933085	1776.2714745113271	2881.6563734731744	-1
?	-1	-2105.975192398802	52.79872707239883	-14.993621259909347	447.49875382257494	8369.880524028133	1850.1578782484673	-611.7146792899807	-1
?	-1	3076.2810461364575	57.38473778546717	303.2841425831256	850.5481681650144	170.05686158198031	1745.6857405468277	-1527.089360423853	-1
?	152.81405230682506	2924.937571155595	67.96293420155533	419.2476479794657	456.0015969016741	-8377.45401430745	1773.8034102272736	1143.050579974167	9.726165277864823
?	145.24687855778183	-192.6526651369228	78.34712018444076	-78.42176759863239	431.67546744963596	-574.430511170568	1802.8382695455368	529.7668915242155	12.248906246216503
?	143.18141904997879	-13.393958969706242	64.04184582162365	-300.06862105132626	427.28007134314527	-119.7755455666146	1800.2917548034848	661.1299303600841	-1
?	144.5771806092965	-128.68511235639903	63.34368913187423	175.81742973465117	425.68669017130514	-278.75713196112486	1835.8947660635415	-1027.4103023541138	-1
?	136.74716343215874	-69.56874826925471	72.83271730835634	199.0021117076867	413.3422147450888	2746.658921605944	1748.9212396857783	-6453.385274543602	11.152250066607676
?	141.09874319583372	352.2571295101234	73.2937947172587	8.760714932149813	563.0196362516043	4775.3323328438355	1513.2255023363568	-6258.582901274219	10.365788096690316
?	154.36001990766516	622.8555945712437	73.27075305496383	-27.986965931857128	652.108831387284	813.6393090745648	1435.992094622063	-1268.0846805661579	2.2986661648360855
?	172.24152292439635	1388.0680901950707	71.89444642066583	-139.53670584613718	603.7016017053331	-2798.612578198494	1449.821268308048	-37.90432666135476	3.420136901366296
?	223.76342441741969	1665.6245606313548	66.29391776265688	-135.6646789905833	512.1782024773573	-1630.7551201893962	1434.0968782889952	1250.6700956838135	-1
?	255.52275095596528	-4495.26848834833	65.11121247113657	-114.95659993861274	522.1638456958622	-152.04150822693816	1512.3547730922396	1901.7161096651491	-1
?	-1	-5130.455019119233	60.546087765726156	-116.26745071651945	504.5761270660103	1522.4422719631423	1529.182683772254	3108.599209868718	-1
?	-1	0	59.29783993531051	53.859700807367915	598.2859592940204	8987.645438976346	1667.7847335856777	11771.997637707529	-1
?	-1	0	63.23907280609459	119.63556059410323	953.958399014834	9370.503747465771	2117.7825656576388	11430.341984664366	-1
?	-1	0	65.27961796501576	-49.50399715954689	1066.8111466673156	6015.394243168485	2239.301832818904	5081.312565480622	-1
?	-1	0	60.76387294811721	-148.10289057147006	1254.7281111732625	2029.6270501942292	2371.8481939316734	3525.6465383979457	-1
?	-1	2825.576345001842	57.87447343644215	-10.45516206499115	1168.2924991770285	-4672.124617094668	2415.584159738804	3374.616142919492	-1
?	140.2788172500941	2903.7635074163295	60.241114844867646	179.22513737537244	1021.1218803185258	-16482.70479743111	2540.5790010776504	-24212.398631952125	-1
?	144.18817537081853	285.9298650926041	66.8357303052109	159.71985734059146	344.1572593054614	-13127.44197075472	1204.9642281411805	-18461.910603891018	10.263003136370617
?	154.5753105047245	179.96206047130528	68.22710771189733	46.58183128397118	364.7497817807804	560.1235361147565	1617.4834708830865	4875.348092875842	15.154173116164301
?	153.18627839438392	-169.16543607361845	69.1648218694095	-115.28992047541159	372.16343611119964	406.830024972753	1448.731632784976	-260.28389018394677	12.463348744897203
?	146.11703870104347	132.4968434242781	62.46261168812667	-118.80732401418827	385.0912830294183	-54.46202389615487	1604.469276373889	6457.881042432267	-1
?	159.81112056559792	432.7806841917534	63.224455668699996	321.0549550703405	369.44033491639186	1588.785632204796	1771.625684906594	-3705.307051703441	4.994695472680445
?	167.75607291063145	294.4301444050743	78.51535944164392	242.04521336718966	464.53056463965925	617.8532257291048	1419.2039237887143	-3633.978626522974	17.36490562045991
?	174.53262778585184	159.20912787688678	75.32671633705965	-158.8306848050772	400.33299620284754	-2535.0421882488345	1589.9267535804427	1179.3454862400235	11.866191445713692
?	175.7165293044759	-84.74057462623641	70.57382520138995	-198.9077440974191	337.7784552272157	-900.0554930818199	1478.1711981007163	-286.15053222117285	11.555732857158336
?	170.29559905453996	-317.32063448365244	65.38132913218855	-80.55137524194804	355.3302215487559	423.2838560842091	1575.6192269693838	8666.937980761368	-1
?	159.85049758029305	-588.3510123816377	66.54625643929249	38.4254479459341	358.9426480314265	-440.9234300846339	1911.5180971387908	2626.489399278079	8.26808498450351
?	140.87804843545766	-284.9778955769721	67.30260152948529	123.10828532478861	333.2840500445239	1061.9773026702965	1706.9436969332896	-7007.122686073568	5.899756414116003
?	145.60160280144424	-15.251532612548214	72.70167070553201	93.46237565987205	412.04151316494205	1933.8632463879103	1561.1619628351075	-7280.513408622001	11.370486572845525
?	140.11547180483024	-55.73957712851587	71.97572031247896	-177.04061827556646	429.9772123639208	-250.12050045376768	1342.9180265021844	-1961.3513630352047	12.796599262892046
?	142.8146239450184	5.507823399090547	63.84963979175356	-156.32862322746922	399.5354881422535	-1035.7145492223322	1463.0943946833459	11239.511883882018	-1
?	140.39086297478477	-192.86238445904598	64.15928915110538	-63.32465360965666	378.19148490280344	-21.385023867352096	1904.8936206962933	9187.598387520076	-1
?	133.17150472206598	67.2942912683529	60.68340711127068	166.40647421472457	398.46623694888586	182.54805540423004	1922.4743140593562	-2494.3457379133324	-1
?	143.75557753820246	157.24704418101513	72.47961286184173	282.6554429426431	387.31888767301507	3018.0341817281865	1780.176333800625	-6361.879471267544	10.635404391465695
?	141.03385693111684	-140.74453358910404	74.81617925840304	-115.7529771148308	549.3679460352973	3323.6672100807054	1604.3803404959745	-679.8197614443046	8.41782645520432
?	136.71835085874716	-2840.6771386222963	66.69196400610011	-169.90126860576837	553.5022481770527	516.596450734184	1746.1853457284092	10772.298258651128	4.3294156339971295
?	-1	-2754.367017174904	66.3211158281145	-111.50258634289355	575.1977685720069	2209.2226738305685	2142.9952534285385	12053.463077646094	-1
?	-1	2238.137761836714	61.11683468895535	-57.34758749359589	663.9633818685827	-1388.7031870518804	2348.8584996107224	-2200.757405942291	-1
?	110.9068880918373	2153.5437446948454	63.453736453434665	44.348298151423585	505.7626092194119	-3833.2021687424117	2032.9573831314224	567.0074796476284	-1
?	106.6771872347438	-176.36292745211028	63.33424959652656	-116.13664596460316	472.3032734314594	-852.944173232618	2377.2088735931043	6478.154140720825	-1
?	102.08874171923166	-2153.5437446948454	57.646904155204425	-238.64701921427897	463.1154005577804	293.6848593536983	2356.865090167468	-6326.639700526385	-1
?	-1	-2061.7748343846038	51.401898635812444	-127.16528512289561	486.9875163991445	2143.0395237706116	2060.8768885667805	-8883.050161392277	-1
?	-1	3858.074336063329	51.288639899059554	389.63588830755657	570.2673767463125	1089.2935534752137	1912.712582097848	-8614.662847491287	-1
?	191.9037168031692	4282.076916190582	70.88369305119055	559.0841204071085	541.452194072906	-2290.5878971280713	1630.14374619221	-9144.322350000732	11.41356217459561
?	213.10384580953212	326.0010109009237	79.24284591941537	-4.162925601874517	455.7379818899073	-1209.5456767532958	1455.496464597805	8056.051664400169	16.9720567058325
?	208.20376734821562	-16.565692367538297	70.67554677109682	-315.28623479050333	480.9749102352403	355.8523538458423	2032.9463294122243	12016.634299645255	7.973898776089381
?	212.2755611911552	112.42655175175696	63.478534179889984	-185.1766869144604	473.53059958219967	-823.2556288599764	2056.3281795800763	-2322.0776191539503	-1
?	213.82509493580355	-576.8688839206963	61.41671242537367	55.542270875765986	439.8121287922409	-4718.514700720803	1916.842448454525	-2830.875658688411	-1
?	183.43211699511997	-4296.50189871601	66.25564772367832	-41.5538751441869	237.60486454615616	-448.24893075777186	1914.7843966456537	7481.986140689967	10.457990477523612
?	-1	-546.6454467307468	59.33901866816429	-22.301617475153787	417.399682254352	18054.187105442143	2290.9417554890288	12301.162013181112	-1
?	156.09984465858224	2836.2004572250526	65.14056684992062	49.2966475690723	1140.3142198182761	26944.09603239034	2529.842497304718	11833.596478189998	-1
?	140.81002286125465	-3141.9968931716003	61.80385104661794	-56.41934214252975	1764.604483873888	-3184.7964300996227	2882.621579398537	4852.771245245516	-1
?	-1	245.7641729261217	62.31959974279409	69.49407320051905	981.0743983132927	-19004.229405315655	2772.4810595669974	-13542.84113970997	-1
?	153.0982315075609	2829.753204462079	65.27855470664395	267.6365901019486	814.3930136080919	-11027.373691645313	2205.479522413029	-22932.616592987502	5.741101006847999
?	140.48766022310596	-449.6639219558215	75.70142924789171	7.663921810887364	429.7057137310193	-8602.408311735499	1625.850229917606	-12425.762629077659	12.062369578687974
?	130.61503540976952	-207.74397685420684	65.66175079718832	-162.5575191933498	384.27259802131084	-241.51807611049546	1584.1913909591372	1074.2270897139344	-1
?	130.10046138039547	95.16886506922937	67.5735532882241	104.08926358025178	417.6298099254943	2117.9250048112413	1679.5615844033034	2594.2925764117076	13.842466694599576
?	135.37347866323105	586.4520230697004	70.86621397620098	147.24323065727606	490.1688482618744	2179.841098877183	1713.9060197797244	34.49867833429786	12.105878541101209
?	159.4230625338809	797.2062260300817	74.93571482108801	19.40200169951425	526.621864869355	28.456509315361295	1681.2865183200183	-1822.6030184371361	9.115114194750378
?	175.2337899647357	404.70597483958437	71.83631406117671	-174.2748436051253	491.5916737276425	-2333.5100539523455	1622.7758688578663	-1249.0374830175647	13.378214485612348
?	179.65836127586041	-113.38657764964874	66.22197264083162	-214.99012122188213	409.9463621717361	311.7162737324953	1618.8346441691392	2100.1700723931635	-1
?	169.5644610822532	-3613.167225517157	61.08680800008245	-176.01858616508684	507.1774874142675	139.21579789271306	1727.784372477526	1408.5933104156293	-1
?	-1	-837.1067586445912	57.421043332577156	-43.711082032383594	416.90715206637185	-1663.100642011474	1689.2643096899217	1210.8710936722364	-1
?	127.70912315002303	2371.22936611281	58.90125389846324	142.99820096574618	424.0224553136926	-1011.3081567551767	1788.3279271611386	-2525.204992191671	-1
?	117.56146830564218	-2574.182463000424	64.57095338086457	-81.50863236256794	366.3417442286123	-1381.911343961418	1563.0040600803363	-4089.8616838363396	-1
?	-1	-2371.22936611281	54.82582228033478	-314.12521059744483	354.9268881156207	7030.134456370834	1583.8348429693187	5284.451906512874	-1
?	-1	3772.8614708439954	48.8646928509921	91.30655960516675	717.848467047159	2343.796482831478	1827.2266554059838	3511.5927974993656	-1
?	187.64307354220244	3738.030072896806	59.391150260593186	558.5023492852398	472.1167122571963	-3850.971324628017	1759.4144828442895	9201.173724393226	4.720426079827259
?	185.90150364484296	122.86927320761886	76.78981031525449	287.0707051430228	525.2999008157555	665.2790866623169	2287.2853416256517	12276.737554396466	10.346951143408827
?	193.78653720258347	25.63510010927664	73.74468551774453	-265.8829400109551	505.3806665903126	286.4186499666316	2373.2513605641216	209.7569157938203	15.452325000808411
?	187.1832586503068	-58.48048289407276	63.49566331470654	-257.40959061719894	539.6208333140872	1966.9494984039925	2297.773187415343	-11506.854369854518	-1
?	190.8625130578798	-125.24749966816721	60.8742059868844	-71.52755142995571	603.7281415105136	604.9767497790599	1797.9086420713875	-12951.79274201135	-1
?	180.92088366689836	-518.928169048375	59.919285743208704	278.7429006499356	569.8696708030407	-2715.8533192281757	1650.183550314766	-11931.401396256422	-1
?	164.91610460546067	-617.2236868236982	74.81135101938138	267.15303510855125	467.93547554910293	-3021.059850214129	1201.3385722585579	-1744.404476933503	12.272623458880606
?	150.059699325713	-239.49625637038594	73.27693749863646	-164.7913232719349	418.8166782923321	-905.7730681136192	1562.9633264680897	8859.687258893142	11.442738824045659
?	152.9412917869412	76.21153287678004	66.57178485578451	-83.24412377035169	422.64682214342133	-793.0591717310689	1644.3229352032213	5431.835259547552	5.73536506907998
?	153.87027596955207	178.88378329053612	69.11473131011881	89.7873006728615	379.1637197057781	267.4809432066964	1834.5550894454711	4313.31046249866	9.535715205336803
?	161.88548095146814	362.8694886811979	71.06114988942765	45.009957967773104	436.02086930375634	1075.5890723362934	1859.9884583281573	1331.709333847479	9.37140747524692
?	172.01375040361222	364.6042359501336	71.3652292085075	-39.090128273292365	432.9431733225935	-691.9095640162805	1901.140556137846	851.6871302667885	13.372944301604296
?	180.11569274897508	180.45661460331672	69.10664347576301	-159.1386485309343	401.42539110294183	-1704.341371876887	1902.5728148414973	-1612.0888823687753	9.743533858871018
?	181.03658113377818	-3622.3138549794503	63.40829678196067	-168.95595966729974	347.72610472874794	-925.2570675359134	1820.5361120194061	-324.7085556886895	-1
?	-1	-3640.731622675512	60.6588454923979	-95.80868587793296	355.1625377261455	1552.2719441512318	1886.3373870570626	1586.4507337557145	-1
?	-1	0	58.617862488063956	-61.38862234852082	425.33970193631063	2903.015430291872	1899.858648707193	-546.8190824070703	-1
?	-1	0	57.58941437497182	196.773623433317	500.31330924074115	19940.978250183125	1858.9964329367087	11978.159536956593	-1
?	-1	7866.951997720377	68.45654365972995	284.1209776783558	1422.388614445481	3308.2822347920223	2498.766625555031	5981.12751474154	-1
?	392.34759988602445	8474.48741750317	71.79546325888981	14.339949175535844	665.7274209803446	-20692.850055304916	2158.05280867379	-11171.961328471716	-1
?	422.7243708751645	888.8350254466456	69.17354111850675	-144.61078170046102	387.7461116802203	-3698.2773024615103	1940.1685591314374	-2189.367266317755	1.7701027608357736
?	436.78935115835736	3495.74639244298	64.56492417386666	-17.293798859817894	480.81355585726646	7488.538806405647	2048.5844453579007	-2587.153804744798	-1
?	597.511690497316	-2700.751175367365	68.30885117551584	81.22021986744896	762.1730520005079	481.8844987100158	1810.8108688941957	-4798.845748954404	6.402132212760282
?	301.7517923899872	-8659.06457788717	68.62593516723916	76.56763615307885	504.9077807927676	-5552.437170775309	1808.642157910177	-1443.7714147821248	6.157380028289208
?	164.5584616029513	3386.6233580258345	72.13723298316984	-28.555667873131533	484.55119346173854	-178.54484156159376	1738.6222981550884	1827.6017778923474	10.489371013439852
?	471.0829602912813	6701.57366802947	67.19815177358257	-218.59312731438595	495.9805387146878	2548.812048967229	1900.0222468047957	3866.417044552049	4.988264362201703
?	499.63714500442956	-6249.412012171612	61.207576617450385	118.70794694057993	611.9917959101018	931.8405477014726	1931.9431503826936	-5854.658427267449	-1
?	158.61235968269622	-7069.458938168885	73.13354912061165	168.69246474657717	542.5725660997621	-1395.8137256282323	1607.2893254414191	-8099.1854387308495	4.09094507284227
?	146.16419809598028	-3192.247193653879	69.64219985477936	-161.7835789256557	542.2011096286892	1247.9783824080487	1526.9838784461454	11416.435792988574	9.186202064947985
?	-1	-2943.283961919564	65.04437017432875	-118.3161080175525	604.9714852201654	1465.695191401323	2178.111115090856	19132.59314055341	0.60833578419875
?	-1	3526.6883912833655	63.726394453901655	46.96866099458494	615.4858691987564	-221.90508852931	2483.6135354738294	2967.794386500203	-1
?	175.3344195641708	3435.0567165931525	67.39280322405803	185.40986503336916	593.8762307936997	-1981.9605978597465	2326.500834415868	-3258.9834706568754	8.645924681160187
?	170.75283582966006	2559.235550567771	72.99688770557025	5.671783517707273	516.3878393057677	-1702.2343031573891	2320.6643619409833	151.00123069935546	17.17034007598008
?	303.29619709256116	7005.660962013213	67.6763923999434	-228.25176607466207	508.76451563582907	427.4274665758965	2334.050895950836	-2837.5510948797414	13.731500296154136
?	521.0358839303257	-6085.923941851137	61.58429940183698	-145.36040322530204	537.7592126345628	6741.477404592947	2178.7868071969942	-2396.063183546596	-1
?	-1	-6767.942446279066	60.40837223867819	76.82754022230161	845.8383858654812	208.66426893935954	2214.2477367735046	-4349.50218820795	-1
?	182.63876161636756	3244.1673061898573	65.42567641295211	146.075031510315	548.1924260815309	-7593.0668893696075	1961.3116977865936	4425.674865411721	12.038813591839133
?	161.20836530949518	-450.6863428523404	67.71212381419404	81.12675185125197	466.1850413969954	-1424.736282361413	2435.5314800440938	-2589.3654073566945	10.527596813840878
?	160.10444447375022	40.01927785259397	69.48201400551477	39.07703402057537	476.95561196345926	-2417.2757409681058	1831.843427418757	-13713.609136860829	13.660585859963161
?	163.2093292021249	290.49492735841153	69.66597551522284	14.92088579081049	345.3212543485884	-2859.8738813845357	1749.8510232010426	-5083.3922776389645	19.89501007238851
?	174.629190841671	321.74474801707277	70.2280582950553	-99.68881573361387	333.96191789423045	495.23889664724584	1577.6738135368053	1700.12844339731	16.085742020945723
?	179.29656660297877	-34.51659796383759	64.68153472854208	-166.46684693669135	370.08319918095106	-619.3457398229433	1834.8574453709093	4982.254033880565	14.203906287107177
?	172.9033609434791	-3605.9313320595243	61.90471594822062	-183.13506870862392	302.99463090308285	2115.3970927988207	1826.786515230837	-2587.550402570964	-1
?	-1	-3478.0672188695326	55.52478129311075	-132.52148922623488	475.8530538208936	9826.198996145373	1705.4799252423593	3725.186886496537	-1
?	-1	0	55.27864148690878	30.42090652062881	794.3045807103584	4253.73686824369	2013.0458595556665	1985.4152180819337	-1
?	-1	0	57.04582661914221	254.2171468954485	688.5398972330811	-2022.1443949758655	1804.7506861464574	-17504.33883200059	-1
?	-1	0	67.98949883168139	57.887939839852464	693.1973609615637	5719.432172755717	1137.8289179556245	1786.9711986999228	1.221748986564818
?	-1	0	59.940223611134876	-222.62069731709315	974.511505870871	3643.6379934399547	1894.0992460814548	8553.611345166915	-1
?	-1	0	56.85846396582657	-182.31538644931857	875.3792606335641	-1606.2662891357786	1565.5094852139764	-1532.399225369937	-1
?	-1	0	50.82445428866882	-127.13623945682859	894.198191414081	769.8890258849933	1817.4792848129568	9147.384398763286	-1
?	-1	4311.795748193606	50.50165199298505	271.4142787162656	913.8737119278143	-2323.3391751460417	2022.8787051521472	6654.925645242061	-1
?	214.5897874096834	4111.631877658915	64.39516822448229	499.8692716517211	778.0312326567772	-8163.803840409743	2150.2255670750646	1943.6369922227548	7.519003532666372
?	204.58159388294868	-769.3521226622629	75.49511557557146	116.53818150392941	505.6835199073213	-3059.007403277071	2120.0605547632863	1058.9599928476978	17.873255187770848
?	176.1221812765697	-320.2462116878536	70.22207729967884	-249.46691315207275	625.0808624929215	2034.545944229156	2203.1735667174503	2656.1047003248937	11.001455391837268
?	188.56928329855577	-3542.443625531344	63.021769917967646	-250.89319827462802	607.4108171187805	1136.6667037081286	2252.865789779533	790.7625578534568	-1
?	-1	-3791.385665971062	57.677417385947265	-134.0079594314215	681.9141976783287	1479.2455094881093	2242.7116946101237	-1832.6550099733606	-1
?	-1	2410.858508626999	56.321371946396475	26.90030016759441	681.373092593187	-5607.47739091995	2161.2330392808635	9.225794022240603	-1
?	119.54292543135166	2409.240725454192	59.022432394327005	199.65296455373576	401.5403281323272	-6377.011084453332	2243.1729843112357	-5316.003489049815	-1
?	119.46203627271132	5431.776818395756	66.3040201740834	77.05287680646354	362.5225383705159	-2189.5080940949238	1895.432864828369	-2964.3381805233307	12.855095217540471
?	391.1317663511433	8256.201051160575	62.87507623465024	-100.63394621089613	292.06492342757946	13524.456515199083	2094.956075285067	11227.860794808179	-1
?	532.2720888307459	-4967.554011139968	61.27232286353853	127.49888020165504	1038.7453641304796	8617.97768957191	2456.825904568786	4702.355325369869	-1
?	142.7540657941414	-7834.482024923721	69.25002024473308	224.37855297369973	722.963807906181	-12014.94833938833	2330.073841553564	-28061.53479223445	2.673821712950681
?	140.54798758455433	-183.91008255326392	72.49125051222367	9.018054198997604	437.99794716105464	-6672.796237941482	1053.7491649570434	650.9919568750228	7.703133875508575
?	133.55856166647808	-336.7033117403023	69.70092295468297	-122.7779228858284	389.3239960091022	-1527.0051522695496	2362.6234393973155	26455.238106367084	5.875502740337736
?	123.71282199753898	-2691.1712333295236	66.35235436793217	-112.15204550302855	361.6476895475761	-244.19032994602725	2376.5110702754164	5065.606622480555	9.097463899043941
?	-1	322.00952357813657	64.09332067953146	130.28041367017082	377.11447951180065	1914.4849631135548	2615.903770521347	-15285.28012408595	-1
?	139.81329817644604	2644.96421693091	72.8663750514408	185.338104284203	457.3719377032552	2022.6959304016336	1612.247064071108	-26938.715284417907	7.756926735614546
?	131.24821084654738	754.4923541897829	73.36022589374174	117.40798869232809	478.24927603188377	-1268.3612188788882	1268.9680063004323	7883.844680103986	3.7363273799467422
?	177.53791588593572	2477.9357890345836	78.73677448605729	-55.771918276677525	393.9538767593099	-1714.0003295047013	2006.439298076313	18363.85926558988	9.029445271436487
?	255.14500029827832	-726.9663817304796	70.57162997990783	-120.52079387322208	392.5492595566475	900.0103273607336	2187.1609695799393	-5260.091552912475	4.705899326286892
?	141.18959679941122	-2464.8566949324922	72.7107347923961	-32.7641418359904	438.9543931273472	4790.2808771125665	1743.4347204306855	-9122.416882994123	8.24556997176563
?	131.90216555165196	-2843.791935988184	68.93342288810828	-61.71841563257485	632.0633034122792	3811.7035387214223	1731.0401254302267	-320.9240191346089	8.902148388706223
?	-1	219.46093513943737	69.62481401076731	237.05598164482328	629.539570063421	-197.2451244884809	1727.3885194739548	-3052.2089203006385	2.3860982666594595
?	142.875212308624	2089.9145773646096	80.78622197034962	147.8115680993419	622.201047187855	-2091.131173913434	1578.4296794151926	-3858.0401531404045	5.222267308544393
?	103.49572886823196	566.8668458344654	77.01539241573451	-82.9319077029319	524.9830113677479	-3488.746007099527	1534.4865118169319	5150.127491502153	3.630686627165961
?	171.21855460034766	1614.6001176623358	76.63962658520296	86.53121521270937	447.76374683287617	-1303.419181521127	1835.936053990304	10822.822089069487	6.634156469340172
?	184.2257347513499	47.22538230836268	81.34195317637004	80.88203596989386	459.8120522916906	-1531.465862556913	2075.627616270414	7703.612633032067	10.444820085431068
?	173.57982371576583	-3704.5146950269454	80.68372838369771	-278.3366313408379	371.1904537050294	1567.833332702434	2221.1166856419127	3300.2789074313646	12.78045337373276
?	-1	-3491.5964743152667	67.42512160932795	-413.2497936307646	538.2037189268134	2642.963868591747	2240.6415616419845	-1106.388003647901	1.2893107184697623
?	-1	0	60.02123870215919	-274.4520249673372	503.33864713461867	-109.24139355950119	2165.797285459517	-883.8577503009367	-1
?	-1	3561.5984670467806	53.70252036096089	148.7062859788762	532.7416492488383	1829.8600242321859	2196.448674126937	-8643.993886974162	-1
?	177.07992335234155	3419.6524148759563	67.4565530011031	566.6890613714797	594.8316483462293	136.6085059918263	1733.5975911108026	-13727.106045951168	5.338506825459308
?	169.98262074380025	-150.93218630092977	82.03697342953528	80.03142878702676	539.5720745484297	-759.7110363861981	1510.0933718293688	2658.6058358611567	16.744240541502787
?	169.53331403729496	46.609635073851244	71.4581244404545	-361.097874429867	556.8460965269188	193.205766712967	1866.5278829038623	9867.238793534034	8.880730377535501
?	172.31310249749285	901.0541729579833	63.982079708041674	134.16881154034635	549.2323628840782	-2203.9825990706076	2003.4553115060776	-8374.538107648295	-1
?	214.58602268519476	602.6348500823667	78.16656501747191	162.397295244409	446.64696657338686	-1842.544802124611	1447.8009775214416	-5250.733371448003	13.040547348269627
?	202.4448450016116	-816.1139644847814	72.10194447026224	-29.06408125362718	457.1051227778463	445.2118223463804	1740.9186429336737	6721.89039325689	8.289049944273742
?	173.78032446095511	-3.772427494649779	76.71336095479053	209.08330441188198	468.9075576907062	702.8687946005337	1783.895497184291	-5227.266320320653	7.13453550040546
?	202.25622362687912	349.42407628321706	82.55610969085649	40.57798704513316	492.2485625078735	770.7708718567703	1479.5553269176373	-5666.226112752134	5.737252310711646
?	191.25152827511621	131.8581341481909	78.74226030704722	27.920726072895718	507.44610128354526	3008.2813714838053	1500.5841915466801	1726.8014144014278	3.630305671896683
?	208.84913033428876	352.1316947256214	83.9521459945013	-35.442804847386135	642.6626310820659	2020.2558681577032	1565.89539763771	4467.6497548907855	10.520794052940328
?	208.85811301139753	-107.50950578796864	76.97012006467789	-27.92903182294299	608.4588946914319	-3608.833867514711	1723.9666792912226	-661.1444176153324	3.0719119763996074
?	203.47365504489025	-32.605266301812996	82.55569440335412	147.27035935147103	462.2209377063278	-2303.150502569686	1532.8381767569429	-6771.528278339455	7.585098641031277
?	207.22784969630686	-410.3116182151693	84.33363803225154	7.702183646135443	493.3013695629459	2356.1741598264935	1385.390265374245	-5985.75356535233	10.306954887312347
?	182.9580741341315	-1342.3867242221538	82.9408035856609	-127.88238964896226	580.0296456976541	1246.5343201406056	1233.550498489322	-7873.887032715335	8.064012582247624
?	140.10851348519822	-519.71447554804	77.93951854980334	-176.17127425944295	555.6280855699771	1454.0446497830337	991.6959137384727	5037.6229338643825	5.474759195090376
?	156.97235035672912	982.8993519749988	74.13223987268863	25.805327239424887	652.7318781868069	1375.3269158824319	1485.4316451825448	15916.41427583169	1.7848166663356584
?	189.25348108394886	706.0134874891949	79.2297849117746	120.86473613455352	624.3944313640997	649.2393337525231	1787.5166275300685	12546.98291216107	7.9263430441200455
?	192.27302473118937	36.41933527782901	80.17547667941639	-36.952309764472815	685.1938448744335	-1736.4655187701671	2112.780790790607	-5680.455397295628	6.940931219606279
?	191.07444784784033	2537.66062685511	77.38216942355093	-210.08579318148648	537.5711554255901	-3844.566252185375	1503.493857665283	-11107.931776529591	11.762066916655204
?	319.1560560739467	5795.853607259418	69.67118702034192	-188.16853566625514	492.965532265162	-83.54697970481192	1557.3842019641197	4244.651556743355	8.252047153621515
?	480.8671282108154	-2672.787644623723	67.97374264023804	94.64007568062421	533.3938064403494	441.7915258670138	1715.7264355024538	11508.250493413752	4.790621771388276
?	185.51667384275862	-2353.485252401754	74.4031908043732	62.48198409583946	515.055108558513	-1178.6441174238555	2132.7967266348155	7592.245614726986	9.137806152044472
?	363.192865590726	4862.711500086343	71.09784184503006	-98.48573177547368	474.4616005691558	-1249.8851246455017	2095.3387162388085	-6614.358103787533	5.387649976429652
?	428.65224884707925	-3234.4964326982113	69.47890421559944	273.03495740030354	452.560852326237	-1297.4793806237537	1802.0788214454342	-16431.12514039367	6.252493130284354
?	201.46804395581313	-4625.250712031301	84.74958971504543	-51.064088528573976	409.5876315379672	-440.7506766809041	1273.7824592191134	-8754.292327351257	15.6711937127384
?	197.3897132455109	-313.3943940720725	66.92569978917071	-319.42252159223216	430.5233184921915	6660.3502276851505	1364.364205077865	2096.537300467382	2.407828042659455
?	185.79832425220928	-380.59765356711097	68.7784636354336	253.69279256048495	742.6051429222295	4358.5966518648975	1378.609324242484	2493.6700320970167	1.620189594084096
?	178.3598305671551	260.50593338877974	79.61033941719514	260.3428587882965	648.4531510854395	-5361.2669250443605	1489.0477066827177	-276.33180112204235	1.6011200964152468
?	198.82362092164846	874.4000217099302	81.7956065748486	150.24979081171082	474.5417966700076	-1617.3996119499245	1364.7927341863817	-4762.7881473663465	7.166068748783597
?	222.07983165265222	349.4378331076196	87.12282895778078	62.87966509134402	567.5831704879421	2998.8183696482197	1250.908299314397	634.4986560852477	11.524315227033451
?	216.29551257702968	-216.37605126438223	84.93958982941585	-206.98241653488301	624.4827151524207	275.45105349817567	1396.5176669906446	-1800.101201640288	7.827853497120219
?	211.26102908943295	-276.00413874375994	76.77370813103649	-117.97704884021303	581.3557231628511	-3621.547639837515	1160.9032392323813	7110.396328947749	1.4266267811982811
?	202.4953056398415	-886.5804382625179	79.04073738740512	-127.43303050475153	443.4053331605424	-1535.1545231765167	1752.037483438037	10024.862214919738	9.378336286730342
?	166.93200717630643	-647.6172525050059	70.40205660579882	-154.2881003003536	504.59799700402414	-832.3608970501512	1662.1463499783754	-4744.00183188026	3.293436243250026
?	170.11444301459073	136.62019063187506	71.32633237238733	143.87686376694853	401.78728830803425	2238.4225084177297	1514.8373918440207	-1641.4019289801347	8.69178867773468
?	173.76301670790028	51.236519833045534	77.59589979414635	100.61752243759058	616.5191224249122	1373.4307182021403	1580.0762535293675	2569.4045499100457	8.728981749504015
?	172.67626900624305	0.0015950086793736545	76.35720849426693	-54.476810323209655	470.45882421814224	-3777.5672854126797	1643.3076193395248	6494.224361466098	10.468744422952874
?	173.76309645833425	-182.2976654047491	74.87205927798583	18.010224004408173	427.64075815427555	-348.41362233823435	1904.787471602677	10643.855744460168	16.57031841684931
?	163.56138573600546	-568.2369002025432	77.25771969448735	11.043880376339942	453.0381431012303	2265.874330294261	2175.500406562541	-427.80046812099346	12.31029257461269
?	145.35125144820668	-648.9796836222938	75.42425329680283	-206.20885270996658	540.9344746689902	632.5643963096651	1883.397448196627	-8892.793024708519	4.864240910242343
?	131.1124015548903	-107.7415355950929	66.94727705898887	-206.1453048078035	484.666362916714	-2772.152108533991	1730.8607553271086	1843.5583889529755	3.825865608002138
?	139.96417466845196	1371.3194166600815	65.11698805641251	108.97031989613014	402.3268692422887	-2138.7054382680485	1975.575367644277	9755.936766267467	12.03814485749428
?	199.67837238789537	1691.6735476979925	72.39579305379546	43.21070165763952	377.73109100331004	-649.907449687447	2218.657593640489	3926.509241882362	8.746002882717072
?	224.54785205335278	1852.1309865037822	67.27752313929452	6.975154206898722	369.8314967579159	2142.0143225364964	2171.900829738398	-5706.56074794762	14.653259140006302
?	292.2849217130858	1466.3539595168324	72.7445507641404	107.71911860470357	484.8318071301364	3390.8596877866453	1933.3295562431038	-4417.451758627336	13.95136287958229
?	297.86555002919545	-946.0885062561973	72.66347906952977	-21.47994670521539	539.3744811472506	613.6073935928099	1951.028241807028	-5202.940612988049	15.685396252662574
?	244.98049640027526	5217.647867176932	71.67055342887961	-75.39886180103572	515.5121768097773	1152.7328452183947	1673.1825255936976	-4704.589031405859	8.225071656369153
?	558.7479433880458	6853.847992283636	68.89353597947793	-35.2384818334432	597.0111234081711	10231.688819600193	1715.7987902367317	10794.193430595456	7.483561484783216
?	587.6728960144619	-11194.958867760757	69.90862933720743	-22.687480767825964	1027.0966177897942	745.5623150930009	2212.892197123478	2775.02595946488	4.623001215395605
?	-1	-11773.45792028907	67.75916194108662	-83.18722391678331	634.2892391628217	-3486.402710413693	1854.5500882099777	-785.1516758847154	7.1472427238541965
?	-1	0	65.7492681413682	-159.52158545277	852.7764822691071	7031.75724884178	2173.634613329242	8296.013212813587	6.434903030729853
?	-1	0	59.783082668448	-302.49960122388313	985.8771016049157	-7904.102419658775	2269.350748850663	-8367.792673997783	-1
?	-1	3723.1367857411806	50.624288080173834	126.46664591977176	457.5713612861627	-11395.654430230745	1755.2449796293467	-6590.941932721855	-1
?	185.15683928706167	3583.408015630652	66.10641496443668	441.7766566793243	416.0943800933704	-1597.436531115568	1939.8036522145655	-2392.990698548863	12.640841129233781
?	178.17040078153514	156.8448378854152	72.71312091414036	216.01746052899136	377.69953473038316	-736.6831350508753	1635.595444701902	2563.3389652399137	12.071459194151368
?	192.99908118133254	761.9527610881431	76.9072879908864	145.43425844132307	379.2602233408261	1570.7288504799708	2067.970600476563	-958.6613452394613	14.80020079382542
?	216.26803883594283	257.5080109106151	79.98483383620662	-34.92914013698204	456.2359772543828	4043.7320518719202	1587.6623774399282	-3040.6201851371384	17.367722937689344
?	205.87448172686348	-526.5653501208736	75.16083098403728	-140.15261193007007	581.446825934425	2338.663366735793	1915.939591219704	8777.03774788033	13.302078684445217
?	189.93977132989878	-412.4158773113821	72.97720323970302	-117.1899359563199	573.1691455911741	-4133.4006772106095	2026.5142648339508	-7792.421701906799	11.12984615935252
?	185.25368786129408	-42.53164888205102	69.3013341862212	-231.74993566641587	374.77679207389156	-4246.097837846792	1526.3185061243585	-7850.122280464172	11.99816369914289
?	187.8131888857962	60.617971191125825	61.38970645638206	-308.7024031680268	360.86425369883153	6122.046332625416	1634.0081508107367	6058.78409158428	-1
?	188.28458642085042	286.73252216391336	53.86621402781964	-80.97349579906803	680.8791087051667	546.8466674058609	1829.2577107035768	-4498.70425502641	-1
?	202.14981499399207	101.69737707871346	57.3410316664286	213.33038192043867	388.20658706912496	-4083.238739378838	1409.072938059413	-14996.18947306753	-1
?	193.36945527478616	-571.7806624908535	64.53273312384172	223.21460024932898	476.71717173622187	3129.4530590343948	1079.4482370501896	16937.379181000564	16.165793923820477
?	173.560781869449	-386.6547522549111	68.5017616788952	152.7210879796665	544.6792400208469	270.9429443294114	2255.9418971094533	6903.158554866479	15.203746686047543
?	174.03671766204033	147.2522782396523	72.16878752282516	191.83973943718183	490.26431895269263	-863.9668819587339	1424.6061647935185	-12498.985890196445	11.755343485146135
?	180.9233957814317	539.5489090856237	78.09374865075444	200.07017141514638	501.4808959229096	716.2633093833131	1630.9926025996222	823.3691073088877	4.108167151485335
?	201.0141631163219	245.50703852973461	82.17229609358262	-32.78240144269385	526.0774844218588	844.2696678437214	1465.7746201589634	-7178.759596711932	9.827470540308665
?	193.1987477079186	216.8768014696824	76.45462857861972	-89.24625589445485	543.6943793150963	87.3555711985829	1272.0546227640205	-1303.0071872352844	2.3614831865582735
?	211.85800318980617	-3883.974954158317	77.70998329885981	6.85717396428136	530.445262981788	4122.7066607207535	1400.6242607971983	22223.361006790743	3.6872216085961975
?	-1	187.13022269179777	76.79748727683379	-13.302758056494593	749.8297123511369	4354.361822042819	2383.2226731035735	17034.806453947895	5.689804338607763
?	221.2145143243962	3126.177644983475	77.04484539603507	188.48662074052658	748.1633540839321	-4066.7546413862615	2252.364583494605	-20066.04709623499	3.8295078052831832
?	155.30888224917598	364.0710574050382	86.22181831386025	119.96469561097712	546.4919802818209	-5200.961612999924	1379.9203182918097	-13314.07089650928	6.607327120539743
?	239.41806719464836	1190.3938762427313	83.04308017658401	-107.98925292377294	488.11527343393215	-2151.001245808972	1586.6610386691316	15002.55820028674	6.921553686815328
?	214.82857606131338	-702.8312542250628	80.82235566767153	-89.13367014615788	438.9419179913708	474.4219690345222	2130.0482283061574	4115.738251875851	11.97982084166274
?	204.27650448339472	444.06276429199403	78.58639666927606	-184.94232281907352	511.8363718856586	5190.115290087278	1792.447951262927	-8580.07876672541	4.3347903162238115
?	237.0317142759134	340.86096122439443	71.57523952671772	-304.7881730634139	698.4476824957384	4253.8357153604575	1701.0442899698808	1685.8704994386824	4.827477900712488
?	221.31955254461468	1063.9660822285375	63.34698801610514	156.23971045209208	724.5281576536845	-6286.3035537765345	1876.7414762348624	-10382.930486191592	-1
?	290.23001838734103	861.0068876073412	79.38722504932244	373.3410502258611	384.1325048069072	-6288.214009868805	1181.8977656602938	-16709.117379087133	14.777382264690678
?	264.36989692498236	-1352.3510447029794	82.01404052739846	-75.15498034531568	410.1174571602398	308.543296479228	1041.2856072804939	30114.944684899918	16.773481784135875
?	222.6124661521911	-574.0752807760052	75.6294760320566	-113.39184999308866	399.5596696308688	21.02827812784055	2687.644999905311	12388.61653847464	5.451610881580711
?	235.66613288618169	617.2820385193373	76.34444802774395	62.62497074633526	411.1688710666318	2722.932066314204	1660.7164342042347	-36167.52499589392	8.805282492957376
?	253.4765680781584	-97.64395021419975	78.76072456937341	48.19712360728448	535.706272946581	635.3213525298044	879.2687501105899	5956.8868468693945	19.364891774150774
?	230.78393537547163	-486.529222347546	78.75430420810821	-239.0249194938184	442.9349386931225	1244.5728544405079	1958.5607765477087	35941.38107077819	14.892255899956933
?	229.15010696078076	116.38850863666227	66.80947859468232	-393.70195040310404	597.9349156686072	5284.714095015656	2676.3378036495246	12350.325568307628	6.53028712628717
?	236.60336080730482	-642.0772483721157	59.06920668795273	206.74147655446254	707.1706434439091	1597.6349360162044	2576.077054963099	-21408.182812451607	-1
?	197.04624454217452	-384.61365251197003	77.14655242240559	513.0950139601678	677.8166624694186	-4277.577926432469	1605.9286630269291	-20688.020811845563	1.2116690059225763
?	217.37267818170605	518.6504694531357	84.72395738596148	52.203606775370986	493.2917471222826	-1857.4858126460172	1541.676014370806	-5285.339974662667	6.744644859305526
?	222.97876801483167	-2183.558720485549	79.75673276117418	-239.94840002861253	584.9423718371164	6465.434247480838	1341.661664293792	6420.482679589659	8.434195475497306
?	108.19474215742704	-2636.3338185363245	72.72653738453069	-95.58083778080209	816.5634594963291	5235.454620792864	1862.7001483502934	11723.482800058997	5.226915200853607
?	91.16207708801358	-203.77198229406468	74.977690872134	202.16952070108132	846.7151028767634	-5527.415274871081	1927.8358042967502	-1959.57768558007	9.177398121520755
?	98.00614304272366	2769.2236727311524	82.8350134195849	39.1130694403637	540.1926957527711	-6794.24311573618	1764.7212640712885	-4829.757433003024	2.1082386618196898
?	229.62326072457316	2498.1366253969454	76.93334434415222	-217.60299496125813	507.00294708994954	-1768.2127355994405	1686.3479326465956	-4465.076605977965	3.024599761818655
?	222.91297431257271	-28.16746529097446	71.95486367152184	107.55518334255089	451.7820589727978	-1112.1129583863512	1541.467433772387	-761.0581531309464	6.1149311855257125
?	228.2148874600244	-73.01268822030077	82.31110351127984	222.27513998749427	451.3972991706312	2262.828837725712	1648.2950249900478	2067.1942183236683	11.832055050978934
?	219.26233990155762	-459.00920890717686	83.0686206708967	33.177260500506904	564.923500859085	3346.8553858202426	1644.827144688572	-2856.2486490617816	10.811004365385038
?	205.26442701466524	-1823.4946473813388	83.96996653630521	-9.085838580766263	618.7400684616457	143.44652892848694	1505.4825925369566	-2765.5047673172494	6.557935321041642
?	128.0876075324894	-973.9455724139137	82.61432874185839	-191.38955411783866	572.0958273055095	-1175.8588403384504	1506.5519063227075	-151.74890208705403	4.520854896739307
?	156.56714839396886	859.1429122194498	74.40048883041314	-118.56260575702693	559.9471264447224	364.986889360386	1497.8951474326038	625.8991165240516	4.621495352664416
?	171.0447531434625	567.7083494408122	76.68619845400696	115.42752365577037	590.345171773529	2870.274463809244	1537.8468621489105	2545.6581571732295	4.868811883502771
?	184.95256586600988	225.57144335990833	80.17186501320174	-159.6474009524411	703.4608496351866	1981.874822197498	1625.1780552912671	1141.4544510968583	9.197431840549402
?	182.32332531145806	-44.64944988008647	68.70382840638479	-305.79222313457785	689.4389128834054	-152.05974122823602	1594.9195847037543	-901.9209815821895	2.0341181291602335
?	182.72009337200552	85.71002287687114	64.88225385647263	-54.89504342992383	695.8578625737747	-639.7543748441626	1580.082006212157	-511.08694368956276	-0.4448640541197437
?	186.60882645530168	165.82224811800066	65.95907623488856	279.67007794336325	657.4511941411968	-3758.4038205994298	1569.3652375192758	-2472.519839816124	5.0583342765023955
?	191.01120577790567	297.5677954188442	78.86575775364099	261.84406845563814	507.93767154380055	-1907.6349590525595	1456.456014221349	-4539.730844168129	15.842482008656429
?	201.4872162262441	236.06599773607633	79.05127965767065	10.396379553896077	562.0694461885674	1029.2631129582142	1342.378695310866	-5724.594773441255	15.491316020591062
?	202.81450566470966	61.36496438786393	79.3855767313358	-196.80338146728423	559.400827191712	1157.3225261162788	1170.2262755492823	1665.9962286222471	12.55557082461552
?	204.55546444563734	-4056.2901132941356	69.2111105843063	-1587.7115346266935	619.9355724943822	-11188.016543834081	1425.6785067419796	-23404.525510985313	6.694528867278411
