rowLabel	avP	dP	avI	dI	f1	dF1	f2	dF2	h
?	181.23552988767247	3524.919340374571	75.61353896066035	1499.0194476438346	795.4382950897917	10540.227061290025	1561.206976832416	33034.51935571498	15.83144353049848
?	176.24596701872858	-87.95059837454232	74.95097238219174	8.798030788483118	527.0113530645012	-8041.483980402763	1651.7259677857494	6939.650505470158	11.109893199540952
?	176.83799996894535	-133.82887203497597	76.0534405000845	8.434639539180747	393.36409606965356	-2714.9375172356354	1908.189502105924	10968.438540461675	12.127910353345106
?	169.55452341697978	-133.38443187678368	75.37270435915077	-338.9583774441757	391.26447720271943	1252.6328047307882	2200.1478948088334	3442.736577784918	15.767895071586196
?	170.16877837510617	-285.66988820147066	59.105521627875724	-136.5108620481516	455.99573630619295	2282.7151593925923	2080.32633099517	-16007.634281276749	-1
?	155.27102900690625	-541.6628383606304	68.5471612567432	276.73826600309377	505.400235172349	-1005.4911981237401	1399.766180744996	-14469.632968833088	3.9395107366740714
?	143.08563645707466	-221.02063570735658	72.94243492803041	-50.260213616410866	405.72117640000596	-1125.2869206858716	1356.8446825535157	6759.012780174	9.045680180432028
?	144.21999722153842	-2881.7127291414936	66.03415057592265	-130.46523557006597	449.13588913805546	79.78751851909011	1737.716819753696	10592.569819784338	13.22992156109309
?	-1	1050.319326652781	66.41917314952711	23.869850610509506	409.71055232596046	1673.352373620434	1886.4731735427324	-1311.3402018543868	0.9381439904811257
?	196.73596355417746	4270.087183150401	67.22764310644813	134.5238630882719	532.8035078190771	5850.299052827625	1672.1498096609766	-9191.884393839138	11.072311588770383
?	212.50435915752	1223.5232884788838	73.1453663039407	150.6529199999268	702.2255049673416	2658.1942657525246	1426.8789538507756	-5490.448924824755	9.68440009466595
?	257.9121279781217	1599.0487567894852	74.76028910644448	-4.226676768620333	665.7132211067035	-978.5235186453306	1397.6273634197387	761.5578446354941	8.59293518380614
?	292.45679699699434	725.610559211198	72.93403246550969	-247.25028167130552	653.2993290350751	-1039.7751637648926	1464.9568460825503	1070.8044182774202	11.275701799429408
?	294.19265593868164	1.718155542686189	62.39777502287919	-350.0645057432258	613.7244629184588	1595.3239647360292	1451.1675843336097	1865.8722905686348	8.323256111234148
?	292.54270477412865	-5903.853118773627	55.43080717834838	-191.91342966973917	733.0655272718766	4176.044975385533	1558.2504606109821	8044.36110887452	-1
?	-1	-5870.854095482568	52.80210353939222	-55.177544253048104	822.5267116877357	2317.1486297858246	1853.385639777336	6989.557620555914	-1
?	-1	0	52.67192996569597	-31.25084541039226	848.9229587611679	-3563.452211618923	1907.7283416387781	-542.5347203254746	-1
?	-1	0	51.239561268872606	-127.24074808715659	644.3541011067894	-2275.8971936728863	1826.2589037610624	-3387.5288813960165	-1
?	-1	3054.762250927035	46.30989256133814	6.5844307885501445	735.1280990775235	1430.0753195179263	1738.3518975689772	3126.8653232933384	-1
?	151.73811254635189	2882.153380426643	51.568782808300114	400.532163778701	715.8578670826857	-6833.807426425801	1982.6021699257294	1173.608599718829	-1
?	143.10766902133196	-293.09287563347226	66.33650075027316	20.628084202913026	393.4377277562339	-6164.026989441619	1797.0323275549185	4096.057256539394	12.250664617312378
?	137.08346876467826	1561.2877542256288	52.600187018445766	-114.01364192869939	407.6565176106045	1257.8435681324277	2187.4050327526993	-507.57288046184794	-1
?	221.17205673261347	1765.322563714513	60.635818653838186	626.5415942663791	456.32990616285537	1449.7212734974878	1771.6536835318261	-5147.826717789217	0.7030600654090758
?	225.349596950404	141.25596044414112	83.92726673176475	191.95029314182318	480.14258128547897	1550.2498614299996	1930.0136968632382	-1194.7452685693986	14.093222566528329
?	228.23485475482053	33.03925859526484	70.23333331092935	-386.74413095241385	533.8423992343554	814.009311080935	1711.9164201033561	-6.528773862182782	7.263384841631071
?	227.00155988016724	-4584.697095096407	64.59006018414404	-52.119068078659105	520.8430468395258	187.00374179166357	1929.687258170129	7734.83645861186	4.778171671843356
?	-1	-278.4131265452837	67.6273799069964	91.82850967154045	543.1925863239386	-3117.585711984936	2098.6582430339495	4035.515199153375	2.3696807083990716
?	213.08090355290304	3850.7242689772042	69.18148566772106	15.02176024067721	364.9637612402788	5057.340038886735	2131.463018127798	5568.204666608094	10.883546476320278
?	191.5362134488604	-4281.618071058057	68.37846791903026	-118.90086871250777	796.0595882682756	12064.261190626485	2377.0684763643544	6706.913489431975	3.236904027601407
?	-1	-3850.7242689772042	63.23644223209567	-306.58867805500023	968.1768207716036	6302.92925206012	2466.808692599397	47.31010625573613	1.7689683813518955
?	-1	4640.2648252286335	53.04903401628023	70.46390190362382	1111.2060508712818	-11067.328783430594	2379.433981677141	-8293.737768189742	-1
?	231.0132412614319	4726.01743535695	66.75963732727686	489.33899958899485	414.8103816000735	-13188.206627820946	2052.1218041899097	-4406.297163565319	5.87221229404343
?	235.3008717678477	2831.5032665543918	77.51598399573	243.21158360752298	451.79571948023397	1608.4239462451374	2159.119123498875	1916.6439337294544	20.510479778233826
?	372.5884045891516	6050.764731125003	78.92021650765302	-246.11967461529736	495.23157891233046	1608.852587474781	2147.9540008763825	-626.5627480703455	13.31876049459684
?	537.8391083240981	2302.036254543828	65.21000026496512	-310.79586136608714	532.2383488539731	2122.771097982119	2127.7909860953578	-7098.878730952245	8.374583032686665
?	487.6902173163431	-7807.570310852134	63.380423439348654	153.40839515868012	601.3701338114365	1096.6061653818738	1793.0100643287699	-15603.345895335897	-1
?	147.4605927814911	-6747.625962596827	72.88042002289913	86.58473363183141	587.0686571230668	-2370.6496109301625	1347.6236913285622	-6649.774367794047	5.295323379448037
?	150.30891918650147	352.00953421887186	67.70966012094023	41.00009254835211	482.8376532649283	-4315.831292724375	1460.5213459390673	-3837.948558350137	6.796958328339385
?	165.0610694924347	390.33184987108336	74.93042465031674	163.66279649981337	371.2770924868479	-2497.466939425032	1155.7262634110552	-4317.784717089927	16.217539183000895
?	169.82551168005566	353.83896385746436	75.8927999459309	55.82162758969352	357.9643062936766	2669.483214634744	1244.6321100845707	-857.1672021687422	15.067846102700685
?	182.75301768530787	207.00648594586613	77.7215060298014	-83.35491370322076	504.7512532185846	4341.542250601876	1112.8679033026183	-1385.7814465483402	13.555910376404636
?	180.17583597734892	-383.17587117790504	71.72505426076988	-117.16722291020359	575.0414188237696	-703.3158110857337	1175.343037757154	5121.07561795689	12.992610879976436
?	163.59422412641268	-733.3877870022056	71.86314488429125	-8.756600382324141	469.58546266429806	-4229.691625898472	1368.9216842004619	-1863.0205472781129	11.95046201072582
?	143.50644662723877	-381.1332959858904	71.28722424165368	43.7901249989382	363.55683752884676	-1783.370741358412	1082.1920103932487	286.75930373516724	13.300705534330024
?	144.53755932711823	-7.474794169719443	74.05265113423815	120.51859338854442	380.4169255963778	4000.5283865058523	1383.2596493872202	9842.336737017617	13.405981119166944
?	143.1327069187528	-200.4476943241322	77.31315391108088	-20.4665704099623	563.5832568541387	2938.4065279414153	1574.3088472441277	3255.0493845223923	15.651378150431658
?	134.51517461091166	-119.95921895185162	73.02932261374004	-377.6722189465928	527.337251993448	-1155.6665688276014	1546.0121186133392	376.4728156548258	16.49961760773214
?	137.13474597116024	87.88620798943757	58.4295429637513	-150.72671369222715	505.7999284127588	1657.5898822898434	1593.132488026869	1515.0812248326938	-1
?	138.90948501038352	-268.59971864224644	65.4929869291287	292.77455145772353	610.2167461079399	-1441.7862495512038	1621.7661798549736	-10126.971638827927	10.028289869282816
?	123.70476003904797	-482.3177689880464	73.06827053663743	-3.3420142078964097	433.71061593519886	-3427.273429909728	1086.7839060854744	745.2817807835144	11.533272049860772
?	114.79359656098129	-2494.0952007809683	65.32588621873389	-146.20156557370586	438.8530746124541	586.5513549827924	1659.0302688941492	20303.471354523608	7.47770434050545
?	-1	-623.8901621342918	65.75819225795216	-22.10620832367433	463.0381836843384	-1238.7531346980584	2101.957473811651	7419.329464031811	3.071267315600478
?	83.5990884542668	1596.370435741311	64.22057580255017	-205.20921085297448	376.9154178775514	-1009.7706769007689	2029.9967420957385	10.624616175446173	6.953507332796653
?	78.81852178706527	-1691.9817690853422	55.49773171530347	-230.4145760885241	412.5496498393001	489.4464713092106	2102.4887046204235	560.5395614008532	-1
?	-1	-1596.370435741311	52.69984699812401	-47.705163438029274	401.38774144301186	1125.7179668657495	2058.023720165781	-2255.9361918612913	-1
?	-1	0	53.11247354340202	89.90152250117805	468.8355481825874	13824.953261913624	1989.6918950273594	5334.855978469087	-1
?	-1	0	57.194923123182896	30.630884263876904	1092.6354045386906	-218.7239088139548	2324.7665190892344	3340.2191994814557	-1
?	-1	0	54.64401775659586	-160.45471503359124	457.8993527418897	-9783.696369048139	2156.7028550014315	-4846.075675899728	-1
?	-1	0	49.17218737150336	-141.9756296742606	603.4505860862854	4682.816649565081	2082.462735294249	-3763.9443485429906	-1
?	-1	0	47.54523627288285	175.7239114583654	692.0401852201429	6958.139646572754	1968.5056375742827	-1636.581819275722	-1
?	-1	2413.7391994736386	57.9583829444216	406.4004031863225	951.3575684149218	-4837.444323116672	2000.633644330463	-11242.292775066857	-1
?	119.6869599736815	2731.5767453500575	67.8652564321989	206.97898842304897	450.16796906431017	-9523.032194418673	1406.3909988209418	-260.53196259576544	6.4734222886363195
?	135.5788372675024	831.6126160166165	68.30733236557401	107.61524287574626	475.2059586939899	-819.3241157131929	1987.6070462006749	2321.0342757913386	11.371512080106157
?	161.26759077451217	587.6223154906027	73.2460185759862	150.6546128779959	409.2017632786507	-994.7853583791028	1522.4427126105084	5173.348172524379	15.222583672143369
?	164.95995304203242	119.76848979942915	75.84006300947378	35.48846713922201	425.4666907750349	-844.990532882061	2246.274454826893	6439.262123634003	19.09622524143943
?	167.2560152644836	57.8041428551986	75.02044193294729	-11.197526909415142	366.9522366345478	-1071.9492653759157	1844.4058187922074	-20544.694325896864	16.687647360687837
?	167.85016018479234	58.6019433230583	75.28018666400303	24.497981407616948	371.8692275062393	-257.796993701405	1219.0397385320534	304.0601769702345	17.259981760680354
?	170.1861124306365	640.4582421011497	76.24534100332814	29.55435448002401	354.06238694947757	495.5912110626463	1859.608827640719	3322.535775415052	21.1838331973461
?	199.87307228984972	992.0995300618422	76.75790438800422	-1.6802194740995506	396.64878805937155	-109.7287487099599	1385.1665273028054	-11208.64803706684	16.15747422779679
?	219.79108893372845	727.3355560333343	76.16133002962316	5.5516799395380385	348.5759495139796	-156.1693011790402	1299.176425787379	4185.138796084517	14.29849801223953
?	236.2398500915163	1107.3762851071842	77.03548838498112	52.79375329009743	388.8403230004196	3984.4741636130634	1594.4234671070305	5937.983210401556	14.666384043911279
?	275.15990318908746	1138.3433020366426	78.80101769412802	-89.03406751227183	547.7996576946321	2293.1428903109418	1596.0755863074558	-777.5067824884654	14.787044236268832
?	293.15701519334823	368.74435798297685	72.58378500936755	-364.04282638843614	503.49746751596626	805.1643671686412	1555.5481279826074	-682.6449658193247	11.911009289029309
?	293.59712108823624	25.3154027249162	60.59887637470628	-221.76133596595997	588.057876053064	470.4413639263583	1561.9433380164896	160.09249561027048	-1
?	294.42278532959403	-339.11728980408844	61.49571821106959	276.49158798318877	527.0195357122841	-1646.3850598434421	1563.552752763121	-9074.834963166732	-1
?	276.6412565980319	-675.7462390683442	74.42345577386567	174.13115352433954	505.73862306089217	-2457.7499437908655	1108.2015898581546	272.46478500720156	18.508576667173966
?	260.63547337617695	714.3328101243096	70.20227588728653	-133.4839900370567	404.13203852274125	-351.33467130280235	1577.175992013481	12648.480725529038	13.765022513188805
?	312.35789710424723	874.4640446595937	67.74925627201286	-17.10465905796133	488.1718894957521	2404.0551106220273	1740.6256261346043	7848.28650123704	4.635019211051228
?	304.3586756091565	-543.522336695299	69.34704293438847	30.144543735065206	524.3347940538422	-288.55858764811376	1969.5903170753315	7921.583896703943	14.400231158742013
?	285.1817802694824	-2309.5060766601714	69.25648345876611	-73.86176838718396	473.7439601133465	-2149.551385660713	2136.7048209698	4538.943212358056	16.50825494770837
?	188.88337177614832	-5723.635605389668	65.65395451502928	-301.952850941448	416.8572247708069	-876.4743238027844	2196.5374776932335	-1839.1241976410195	6.019459335686598
?	-1	-3797.6674355229798	54.158840911693765	-283.52426628512535	429.9202439232074	1356.1624602085353	2044.7486110877494	-5721.975339771572	-1
?	-1	0	51.47774120077307	-120.31385160335759	484.66534778123344	8598.454957905384	1910.438710704656	1274.9485430410414	-1
?	-1	0	48.14314833152591	21.754969612046374	859.8429918184751	4126.279463230002	2108.4960382398012	1556.8613016164327	-1
?	-1	3067.074838343532	52.56548968137538	344.3954123710422	690.9793209427328	-9121.10088913522	1988.2817757854773	-3906.944192483889	-1
?	152.35374191717605	2935.6650043969344	65.36291895007796	300.50388656298134	403.78794736171574	6754.261610060667	1913.1488286156075	15666.378450492077	-1
?	145.7832502198462	1116.6953183604646	67.5906840095244	63.081479204351126	1028.692401445765	24864.72049562733	2771.6006983100783	19601.882425857966	0.5067113887803416
?	208.1885078351991	1231.7818133847536	68.5169929102955	285.68695041417516	1647.023972143078	-12060.997550172518	2893.2429499085024	-20264.81103640142	2.457591475156347
?	207.37234088908366	-329.1308447074454	81.8750315302331	179.38566239140448	425.64252393714116	-23080.6546506102	1758.360146490011	-20685.53737687444	15.653490435150388
?	191.73196559982688	-685.65949287006	77.48627602986569	-82.0599786937561	492.99123961257214	847.7854526587857	1858.966081064784	-655.0085278725942	10.409075635554489
?	173.08936624558078	-549.2168033952273	77.77203259554531	-97.34588690807107	468.0317965700803	-1431.9219717667186	1725.6097200963814	-2392.4272218931123	11.037408490076684
?	164.2711254300656	-647.4110441440843	72.61898168446216	-155.83851894138743	421.39514102423647	-807.7290621774006	1739.3447199701288	-377.84630835714006	6.2825904118440175
?	140.71881403837668	-596.6901941415715	69.98010664847597	54.104939982217864	427.6453434612104	1447.5291911635982	1706.7174046785244	-1216.226285413927	3.8278061323238894
?	134.43661572298714	-554.3425478559637	75.32422868357304	-39.13217813725524	493.7716005824161	2852.6715052104555	1678.5334056994327	4923.655703921662	11.148312438658216
?	113.00168664557859	-2708.7323144597526	68.02349774161321	-334.4747275269055	570.2789187217327	368.13752446522716	1952.9001898746067	3039.819417653359	5.283336382252403
?	-1	-2280.03373291158	58.600492307227825	-311.21497615106716	512.1784768056774	292.6068882937544	1830.5243765821	-722.6923267120473	-1
?	-1	0	52.46274893405991	-147.56242251125693	584.9092631364204	65.61295740965102	1916.7655735390044	1015.4756486618398	-1
?	-1	0	51.222371181665004	-98.44431572725533	515.45912467616	-308.58959604388355	1881.298159015192	-2395.900560935633	-1
?	-1	3480.961021181877	47.54053314769716	309.2995339527131	569.4797833342262	2654.789882394314	1796.9705454922232	-3651.132098178286	-1
?	173.04805105909324	3751.421614828823	66.6873478793006	632.5209983726639	648.1986187958752	-1963.7290143516	1698.7415541062783	-2333.703621970316	-0.06052690091700924
?	186.57108074144048	601.4822836292898	79.16658306633025	268.9004420929272	471.2933326166466	-1997.0401062167596	1680.2853643937078	-205.7784730930378	6.4972947835196875
?	203.12216524055762	-253.73865845251976	80.13236998394692	-49.48482413566882	548.3466134850376	950.7446488960648	1688.4526304516264	-1044.7387688444942	11.328674426184442
?	173.88414781881454	-389.4427595699798	76.69234185954682	-4.19581642408447	518.8305650614497	1268.5219384563243	1628.0484259514833	-6456.483262936167	7.396819873177373
?	183.6500272620587	389.7892983180034	79.9225791627427	79.50053455666563	611.7727104078535	-202.3503153859629	1365.6284673048192	2344.6144262548605	4.2212032572946105
?	193.37361273471464	895.7974650863523	80.66736858738008	63.96971545679287	508.71304929215154	-3008.24347639583	1745.279147264226	8953.199958021372	4.650817104574705
?	228.43990051637616	725.1571959336073	83.12106493558233	95.17053722188513	461.3605365880626	276.50629765540754	1813.2884652058863	849.6532729904387	9.225230562042857
?	229.63147253139488	171.30356368936535	85.42589544847432	-71.65317655886977	522.5383641749219	1178.6787727598512	1787.7618109137477	-5002.787965349748	9.849888093700603
?	237.0050787008444	148.75310170189206	79.53840610763885	-74.5228218324243	520.2944752260549	-656.1760480703039	1563.1490669383998	-413.1150471246989	6.299081662948088
?	237.06912761648945	-169.39302259750835	81.69975435685312	32.866844390095025	489.7295617714068	-1048.983637375891	1767.1060585575128	3360.2072022466045	15.409775538155348
?	228.535427570969	-1045.126935262824	81.1817483271436	-184.57886606902983	467.8452933572606	-582.3482408441894	1731.1594270507294	-2266.75658006703	13.13402380923308
?	184.81278085334844	-900.881924401127	72.47081105340166	-148.02119440506627	460.6121497291974	-254.51019192321587	1653.7682295541617	-862.4448304311212	5.469702901293597
?	183.49133135091282	68.49622800528518	73.78068860689031	70.0611653262811	455.1197837610998	-13.800596969249504	1688.0371855291735	-146.9488336023647	5.574860860709665
?	188.2375922536127	53.16152519474277	75.9738693197157	-128.03437348868374	459.92211988073495	6217.369356685885	1646.4207878740435	9468.158005751568	10.046368751243003
?	186.14940761064994	1611.912028091802	67.37896993245614	-192.7785941402389	765.988251595393	2213.7090576365936	2161.44508581675	17884.480369430366	3.023058512104607
?	268.8331936582025	2263.3341368018655	66.33493961270379	131.47823841605617	570.6075727625643	-8503.727739848619	2540.6448063455587	-3375.3779383376404	3.9150605332576034
?	299.3161144507428	1700.6647469556428	73.95288185325893	234.2304604949737	340.8018646029636	-4046.4204416933144	1992.6761888998687	-10029.514036461127	5.707341852146808
?	353.86643100598434	1886.926019723887	78.04646263745244	18.88753903635411	368.28655067789924	1323.6795932136422	2039.169104522504	-2357.1667080363286	6.485203825361803
?	393.66241543693684	358.96799249796584	74.89725880507663	-201.55319353155235	406.98584426364545	2068.295751587884	1874.8178534980527	-6405.131506562966	7.6872847817937995
?	371.81483063088257	-1201.1059954105665	67.96880296087485	-16.48574540353826	471.70133825729306	5312.450183816068	1718.912529194357	-4436.125875696773	8.309296168892931
?	333.60711566640873	-1772.0818209101067	74.07297153489972	62.2009674866623	672.6083534544479	2670.1259068786526	1653.0115597132149	-886.2512797192298	7.921720064464166
?	283.21073958537755	-2617.4490046817336	71.07885133520796	-16.0943185869167	605.2076336012252	-2333.009831171761	1674.5999652083956	4344.69506170313	2.764948374674909
?	202.73466543232252	-2350.0133946850124	73.26825560555389	168.86509737797243	555.9578618958602	-650.9423464316842	1870.2463127983706	3937.5582424543113	3.9196651360726373
?	165.71006985112734	-663.7529312618439	79.52210620410655	46.309944968861195	572.6605162796411	-1510.5914759366224	1871.4778773311104	-6514.307729859352	7.014386169325599
?	169.54701886923044	1332.6642739846473	75.58375285399694	-27.37667479620067	480.4282880990294	-780.8520600066509	1544.5309263054041	-4715.978456654796	6.819688947322317
?	232.34328355035947	4964.426016724971	78.15327246429652	151.4644848667177	533.6179132793087	-220.8828222008898	1635.6789544983715	8163.289083029146	3.9159002910330534
?	417.7683197054781	-1915.237015478363	83.1569770973328	-2.618359869227343	469.3841469889849	-2190.985290108168	1952.69538045686	8904.465445334581	3.5446257617961763
?	136.58143277644166	-4672.051633839856	78.02235447083515	-27.16973947908353	424.0686487739007	-107.34662662745829	2080.902226765099	-5585.339863464394	5.312131793762687
?	184.1657380134862	1224.6071602364416	81.79849012337863	177.95760290370544	464.016815657612	4587.446251321649	1673.4283872836413	-12207.179912470336	8.046398321416254
?	197.81179078826352	-1168.1255629616185	86.9202346160204	-104.22092711119242	653.4409613399823	3131.9838291778724	1470.5432311415843	-5650.132025877812	11.069313036638793
?	125.75945986540547	-2216.5144525430173	76.58744376781903	-227.37442452244773	620.6160071165051	-667.0014734595635	1390.9217859897517	-601.5997948154858	3.7983590626745816
?	86.98606816111305	38.194135390107384	75.55151338989805	95.28431792067414	620.0908876670043	-1368.9621674767093	1440.4632414008101	835.671708270532	4.13899670471757
?	127.66916663491084	1384.4153211688608	81.35165966385272	110.40310132528401	552.1678987426699	-2228.5107194083353	1432.7053714032781	-634.8602459482686	11.397216608670131
?	156.20683421955584	287.27330408090455	81.07166845616223	-155.90364471743865	508.6653516965879	-554.5081741962187	1408.7202291033968	930.244628060576	9.34305509614111
?	142.032831838956	-3144.1366843911283	73.55647742798081	-336.84773001523075	524.442490032859	817.2205088545577	1479.2176028063068	280.2744342008792	2.983694334760881
?	-1	1911.3697820243783	64.22928195540075	-222.46823423540755	549.5263771393156	-39.214386813087145	1422.7339508134407	644.3334675852316	-1
?	237.6013209401746	7424.541808028478	62.43306571621047	-88.61929656873161	522.4817706922047	-1876.7803052707573	1511.4342761855683	5624.255311062927	-1
?	370.2270904014226	6781.952295339669	59.798317126964186	-37.798398229570005	455.6873618757781	5015.613782623996	1703.946716366586	9814.809698986295	-1
?	576.6989357071568	-586.8384120947403	60.54314580473198	55.973870255088286	773.2624598234036	1147.0010387217924	2002.1747611348812	2381.191214982013	-1
?	340.88516979668566	-7043.27674575251	62.59701063971859	79.9753275234221	513.0374138118675	-6976.44725698778	1823.0062771156863	-4419.850398684459	-1
?	224.53509841953255	-2434.0736236377725	64.54191218090307	-70.32236087285736	424.44009697401583	-1121.5643298855646	1781.182241200659	-56.44039552961678	-1
?	219.18148861479747	-2954.910843984468	59.080892596075735	-16.428410175064187	456.9591973175895	1617.1062711359184	1820.1842573392055	1194.0868503720455	-1
?	76.78955622030966	-4403.629772295965	63.72049167214986	81.57514562063554	505.29541053081147	19489.46816616961	1840.8865837192611	14122.793775396973	-1
?	-1	-1555.7911244061988	63.1596498771075	-53.125074688143364	1431.4326056260666	12573.170889970655	2526.3239461090516	9751.488193048752	-1
?	-1	0	61.0642379377427	-99.53698435956106	1133.953955029342	-8853.56729238725	2328.460993371697	-3004.249770549342	-1
?	-1	2453.21925461432	58.18280065912946	-84.48631570851562	988.7542410067057	-8982.212272227578	2376.111457581585	-9041.026048045856	-1
?	121.66096273071557	2879.277741429949	56.83992215231694	195.89476898815033	684.8433414179648	-12659.76475330231	1876.4096909694058	-17135.174765875952	-1
?	142.96388707149694	592.2505474954072	67.97753910853695	348.2330323359022	355.76600334159247	-6263.364378902833	1519.3527192877905	-4928.40951300352	9.884415359343329
?	151.27349010548582	181.2137322712375	74.25157376911199	-100.76095785521709	371.6751224728242	-400.5785498346816	1629.9892153192307	1517.1513565182622	16.34526697771442
?	152.02457368505878	-3045.4698021097274	62.93949121577611	-261.4334369016482	335.73707584985846	-751.0014835959661	1595.2102871137033	-1485.9000520926663	12.73770064257035
?	-1	-3060.4914737011864	61.17990192402962	-0.5992335324926067	334.12504829302605	-1196.4219736188054	1555.6942127145976	-2438.066343532409	-1
?	-1	3005.3611213185845	62.90952953915148	152.77333845428754	275.9159771689184	-443.5036257122367	1473.3069699370833	-4668.526309224028	-1
?	149.2680560659287	2959.4158431335304	68.81856884674397	39.86627390453904	311.9498670074143	1199.9553985507291	1322.267897253397	3828.8362184843754	-0.202358383102887
?	146.970792156676	-102.17824756901032	64.90284323437842	-182.6861663583791	335.91374709645464	3194.292903905375	1664.7487808613014	7410.403588935368	-1
?	144.1591436874782	0.18170704279100455	59.68426052882505	-11.721560061524526	471.6645122026825	2310.2410208531437	1692.788076700164	-900.4393962619438	-1
?	146.97987750881555	-2903.1828737495744	64.3167652313022	1.9390797211367852	451.4257981391114	-2510.907526725176	1619.7268110482044	-2881.7603615429257	9.485136077185356
?	-1	-136.22352707096744	59.78121451488189	2.626864598066741	346.11913586642413	-534.6956600314055	1548.7000586230183	4500.155341891157	-1
?	140.1687011552672	2632.8458129535697	64.44810846120554	150.59735899572598	424.6910151375412	1103.8821455563918	1844.7345781427614	276.0910197957456	8.432531987795526
?	130.642290647678	-228.73841428986194	67.31108246466816	131.06131367780722	401.31324314424353	907.664849363425	1562.5046096128056	-7399.002735644625	8.759943415638082
?	128.73178044077414	33.222884117252654	71.00117414509587	108.54351498677129	470.0742576057123	1250.4267455700847	1474.7844413605314	-1997.2083895215908	13.042203201094537
?	132.30343485354064	-21.834387002238678	72.7382582140067	-65.78042258139811	463.83458042274754	-46.29460719423508	1462.6441901367264	-302.6193902755369	17.10895488893992
?	127.64006109066221	-24.54693818771795	67.71215301602598	-121.3318177911563	467.7595272460006	664.3073930309489	1459.6534718467547	6129.808506470162	12.486937023245773
?	131.07608794415472	1066.3272896391688	66.6716673244488	25.36122361182741	497.04995007429545	2724.162513177506	1769.1346154602388	12145.890078670363	-0.040961592527395646
?	180.9564255726214	966.9018642725102	68.98021419661737	221.5284385517006	603.9676529048778	2128.346121671358	2066.9479757802815	-13117.594084358243	0.22014388343155794
?	179.42118115778092	-50.32174307198928	77.74808925203399	49.33606824705337	603.4672561578649	-330.18330919748206	1113.2549112423173	-3953.6240742764476	15.112822401228016
?	178.4403384190219	36.20226953713603	71.44701760897007	-243.64716484781206	587.4584874450035	-24.179127310059922	1869.2667720664563	9868.917826177103	14.207083917704118
?	181.23129463463775	-41.77109306541578	65.56573100964322	33.60233570551723	602.2582997923619	-3819.116467811986	1606.7008025511795	-1536.1855259537933	-1
?	176.3517837657511	-282.9673855643369	73.12713439424596	128.36294080624458	396.50266405440146	-841.1736207809685	1792.4574957687655	9099.982182615348	15.343780855999233
?	167.0829253564207	-3547.0356753149713	71.98387804995554	-45.526829227713314	560.1996187533129	231.29492219662677	2061.6999116819534	12043.872841792383	16.909951444973625
?	-1	-3361.658507128366	70.85079293286026	-70.39883982909501	408.06741016423297	484.0657108284676	2394.651137858393	7944.79107228493	2.319695560696192
?	-1	3386.4072574873667	68.46393605850074	-205.1348461665376	584.4029042947366	14032.145368508232	2458.9394652962055	1873.129234189192	0.8708066650790233
?	168.32036287437074	3291.6477790119598	60.59405062453323	-50.59800684696014	1109.6746785896546	-4752.958917717204	2488.307599567854	-7876.397075283528	-1
?	163.58238895060032	-437.03438605815853	65.93403571615269	99.86898742251285	346.754958408873	-15567.71571013007	2065.1196115320236	-5013.3436630417345	12.177307963211069
?	146.4686435714625	-3291.6477790119598	65.58749999565895	82.48806786662013	331.28889308314007	4308.220547640438	2237.640416415764	8442.822630927602	11.661447836052329
?	-1	-2949.3728714292083	70.05843910948376	122.11916467531748	562.1659857908979	17575.488539044487	2487.2607430784096	7949.693350199046	0.7581744656473972
?	-1	0	71.6934582294249	-62.0923685302142	1210.0633200353768	6250.3455669677915	2635.125083925722	-3761.2748248609487	1.8070509903718197
?	-1	0	66.953820682973	-356.51101916949517	874.683264139292	-3631.5601523666314	2299.1970018353595	-6963.809000190168	1.4960741442337595
?	-1	8758.287587437768	53.86790727094989	-190.44492288278036	1028.4853124170427	-3563.7467706682214	2286.9346339162084	-2536.3996462890195	-1
?	436.91437937189465	4024.9709226947616	57.43157453883385	426.9633497070078	696.4959256058784	-11350.18296445319	2172.3770195209067	-8704.246846245294	7.086070029485247
?	200.24854613474093	-5345.996389297291	75.21607475630059	295.81774167001095	460.9761641943751	-6663.12355144201	1851.7222916039375	-5652.283624275771	11.393664792888268
?	169.61455990702632	-680.0490036568937	72.2224616223346	-33.20530148450284	363.33974803377316	-1678.4385743994483	1889.7628383071142	796.572395655337	10.105155915575134
?	166.24609595189577	-391.4291074605792	73.55580968207542	-34.532419611465535	377.0542354744015	809.2287385983638	1891.550911386705	-825.3845586398867	13.672886180863234
?	150.04310453399708	-316.38204338591726	70.4958406417613	-49.99603402019588	403.8011849636919	1119.231453618811	1848.4936103751193	-3258.7022135948237	7.224188968604684
?	150.42699378259968	-45.41517394389238	71.05600798106559	106.93266704485286	433.0158081553428	3793.4643298096053	1728.6158007069614	-6482.587130573537	9.895416415656124
?	147.77234583680243	-237.03050531503553	75.84247399400402	-46.04062184914133	593.4744014541749	4372.086456943545	1524.3642538464378	-3418.3535706193848	5.928124474471276
?	138.57546851684774	-2975.446916736006	68.75397688860849	-161.29687016695553	651.6201310025232	877.6152889678917	1557.6981221759897	924.4349642119964	3.1218327753841453
?	-1	218.51334749981876	67.77763048565613	-113.26893539916252	637.3551659025701	-337.12364616564605	1570.5860020570383	11340.85755693298	0.21267410225080555
?	149.50113589183883	2889.768577315286	63.090530118650285	-14.308811017039968	634.7639486942406	-5213.903082100023	2124.741000022647	5167.285613549283	-1
?	143.48842886576637	-304.0109208575219	67.06218993480412	26.89557967248281	376.66001179756523	-1977.9461961646134	1828.9502827345061	-9498.124036266887	11.434045682345712
?	134.30058984896252	-56.3422438568441	64.43530910227445	65.12084262945699	535.8666388860086	1690.5535123847355	1649.8347982092957	-6030.888046210876	-1
?	140.67131667292412	327.1396742685629	70.31823206627702	227.25367948917227	461.1876874168032	-210.04030720238845	1527.405880423958	-8523.33907703199	14.436582128277232
?	150.6575735623909	472.30246632008414	75.79799307673322	171.19617666482907	525.364623525889	1172.1628410974533	1223.6678443576902	-4329.8983793702855	15.478085357676926
?	164.28643998892866	484.66431711755143	78.8780408995186	32.95770777017292	519.7958294716767	167.99286327877087	1310.9109614554407	7037.2927741766125	16.29848878338073
?	174.8907894182688	226.5556590138768	77.44587846524189	-29.505373102593502	533.7642666898277	295.04991374974713	1575.5324830665259	-94.3501825673807	13.581814359829702
?	175.61422293962266	-120.00796087030665	77.4027722443889	-140.45508610126092	534.5483251591643	75.4662698194182	1306.1934523270716	-7158.401916172032	17.256711879184618
?	168.8903913747534	-134.27896236662983	70.42312416017875	-338.5067018647652	537.5375801807986	764.9496576733468	1217.6123872579192	-852.8175482083785	13.116219228469504
?	168.90027482129108	-3397.8078274950194	60.4774371511504	-329.3549459608633	572.7958080428322	894.0499089196519	1263.552574916652	228.12993101404248	-1
?	-1	-3398.0054964257733	53.955376862135346	-180.81706463937337	582.2400756267819	-396.5137079547288	1229.0188838086215	616.3110834732064	-1
?	-1	0	51.4365839191816	-104.07483738204428	552.9701226450954	-681.3382518152883	1294.3681290903128	1184.0062794087194	-1
?	-1	0	48.75163499303306	-108.46924941432096	548.173163036017	486.031674825815	1288.2191977790583	2267.905282542069	-1
?	-1	0	46.013121448465476	-77.86268529233058	577.2717063863865	3386.9220936929737	1407.7633932174178	9844.474815384076	-1
?	-1	0	44.85850072841647	-25.42389914422649	717.519267720668	9887.844008206794	1780.442938548269	15696.73303427896	-1
?	-1	9918.134624053659	44.741926491254134	340.0417634126414	1071.6639067967333	-2990.8067767301245	2192.600044931377	-2934.7531694192085	-1
?	494.90673120268997	9653.666748594838	61.860588899048786	468.3740586152429	567.9789288841597	-10524.350597707657	1633.7052800773065	-10355.164466696886	8.586263520338317
?	481.6833374297488	161.46607521813277	68.16062942201661	251.17796300403054	545.446376911343	-1171.8647162079633	1674.8418215965253	-5991.31745961287	5.950200168696315
?	502.9800349635967	417.18532371220795	74.41948704925049	148.55752206825105	509.3856930737607	-720.8383380794032	1334.1394070966587	-4368.124957845968	15.290240983752051
?	502.5426036153595	-141.3457723048705	75.58850552542927	-232.45451738920661	509.40446000737234	239.51613237730726	1456.4355737042238	4027.467574795721	14.827893009385832
?	495.9127463483531	-10070.852072307047	62.796761179789996	-378.9541986459425	521.3614996926262	-3.7044044078242604	1535.5127858364476	957.2246528369487	13.558057905893913
?	-1	-6670.169553160501	56.64079559313188	225.94670524219188	509.2192397869811	-2358.9295925303354	1504.296806346072	8273.436336099254	-1
?	162.4042686903233	3329.741976172503	74.09409644189975	238.52063758550247	403.4150200661078	-2995.2449383657035	1949.1846026414162	8357.95683724059	10.35283473093641
?	165.48709880862754	-0.9311876388284058	68.56682747240717	-226.0469111883548	359.4569928686938	-777.4289966707935	1922.1946482081073	1299.15353980748	8.804182845310965
?	162.35770930838189	215.2913381461682	62.79175088248185	-47.872763414469716	364.54357023256756	-1292.615759648571	2014.142279631791	3260.5296211417262	-1
?	176.2516657159361	47.02238362520281	66.17318930168365	126.52463810501463	294.82620488626435	-1334.4380241351853	2085.221129265196	-2218.793633502715	17.435755202990123
?	164.70882848964206	-639.8580901663956	69.11798278773267	-111.36226079152193	297.82166902580735	799.1495304288833	1903.2025979566538	-2834.9074880959147	17.454226179061322
?	144.25876120761586	-86.38915371939837	60.605076262107474	-68.75605390279576	334.7836814077091	12728.265801634157	1943.4757548603982	8695.28191620468	-1
?	160.38937080367208	601.1731208008735	65.68018009259284	184.4018161651618	934.2349591075242	-441.0904710192034	2337.966693766894	108.75334534603853	8.661034740800735
?	174.31741724765996	343.358389858387	69.8251670703657	46.39480631737106	312.7291578567486	-12018.467600365773	1948.9134221277002	-6286.706404056137	13.971667523536249
?	177.55729029659167	16.004966502290813	67.99992040846142	-32.40407054088717	333.311579089227	778.8060134963272	2023.6313735640827	1965.5247720712616	16.7737118997995
?	175.1176655727745	-123.38296639857329	68.20496354332131	-10.643365147567314	351.6694585315655	25.95932435953236	2047.1896607312647	268.62325869124635	17.14390356817848
?	171.38814197666292	-1488.3459984381634	67.46775215108305	-166.0193962414393	334.60954530720363	-731.371914685336	2037.0625364986452	-319.96681962325965	16.52534098824812
?	100.70036565086528	-3447.7628395332094	59.90399373124923	-342.9640689074966	315.1008627972982	-632.9164936352369	2031.1913197501015	-390.9466860611918	-1
?	-1	-2034.0073130172766	50.31954870570797	-276.4891007034861	302.96372062544134	-238.5781002433885	2017.5152021955853	-133.50250519485863	-1
?	-1	0	46.07953869607473	-55.338639494366284	303.1719577851286	440.4094814439503	2024.5161944903584	-1685.7101726389499	-1
?	-1	2549.630043396012	47.55261673098962	233.22701293942325	324.98419469763917	760.9759846464834	1933.2296935636366	-8112.059022805591	-1
?	126.4815021698024	2376.285143360346	57.74088934304606	364.1158564551649	341.2207570174533	1129.3079496165612	1618.9132433500731	-6877.530142918056	-1
?	117.814257168019	-327.62551563176703	65.75840955374812	-93.35391556961336	381.44959217846804	6331.349675316596	1589.353186417729	3512.4359875477467	7.099824721223541
?	110.10022638821381	-2376.285143360346	53.07319356456532	-177.49880583595302	657.7882407832876	7807.673866874307	1794.535042727463	7231.564843897415	-1
?	-1	709.341447623472	56.883469261950346	175.9141843002448	771.8332855221889	5918.046041000712	1950.9314286126048	9677.534126137523	-1
?	145.56729876938792	3023.6159857317894	61.86890277957769	331.7085794519079	953.6905428333274	-3500.519920897471	2278.411749034346	-8026.650976981255	4.142130803486044
?	150.18079928659162	253.0544410621176	73.46889823454598	192.7758574364233	596.8072894773129	-8209.963461088259	1549.5988797635364	-13277.370762613053	7.7410422586407295
?	158.22002082249398	-3023.6159857317894	71.50769565139899	-74.87398053412058	543.1923697789086	-1287.6984701343417	1614.543210903684	3286.0149445413967	7.501759842732759
?	-1	469.8711963766137	69.72519920783989	-87.15633559566432	532.4223659705949	8469.988643354502	1713.8996269906086	15235.889161973633	3.050561309194528
?	181.713580641325	3488.576938085253	67.14987887161571	-65.4100348410423	966.6918019466398	-3316.3923157963604	2376.3376690023765	5764.161285261362	4.0220695018797485
?	173.42884690426513	-711.8655683007837	66.45469746578773	-134.02949366078383	366.60275018077454	-11927.683093882195	2002.1076912536807	-10981.971115565406	11.511980881550981
?	146.1203022262853	-885.1300306061249	60.448404188576426	18.155391387869056	370.3076472525216	924.7662643539723	1827.2391132240984	-6505.600890305225	-1
?	129.17234537395825	-496.78447379934005	67.3624670351812	194.81765697538685	412.8410633984738	2041.9542015857	1676.8276467384148	-3268.8707701045078	4.697801451056036
?	121.28107853631795	-22.63765835462404	70.1892870373459	-67.65341844772809	472.40535733180803	-239.68004101491374	1663.7955747188707	489.80254313503553	6.843925238569063
?	128.04046245622703	382.6451253873969	63.979796112794745	-121.38111477477621	400.85706134772795	-2126.6888362408286	1701.317773895167	2327.6070809561984	-1
?	140.41333480568807	219.51256186393238	64.12023129860701	33.669366431030404	366.0709155197651	-470.69297161559587	1780.1759287666823	2698.608488402231	10.103588367230849
?	139.0160905494238	93.41097201476127	65.66326443434629	193.31523251087654	377.3224127669478	1325.7141633489066	1836.2481983152804	1127.1810968815703	8.796089804795702
?	145.0838834064262	102.35009193530371	73.78599292415098	-118.18048777967621	432.35662368721137	965.922286216704	1836.5349836107616	458.3063413471635	12.60103390602821
?	144.13359514618907	92.67231084244013	59.754240045362394	-243.02114257542152	425.6185270777837	-257.8695480974793	1859.163515382639	70.42394846602647	-1
?	149.71749894854827	114.34020868197032	61.634935795379725	131.37962315172996	419.4631462823372	-419.79241761048996	1840.056181034063	-1386.424203682953	4.371430421831
?	149.85060558028766	-3014.3499789709226	66.32322120294899	-128.22515304537833	404.6289061972589	-553.3435180752794	1789.8423051984903	-849.4433309510093	13.521619576442767
?	-1	-173.14874601960904	55.22367814311072	-54.19151629358561	391.79597037857286	3423.064034800637	1797.584014486512	-9436.515859509998	-1
?	141.1931682793071	2751.5205149802487	63.61364538826967	256.3753201813825	575.7821079372932	2100.4491251868394	1318.0165122229837	-14163.91808843973	5.224400266302057
?	136.57602574901438	-2843.8633655861013	68.04244415218003	-164.4068283414162	496.81842663791633	179.51520972720772	1089.3881100645153	-733.5204221073932	14.606549223992873
?	-1	-142.95341274392368	55.39330397119874	-226.9746684387251	584.7578684236537	6770.641083724917	1281.3404911176135	12857.273733971679	-1
?	129.4283551118181	2558.9624372509065	56.69371073024361	222.73752679857193	835.350480824167	1512.9435388905279	1732.2517967631084	2421.186752705941	-1
?	126.94812186254715	-73.90808350861087	66.5301803111275	35.865635237151196	660.4050453681812	-615.8018619903286	1402.3998287529123	7307.371460837327	8.645339947645114
?	125.7329509363875	-2558.9624372509065	58.486992492101194	-249.5753487523821	804.5603877246501	1627.2314989712386	2097.62036980498	8472.34360233403	-1
?	-1	564.0471323885438	54.05141287350821	64.92416227431214	741.7666203167443	-1701.0646225676678	1826.0170088696198	-1252.9020549384727	-1
?	153.9353075558151	3043.045843260747	61.73320060581685	354.08998710429734	719.5071565962655	-7020.990848161609	2034.9752670580554	-22.25619331086332	6.965121272596562
?	151.1522921630395	-183.3745726322561	71.75591222872333	13.182180874606173	390.7170779086588	-7187.684003685413	1824.9041992040766	-4254.42265584932	15.914552584922655
?	144.76657892420215	-522.3969455614855	62.392309649547165	-104.28438049444475	360.1229564119898	-299.35537701018944	1822.2541342655863	1351.3966809474268	-1
?	125.03244488496486	-556.6797638958542	66.54169320400102	-73.17894602867152	375.7493090581491	-853.1917841886653	1892.4740332514489	-2136.8868738198867	9.20570243243662
?	116.93259072940904	-2520.6488976992614	58.73336234811354	-270.50512978637215	317.4633672025559	2593.9908963203657	1715.4097905745905	1493.6621380420927	-1
?	-1	607.4398836845977	53.01643671468222	56.78082610989894	505.44885387416923	531.2321795005714	1967.1571401535546	5785.282225141705	-1
?	147.30458491363936	2621.7862930547794	61.572403653608525	126.23848990170208	344.02497617758485	-3732.8476724616976	2004.6739018316798	-909.4729041900798	12.179325492611891
?	130.08931465274082	-451.75332365056516	59.328361209767415	-28.913780004030954	318.8064702510817	3080.7704687400446	1921.68349494405	8559.460204885532	-1
?	124.71691873111078	-177.15709144629986	60.12671465340696	22.46398169023461	498.06349961458926	26463.44984902171	2432.6469120759625	17896.6348466975	-1
?	121.2314600804257	-6.695408991397376	60.45156029427916	104.53729013452467	1641.978962702186	-2108.612251513393	2816.5152372789375	-13333.509077795976	-1
?	124.3821482815409	-55.59992872114868	65.35357916013327	104.4540508040833	392.6328870389181	-23817.225250429736	1765.9714581861542	-26173.199617699192	14.507498680363867
?	118.45146364436823	-2507.6429656307823	65.6742628344834	-149.72250947000177	451.1177001806822	4874.095318511131	1507.8552563939593	5649.3418702024765	13.684280002456532
?	-1	-2389.0292728873305	57.86745368663307	-106.5889480649597	636.3376529644781	2801.676167881867	2048.438551696282	10436.617226582723	-1
?	-1	2840.0729850709604	60.34481543123534	209.93964311202532	591.2015085747776	-2511.0335492727036	2029.6861177231028	-17897.1679277126	-1
?	141.00364925355004	2584.0195282058785	68.36443584223449	146.03158015866745	510.7859755008412	-2475.8128164318546	1153.5801553106394	-19344.92719411396	11.914387952498123
?	128.20097641029577	-561.9238338017245	67.64639443916882	-14.323827140698109	467.4108677531831	-471.64014452641266	1062.4397580173911	-2025.207266309165	6.2032416206213
?	112.90745756346341	-441.829500204166	67.64824448519957	-109.04915944552643	487.2039682745202	333.2487913530802	1052.3197919951797	-563.8365898636596	10.578173351972863
?	106.10950140008715	-255.87605662538783	62.19393646689242	-150.63373392134935	484.07330732083733	855.945621739617	1034.2479285242077	-1481.4139622305645	-1
?	100.11365473219384	-2142.1900280017126	60.116557789131996	-166.32875202537312	530.0012493615017	2911.929129661948	978.2490938836504	14170.755012005755	-1
?	-1	-2022.273094643848	53.87749886562364	-241.8075620840892	629.6697638039368	2850.148212377772	1742.7856791245056	19999.52987214924	-1
?	-1	0	48.026179684927364	-141.31060312024243	672.5086599803923	-566.2592330467838	1978.2255874911266	8397.399484509482	-1
?	-1	2190.55550396892	46.81196870961142	163.65226618217272	601.3568021515972	-3241.9627131272337	2162.6556533499856	4417.755142730985	-1
?	108.52777519844756	0	56.208792994036116	47.0625944659928	510.4105243240283	9490.19664660051	2199.113344627679	8707.785045241975	-1
?	-1	-2190.55550396892	49.165098432911094	-224.81486650242354	1075.8666344816295	10322.67255689006	2598.0449056120906	3496.971169655349	-1
?	-1	0	44.96804966891478	-34.52555756671125	1026.5441521685386	3413.72802616933	2373.961903110449	-3478.809260113399	-1
?	-1	0	47.43882055457551	128.69147635901032	1246.5530357900984	-7240.508318523814	2424.104442606418	-7714.520948391518	-1
?	-1	0	51.40262348686539	42.81144762984108	664.5187362423428	-13405.177969999975	1988.2358556908675	-9205.628657984309	-1
?	-1	0	49.57939293606759	-158.96522227418816	576.2941372900901	4774.103009928385	1963.8230097071962	2150.1437908677203	-1
?	-1	0	43.45436237315587	27.324233628560716	903.2238867387655	1291.1591484139874	2095.743045234255	530.0201254321171	-1
?	-1	0	50.94560461749565	211.48679177915878	640.8520947107904	-5227.794438219495	1990.3240159788024	-3255.04592515926	-1
?	-1	0	54.028701962113956	10.478629604147038	641.834164827787	1430.3773934708513	1932.9907489762898	894.395630874661	-1
?	-1	0	51.469536097703006	-51.1148087900895	712.370964384334	-801.287518210579	2035.0437975225361	-779.5467550336506	-1
?	-1	0	51.472961522609445	1.485963858103766	601.7697889172575	637.8271692492695	1894.0134112246067	-2866.913789457517	-1
?	-1	0	51.543834290608196	-4.28132140740865	744.2623228467979	2962.516446740652	1891.6981080496582	-733.3018987714909	-1
?	-1	0	51.25889545223901	12.67222807657088	749.8956112542923	303.59305896563023	1857.3483162860316	566.8496071172204	-1
?	-1	0	52.17744569443675	-13.972491172017328	759.4419757950797	599.1257027433181	1920.0405884055197	1290.599649190012	-1
?	-1	0	50.56027089363813	-97.49201746366215	779.8518963914586	-41.22293625930921	1921.8782987455331	-1007.5591372558795	-1
?	-1	0	47.30284482125357	-30.017559896149493	757.3808289821142	3932.4981727766235	1869.662631542725	2824.2135136211537	-1
?	-1	0	49.05939289883064	7.650971625485743	976.4768050302926	4492.912256870984	2063.088974426593	6889.103802893575	-1
?	-1	0	47.685393402527865	36.434140314984994	982.0264418256666	7758.907960122982	2214.1178216874087	1118.0208678271015	-1
?	-1	3688.3582410062427	50.88109991457991	453.77132835728514	1364.4222030364472	-10416.655997063774	2118.9900178179487	-6958.157640385549	-1
?	183.41791205031475	3744.384585086916	70.37395982039244	498.0432541408878	461.1936419724705	-20039.433272990173	1866.2099396681263	-11768.384050669943	10.070808169738237
?	186.21922925434848	172.5204835715486	75.78326262162466	130.00308052083412	362.45053938692433	-687.3308126874138	1530.5708152844431	-8825.253731943323	9.7772787563459
?	192.0439362288923	22.973979839134373	76.87411384643424	11.477695048188657	426.82710133809934	-486.6050918277641	1424.9472530709538	3858.6334413543177	14.962978465666797
?	187.3679282463052	-155.98217992809685	76.3571473740341	-40.37318370415078	338.1202847955358	134.02367613549964	1723.5024873521618	7120.858002528334	10.0669044737996
?	184.24482723248735	101.32752254202244	74.85545466122667	146.62456802522334	433.5282851448744	4720.468135414222	1780.9901531973755	-5725.6199319104335	8.764966527435849
?	192.4343043734064	15.135007496680613	83.68837577529537	54.45643119288015	574.1436915662503	2358.278696300818	1437.221490756636	-9334.445472669613	15.335356703690104
?	185.0015776073214	1.8092397855406004	77.57827622087072	-170.28461085034124	551.442219959917	-778.4993527408327	1314.2678795638883	-6583.719773774053	8.67438011797961
?	192.52476636268344	242.65326672301055	75.17414523277819	79.53807798318735	535.2187239292081	-542.535533226202	1108.0355020679287	15765.022063582126	7.771329851503713
?	197.1342409434721	-59.60152430174475	81.55518012003014	113.23371141238435	524.3154432986065	-720.515413032972	2102.518982743006	2039.7767904704353	16.631662889748483
?	189.54469014759616	-341.0213196556353	80.83583080339749	-61.07957905761366	499.19295327755896	-354.64090266774696	1210.024341591452	-8129.307539134559	18.551165329261515
?	180.0831749606901	5778.509119787775	78.50120116714942	-193.08471188900776	506.5833981652189	560.5624072960723	1696.053605786272	13071.75190584499	15.313073829153037
?	478.470146136989	6774.008427997153	71.18159520894696	-255.67494065229914	527.221073642363	117.9337710686315	1863.6119368837108	1374.9990036971699	2.6089911849459506
?	518.7835963605526	-108.94230177204422	65.71745413453428	-202.76481125555588	512.4800867186506	-960.9062682045305	1764.8035559711316	-1039.3058788515816	-1
?	473.0230310483867	-10395.671927210904	61.04335464616902	-193.14426639191788	479.17576023213576	-503.33989496100423	1811.646642941131	-1189.0785887069082	-1
?	-1	-5743.569106432374	56.06024081493825	-21.467834811025007	487.3130919706	1254.4584380253746	1705.3496265357853	816.0382140704608	-1
?	185.84457572676394	3546.1988561461158	59.969962905617756	279.620925079431	541.8986821334054	-0.7768990723047754	1852.4485536446546	6518.462833908332	10.811418471547015
?	176.30994280730832	-3736.8915145352257	70.04128706891	122.49201505047023	487.27424701698476	3533.75785529209	2031.2727682312066	-2836.8831000484493	9.753985723188379
?	-1	-3546.1988561461158	66.09456365814135	-49.686002065547974	718.5865748980124	11284.313741895054	1710.60439864223	11006.263682976494	9.566623042421812
?	-1	3564.620154807478	67.55698696563256	181.31111039412272	1051.4899341117455	-3185.311994980218	2581.585952380039	1293.7569964424981	-3.599849460510865
?	177.2310077403764	3251.0945948161443	75.16011917784762	71.87222337318372	559.3209751489992	-11792.483784234188	1775.292248464356	-17806.83490373124	8.347107694090077
?	161.55472974080953	-3564.620154807478	71.1505981342918	-213.1814603002119	461.8657449000278	-2076.18355395358	1691.2442071934645	5933.449000662528	9.077714874497659
?	-1	124.53229212138915	64.50104616283687	-142.55984776329737	455.5117974513187	2416.7894400528994	2071.9646984974866	5571.52165827464	-1
?	167.78134434687908	3337.721439921275	64.02260574612683	342.3348277449028	582.7052169026745	984.9818999734563	1969.8202901072004	-9093.861168840569	-1
?	165.8860719960661	-57.23434360823579	81.61778755008226	327.25709638945847	504.76089244999224	-1238.3724589350102	1617.2716400554516	-7268.288199924815	16.493202614872608
?	164.91962716646725	129.11404989883906	80.38546056559999	-0.48912516286122115	520.7865939559231	618.4275498949106	1606.4058801109545	-1868.266450787997	22.923151421671975
?	172.34177449100815	384.3200102626954	81.5933312919392	-64.38081347956023	535.6822699447382	613.9343300281965	1523.8583175160504	371.5029232612225	20.636147497826226
?	184.1356276796023	273.0426786052665	77.16641989162193	-138.4643899666921	551.4833104573334	133.5235608104089	1624.981026274016	1423.4320493034218	13.886133906274518
?	185.99390842127167	-108.51142908720594	74.67011179360449	-137.56688754909655	542.3584479852588	-286.25676678179997	1595.0299199812225	-412.93258120193485	12.929617664811195
?	178.7100562252421	-34.85989878626363	70.28807551416725	-241.17173306613492	537.1704721182437	326.77077802588417	1604.3343972139196	1045.5063411285562	7.92684776895202
?	184.25091348195846	-3594.201124504791	62.61152514029757	-274.2410576878012	558.6969868865532	687.6628044898296	1647.305237037651	904.8293337911363	-1
?	-1	-3705.0182696391166	56.57602262977699	-218.33452391878214	571.5536123427356	-311.7117252211575	1649.575863903477	-296.4302531217712	-1
?	-1	0	51.69479894435831	-192.0808419261142	543.1114006254951	31.065641266977323	1632.4837243815623	310.789543193173	-1
?	-1	0	46.97198053347115	-26.11338222972526	573.1068944060845	874.4708985004503	1665.115341063136	4611.30651990525	-1
?	-1	0	50.38912983287203	85.749696573152	586.8349455505182	1850.3785615795355	1863.049050376828	6912.069817797112	-1
?	-1	0	51.25946536212881	9.502035672347809	665.6258224850626	872.6836818954815	2010.7188319529964	6396.011475117389	-1
?	-1	0	50.86423161648943	-52.760258702634346	630.4691296452929	4536.571206659518	2182.849624132702	3557.219658397857	-1
?	-1	0	48.62145242699705	-123.93752064291698	892.4543828180417	3291.5838282457125	2188.579814872892	-81.09766547838147	-1
?	-1	0	44.66735558434349	-84.24099780149271	795.0483210575809	307.3919832817434	2178.794740858783	-234.74853070869935	-1
?	-1	0	44.40940253692236	282.4211399215123	907.8239819821291	-539.7884883157841	2176.8423883374567	-8879.408168655229	-1
?	-1	3486.597792304237	58.788412580419305	414.4465967119999	768.0588966417913	3277.5486040451747	1734.8243324260152	-2190.423686133141	6.611428245027739
?	173.3298896152143	3365.797564701296	65.13173237252265	428.6542368929817	1071.7014121843902	-2221.153461974723	2067.321204030798	-10713.972145128566	6.65091337317201
?	167.2898782350672	-190.33081182745448	80.2211244250687	114.42544364800662	657.0012235430536	-9422.397963220774	1199.1257251695793	-16849.56437137987	8.826210533342811
?	163.81334902384145	-151.63842272256613	70.85300455492306	-1.2857889741635904	600.5815140233448	-1100.8953006773256	1224.8429854617925	2493.244682567266	5.061893018968007
?	159.70795709893878	-216.6333538199391	80.15683497636051	127.99889397639464	601.9564585091865	-1283.6468194578197	1323.7879592979443	8392.251923353582	10.339464391351157
?	152.98168133284435	-67.28538608005881	77.25294925374288	-272.8831372473702	536.3991730504529	-1959.6756297493466	1644.4555816294776	4353.639210579424	7.065415628276918
?	156.3436877949358	171.7605824738767	66.51267811399181	-162.2271345233531	503.9726770217178	-2548.265763673411	1541.4699198269186	2064.84595689368	6.04658480907774
?	161.5697104565383	217.77017828731547	69.14159252757511	218.96917100846653	408.9858848667805	-2895.885760145828	1747.697879474163	6983.087056286214	11.298299747635149
?	167.23219670930172	340.3599830532991	77.46113666441529	96.80422593769383	359.17838901442434	-591.8775282567533	1890.6242726412343	2790.948752866531	17.639474930403786
?	178.5877096092035	115.33151685269566	73.98180382445987	-338.437427991597	379.3920084539424	908.5915174043084	1887.2453171174916	-1153.2776617305417	12.149036843103415
?	172.99877255193658	-3591.754192184019	60.5392652648352	-381.6530660764994	404.6079648846404	507.6157502882957	1832.9603895547064	-37.755330233903265	-1
?	-1	-3479.9754510386824	54.899150520634635	-159.96597978414982	404.77279596835757	42.675261046027195	1885.3575506057964	755.9898892429949	-1
?	-1	0	52.540966275627596	12.542856305943637	406.7417279369418	3732.39761846249	1870.7598840168566	-756.133959568254	-1
?	-1	2472.4337910091426	55.526293335931825	288.55997043180724	591.3926768914847	4111.34521952403	1847.5508526273832	-13857.741600603562	-1
?	122.6216895504589	2490.3315237357297	66.96896479721816	208.90102080819435	612.3089889131462	-2868.338693354989	1177.8728039866687	-9821.563028233051	7.45410496176154
?	123.51657618678826	736.8298243827428	65.97134437634169	167.73901165314743	447.9757422237332	-2910.2192711698667	1356.4727012157236	9534.504896287137	13.183244509543158
?	159.46318076959656	905.5752107534121	75.35591537987565	45.24343188078028	466.7980253546508	422.80720839923526	1654.5980488010323	6746.688010743242	10.034475977736237
?	168.7953367244595	149.17588265139173	68.23351597038074	-281.9535816103065	469.1161026436953	1587.7380894855721	1693.8071017528905	5063.573715431477	9.80666315762306
?	166.92197490216626	450.45280619555666	61.25823629936013	-90.19195475773401	546.1849298289305	3338.003451022626	1907.7767345726097	-2508.2827126387756	-1
?	191.31797703423766	145.86529833143877	63.72391823249397	324.3118310742742	636.016275194829	-51.110433723005556	1568.39296612095	-14906.35249115853	4.731094022574237
?	174.2152398187383	6958.701796657523	77.47382785307407	22.10460703335397	543.6294081427802	-814.8319964905861	1162.4591100146727	-6906.665805653672	8.612246498028352
?	539.2530668671187	7272.91377784425	64.82914858416169	-327.6220672954743	595.2746753702991	2038.4352609726495	1223.0596758382615	-563.6507077551426	-1
?	537.8609287109559	-7783.514809585018	61.09272448830012	202.09066892497643	645.5511711914141	-2901.8099089135976	1134.2765746269151	1597.2948655617574	-1
?	150.0773263878623	-7862.016057745316	74.93368203041065	272.62419082505045	450.1841799246171	-3065.8956798280756	1302.9244191163505	3480.346759425784	6.12594112555746
?	144.76012582368452	-268.26342613731316	74.72393402955284	-6.470033601057047	492.2563872000082	2203.8300778337243	1308.2939125982068	-1009.423486811392	7.766503248087616
?	136.66415508099647	-73.66438469529734	74.6101803503578	-188.42460616895227	560.3756838163049	1268.4791430533564	1252.4532447757801	526.7836912515365	7.484200772145313
?	141.0769065889196	-38.74367429371605	65.30270372110509	-97.27406368400015	555.6803443526769	-1387.138223510628	1334.633097160784	-5311.964611888434	-1
?	134.72697136631064	-146.69143443143489	69.74647716615772	115.86001033104458	491.0187726407725	975.4801894332193	986.8550141813547	-4035.9418979316224	8.20565986617827
?	133.74233486734775	-86.39364889906395	71.0957042376574	20.275431815221335	604.4543538243386	1939.817325524385	1132.8360022642	6472.597106889085	7.721317216038512
?	130.40728892135738	-253.78087820655404	70.7602487569188	-139.92464998344332	588.0096389169931	2551.3566190850997	1310.4848695258136	23001.456741804395	4.456198463251339
?	121.05329095701987	-2628.14577842711	64.09947173848514	-182.24959772607374	732.0221847785954	2729.5471998031508	2282.908839354436	14606.044296137881	-1
?	-1	1014.9706296364119	61.64776887061498	-131.63045851184717	724.4869989071526	2187.96224270167	2040.787084332718	312.5883437887161	-1
?	171.80182243884119	3451.8873035084507	57.51794881289268	113.4254224721705	841.4202969136804	-3296.9251907358566	2298.538256543872	1699.2080702498956	-1
?	171.594365175425	-271.2119659675484	67.31903999422359	202.13611456591164	559.6407393703574	-6479.4009531279025	2125.747487845214	-20330.251724359445	17.19803147633053
?	158.24122414046357	-3451.8873035084507	67.62475454118841	-243.10374753138086	517.4502492572807	1563.397791760788	1282.0256703258856	-2578.1111612412674	13.159034573431791
?	-1	-631.8567537762253	55.16385261765437	-114.77036556429006	637.810628958398	-768.3292450565607	1996.8419297831488	12634.570049286696	-1
?	126.64838645165186	2275.5633400760917	61.886236262973824	158.5919993092914	479.0337870044521	-5203.0517065210315	1913.7541727902294	-2015.1872181987378	-1
?	112.77816700380619	-379.6017920623896	63.09345258311905	-103.45361181678778	377.6580436323427	-44.9934162379855	1896.0825688732104	1903.1766276460442	-1
?	107.66829684853211	-2275.5633400760917	56.71355567213436	-131.04634134411907	476.7841161925528	7430.47007329989	2008.913004172533	3511.6991626297568	-1
?	-1	659.8301286078555	56.541135515913005	226.56763625477643	749.1815472973425	2607.215247322651	2071.667527004701	-7391.712235743867	-1
?	140.65980327892535	2683.7054970742392	68.04193748487334	185.88249273547524	607.1448785586872	-5564.215521829497	1639.3273923853344	-20837.84108164162	9.31030571706008
?	133.18527485371388	-205.28787147796768	65.8352601526869	78.47912507425068	470.9707712058637	-1730.4011289609462	1029.7754729226049	-7922.198565322197	5.389238899820624
?	130.39540970502682	-159.01969266135495	71.96589373858593	1.8467425970629585	520.6248221106387	891.3449314256001	1243.217464119219	9504.977319203232	12.533974028241866
?	125.23429022064602	-2627.9081941004993	65.92759728254005	-199.31423979510654	515.5380177771443	2785.769718615544	1505.0243388827732	23769.568022122225	9.277963883809015
?	-1	745.6175473966007	62.000181748830464	59.516238006060014	659.9133080414179	363.35335176643576	2431.695865225347	1071.6759631670477	-1
?	162.51516759047658	3154.550297780028	68.90340918284309	180.5337186234864	533.7056853654664	-1950.4680375751714	1558.6081370411264	-29003.895266946056	13.299667900228973
?	156.72751488900363	-158.3254038794519	71.02686768000491	-175.90756669569308	562.3899061626579	160.28277195270903	981.5011018780235	9766.862494854739	14.093102514261313
?	154.59889739650387	-3154.550297780028	60.10803084805831	-225.38475509808399	541.7198239631019	1723.1378135487107	2046.9512617838702	23672.452424764673	-1
?	-1	-664.4902254489537	59.75762992510055	89.21480589964746	648.5467968400947	-51.91946658245496	2165.123723116274	-3503.3809748852314	-1
?	121.37438612405572	2356.0477170847153	64.56877114304075	108.04023744184352	539.1238506339792	-2633.7184473508787	1871.7822130396062	-12020.135602142553	-1
?	116.80238585423744	-2447.48772248108	65.1596417971928	-157.8345696016976	516.8608744725489	-599.8295400937769	1564.116943009138	-6381.419788438316	5.588569060135518
?	-1	38.56415190484088	56.677042662955756	54.4484773961208	509.1323736292899	-1886.1788498607784	1552.7112236176858	2930.992913312729	-1
?	118.73059344947951	2334.3036493608624	67.88206566699888	202.63203555288524	422.5519319795086	-3443.855199520058	1710.6665886747764	3606.8126248082976	3.662011005922093
?	115.71518246804477	-132.7321228441009	66.80864444060016	-38.666285557861805	336.93961365328454	-2412.554683604783	1733.0518548581033	67.44676377498668	-1
?	112.09398730727438	179.94626075291308	65.94875138910577	89.6838699204018	301.92419779926774	820.4810121337229	1714.0389268635258	3524.749785830959	24.432632773626118
?	124.71249550569055	431.4323248962928	71.29283793662032	115.69598781749511	377.96366425997127	2345.5183533472255	1909.2893441496537	5181.405731068584	4.841863653035567
?	133.66560355208932	113.7786490577748	71.7335507799806	-190.0442835613778	419.2001154666307	448.045622041215	1973.1092134169587	132.51668990765933	7.182197283865233
?	130.40142795857938	-151.4233836707437	61.79062375855129	-136.88633874074304	400.36594536203233	-1927.2253845211605	1915.9151786450368	210.50439851109033	-1
?	126.09443436855203	-157.36253358366926	64.88923384294336	-23.224215452237427	322.8388462405713	-1082.0239964610203	1983.6344333425134	1558.185384635745	9.891307692428928
?	122.5333012793958	-2541.8886873710044	60.6294129859394	-115.25211438977173	346.26474553898055	14969.198317414635	1993.8244478768252	10569.706757780405	6.377131676002369
?	-1	-2470.666025587881	59.12662812345469	52.56863209667852	1071.2987621113136	29892.85252223123	2512.119771231541	18668.381791765878	-1
?	-1	0	63.25784459077337	101.31322709938543	1840.9073716505634	7003.703765794022	2927.2435374651322	3981.2220122764647	-1
?	-1	0	64.19228947842403	-146.63437373346275	1421.4839504010197	-6502.552359988511	2711.180871845367	-8061.59638858799	-1
?	-1	0	55.926125904100125	-212.02616704331203	1515.7797536511332	-10441.43469157847	2524.163718035727	-7482.46824303333	-1
?	-1	0	53.59098112625828	79.44864586023955	899.4122158220888	-22241.618277408903	2337.0574596936954	-9383.223959419805	-1
?	-1	0	59.89855819711216	151.9398633640159	403.69883978067213	20406.19455654958	2055.00252006473	17844.780710380273	-1
?	-1	0	61.18797429445918	-107.61715276793981	1919.7219436495823	9347.438088977344	3229.2964952127218	5100.011704717117	-1
?	-1	2838.0686464700525	54.51770055871509	-73.2019051147699	871.070744229546	-17328.30046314537	2310.0031053005896	-20639.3285096656	-1
?	140.90343232350463	2774.891823624196	57.527879038720634	220.69699832505876	1053.3069204923015	-8694.705796592603	2197.330069729427	-3370.689390922023	-1
?	137.74459118121177	-2838.0686464700525	65.55255047496819	147.024910588373	436.3354543999097	7912.326836711146	2141.468635754486	13679.848877950268	14.868305970247759
?	-1	355.3096461422678	64.87912456813939	151.267909870903	1448.9232623278644	842.2912091386735	2881.3225136269502	-9420.644149039392	2.546060725162695
?	155.51007348832542	2942.6985584031595	73.11594596851344	33.648227698262	478.45001485684395	-20338.93284329841	1670.4364283025097	-25174.522412448252	10.164783878172603
?	146.13492792016007	-133.71355313752	66.56153595305251	-179.61787933392088	431.9766201629296	-2039.1722599892325	1622.5963930045198	3121.9950991586447	9.616755308542812
?	148.82439583144932	59.89543751338289	64.13505200181727	-50.3495929699342	376.4914018573809	-737.0334645359637	1826.5361832604442	5671.324380796142	-1
?	149.12969979582925	367.21526207467025	64.04405630455577	196.93760794233503	395.12494693613087	67.78153808711426	1906.162612044331	-388.6049177213808	6.339511271418763
?	167.1851589351831	221.66098027465435	73.98193239893416	106.37500606278925	379.88047876173664	127.36072898306976	1807.105937374375	-4311.648855611091	14.153741597731301
?	160.21274880956213	-359.7996597529004	69.3628066076953	34.161999353132245	401.49298338528445	1570.9315155999757	1690.5801692637733	-10656.742663106765	7.635077518399657
?	149.19517594753782	-278.79041417011024	75.6900323665908	-134.39578833689987	458.42705454173654	1126.8242175372586	1274.268804219029	-5496.963029240254	14.691609593596592
?	146.27322810105642	-94.24234249166071	62.643017190850216	-175.57314247541973	457.8341942621482	1296.7038042982606	1415.7320178017567	5871.582521929707	-1
?	144.48305882295472	-260.2381464461294	66.91137524281969	142.2473174268205	523.2622447566505	2690.0565803407894	1567.8479303155186	-666.763010521108	5.019506834144698
?	133.26132077874976	-207.84714390153613	69.75538306219134	9.748688430062916	592.3370232791896	-1851.0239288926753	1382.3938672757008	-6388.706384258603	5.208381766429826
?	134.09070162787776	126.24966121685466	67.39880966432284	48.94307622771764	430.7110483120154	-1437.120752131384	1248.412611102584	-6938.240723845904	12.387695228932978
?	139.57380383959259	287.65769472452394	72.20253687357726	146.45164978765868	520.4809856726193	3938.7835557968465	1035.4818310834007	-5214.909915787597	8.630141197753549
?	148.47358636410416	477.72478918569453	74.72139215370588	9.507431398188125	627.6502261018605	903.7573365803777	987.6671153132004	-1056.2863274909441	13.078741873530484
?	163.46004329887765	379.3873788493576	72.67790844348667	-183.73345235218403	565.6688525016389	-1663.0954070639123	982.6675147088528	3857.707030173455	10.253647593079354
?	167.44295530657232	34.73843384102346	65.53471953609655	-323.34549528157163	544.4954557486637	473.8890293598139	1180.552466821876	6628.223716079268	10.333347019191322
?	165.19696499092885	-3368.859106131398	56.51063367940786	-276.50564028912817	589.3633039696299	2959.801998418956	1314.078700512821	9106.4511374789	-1
?	-1	-3323.93929981853	51.70943752163994	-60.877457810342705	692.4855556696136	1125.8404457275174	1635.8750236958274	8507.288924848424	-1
?	-1	0	53.46676078889068	5.148704359960375	645.6553262560066	-338.8877624163226	1739.443146755248	1764.0387007378672	-1
?	-1	0	51.966872739637964	-26.384626028603343	675.5411675487973	1910.236782305399	1724.076958732722	2684.6278354818087	-1
?	-1	0	52.147529487460496	-12.163570355512517	741.1671653712779	4038.2228731896653	1873.6745385293405	964.988101370045	-1
?	-1	0	51.35869422186233	29.88027977631006	877.4523112082834	-6261.3440105052405	1772.326363801225	3108.120735281251	-1
?	-1	2501.8500491054992	53.64154347627602	280.0971383108894	428.0999648460114	-6963.992780112249	2029.0805752934052	-8035.1624920648	-1
?	124.09250245527674	2564.086841411388	65.363551137407	365.6294871340652	529.252672202666	3289.585697387641	1370.5682391979792	-15940.209263493367	6.9229645856239515
?	127.20434207057122	27.70640242972593	71.92301783297954	47.37165495782126	592.5792497153958	-1038.858602792809	1232.0701121187255	6947.741950646829	11.650245735227843
?	125.47782257676306	-100.33198902658597	67.7321338852981	-75.82634953577957	477.30974206302477	-3709.1435647137537	1717.9553367303256	11899.386850799905	8.656234944420909
?	122.18774261924185	-200.44909499399978	68.1317003561905	-77.1790510325926	407.1220714797055	-2187.920863907802	1827.0394546587293	1815.238454546349	10.065690281250088
?	115.45536782706293	292.2604166750561	63.87318133366841	7.948904273296365	367.9136988676331	-19.428893001357615	1808.7172594576443	-1236.5820010912973	-1
?	136.80076345299486	657.72267620046	68.52914556985533	73.49492467165997	406.1506268296376	1022.1444308956077	1765.2103546041635	-2963.9340271031174	12.672638193486291
?	148.3415016370864	184.70048820688044	67.54792756725146	-218.62349377190486	419.0209204124142	-268.11605125693364	1660.5205581024863	-1545.6690532550654	14.80955515101511
?	146.035787863339	655.8977610594898	57.59797088125993	-197.50500037242762	392.7448242667907	-524.5795144112121	1687.9269019414091	3411.748560459247	-1
?	181.13638969006135	569.8364439440649	57.67267754862994	184.96902887653513	392.79194469185325	-425.14675968915265	1831.1079861254511	4909.634686699053	-1
?	174.52761006054266	-408.57757849557163	66.84642232508682	95.40675836090891	371.4874862823328	3679.9254069065637	1933.4086362763653	1991.0695478379048	12.095013910640368
?	160.70751076528248	-3510.552201210803	62.443015466675455	-186.95884013076628	576.788215037184	965.5872821225318	1930.6614635173478	-399.25118542494033	10.941479614435012
?	-1	-3234.1502153056035	57.498480318548374	-82.92889639596662	419.76685038846006	11392.52309033972	1913.446077005118	8580.332699028391	-1
?	-1	2561.2849639653505	58.296570646877065	37.19226611327447	1146.4143695541782	-1127.6503107706253	2359.6780984687734	514.9279914676317	-1
?	127.06424819826937	2372.607490131066	59.358093624212124	169.48954835648323	363.384334849928	-16232.86460231229	1939.1924765785	-9612.690292092824	-1
?	117.63037450655497	-293.8961711827393	66.77104806470135	-66.43734170941207	334.77113943855215	-654.8095992848139	1879.0435838641254	-2388.3689062470944	15.334191223689592
?	112.3694396391322	627.8819439867575	56.036226538741474	-3.8693145722808158	330.64385488568684	4352.77723072417	1819.7740312661435	2120.245724680064	-1
?	149.0244717058933	584.4704590890498	66.5775823360873	398.9002653967833	552.4100009747638	4615.479871650158	1985.05587009813	-721.3252441675229	3.078817028430718
?	141.5929625935851	-158.4147438544193	75.98123980858092	16.40934499488315	561.417848468198	-1558.6111029894512	1783.7077690577669	-5396.318111005954	6.25175875774936
?	141.1037345131722	24.32123700566103	67.39804958583147	-160.85483711691353	474.4794458252901	-3324.1663866167783	1715.2399645478285	233.35463683134216	4.209772915209806
?	142.80902444386817	-6.346055863906395	67.93849795273513	-89.58496369908588	395.20952913735675	-1289.4052771870836	1795.3755008993342	1087.2148968108359	11.705701959439008
?	140.7864317199769	-38.8370759888153	62.918801400877115	-282.3020816389367	410.009181965935	824.1388984557724	1769.6007093883711	-851.5333425045189	16.949257087880838
?	140.86717064442738	213.6294631775693	53.823393870788095	-159.1236273494674	436.41647406014596	744.5925940647995	1752.7988337741076	-200.49486973829232	-1
?	151.4679048788555	157.75059521967026	54.96262003340363	356.39144457770874	447.2388116691755	-1116.0450171172624	1759.5759659014564	1268.9158001920307	11.742656185828258
?	148.754700405411	82.5002476858668	71.64296609967379	345.1945695190182	380.61422320428204	-629.5077806714688	1816.24462378371	2009.4299938530353	13.89269227049654
?	155.5929172631489	318.95603123112267	72.22234850935479	-23.19573898483038	415.7634226356016	352.18146848288666	1860.0474655941096	1198.8972153318457	17.302374584834144
?	164.70250196696736	205.1287668283691	70.48317915043225	-92.6655280428859	398.2232966284266	-911.0984496016824	1876.1894845503032	-451.2594212204503	15.427703042896141
?	165.8493556045675	-34.63326199384263	67.58907210721043	-298.4927952687474	370.20850015551684	-287.0932682764503	1837.4844945330867	-284.6613320864895	14.007264728430602
?	162.9708388672752	-3336.9871120913026	55.55853938699467	-390.31562718975067	383.8686332146039	3057.5956543597335	1861.9564179459785	253.98512131424107	-1
?	-1	-3279.4167773454574	48.073290747722616	-74.24664867535478	523.0882828735057	3872.6916130174986	1850.183750598799	89.23973941235873	-1
?	-1	0	51.846206953226876	56.73510963949743	577.5032138654816	1296.343547795154	1866.4184049165965	-148.8665374466952	-1
?	-1	0	50.91004622969753	-102.0193505279195	587.9054602632643	1250.3984193510387	1842.740423726464	-661.8692667161619	-1
?	-1	0	46.74523942683083	-133.15826598939844	640.0231348330344	-2409.0583703888897	1833.324941580788	452.75169163076765	-1
?	-1	0	44.25213293022751	130.28555046640832	467.45254174381813	-2554.806081796314	1865.3780083080028	2806.783749811476	-1
?	-1	2600.701734178518	53.25951695015134	265.46808090437713	512.2828307432169	-3130.0789363440513	1973.6641290713637	3262.56322124062	-1
?	129.03508670892776	2806.2116382431736	57.525536975446556	384.8835599885762	310.94859492661334	-2798.700238375634	2028.506169370036	-2291.1681250629263	-1
?	139.31058191216067	429.42115999340234	72.50369494958042	353.491950691516	372.3478188244332	1738.975862835256	1859.1057228182158	-2832.1844581631926	13.922810025498231
?	150.50614470859819	249.1709159472667	75.20013451002261	-104.21859025776251	397.8973880683774	1177.4396046358358	1886.8969464618744	494.7849581330886	16.694624469858354
?	151.76912770952418	54.435993802197025	67.29276543669222	-289.10614434265057	431.21979905622584	117.84565822861114	1883.8449707248706	128.10461332200975	8.675855398151011
?	153.22794439870808	-1432.2433145025318	60.74482729288987	71.82262491627381	403.789670979808	5766.270307818833	1893.302177127975	-6265.989132158304	-1
?	80.15696198439657	-1476.9744848937912	70.88389668250596	280.1534377851938	719.5333144471716	5775.912117936169	1570.545514116951	-7054.432205008607	5.267779533585862
?	79.37922015401746	-1623.1392396879085	74.75249918214976	-66.69611865910771	692.5852768766206	6887.082538540467	1540.5805668775397	10940.137939462793	2.092214658314526
?	-1	-1607.5844030803264	67.54909074955053	-134.20888244679284	1063.8874413741999	7494.486865227826	2117.5524110900983	14341.290319873338	-3.40574260009727
?	-1	0	68.04205505981003	-159.92976292597106	1067.3096201380172	-5966.772089847053	2257.645082871217	4358.748527600039	-2.5135612642363387
?	-1	2927.0822583022696	59.55260260325186	44.4134139768044	765.5488368818429	-12422.347422998173	2335.4898374701033	-6924.1196229148245	-1.1816270151018913
?	145.35411291511556	2753.688646907656	70.26272575865028	245.09164283668275	446.1922489880996	-7021.170742443927	1911.4391017254707	-9948.87966534868	7.48423772971416
?	136.68443234538478	-369.22123546499466	71.80718474508618	-82.85060644484953	414.4902997596416	-427.3358338443923	1838.0458542026622	4485.536683043247	11.62114687733724
?	126.89305114186557	-539.9265678142996	66.12019543640774	-107.96307926678952	424.8254572958797	1868.3986483230894	2135.715935877636	7060.480902402751	8.028142237293615
?	109.68810395466942	-506.68952528926656	66.40903078174662	-80.12186781906948	507.9102321757974	-159.14724221393044	2191.0698993228048	-6443.366071123222	8.056170714681702
?	101.55857487740188	-2213.762079093357	62.11410204545421	-232.7550280676061	416.86809518518305	-1802.2060294127953	1813.5476323214705	-3078.314555100739	-1
?	-1	-2051.1714975480086	54.77127937836615	-218.07750225312066	417.7999307051563	2218.250994452226	2037.1541715677656	3397.002317853682	-1
?	-1	0	51.21022693279802	-132.44501580121732	527.7806449077959	1895.6776444636391	1983.397748214157	-5894.126854246886	-1
?	-1	0	48.14902858830519	-114.31062516489627	512.5838129283396	6469.578449757027	1742.4478288554171	-778.6461104717617	-1
?	-1	0	45.49469567455313	36.748050737923045	851.2595673956519	3913.9983099424503	1944.4654426905684	6388.487240978661	-1
?	-1	0	49.98643112520137	16.911482352151992	708.2837284254649	-976.9197553584579	2061.8721909043547	800.7249267341626	-1
?	-1	0	46.34026979216074	-52.333092886303056	802.4135796277283	2390.8439953694756	1984.501689027277	-18.79523624389522	-1
?	-1	0	47.36977648088618	29.155951994251563	827.8259281939404	-3583.609942566492	2060.93242909216	-927.0058599402187	-1
?	-1	0	47.79806739187334	60.25205675897495	623.2330824994011	7206.971792129604	1938.1513960302655	2853.07543907627	-1
?	-1	0	50.38237931883497	-8.47830044753325	1188.1745178004257	10665.69364856961	2203.5862010459755	1021.3783164105544	-1
?	-1	3272.6231337167305	47.37415236949667	465.73700779390043	1156.5177649278892	-14164.290924333713	1989.220311850794	-6016.281173758303	-1
?	162.63115668583885	3182.2470371363456	73.66922970853032	425.2765827324941	479.9599715837301	-15008.42678435518	1902.772142358056	-4564.01063444694	8.19210718368682
?	158.11235185681954	-119.21244628022977	68.63798150612168	-132.8529509357146	406.09642571011943	-1752.4319422088058	1761.0197801284437	-1912.9637014137597	9.395128954643958
?	156.67053437182727	166.4035900146853	67.0265821617445	53.709687930263875	392.3383744732886	66.86064807403359	1807.1239572873667	4009.896860950414	11.335333201978647
?	166.43253135755393	-56.012916868351454	71.32346590263491	56.39049086681273	409.43945811382116	-547.298730722762	1961.5146231759672	2729.4967110556513	13.878837905139402
?	153.86988852840966	44.413009760841014	69.84610670508518	187.08068792711077	364.9734379371501	1723.283938487927	1943.5987928401512	-6906.062145465891	6.0921359462977716
?	168.653181845596	280.4100348195618	80.67750029899058	240.46542237458993	495.60365503821873	3841.795923794251	1616.2115159026678	-8620.063944578575	9.980877769646714
?	167.89039026938795	-8.325971098778263	81.86937782381484	-152.051224501903	557.0632341268654	1159.5492014991744	1512.5955956112164	-1263.594065578982	13.910536137942799
?	168.2368832906571	156.29939640726496	73.07493907389532	-166.66248954439416	553.5811151131783	-1464.7819604019976	1553.0318126237178	3907.472472663102	7.632460684115663
?	175.7053600897513	327.9026611111617	73.53625334659502	212.29325843735563	483.82413610676446	-2940.672365102221	1707.9692192443742	6557.5970394718825	10.038260248766662
?	184.6320163462154	-133.56350882555697	83.68960199576326	123.47722102177211	406.54749685806513	-978.5910574740533	1880.9116645973165	4817.039516400841	20.43235863908992
?	169.02718464847337	-656.9232488250734	79.71011439768371	-173.19660101522098	434.8945832330611	11.556394187801807	1948.8211950644197	1406.542080273246	10.380610358194703
?	151.78585390496127	3413.11934331457	75.02977194500208	-278.4065034275591	407.12531656745523	-493.5506469321397	1951.2387686109798	-528.894961475077	5.5253259182154375
?	339.6831518142043	-3055.717078099182	65.78978922630556	-344.1121544706018	410.21705088645376	684.0297395715429	1922.3764469906655	-689.6153142543374	3.7959132449108264
?	-1	-6813.663036283989	57.82416422147175	-268.5532472714402	441.32680354603286	775.8463497022073	1916.7580028982625	-25.017444944182543	-1
?	-1	0	52.362126862733355	-143.3740621308838	449.0093683715647	-492.9985838855394	1921.1255747434564	-59.10187521549149	-1
?	-1	0	50.655461114927455	-15.127843755649549	416.67687435175554	2685.710076148616	1913.8029091374879	-4040.954411425634	-1
?	-1	2232.0648904159616	51.60573467495087	267.76535727153293	583.2948721789974	3812.2777886227495	1719.0778541721718	-19750.792744623715	-1
?	110.60324452079968	2343.1126202377886	64.04372897850429	231.87418089493275	607.2907637828957	1362.0313846724537	926.263271906288	13299.918695414006	9.1966289664027
?	116.15563101189109	-2232.0648904159616	63.19944371969767	34.1551745982745	651.396441412621	6404.329690748223	2384.0737889428815	34658.3870051574	-1
?	-1	1275.1548603680303	65.75148770841804	53.24605548314405	927.5072483203114	4953.478704271613	2659.1826221641827	-1672.2654287696912	1.8269539426976942
?	179.9133740302935	3648.121432759655	65.86174649385491	78.6913360573243	899.0703766262052	6524.736504333967	2300.4605175043957	162.8987687494441	5.714464953346699
?	181.40607163798535	509.5751776703874	69.68605451128431	103.22480414436593	1253.7440735370144	2863.166698521232	2667.327560601655	4388.445439578637	7.065285609593819
?	205.39213291381324	145.39798083623415	71.02298670107328	244.32486165049733	1042.2287115522688	-14629.791996237534	2519.8827894833307	-20900.525213272314	0.9439948970777733
?	188.67597067979716	-598.6403278345864	81.90229759380935	141.83951783809928	522.2544737251272	-11671.431404842426	1622.3012999380244	-17974.171055054525	9.272688666565262
?	175.4601165220835	-197.28232575364476	78.11496259297834	-115.80750217321514	458.65714131013925	-1047.5722956264678	1621.1742367305917	1809.158179868479	8.986419005448997
?	178.81185439211478	168.4078131384489	76.11192248514851	-137.5139432781464	469.8758589438031	-1166.4703675178537	1712.7592089314496	27.089154691088495	10.738089210627722
?	183.88050717900606	300.1500805344486	71.23926542907093	50.011502061130244	400.33362293424574	2131.716204523424	1622.5286944651461	-3272.114540892052	10.043299091443455
?	193.81935841883742	189.11904316826693	78.61249758820506	59.86812764636397	576.4616691699758	656.4205775800438	1549.1534818868447	-677.8514705758374	14.62256089206619
?	193.33645933741954	-71.67277677577613	74.23267181138917	-132.78871352951097	433.1546518132484	-3526.4440011286783	1588.6361209363538	1370.5325732273454	12.0911385704888
?	190.23571958004857	-306.4324952684639	71.97306191172942	-75.89926834140562	400.1394691135394	-956.2939566010346	1617.680110548213	8029.362836701644	15.286357655389017
?	178.01483457399613	-71.03326683807565	70.43770839431883	-234.51184839722296	385.339953983196	1162.3704498794136	1990.1042627714417	4154.892778050171	15.596612163885053
?	186.68405623814473	116.07893839820582	60.2474694918681	-353.82903754348075	458.2579916075109	2354.239100253007	1825.4247494507244	-4184.688267065171	-1
?	183.8187814939065	-3753.681124762841	52.746256517144545	-101.28828086721582	503.051908995848	-51.49299265082772	1780.8698494181801	9332.674019220744	-1
?	-1	-3696.3756298780772	55.18305544850724	-79.9986666270415	455.6833419749695	-2558.002778874004	2292.0584504117683	2900.9392148269894	-1
?	-1	0	48.74632318579241	-210.29061400330647	375.151770052146	1297.7236257809202	1925.9168101595317	-5288.89764255415	-1
?	-1	0	44.66852474834177	-95.99598251699126	520.5695232640164	11828.989920449249	2027.613568284057	8102.572968389612	-1
?	-1	0	43.94652405994278	-65.74634599381005	966.6012660746169	8012.586560280174	2331.045458579018	2792.7613729562395	-1
?	-1	0	41.38120744865122	13.919698504928364	921.1988512780308	-2852.1728615412126	2167.251636931871	-1325.1669733855754	-1
?	-1	2036.3989110375255	44.64250898518921	345.1758231503089	823.9926229975542	-8210.313328542361	2264.7871099097383	-14455.013676542461	-1
?	100.81994555187772	0	58.639998606166905	325.88618118581843	510.68318485090697	13606.268178704948	1444.5009531047376	19178.166521696567	-1
?	-1	-2036.3989110375255	60.93681804448036	-103.91601482106276	1504.3060319328113	5993.093543668298	3223.6954359945803	8021.118005117091	-1
?	-1	0	53.44419786511369	6.613993733104641	810.3378620343261	2786.162656598896	1845.5568533605979	-10474.365195623228	-1
?	-1	2453.8433340444226	61.2675177311356	195.8748451790462	1643.614164762758	4566.816085206975	2699.9771762134114	11654.62968442818	-1
?	121.69216670222288	2497.6765664636932	63.23794012406614	92.26318057031176	1038.6786662946781	-25339.86907813587	2428.288337582015	-21376.51034298233	-1
?	123.88382832318644	-2453.8433340444226	65.88067675965125	-184.62205663459522	376.6207108559465	-9861.767116514197	1631.1516590642798	-15153.288258525612	13.657973639272939
?	-1	317.68080401540834	54.00683729233625	138.2205400974431	545.5903104689613	1718.4297289090723	1670.6239246557238	-1734.7359848874457	-1
?	139.76786852395708	2710.904314063724	72.7917037645235	387.9181835579556	462.54219730140136	-2894.219529901743	1544.4148598199063	-1989.9640182435533	13.208437958923438
?	134.54521570318812	-146.82801856728608	73.4027464702343	-25.916208509737743	400.8793339738721	-202.8269200132132	1571.1257237435448	-674.0209846179046	10.805265149330804
?	132.42646759559267	113.5454750715173	71.4958933390366	30.419580481670742	452.40085130074056	4213.41642182738	1510.7138105890106	-3845.8941623793908	9.04762444769919
?	140.22248945676407	317.0975156188411	74.92372549431786	73.04879506704548	611.5501550652441	2074.886024261341	1378.8310156245725	-5235.030390389896	11.565563202708338
?	148.28134337653495	130.79643205017632	75.14833309238892	-249.2282281726311	556.1451525138091	-499.49628750862274	1248.962291069512	-185.09615239621516	9.8358861070963
?	146.76231105927297	125.42047052661694	62.46231408568613	-158.7719513221862	586.5753406898126	-1232.7414561066719	1369.5762080047616	4200.048125506904	-1
?	154.55236690286588	93.94540431461545	67.2097355262795	141.7133935278505	494.5080797084746	-4030.7046900088912	1458.9646973448603	6190.171546011878	11.959721191733482
?	151.4595812750038	-45.06955328510337	69.54798376207876	41.1699933943501	385.0401061893652	-2002.8770601134363	1679.08478530536	7052.889699888983	12.517452529172607
?	152.29888923861068	-106.67066671991013	69.26823519599704	116.38807914680035	394.3642267028014	869.8768274033956	1811.6091823393144	-1267.5434676452417	15.62651964711418
?	146.12604793900823	-292.43875045204317	75.36738771941886	103.31226468621192	428.5339475595356	827.5023499593302	1615.707611923097	-4967.136531925455	17.14500162039577
?	137.67695171600832	-365.59049791838726	74.4338484303077	-40.3359509191182	435.73934420076847	2482.512061406263	1563.2523557430382	-2716.112183814796	10.11809070104361
?	127.84652304308861	-251.96445567682144	73.35059017346292	-187.93238092665763	552.6595506298505	2244.4554882929183	1479.9020027323552	513.1104577130664	7.475171385803864
?	125.07872893216707	-2576.9304608617354	65.03722938397469	-223.81950486011897	547.962118615416	2584.6178902773972	1588.9078786286918	14068.178607651986	-1
?	-1	190.07093196727666	62.15961493045681	-92.39341079626041	681.8904451437222	6666.496765050145	2183.3109331149644	20031.15137692584	-1
?	134.58227553053104	0	60.417558844161604	4.796822469552143	881.286956867928	4243.382598971226	2590.465447474998	6199.878007519567	-1
?	-1	25.436560375766454	62.39945605393442	193.17648243316407	894.0595750922865	-9020.065797213738	2493.304833490947	-13416.974110238394	-1
?	135.85410354931938	2554.9442124764623	70.07638296581995	141.26060158030566	430.28366700723467	-8462.214937421222	1919.616741963069	-14092.613471692433	10.574205672874712
?	126.74721062382494	-216.80625794041282	69.4624861329498	26.627438268331122	470.9488282212194	1608.2643320403506	1788.6741599063155	-6276.360166126762	16.617974647140212
?	125.01379065229858	-46.97845377599312	71.40775487923652	47.474048511141866	510.69688360925335	1085.5797952777339	1605.7987336567264	-3611.293805271924	16.856077735786094
?	124.39828793502525	-23.60264321784593	71.83618855850693	-44.72558170100137	525.2278179851069	-978.7102570996112	1608.1094696427167	-105.20915727510634	21.90256449494258
?	123.83365849140627	5.809124584263745	69.17147579418642	-102.34068517988302	461.7613707542721	-2792.0978209692157	1600.538275792971	-21.360033187938523	15.272400087408018
?	124.68874416423844	-42.40181119666769	66.71915429951271	-78.52904799651641	385.6229269366441	-1959.235855731268	1607.0414679833198	2986.9216044828077	18.64805001607919
?	121.71356793157285	-178.99188074063008	65.24502339436054	-212.6545486110457	363.7995779677073	-407.52195179297803	1749.8843560171135	3560.4449288989686	17.204196333598247
?	115.73915012720681	-2454.271358631422	56.086426868960274	-318.93476267707257	365.2468293469949	804.0193789606109	1785.0637144282707	6427.875925124545	-1
?	-1	-2334.783002544103	49.29828526050669	-81.98816920228052	404.0005469157384	14550.910770211138	2071.2781522733453	8079.069011150422	-1
?	-1	2369.8708599734246	51.98701840884619	100.49452238182113	1092.792367857562	13116.04395852222	2189.0171649857975	1468.822497223061	-1
?	117.49354299867292	2327.4195923076554	54.323011379597816	220.43593922605083	1059.8027448418586	-16417.160145254897	2144.7192771344994	-5092.320885446416	-1
?	115.37097961538443	-116.38831084214905	63.00881537014889	161.0512168059604	271.9343605948056	9903.898395099805	1934.4011207134731	14928.220673761758	-1
?	111.67412745656539	-2327.4195923076554	62.37557221989595	-107.55750888176652	1554.9976645968559	24405.608064485263	2891.130310822598	13589.603300930365	-1
?	-1	-124.87455994693583	57.630939926060485	-84.42040684298243	1492.214763819086	-15871.465057569307	2613.881285760001	-12466.763262229884	-1
?	105.4303994592185	2040.5216710636137	58.15455187774677	32.91140392276073	761.4244117183793	-23084.706329254448	2267.792147711095	-10568.26979516299	-1
?	101.02608355318213	-2128.6079891843397	59.276510122198545	-18.66832919431575	337.97944735634724	29178.12273654554	2085.467796001844	14865.170682913338	-1
?	-1	-2040.5216710636137	57.22113541803097	79.89087480570888	2220.330548545677	46168.470245412005	3011.0506818567724	23584.724945647078	-1
?	-1	0	63.271053862484045	-31.774223042490323	2646.40295962698	-14776.369571678264	3264.7040432842145	-1321.8334745585883	-1
?	-1	0	55.63242426590643	-221.10917706677537	1481.5120699617535	-23221.15436082749	2944.959008128842	-12501.266977031923	-1
?	-1	0	52.21559500914512	-65.59940772453152	1485.345241585589	-1340.4527724440086	2639.6406944326095	-3276.2067398004083	-1
?	-1	2628.7361622921453	52.35245387967981	188.6261770011814	1414.489431339552	-23351.56681116931	2781.1486711388193	-6207.660677079805	-1
?	130.43680811460914	3644.663003435419	61.64690385920432	367.3413618559838	317.7669010271069	-21621.955316588275	2329.257660578615	-15784.090387077165	8.525754850643454
?	181.23315017177353	1531.723000574975	70.71952197247926	150.66524884565638	333.39166551012306	50.44877701047468	1991.9441517849498	-6733.330733006856	9.45921667751894
?	207.02295814335898	373.4165017053986	69.18016630148725	-202.55100373345596	320.28933987763065	-986.5603126299114	1992.5911239282673	-1146.1187876641743	12.493856058219086
?	199.90397525704373	-4160.4591628671205	60.591971785806315	-344.4039470956199	284.0636498786268	-1437.3756191411633	1934.6382124017402	-1922.6062046115885	-1
?	-1	-4018.079505140817	51.959968946706006	-232.0742060397161	248.42055892057147	1079.3764136544696	1896.4608136976865	-1230.8912888267703	-1
?	-1	0	48.988261483820345	-33.75511468872767	338.03247056135103	6071.464499182041	1873.0936479604009	-1640.2751044679	-1
?	-1	0	50.2722132122696	53.53935981509276	551.9937838796778	12085.131746038858	1814.4470584742903	4022.153186283005	-1
?	-1	0	51.66522947457502	25.826145955023552	942.2890578633026	5588.588860233626	2074.201307274554	2147.715388557573	-1
?	-1	0	51.563520510020794	-54.48887810444682	831.4232268913631	-5775.401464757097	1921.8328279021705	-8148.911342720392	-1
?	-1	0	48.94078556935264	-131.43424013413775	653.5189846254436	5451.00516140662	1666.7557401385286	6007.431994458721	-1
?	-1	2646.965370474648	44.99180850331381	268.88306275884787	1103.973484961698	-3512.31887339756	2222.204427625111	1201.4705479994393	-1
?	131.34826852373428	2757.238862325735	62.38493870729523	535.9867626595851	477.90304095556314	-14110.003427527994	1726.8292675385014	-11214.038460140286	10.134051898858381
?	136.86194311628873	227.79413974734342	71.79114663629345	201.19114571956783	398.4733135852883	-1286.8112023964318	1661.5025046180886	967.9690262473467	14.374340816431053
?	142.7379755111016	283.7684534357464	72.44449599327376	115.48339717948359	413.56248083574064	2486.671291944981	1775.2277188508695	-1367.071112085663	8.262854824155678
?	151.05036578807625	76.28092040249334	77.56531649526771	-38.41139717723055	522.8068781825391	840.6461203768009	1593.1489490138044	-3765.445549271686	12.37538846941499
?	146.55202153122633	-161.77265898475466	70.5239261344122	-208.93176030890163	455.5947868545813	-1436.3087855295646	1586.9554413872825	2580.241767508423	11.575454643684413
?	142.9617328388384	-95.31662502118287	67.11872847982248	69.12162713759032	450.99143890605984	-1119.036773057992	1722.1610373892274	5891.42497933018	7.494812981333604
?	141.78619028016712	-119.31724195980225	73.98000749129177	133.20035874965677	399.6429482016809	-1043.699395585602	1881.5266903537956	3961.63501206793	16.93240312005363
?	136.9958707408482	-102.15106945068865	73.77874641730541	-129.61568343674557	398.806469126779	962.6798554629193	1920.2427879926267	-541.6141852322894	14.035221997531044
?	136.6786368076326	-12.951264998681992	67.4992233194544	-340.68544761001147	447.77694097482754	539.0615634737052	1854.4459810921808	-316.8700170256125	7.1209269231149435
?	136.3483074909141	-2753.5727361526133	56.7444740368046	-295.54862695110666	425.75954730046465	49.240701274638226	1904.399287141346	1050.5687522206958	-1
?	-1	-2746.9661498182427	52.72179197189886	-69.70995813962148	450.2389760385595	-1023.1172666918465	1906.9744187032163	-496.18850256333394	-1
?	-1	0	53.25897612982347	-21.444888819772792	374.6036839658716	-1532.4864780469418	1879.5898620131788	-45.9748753138131	-1
?	-1	0	51.649547530910205	75.34694724131676	373.6146521362113	16866.629584596005	1904.6756749375256	10321.1340664464	-1
?	-1	0	57.026323491889364	175.23279130485582	1217.9351631956838	9780.959471170261	2395.6465653355062	-7072.501151321352	-1
?	-1	0	60.41118709615312	129.91366066239863	862.6626256947313	-12085.808557580414	1551.050617371453	-19386.83604545798	-0.8580433087275599
?	-1	0	63.52200652500939	90.41913703228033	613.6447353166545	1064.9359194187816	1426.3047630625933	8538.192026901721	2.109800455587592
?	-1	0	64.9321439477672	120.39913525368661	915.9094216656712	7505.778874440282	1977.9602187165451	16922.217601338638	-1.0617424275940972
?	-1	4589.920921742201	69.5419632876938	190.61168505176667	988.933679038674	-4447.175455444823	2272.4156431295373	3830.5045876394706	-1.4017891923773722
?	228.49604608711334	4419.746423888447	74.46272820035567	131.6938138249476	693.5506488934269	-8899.701080426594	2169.4854480985214	-11069.732041038389	2.495680772255887
?	219.98732119442548	28.61019612835053	76.12665397894128	-190.61867300768156	543.9486250173379	-2947.7051753418837	1718.92904107761	-9020.33565912273	9.050835799059747
?	229.9265558935309	-9.234249520039139	64.93179454997146	-34.93592203554449	546.1653901263306	-1287.0752279498276	1718.4686651423785	-2114.0824805802476	-1
?	219.5256087184235	-475.9129344367	74.37985787716403	270.09931728635235	479.5948636198456	70.88892749156129	1613.2249170485961	-3530.0530915975514	11.14949373542602
?	206.13090917169555	-4390.512174368408	78.43676041428927	-1487.5971575432595	549.7098365009088	-9591.897272396776	1541.9660105624985	-32264.498340971462	11.916567868447306
