rowLabel	avP	dP	avI	dI	f1	dF1	f2	dF2	h
?	133.11078627025995	3301.1100293020936	69.59732558853922	1555.9219179699694	575.5991332220816	11727.817715322535	1711.6194143205084	29539.48654461241	3.000123242727417
?	165.0555014651047	1342.7967849470058	77.79609589849848	246.3674456349503	586.3908857661268	2610.6753710531575	1476.9743272306205	22807.851580332954	7.238096809309451
?	200.25062551761025	689.4259196635691	81.91569787028674	48.72518252220344	706.1329017747395	639.0321468544423	2852.011993337156	-2167.5422697934882	17.041082700660645
?	199.52679744828316	-110.96657616771157	80.23235502460865	-64.49327610533403	618.3424931088489	-2917.896369927949	1368.597213740946	-22375.65509816018	10.25130064579809
?	194.70229670922467	-290.5823414598348	78.69103406502003	-47.630042383109135	560.2380832783421	-3088.3549827653233	1733.2292384291475	10574.592364237877	6.635542019513482
?	184.99768037529142	-286.67565945515327	77.8508529054532	-264.325283512213	463.92474397058277	2117.291897191679	1897.3268319528397	6027.831584196734	7.57319119576056
?	180.368513736467	-277.90609883606186	65.47476988940939	-207.37162172305182	666.102678137926	185.27808057403948	2034.6208176389841	2465.899984213775	0.8904353891532493
?	171.10237543348833	-158.34512873343957	67.4822718193006	251.6631156169493	473.18864799928474	-3068.002730746205	2020.6218311635284	-2916.9382458571913	2.1857206347032396
?	172.45125729979503	1305.2929934690806	78.05792567025685	57.51100168213783	512.7025416006158	579.7116762447969	1888.7739053461246	-1762.542531804584	4.73729458922564
?	236.36702510694235	1345.274459744294	70.3578219034075	63.30457722743917	502.1742318115246	2393.786031145724	1932.4947045732993	-3912.6460819543863	2.9165729813934806
?	239.71498028700972	-589.2339567634224	81.22315453162881	151.51631477416956	632.3918431579019	2369.994623642765	1693.1416012484053	-6535.791205548138	12.109693262474929
?	206.9053272687712	-1143.3890396876589	77.93363764211598	-8.965795187499445	620.6739629936629	113.30181935383725	1605.705144295892	-3928.6093116033553	7.769129543256919
?	182.54552830262674	-361.467948568264	80.77486477225384	-13.645813743035534	638.0569341255938	1272.4760322065856	1496.7111356682374	-2147.800445828555	11.648576913284579
?	188.831929840358	177.599222041578	77.2513469549642	-49.9689682091127	684.2977646039923	-948.4085599389247	1498.3151220044642	6664.027230602726	2.0981377407364623
?	191.42548940470564	1609.4561891339047	78.2764163617982	31.22602408956564	590.6365061286475	-3366.6690182763855	1829.912497198374	7490.4867156628125	0.9021016096344388
?	269.3047392970533	5878.9412202810345	78.81264815944249	-129.46280457607872	515.9643136901728	-1510.942559763108	1872.8394577876052	1317.7403142204719	4.927644571390775
?	485.37255041875767	-2080.582335135048	71.80327613299426	-138.70733985772563	515.089378140492	-688.7995399885887	1895.7995129093977	-1597.5558257183443	3.33642728696168
?	165.2756225403008	-6414.013198518984	71.8772811665562	49.455372901396075	481.5243366907434	-301.16557637824343	1792.961666501688	-2060.334327099811	5.7739553510481
?	164.67189049280816	-157.09738814915042	74.27604477806406	25.799825135208017	500.03109932157986	2675.6950019750193	1792.782796554407	376.6363478716445	11.018876224443492
?	157.42075313284326	-187.57463862194723	73.1672724233166	117.31482339292926	615.3090867894945	4579.324484031346	1811.7934838952701	-4699.692935330006	3.348181557439959
?	155.2931585617108	-158.75109421739907	80.14178594771052	50.07274585715574	728.9973235231469	1508.862430752209	1557.798149787907	-11571.665656152043	12.27476020665939
?	149.4831984219733	-122.13924139675942	75.67090971617439	-288.4096660680987	690.752208327105	293.3192068468699	1233.2102010876674	-3491.9387860520114	7.785414315467596
?	149.18619649187283	32.74725115254907	65.72130264430557	-190.6233346259624	743.6632838654904	1967.9755483130934	1383.2012104853063	19690.460838698356	2.270380416469257
?	151.12056097960075	-444.04998736205573	66.13974298487626	-24.44093563625868	789.1509857427598	852.4653185112394	2217.733243022586	21634.53190232972	4.413320429665683
?	126.98369712377003	203.75581628062702	64.49925586249263	-2.5227272319929717	786.2865497910524	-7036.432661445353	2464.9278056017934	-5201.3121604663	-1
?	161.3083517936321	1170.4526730673142	66.01360662327662	229.7742830365983	437.3293526704918	-6509.790135978475	1957.6676349992708	-11534.69289296542	4.699046680066078
?	185.5063307771358	941.8408166584854	75.98797001432256	104.65653058315912	460.79704299212835	1288.4036907296831	1888.1931609535218	-6.597092603592494	10.710832904584784
?	208.40039262655642	6917.9851989604485	71.24643315243458	-192.11372745851986	501.749537206976	829.1080684986553	1957.3377803690912	1182.1038147806883	7.3377564317918065
?	531.4055907251585	5619.074338486608	66.38228364139656	-166.52815047751162	502.25244641706115	-12.958113822556914	1947.2983516925563	-1377.6895303560457	3.2119465970396996
?	489.3541095508871	476.2046960816879	62.92002562855899	-134.95541648422918	501.10163151584817	12939.767402521038	1888.4533038512889	3944.54698543812	-1
?	555.2158255292429	-5682.712270153803	59.63451281718509	57.562979405262475	1149.2408165431136	9664.099726135104	2144.5257009644624	8044.611731953498	-1
?	205.2184960431967	-7324.76445164019	65.79817459882212	261.753542091556	984.3066178226038	-13633.125776626943	2290.683890448964	-6001.577289182891	3.918279787798759
?	188.97760294723307	-459.55038747885925	72.7221899217629	-69.23272557734217	467.5845277117659	-10191.484801325683	1844.4468365053176	-9452.2828319855	8.216160637855479
?	182.2409766692537	-3799.552058944658	62.336538319955004	-150.59180249777697	474.7323777563192	1606.557278170295	1818.0697488496887	-4259.483758958482	-1
?	-1	-1127.37147545675	65.19259979687405	62.96548834277425	547.9123916202807	2466.4017826488807	1631.4726485573933	-3895.347461139623	1.2871803468430705
?	125.87240289641616	2331.5659382372696	65.48481273709372	55.36304795427976	598.0524668887633	34.25293833463681	1623.3023757927074	2399.8436388521554	5.170561255981905
?	115.57829691186357	-361.3078253493472	67.96075219458804	-111.08744531460648	549.6250385370125	-1296.079285304637	1751.4648305000012	3009.493274345584	3.393880719446149
?	107.80701162894879	8663.162066766374	59.93044047136339	-218.1910032636946	533.2485026235314	1049.5094043972736	1773.7770395099867	4064.627198115646	3.279525505687741
?	548.7364002501827	-2176.1402325789736	57.0512020314033	-115.21992396542008	602.1005087568763	11891.699172597	1954.6961904057837	12224.871607496629	-1
?	-1	-10994.728005003692	54.16944427309238	-109.0722789446249	1127.833461253382	9284.563717473722	2385.0206198848186	3310.5380141887763	-1
?	-1	0	51.597588084172074	-71.95885216839994	1066.3286946305607	-12201.643898709799	2120.223091115222	-10721.819934156621	-1
?	-1	0	50.5715016646724	-82.91814694014364	517.7512663178942	-106.39083169510779	1848.9296231769895	1244.571781009258	-1
?	-1	0	47.45168073716491	-0.821921610178012	1061.0091530458053	17488.793661255542	2182.4516801656846	11680.1630005352	-1
?	-1	0	50.530405584163496	80.86646143168125	1392.1909493806681	7827.209084256043	2432.9377732037474	7572.77239719243	-1
?	-1	0	51.495003808748955	47.34208093179791	1452.369607258606	-4953.530124597045	2561.0903000253047	-4692.840004282905	-1
?	-1	2740.8235107071873	52.89750963075338	173.06184842511746	1144.5144431508168	-14763.833569670396	2198.295772989603	-6035.224434271235	-1
?	136.0411755353589	3336.553867469565	60.148096230004796	291.22736035960804	714.1779287750888	-15258.62229169886	2259.329078311744	-4368.65551595639	-1
?	165.82769337347764	402.87153896031583	67.45887764873373	62.561609007158204	381.58332856587634	1071.7938222125115	1979.8629971917842	768.8801305465886	12.113462135185765
?	156.1847524833746	-47.58429390430325	63.276176680362695	-149.50821803574524	767.7676198857142	19054.715161396438	2297.7730848390734	9449.452729224988	9.3078328196797
?	163.4484786782625	785.3242271709615	59.9834667469465	-26.492291608757576	1334.319086635695	-6022.688011600413	2452.335633653032	-12364.149898157042	-1
?	195.45096384192254	572.482986446452	61.95156209992482	364.8846438732352	466.63321930569464	-15299.349278471993	1679.5655899312235	-24348.69195369647	8.404889201561767
?	192.07262800058498	-154.26593935127468	78.22769894060819	121.46766086639587	569.351622712098	2289.94196204579	1234.9010359682127	-10199.996850754145	14.296251886232692
?	187.73766687435884	11.633930607934003	68.0249451432446	-262.43987989692874	581.1303174079837	1222.0046262059325	1169.565747393518	1441.805163765094	7.911500495946182
?	192.65432453098168	49.44618877355385	65.1057049457618	120.62460551275123	630.4518540223944	478.1630729918487	1306.9912941564671	6020.153899087767	4.180150652601591
?	190.20997631303652	-119.02447071431297	74.05617541888213	227.21833871444312	605.0384710575761	-903.9918977033572	1470.5734423479053	845.8521500491663	17.510887734345914
?	186.70310099526606	-209.35741585432442	76.46662188148392	-96.41531324435425	585.2522591372267	1704.9724474927796	1349.2839016589253	473.28419924283196	19.520008218865442
?	179.74210552032034	-19.466996961612107	69.23540975666444	-234.76237350666307	690.2870934322148	1336.9136409067848	1494.2376523100468	14920.497784492676	7.820946667927179
?	185.72975114718545	76.60671605296868	64.7285032061508	-38.70240121966659	652.0979411825657	-5249.464407049114	2095.3087908835564	7587.390859319653	7.418675424255719
?	183.57244132296876	-3734.595022943722	67.30028969568112	-124.84414652981657	427.81387307976	3704.0034470884434	1873.607195276028	-1292.1394393743321	13.719043496508233
?	-1	-1113.9771953384613	58.48629587966	80.59642246145728	837.2981135369872	2873.4853677462147	2030.70181891484	-5637.402379664138	-1
?	127.87358155604589	2416.9637286689467	71.33011081875397	255.4957187318174	571.4881414670703	-6192.705462195617	1591.7370762928222	-5361.165313149855	1.972845457723503
?	119.84818643344691	-243.32422348153642	71.26108181625082	-57.096129151811034	527.6628404272075	-2031.2702842784954	1762.6435532573482	4244.282742848124	4.276853155138388
?	115.70737038196911	136.76478654267575	68.47530436116342	90.35984177475517	469.92462725314584	912.4194952541676	1803.9512134352276	-5647.8809019556065	5.171418777333212
?	126.68642576058068	235.73814776657994	75.77907390498856	55.00005306860393	573.2838151899157	4039.443843731378	1480.249508159569	-2459.4923294758696	12.222048902209504
?	127.49427777029807	263.1657865713473	71.22530701459361	-73.97340849356195	671.896819439714	1443.9279034338376	1680.9765969614346	10048.020178348534	6.310393079380584
?	139.844715089148	126.76924359831577	72.08040348031048	-178.07628500726244	645.4802103616073	-656.7104691737383	1982.6505170769938	6481.162248803121	10.964433343028883
?	133.83273995021383	601.4816055398028	62.32149276423052	-288.3408021967674	639.0612959810272	287.97707203844186	2005.0347094015895	3177.2025283784683	6.923796617494352
?	169.91879536613803	246.3605949894637	57.66336337047216	65.70694838946602	659.8790639635294	-5992.590179916799	2141.5106434959166	-1175.8190484248776	-1
?	146.15076969968698	-947.6061134654617	65.60684018370381	134.3695323625986	339.43178698518835	-7069.899805028771	1946.2437569803458	-3707.088739085952	9.575332331630067
?	122.53848969286511	-567.6004468766587	64.38183998860207	45.39655165153152	306.38407371209206	-448.12412826841114	1956.1562065416197	-441.58568018661003	14.295139927966613
?	117.77074735585414	-102.38234865441919	67.87666776628038	119.23053163120656	317.0255805717679	1174.38612227207	1924.1644729710154	-229.195279108213	7.000005978219932
?	117.41937226014417	-31.215617446517395	70.34336657016237	-241.12489307748902	365.10337982569536	967.1539863645148	1944.696442586209	454.16514087622704	14.447180993836021
?	116.20996648352828	-2368.3874452028917	55.82042311240597	-315.54448997375033	365.38327988999345	1417.0015884325999	1946.8727300148266	-1483.1991500536794	-1
?	-1	-53.88059596774004	54.566142071474914	329.54319327991146	435.9534592473251	5058.596070908134	1870.5364850835253	-8781.552153944977	-1
?	113.51593668514128	2149.4784556823815	72.29758277640148	270.8209906740488	618.3130834353992	3318.361666400702	1507.7951223175794	-7733.275346341384	4.577059295329649
?	106.4739227841187	-2290.318733702834	68.1071916051773	-309.27202418451566	601.8715425673596	366.9726968259865	1483.8727177664575	-237.24941133577062	6.316509940193685
?	-1	584.1703253622587	56.833981567175755	-1.8400252306500484	636.6617182766985	-1281.3437873520593	1495.932651750791	-1857.8261432033262	-1
?	135.68243905223153	2748.240715222868	68.0151903436448	331.1615743733825	537.8043531997569	-1804.650028876435	1390.9814106062915	8162.913666479114	7.475596351221164
?	136.4120357611429	-98.49276574931743	73.39206028584482	-51.54077452593033	546.429216832877	-1167.215254545301	1904.0783350747452	5434.426848570339	15.964318491909987
?	130.75780076476568	1625.5245475697518	65.4381516173483	-193.9436142203378	479.443590472492	18615.50923991634	1662.7027530348075	10449.124897177908	17.888969636138242
?	217.6882631396302	1410.893045845741	63.694879574827965	229.61556411824145	1477.2046788286907	-1141.3746979519665	2426.5345799336387	1108.2995587958878	0.8046116048215044
?	201.30245305705247	-904.246626871404	76.91892982326033	128.82039354503706	422.3748555748939	-19745.755061916203	1718.1177309746017	-12660.600236120476	11.206035465623136
?	172.47593179606017	-703.4723368580441	70.1358992520798	-12.323166457225954	489.9169257328841	-739.5727167446993	1793.5045681276172	-2040.3338939920131	6.871361779223227
?	166.1288362141504	-274.06101635714646	76.30277150039903	7.567315782582424	385.39621973765907	-1743.9130048362988	1616.1010362750014	-6749.869388179578	11.794747634379835
?	158.7728809782029	-3342.5767242830198	70.51426504120892	-402.99610100740284	402.7212754910695	3564.362377238498	1456.0110987186395	81.13070529947919	10.53992491899101
?	-1	-3195.4576195640693	56.15296645002896	-317.52522192619534	563.6143385995833	4071.0105103478472	1620.1575715399754	2708.905029228468	-1
?	-1	3799.9552812577554	54.638003944899204	396.31933199620175	606.2718010084611	-2428.1909791404864	1591.4563501800624	-6816.059531004004	-1
?	188.9977640628871	3420.954742242494	75.96893304983898	452.0833201629171	442.20478964255943	-4344.000342585383	1279.3545949897764	186.21974367290088	10.307372305527862
?	170.04773711212408	-836.5821848834805	77.24216995304498	-187.96886388798904	389.07178387919276	-1323.1629751731239	1600.7673373637074	6702.392643514487	12.200115891466666
?	147.1686548187132	-872.6305229396004	66.57048985543956	-259.9381568409294	376.0466408839035	-1015.0578529258873	1614.4742271654995	4026.411417112941	3.0003582019497412
?	126.41621096514422	-197.62999380502166	64.24526211099855	102.06112962039762	338.3188912328986	-1757.4477199979065	1802.0879082193537	7457.820027977404	7.728431720201527
?	137.28715512846216	741.3675708114423	71.67354633645942	169.5746881030536	288.17425488400846	-369.11300453237135	1987.3652285643684	4129.438957453059	9.078753537768156
?	163.4845895057162	862.101499325312	72.7239965161512	-76.06109348121065	319.8632410062801	902.8299259365426	2008.559856092006	2409.7928385602877	8.492206035325488
?	180.3922300947276	323.63793705715466	67.8704916623989	-388.81338114572725	333.31575118083543	8210.20600679618	2107.8548704923824	5964.209686997981	13.463140882185911
?	179.66648635857388	-3627.844601894565	53.28332745886491	-285.82090753362223	730.3735413460876	18271.63688548383	2306.770340441904	3995.820830624785	-1
?	-1	-3613.3297271714905	53.57944628571784	8.63788465504942	1246.8975954550235	7762.595669712185	2307.645912023621	-296.1407973759389	-1
?	-1	0	53.71522169161738	-23.232916635272797	1118.5033248316954	9184.662695981338	2291.963300573107	1528.1195722590892	-1
?	-1	0	52.41780045395421	-69.78162026912922	1706.1307302540888	7036.6469764468975	2384.051890636575	-676.7500096366281	-1
?	-1	8488.846470575632	50.22614067816093	124.1345866286372	1470.335673654039	-9398.627249739904	2258.125800091276	-12028.321535273477	-1
?	423.44232352878015	3020.197128095759	58.624529785386045	556.3304376607297	1236.1993677670953	-21802.71973808194	1782.6358138729033	-10222.37496466204	4.760784389135371
?	150.00985640478743	-5842.2225695150955	78.04266256119732	384.4288349975886	380.19968674994584	-17838.937698081358	1747.0070518581756	2329.0736651719035	7.6251006526735905
?	131.33119505302642	-435.6022016426702	77.8459715352654	-45.3805838712397	344.2524828630305	-1270.696005088489	1899.089497131498	3761.0283394717903	14.094264142873843
?	128.229746322654	-111.36247510071297	75.77363336763534	-119.64832193911363	316.6648864955216	389.5395776927412	1935.0584688317645	-2790.553901413715	16.570610618793573
?	125.76307129799079	256.0431351977403	71.86355543830975	2.878394512677015	363.7294617476675	6157.163799755364	1759.5618020608129	-1164.5715779454617	8.71569845004843
?	141.03190308254096	370.2570953807869	75.91755309326919	113.95438924965288	624.5230764832887	1132.8835185098928	1876.8298899344916	-12429.589452608965	9.378340043889901
?	144.27592606703007	-110.44253982466427	77.56127490079237	-49.26111752070472	420.3736376731619	-5338.822482805504	1138.0823294303668	-5280.319648653936	19.26197372227891
?	135.50977609130777	6.815734793437993	73.45449721723396	21.68151087737933	357.5819523430145	1922.3978651278333	1612.8139075017957	13320.203802834878	10.46827767992408
?	144.61671280670197	130.0970805523865	78.64535044466133	81.49839240391117	516.4935309295532	3650.061363126693	1804.0925195721084	1717.2335114595824	8.567155195218529
?	142.01463011892707	-393.0142434695014	77.52941683742951	-208.48930296099343	540.0850204993485	-722.3637994811558	1698.6755830747745	104.6146577416861	14.356507861341237
?	124.96600063322697	-200.95698415455857	68.2208852966117	-179.81746830271254	480.3753409554956	-3591.393424189053	1809.3232524591926	1805.4281134023468	5.331752852900299
?	131.96678091119918	259.89230226975144	68.53854342229391	117.22161040138316	360.5153492898965	496.9352857767814	1788.9469887448915	-746.8018409720279	10.961746882844256
?	137.9606157467145	339.21751780647134	74.08196581668084	134.04413768879343	505.22210524433456	5362.223783976335	1771.9831604105914	1869.976474808843	15.142602470665073
?	148.9276568015227	250.17367847647992	75.24075030673356	-132.73386608139296	628.6265384887123	1144.664341827881	1882.4458124853334	-1889.0981177878916	14.34470190321801
?	150.46929967053845	80.96726610320246	67.44527251261121	-290.1731200848196	562.4553223357284	-473.8736438230916	1677.5282545211971	833.719462146649	10.684877493374763
?	152.9760201066828	-441.7476380592534	60.732094302492634	52.42586409154218	604.9328562975578	-467.0182504250459	1924.1317855926657	-3655.4239491501853	5.942789958998995
?	128.38191776757586	-941.4183480412423	70.06656571718831	88.28554213687102	539.1044098144762	-2886.183878868998	1494.7570570636885	-8488.558946268644	4.964309062287339
?	105.90510270462084	-326.6974137274036	65.14637140933617	34.81569435375901	460.62366235410843	-683.986404348267	1499.703838279235	5810.039919533577	3.0170575790608605
?	112.04704708120573	209.9837897108252	71.80735043487626	105.20851730342807	504.90508959706295	-878.5888203724195	1785.2590530403663	8416.655213822703	4.599432400706385
?	116.40429219016207	-30.9328514742985	70.40679727450755	-135.4069922626177	416.6942213354876	-4007.076500377123	1920.5365989703687	3913.001603622129	5.737105552166672
?	110.50040450749081	-211.09407370608028	65.0370008217454	-37.960475564757836	304.5512645782075	-1043.465500008613	1980.909133221472	922.7268688668015	-1
?	105.84958850485809	-215.62670786935703	68.50877349626967	15.326759336244946	364.52094633505715	549.6742045347295	1966.6729424137086	1006.3407157967039	8.888165399363402
?	99.719069114023	95.28941242455807	65.80333878855764	-10.073557806674991	332.0349748049439	2081.3955367863973	2031.226169011307	-7910.66950020385	5.93217022376911
?	110.61405912608598	352.87438035486855	68.00509560593592	58.510235210650514	468.59072317437665	6972.469496970154	1571.1394674035175	4605.605539557285	11.27090439130024
?	117.36278813176637	15.466355365091486	68.72885054909015	-161.08986648407026	680.6584496534504	4430.629179658865	2261.5064459891705	13539.517757163301	12.765296881746519
?	111.38737689434055	-2367.2557626353355	59.950602281732436	-206.2655009695182	690.1221821573191	-1608.1396710519186	2248.11535526168	-4460.761583095898	-1
?	-1	391.7504422509685	58.41557550061428	247.35002860113713	600.2514661008547	-2347.519720021411	2038.4683668343764	-18061.316615012052	5.665493464187515
?	130.9748990068889	2363.14344918316	72.31810371178925	257.9792872502515	572.746196156249	374.0688320089625	1345.0495245110808	-12320.465644402215	8.411257564235262
?	117.15717245915758	-485.5653034518667	71.31453986312681	-165.17324994369662	618.9549077013028	-435.63199867441125	1422.445084614268	884.7108743986642	7.214157903280546
?	106.69663383429565	-2363.14344918316	64.05944121460445	-332.8935481069003	550.9645962225285	-515.4866705496484	1389.2850682310138	-385.4307657016411	6.424316184000119
?	-1	292.885617421933	54.66986245778185	-75.71101673592905	593.1805741738205	-1294.39924991505	1403.173546329186	5321.109595782269	-1
?	121.34091470539225	2105.9758760443287	60.27389037780801	236.2023047386397	486.2446337267762	-5103.031514926753	1655.3405480201263	10104.569183638781	7.428083863968814
?	104.29879380221607	-581.8001207594629	66.4799776947138	60.89856118394614	338.0289984274837	-3972.951413158973	1908.4020055111232	6351.428269180774	10.489903760902006
?	92.25090866741921	-176.53897396157367	63.318818437005305	-44.468340182286155	287.5970630688283	-683.6204500185137	1972.911961479164	1102.3637447673348	-1
?	95.47184510413742	46.85381573898484	64.2565606855995	22.220334382693146	303.84797592655815	1451.9336160836447	1963.5201927494898	808.3206106869358	14.566532757330743
?	94.59359945436844	-90.1245935768478	64.42983515613996	-230.50663734724947	360.19374387301025	404.35623487252343	2013.3279920135105	4557.300808988614	13.583911618316053
?	90.96561542529504	-1911.8719890873756	52.731228818237064	-350.0262368475256	324.06578767018425	-115.44117958880902	2191.3852331989197	646.6302119290708	-1
?	-1	-1839.3123085059074	46.92852331376374	-184.5505585941853	354.4216848935698	14377.238609279597	2045.659502609964	-5404.670274734113	-1
?	-1	0	43.50370088852783	-34.04284938493104	1042.9277181341615	15172.12487826097	1921.151719462215	-2722.278543774369	-1
?	-1	0	45.226380844517195	49.90919037116232	1113.0279288066156	9707.140089195284	1909.545575421246	2380.6693006037626	-1
?	-1	0	45.99916040708594	-6.853413628481799	1528.284722593924	2461.7819950796725	2040.1851844924026	-1428.391600844498	-1
?	-1	0	44.883710163093106	11.837580119825517	1236.1170285605988	-643.2478723611689	1838.1259953790213	-470.7925177748728	-1
?	-1	3667.398484082401	46.59103941307721	365.0230278421975	1496.1223289758657	-15079.766402068806	2016.645558603659	-6120.326703592936	-1
?	182.3699242041194	3769.387540446219	63.13486155520292	211.42074503607307	482.12870845716105	-20901.313036178126	1532.1096601993756	-14309.4340638017	5.540233563553603
?	187.46937702231028	634.653406890946	57.16207666488083	-150.31304398717222	451.0566771669629	1040.7688900216638	1301.1738554135766	2432.946167313134	-1
?	214.1025945486666	272.30950816982426	55.61920935584433	177.98426371261547	534.1671529582441	2902.5290365691003	1653.756968565032	-579.535716544244	-1
?	201.08485243080145	-2123.5038458924746	66.06128985051157	172.31849376711074	596.1831289954174	3376.7628036650062	1272.1970695863645	-2368.9147458719294	7.75400807744262
?	107.92740225404324	-1549.8428390630575	64.23513404419984	-44.231903334591195	703.0052931414938	1957.7836470646232	1535.3112312714359	8701.26477164345	7.37227072703534
?	123.59271047764885	1559.6501107619422	63.84969468378202	25.01517844604601	694.0723113486482	-3884.45696047604	1707.2603081685354	4718.469426334885	7.403778372635904
?	185.90990779214007	1088.626968996544	65.48589296650214	94.36954563410245	508.7824451176925	-4198.409534064894	1771.2347025881793	983.6877626249305	6.071558853821284
?	178.02405892747586	-189.69032738772978	68.56817196548712	-13.874389185694774	484.1518346454043	-1643.552471621355	1756.4446962997818	-1670.1821495824483	10.73545248815116
?	176.42539142275362	-210.40194404573145	64.7921735072174	-58.82194293521784	426.604821536625	-1138.9252744579592	1687.7255951090572	-4658.693611356996	9.102612209500077
?	167.50396172518933	-680.6073880034843	65.62707481872624	35.40216274843188	427.2055709225065	5116.751276015747	1523.5100157319328	-8947.821250222814	7.2914929855542185
?	142.39502202257952	-874.2763922377852	66.56228164463899	-38.41543462415216	682.4423853374115	4528.581859333507	1240.334532597918	-4520.556050395865	6.601410674667226
?	123.79014211330022	-422.92412059610916	63.70630308751864	-63.96247591616026	653.6346638891811	-3555.0673232871954	1297.4822132121403	923.1081235089038	-1
?	121.24881599277414	3.3476080044468524	63.364157848830985	-17.48541027486417	504.6890191730523	-4568.641791969984	1286.489938773363	11999.182894640328	-1
?	123.95752251352256	408.7583805703759	62.832032573775436	-72.75661488656692	425.20257429068266	-2178.2042020555796	1897.4413579441546	14960.161574925645	-1
?	141.68673502129286	964.7846696134557	59.72632710450265	-154.89445866155233	395.7788090702737	-906.4255292285643	2034.4980175196426	4260.121809621598	-1
?	172.19675599419517	-2853.7347004258672	55.087309640697846	-182.67522478748128	379.8812978292546	-864.8848257416963	2110.4474484252337	-2680.5255977348	-1
?	-1	-3463.935119883916	50.59256586512862	-55.72877310662511	352.53456778318906	8535.518012510078	1900.4717376329031	-609.395885730621	-1
?	-1	0	52.3008709853666	180.67007905071188	806.657198454757	16803.851292529627	2079.9776541387027	10064.227611966717	-1
?	-1	3313.119754263928	59.62606981766418	322.4615197495475	1192.7271324096673	3834.1217695765795	2403.683118231237	1912.3973116914112	-1
?	164.65598771319875	2973.670274892562	68.4239469728442	303.10320314976946	998.3632869335887	-12693.982790999476	2175.5975197232747	-14378.162098934132	3.3289164440246624
?	147.6835137446302	-428.52454114001733	74.78122997515287	133.49102227598885	558.0279928596845	-10084.511320721089	1684.7750132845204	-10233.51233470782	7.031176455877771
?	143.22976065619758	221.03576760014133	75.09849808664374	127.34863713351577	494.1377208975271	-965.490495495511	1663.9219029878764	2846.728003890176	8.232064053487218
?	158.73530212463743	428.4419808093249	81.14866183182875	-48.93619433398315	509.7534680849082	-710.1890576224447	1827.1114134790312	3200.2747445164323	9.961635866973785
?	164.65185969666413	-149.47690704202856	72.65168836994455	-230.43332113118325	458.6282680164044	-1855.4790049645314	1823.9356402137003	952.813150561242	4.815798459507706
?	151.2614567725359	-441.9460954110099	69.62699577526942	94.52948755154502	416.9795178366803	-2178.008141230615	1874.752071007094	3592.4090998065813	3.941799984631121
?	142.55455492611333	-303.4599185365672	77.37816274752187	118.29307576878509	349.7278609548721	-450.0577589187871	2003.5560952040319	3939.484689402742	12.949973197785827
?	136.08846084570732	-104.03962112449699	75.54164956370876	-51.569365407469384	394.47662989074064	4728.254867682595	2071.726305477234	-3908.6616612989237	12.217556347501173
?	137.3525738698884	142.96102428840155	74.79969447714836	-190.99106695040078	586.1406043390052	5521.7328623445155	1808.123012139083	-1891.5149615893056	15.158903194911957
?	143.2365120601275	698.0234759557962	65.99209621618859	-193.4738557187766	670.5632730079703	458.3601597511054	1977.1505573977672	1114.6171047981738	8.326652656141427
?	172.2537476676787	238.57262702037818	65.1260016912094	203.74098826656672	609.0586123265608	-216.87001531858334	1863.8538673789924	-8213.764556818116	1.533304050615854
?	155.16514341114657	-601.4898718637096	76.17914562951707	92.00719619563029	659.719772242041	-339.35167346205134	1566.4623295568556	-7444.410859497761	9.663336701730383
?	142.1792540744928	-139.80545177225935	69.72636150099098	-299.73962640449713	592.091028653458	-268.5814544294097	1491.633324404099	-1387.0714054149933	2.573981943438474
?	148.1748708225335	10.06292535603208	61.192164309292	25.859404917146012	646.2906995205703	-4069.6838084697993	1497.108759286105	7798.23511226043	-1
?	142.68240034229441	-385.3587665806426	71.0193317468483	214.3688241638109	388.60683822996515	-6804.275880287101	1881.545080017126	9881.8789464179	6.790884907667513
?	128.9069324935011	-275.97601497714385	71.9106055174827	-4.014735162855004	306.07690550621044	-292.8913454214323	1991.202706607007	3243.4570802086814	14.15968835638096
?	128.88359959343703	-186.9066705871463	70.81859498870554	-99.94139984595506	373.9622709588933	1645.7032267121353	2043.7179340275625	538.0597191697158	11.317525352729918
?	119.56159896414366	-53.8379227058102	66.91353552518487	-43.657180902481464	388.3620668418184	-330.20511458141965	2018.1056925654932	-2550.6372115566955	4.883422468201762
?	126.19170345814648	452.4825871874735	68.63573594358144	103.31018393925429	357.4520152298221	8285.432085948889	1916.1860734497259	-840.0450151139211	10.392117931273209
?	142.18572832351765	552.0139800245486	72.07904472214766	85.54301338253018	802.6336711392687	2853.082218326796	1976.1034418097965	-6523.305962328803	9.22782993954386
?	153.7924024593743	-50.3573424536357	72.91288661270801	31.885088796625894	500.10612614616394	-8287.545789686197	1590.020775333281	-9908.580441532204	11.748767792496363
?	139.66786120083583	-587.8438639735548	73.67329916197897	-52.97202923776392	388.256381654953	1952.1106356267098	1480.6744197331793	8685.648775724452	11.254300566017665
?	124.40020926069614	-2813.357224016677	70.26428515081977	-151.61960916828815	597.7116579275008	27169.829076051923	2024.30321411951	24163.25910523671	7.515859555628825
?	-1	-2508.004185213887	66.09231870356446	-260.5398975251944	1746.7478354575685	5009.859627820064	2688.837374995032	-6045.843355393996	0.36507928393507866
?	-1	3173.7822623206353	57.23729027455987	-40.787046997934894	848.2046393185076	-21227.327271345937	1722.0110463498058	-14511.01467355545	-1
?	157.689113116034	2837.5228466806807	64.05296635366769	218.91721667850365	685.3814718902565	-5689.74629875181	1963.2866413172492	-8638.885736762704	7.143848041688862
?	140.87614233403605	-3173.7822623206353	68.1831511084852	-165.66110383261878	563.717324380913	2855.328253241294	1290.0667595116645	2847.351462156544	7.1158002113576755
?	-1	-2837.5228466806807	55.76991116203663	-248.74162770459793	828.1478845523233	3379.218349846462	2105.6542144250784	17061.06677427848	-1
?	-1	2543.5409468758803	55.74606972325513	154.6049283876655	732.6782418732386	5644.024442852746	2143.1200982256005	4890.412671857261	-1
?	126.17704734379582	0	63.50015758142001	60.44291496315039	1110.3491066949646	18145.173166121444	2350.174848017945	2560.3979358805555	-1
?	-1	-2543.5409468758803	58.768215471412695	-147.88470034461187	1639.9369001793236	-3300.5962520980197	2271.13999501963	-8721.052288533905	-1
?	-1	2235.0652909297187	56.105922564189314	92.51271443647649	945.3192940900613	-22527.97513477374	1914.1222335912435	-12209.483131206089	-1
?	110.75326454648753	2004.376378735671	63.393851193236586	26.222130376331076	513.5381434406206	-9096.906229363203	1660.665838459317	1946.5591700590626	6.677370937781576
?	99.21881893678498	-2235.0652909297187	57.417029083005886	-217.84616412956186	490.4739826218946	-1474.8884330475364	2011.450192094198	4830.362324626653	-1
?	-1	-2004.376378735671	52.50154298675834	-108.19888277271846	439.79372178824275	-1598.7645747889962	1902.183954690653	-7187.142011587414	-1
?	-1	2356.1396849735243	52.007084944369886	173.5265799595721	410.53575388244366	-2336.524674538568	1652.0930915148222	4756.033349468858	-1
?	116.80698424867788	2541.3307339227044	61.17787198473707	264.31765835066875	322.9674880613127	-2839.5348123439117	2139.9856221640994	12114.1288654121	13.148824047997735
?	126.06653669613702	-46.409120563856355	65.22296786190351	-2.503511530283582	268.55901326524605	-1365.6911735910392	2257.7995347854358	1001.7080563854273	10.446997691308058
?	114.48652822048503	-352.7257779676155	61.052696408222886	-252.32893740712396	254.68292938175975	8563.825022655286	2190.0710249833714	-415.8628413880283	-1
?	108.430247797756	-2309.7305644096677	52.606520991547136	-192.80681447380528	696.7502643980165	22878.190366440107	2237.006392716034	6777.354870851745	-1
?	-1	672.8675482229088	51.412355684532486	281.47097330198574	1398.5924477037813	-8381.88076841143	2528.9387685259635	-625.6222150143369	-1
?	142.07362520890192	2606.230252158366	66.68006965664662	211.78108116587293	277.65622597743896	-1840.7427562415353	2205.7252819653168	-2390.3730413662765	10.635783609469259
?	129.31151260792015	-2861.4725041779975	62.00140974282628	-180.74080384649534	1306.5553098917032	20227.88208229421	2409.420116457648	-1975.4251717626623	9.121610260365133
?	-1	73.8737520701205	57.64302946432173	109.66314696686638	1289.050330092164	-12787.70475927111	2106.9540233771822	-20049.381309255958	-1
?	133.00520021142623	2304.0717632213973	67.48456709116968	249.52894081470234	667.1700719281387	-12125.26529783216	1406.951050994836	-15634.310965810178	5.736979131698407
?	114.2035881610715	653.2290916204042	70.11947650505702	-81.43711663183679	682.7870652005473	-1750.429787370406	1325.2384750866622	6439.750972379906	7.190451681158746
?	165.6666547924469	1302.5652311145336	63.41271125957778	-139.67658644423992	579.6485825596171	-4292.554260652146	1728.9385996138358	2469.3287087582544	7.677446877545738
?	179.3318497167991	1106.88036556041	63.13564718284493	-84.19354640229494	468.15935216793696	-213.73454381093703	1448.7049105245767	1925.8093955161894	9.754025757617791
?	221.0106730704682	541.7412426832723	59.203033939462976	213.8978726089979	568.9618553690701	-1122.67583828934	1825.2290693896466	12353.409038538177	1.9318538853873854
?	206.4189118509631	-1068.034068650888	73.83054081329497	192.90979379836696	412.02556025346917	606.0941327094388	2066.3753624514943	8279.91044196352	13.185307520527317
?	167.60896963792302	-956.95180939012	68.84852362938146	-117.66833710992105	599.2665620045425	15504.718637235817	2239.2245914878285	7321.194337805206	9.32761619118056
?	158.5713213814564	213.53422587023127	67.94712395779884	192.0947500381062	1187.261492115271	-4764.413651844474	2432.43507934176	-6013.572101813466	9.85330034288652
?	178.28568093143474	192.9564978867752	78.45326113128691	64.5342572042076	361.0458794123154	-17009.635647130523	1938.545986397151	-8418.044820230183	16.462286902471526
?	168.2191462757953	-3585.713618628644	71.17383681800926	-312.02863261767897	336.7797097587329	20618.89066692333	2011.5328383302447	18975.811313749575	12.578995656089587
?	-1	2036.9098003626557	62.85182950040274	14.202533334302043	1391.9904127584964	7725.114533268592	2887.3365520846432	-1696.2315626266295	-1
?	270.06463629392954	5664.827837225993	71.88396348472438	332.9478836318901	723.035436422168	-18186.87820279726	1926.721260198912	-28147.519172907552	3.95485822747353
?	282.24139186130367	114.28001952826614	79.49922368199748	27.949353242924985	482.6465026186205	-6830.307730319653	1479.9605934392457	-8200.113276869108	14.520612564276632
?	275.7786372703429	-147.677450077738	73.28143114687065	-152.66554511550976	381.5200499061805	4953.914586165445	1516.7155963554508	9123.077546610759	17.792715674681308
?	274.85751935741666	-452.963730556895	71.86594642622188	87.56768089937043	730.3422319268963	325.1196045541553	1936.1144707697902	-871.3464323409847	13.2776370477955
?	253.13045074249786	-758.2775122018444	77.65981519183923	116.24130130945395	397.77603013388847	127.09173765706329	1473.148274738401	1825.0618471511475	14.110258487373205
?	236.9436437473239	-298.76817159859314	77.67801149169466	5.4435827181006085	736.6968188097495	8372.108000119044	2027.3675631273488	14178.307666042823	16.79247425771313
?	238.192042162568	-208.3051256775268	77.93199432774426	-28.835613723710356	816.3814301398467	-2461.809519453315	2182.063658040552	-7196.836993376399	21.808484353879784
?	226.52838746344742	-716.4038300263292	76.23623080550912	-101.87501830158081	613.606342837082	-6046.786598467548	1667.5257134585238	-21248.0132778162	14.264439917118287
?	202.37185066125102	-367.5024446895974	72.83824341266515	-36.632003709386304	514.042100216465	-2193.9661608383703	1119.662994149727	-18042.185341609267	11.94075274363236
?	208.15326522896729	-536.2503970169084	74.40463062003978	-28.510641848685502	503.90803479516194	-2807.7281816803998	765.4164463780476	10193.632669297303	18.490861776625408
?	175.5593308104052	-1346.6747088483733	71.41271132023086	-165.12360901373162	373.655691132443	-1406.0461976651554	1629.3446276145994	22457.781629056117	10.965886172153523
?	140.81952978654766	-30.78738473228056	66.14845016935308	19.914931413001398	433.60572491190317	-748.7364100097575	1888.3055278308693	9509.200952832285	7.392697409570728
?	174.01996157379116	1150.2183330962619	72.40845789088094	159.34675077810596	336.2188706319546	-1262.0513672123834	2104.8046752562204	6260.8774676238245	9.887441911260837
?	198.33044644136157	914.5291772557296	74.1157877082585	14.441077727434298	370.5031565512831	806.7488117752326	2201.349401212065	3644.586829347966	13.566875500667084
?	219.7464204365783	903.5611093238614	73.13051177725266	1.6423201557875922	376.5563112207168	1197.2658948033609	2287.0340167236213	911.5768436892683	11.221374637542938
?	243.50850190755529	353.3970575872912	74.19790371604788	-3.1549624768046676	430.366451291452	3186.8349243755893	2246.928243396529	-11149.433196516435	11.942165470517113
?	237.4162733159431	-18.28499349690875	72.97276365341243	-267.9565250772541	535.8980574394985	2964.2621670764593	1729.5623568977917	-1348.1886940130962	10.623517805155856
?	242.59425223270983	-92.90668737643311	60.80007746218498	-262.8932343201563	578.5795596452771	224.0692072250763	2179.5188086958733	10792.116308397619	-1
?	232.77093894712138	-957.6062227245484	59.828101937404426	296.29984785677766	547.1015178007525	-3690.7000026070964	2269.1681723176803	-10101.293486741604	-1
?	194.71394109648173	-4675.418778942361	75.61506985502408	56.770035196963036	394.0445595149196	-3031.951960150343	1674.454134358786	-10680.859972336128	7.255771101544077
?	-1	-233.21255072764083	62.66660369725262	-353.99899647401776	395.5039197932332	3572.4465586616934	1735.1251737008663	1585.0078090373383	1.9768441382964952
?	183.05331356009953	3393.6570050538426	57.915120031322935	233.72244442170165	572.6668874480068	368.07884209997314	1753.704524810654	-6872.685815110038	-1
?	168.68285025269455	-602.9954000095438	74.35272591833787	350.99653056045895	413.9078618982321	-2892.575654938272	1391.4908829453595	-9139.749333675702	9.721896460169035
?	152.9035435596219	1943.0537398601255	75.46494655934613	-41.74696312282831	428.0381047010912	-179.94171963718344	1296.7170581268624	-1669.3236005592316	15.02793704526988
?	265.8355372457022	4723.846938833256	72.26537776219642	-353.6296008096928	404.9107759163728	1769.3957570867506	1308.0247029173968	2091.115401195432	11.958579112848124
?	389.09589050128807	-5336.7107449139685	57.78346651886124	-419.23312446856585	516.50789255543	3104.663735239457	1401.2728281866355	2418.4477858927785	-1
?	-1	-4435.68905319112	51.30372153876783	-45.78876755176714	560.1439626783479	1048.5153696132247	1428.9470922120374	-91.65840842037466	-1
?	167.31143784172892	3781.8853623275168	55.49402814127285	493.4668415407641	568.933661036092	2350.605656322999	1396.6899077656167	8020.256280522049	-3.1275082804521177
?	188.09426811637852	1699.7544381826824	75.97706361580639	440.78805649641737	677.6742454944995	53.732279832649205	1829.9599062381455	8698.50435741656	7.656145798082278
?	252.29915975086425	1499.670738798603	77.53343096609403	-136.25485783660258	571.6202750277245	-1873.1641589563362	1831.6151256364508	1262.8670799713293	9.70557778368725
?	263.0778050563097	537.950796473422	69.16432072397616	-113.5868148072141	584.0160375466813	-1036.5073431259054	1893.103260236713	-17346.580840495582	10.192014977579246
?	279.1966995745357	-1829.1055015226375	71.85409022573325	177.00601497676078	519.7949078714285	-656.4614918303935	964.2860836116594	-15130.603448337331	10.267389916547348
?	171.62252998017655	-3969.628936461461	78.01462147281433	90.79550079070613	551.1929629551612	1294.237455134141	1136.5730878198356	14043.608389763856	8.656699864114952
?	80.71525275145987	-22.881474851427257	76.39386526526862	-59.94537753427096	584.5067806281364	-641.8076468687127	1666.4665030998622	13829.507805746365	5.234927307887369
?	170.47845623760517	2615.4616887924594	75.01735259610074	-71.00703044078826	519.1025806117251	-2121.6956418357727	1828.0484781071636	2143.267302867813	3.983317674448623
?	211.4883371910847	-669.1582691896225	72.84351374322915	-70.19549476480208	478.4219985363463	-521.2460816594847	1773.6298682432544	1720.8254039763215	7.93430818887047
?	137.02054277812357	-1714.230334490004	71.50757785786058	-169.18941133356597	493.0402765287505	5777.446061921974	1914.089748305981	4252.62484714251	3.4758956709774025
?	125.77682046658327	1388.0537306567062	64.38404317655073	-208.57506539065685	767.2943016324491	3107.618705223764	1986.2611106003828	1114.9900475638538	2.5905724738469784
?	206.42322931095987	1368.6040265949548	61.07882458832759	237.70019574959437	648.4212117899409	-5584.7060668419135	1969.8392506841744	55.97504605108418	-1
?	194.207021796332	-444.8741693730329	76.26905296403062	388.5397958063054	488.05899829034945	-1138.0574472896362	1989.059862902937	-19730.10881569546	11.720532393908426
?	184.1795208423079	52.485921614102544	80.50581437864314	52.73437796568668	591.5183394254583	2675.695124039958	983.3338098993874	-18620.524210062627	14.2664598338722
?	196.83131787703715	-1344.9618075801986	78.90577186231499	-92.89417097485095	621.8437544923493	658.4735839525044	1058.0336523997926	2149.7082885735826	10.515211667221541
?	116.93143046329702	-1819.4809223293091	75.86110582990052	-212.54986704867417	624.442018623084	1638.9471493439642	1090.819224328068	-1903.2485833659646	7.659616593756185
?	105.8572717605704	-264.3486157289953	68.27827850988113	-226.91235639530865	703.7911119595486	2212.2409822194554	962.871223231493	1461.6716451120076	2.2845134504822693
?	103.71399967684707	-165.32054464591303	64.51548801013493	-127.44283654958726	735.0540677340583	-103.75698698969097	1163.9028065836694	9697.493949033442	3.244500703454194
?	97.59124452827463	-117.42917900376487	61.90613668240168	11.250884167064736	698.603262610064	-4150.747852026993	1447.745920683172	14340.198372751292	3.2462395399459916
?	97.84254072665874	3.3291982476103024	65.07803221848818	-74.72896937586562	527.5166751327057	-2503.3309614686627	1880.9127252212443	6302.381122619433	4.010024189178703
?	97.75770444065515	-14.095469723808462	58.169688213608346	-214.05588207666733	573.4367145366291	713.8362068047571	1762.8649768141481	-950.7007308950871	-1
?	97.1377672404683	1164.295546961395	54.37523811465466	232.75771750767544	563.2084854729441	-3645.810950023927	1833.3776886764892	3089.1160284489038	-1
?	155.97248178872573	1441.5827838032956	69.80757408899228	494.7792974425334	391.14616703543015	-3065.4455516092885	1917.3207782365955	-4953.767838188644	8.632681521601782
?	169.2169064306341	852.8041550272642	79.11420298678168	230.96786823945664	409.93620789247746	432.03134382439157	1585.6892967670535	-3022.2301550919365	13.43260166595744
?	198.61268954008955	495.4207923844084	81.35596750096528	-241.89509677746284	412.74773422665004	2387.995303423313	1766.2092704819966	5824.631903093622	10.3628841967749
?	193.98794604985488	-3992.2537908017343	67.01944814790836	-357.2509441373024	529.3359730636448	10762.025718250767	1876.9208919217388	11920.639473386795	5.032224505953904
?	-1	446.2466475739625	63.493420294099906	75.17019299238179	950.8490201391961	15138.35208768019	2362.2412441513447	12235.53689578001	-1
?	216.30027842855333	4006.34034299705	70.7779577975275	396.87086926347837	1286.253577447665	-10827.200306985147	2488.697736710748	-13065.534466183044	6.832519180315135
?	199.31701714985533	-725.2388918525707	83.3369637572741	235.3796770310496	409.489004789931	-18052.15808736498	1708.9645208421832	-17450.529735910502	15.569382396965878
?	180.03833383592428	-582.4580975126346	82.54694164908015	-149.6002925470698	383.64567307940325	-621.8584509633106	1616.1712499152104	-1612.7615502554133	18.861793627202225
?	170.1941122742232	-620.9847509202282	75.85694912992051	-137.43651670949166	378.39608224176504	10.57253570073029	1628.3264433294114	-877.4539972851528	10.522809923006566
?	148.98909628991242	-883.4819142156047	75.67511581360547	-102.20768040101316	384.1742998644398	172.7039577109677	1572.2985500509521	-2280.5452189823286	9.107565503992515
?	126.02001656344233	-535.072248621664	70.74656510986978	-310.08562641593113	387.03128012731355	2431.827962050905	1514.2991823802934	-689.8218977279832	7.0801506405803805
?	122.23548385882884	810.3526685519917	60.170834492808694	32.21384173617662	505.76569796698675	2299.0804030894324	1537.8074551645525	-8100.777925896353	-1
?	166.53764999104249	820.5196160016728	72.35725719667863	120.06157361053084	501.9853002817868	1079.3013439818158	1109.26028608547	3778.0074331888736	5.513629624082195
?	163.26146465891307	672.375157319495	66.17391317333532	-211.4313553662738	559.7307651660783	4861.142460041108	1726.7078268239989	24064.064968082123	9.908051913300112
?	200.1564078570177	528.9718573658762	61.78568942836479	169.1116852304181	745.0424232838457	-3501.0015209211433	2312.4635344895933	5003.948780927196	-1
?	189.71005752720725	-656.6833054370088	74.62949743485635	280.77875468211147	384.68068912001866	-7928.487848765836	1976.9052658703622	-5806.703864012051	14.181396041918399
?	167.3222425851668	-627.2791386475088	75.82462716247056	7.476467379596166	348.6180308455482	-347.92311652231734	2022.1283412889866	180.80736960587473	14.722580011536067
?	158.34610059483137	-402.675836163695	75.00332080383616	-183.25712927186424	367.28453329390254	58.195564960719	1985.945634350656	-846.8685888037423	16.269946169672377
?	147.18845077698177	-123.85249396414787	66.66177069887722	-36.98235708589242	351.5278090935842	-489.98952308464015	1979.7849118487989	-492.49752972570815	8.778350189274473
?	152.1534758966239	82.29204265717041	73.15420294954151	137.0655557706252	342.7850571396702	254.36944386616668	1961.3207578643703	-460.9362619742231	13.852489685335797
?	151.30305290984035	-92.01333585177264	73.51504848740858	-241.1957315456179	364.2462812868927	355.5647228715072	1956.7380987500874	205.2736978804176	17.786878267893094
?	147.5528091040352	41.977729390454755	61.09441637226045	-277.4423920592152	360.5632932832458	892.7737027704436	1971.5844427583913	587.6592741113162	-1
?	153.4019393793631	45.79629897877899	59.64292888444762	289.19693448936897	408.88496642541554	3974.197574182329	1986.1210624556536	-7629.850629106582	-1
?	149.84262405297417	-503.50700709849116	75.5542630967291	318.24967807616065	559.2731719923651	3525.6131375408518	1590.0919113030568	-11638.925011344067	4.198999453056421
?	128.2265890244382	-638.4308833011884	75.55541278825588	-183.54957567211352	585.1656233024606	521.5453658625614	1404.174811888442	-3993.490371252244	9.194223593495327
?	117.9210798879143	-2584.5317804887272	66.3767843131233	-320.3463497870763	585.3504402854935	2999.072113448645	1390.4173927404418	5832.641734340285	5.963401665007822
?	-1	1051.1737945014922	59.53809529890184	-55.8230711047907	735.119228974895	-1616.9570681694186	1695.8068986054604	6949.226237471704	-1
?	170.47976961298966	3425.837099898905	63.58563075788372	259.2708963333527	504.50258687702143	-5227.047383072641	1737.878704614032	-6114.1290612309	7.82144894839937
?	170.29185499494767	-21.11355048178011	72.50164011556966	186.05864387832318	473.76685982125923	-2042.7071769530146	1390.100445543911	-3931.445784480796	14.486992066644259
?	169.42409208890064	347.03765762023596	72.88856295180001	38.59150789633818	402.36722802936924	-1368.9410950350632	1541.3064153899893	11303.960266688231	13.797553422461814
?	187.64373787595972	471.8532479791055	74.4312155103866	79.64964151012595	405.3198050695051	3279.6675701084464	1955.2984588783306	9301.118597442392	13.763815573965193
?	193.01675448785625	-158.6084618993539	76.87104502730637	87.44846837378067	566.3506065347939	3551.1404463516474	2006.3623452621155	-2174.793526866707	11.67700145811123
?	179.7133147809919	-3880.33508975707	78.80363892907569	-125.16871955479381	582.87682738709	-1124.6292802945118	1846.5587825349937	-2466.6909085068905	2.695037518031742
?	-1	-797.6837093321649	70.61260904956659	-303.7671388419396	510.1191425200675	-1810.484517321958	1883.0277998367692	870.9575659683209	0.03958054890051055
?	139.8291293143831	3057.5648780183137	63.615281986978495	-35.5002099740259	492.3526015209908	-3376.062700422328	1890.1066608334104	4315.561199772731	5.697615545703412
?	151.87824390091785	236.24198322493447	68.83759855086527	57.024518969219756	341.3160074989487	-2857.9868271502623	2098.805859825409	5975.843551590085	9.31801831161225
?	151.64122847563	92.75219291574483	66.46650793543952	-32.14754832657758	349.45326016347565	109.37773894918978	2188.898838412919	2236.5661674543344	9.751700684070473
?	156.51585354670516	317.7859694591604	67.23022113453637	173.98505472533608	346.78489444640826	1139.332662811249	2210.634168198127	-1827.0968914496657	11.622382868799733
?	167.53052694858823	604.254744982449	75.16576067170645	150.34670815874492	406.4198933040389	3422.99600528065	2097.5439938404343	-5171.119916113106	9.133121859062396
?	186.72859079582804	758.7732383881365	74.74755654247372	-132.82507098423832	517.9346947104432	4160.5824774362545	1952.078172392468	-5767.045577651556	8.368295598857815
?	205.4691888679956	-3754.5718159165076	68.52450712249444	-286.75708187737604	614.4490171758546	1898.445740206637	1809.1917149578524	-1034.484766486088	9.265970082624584
?	-1	-528.2770937187307	60.40970244860471	-68.3899505444727	612.8569817207764	-2569.672914365452	1900.353934068163	3763.8521507757523	-1
?	179.0553341820587	3074.7331907447597	65.10500959527076	50.10196689691725	485.96537145758015	-4022.0917603799885	1997.3843224966427	983.7033701154493	4.383133201691016
?	152.73665953724017	-3601.1066836411223	62.91480079345061	-183.71280281243878	411.7523937017741	5726.297157780575	1949.5391025739361	471.9681472868957	3.5294233731750273
?	-1	1230.7118414785652	55.91936945464869	-52.90428366082533	772.2802293466129	23612.856830961628	2020.9827298609878	6197.248140942318	-1
?	214.2722516111693	4190.2478974859705	60.269586610409306	418.2001304187031	1592.3952352498723	-6236.971295924808	2259.4015096210564	-1640.0418130477503	-1
?	208.51239487430152	-536.4750898792872	76.82937597558414	156.40694330452965	460.4316645503681	-24124.156039336307	1938.980639208599	-7512.894934086274	11.70346235222419
?	187.44849711720457	-1224.4531217120477	68.0899337756359	-223.77945263362045	386.1874332830398	1161.1790142241107	1883.7567629167374	-6838.40415050405	6.130127418068531
?	147.28973878869826	-1039.2213070997157	65.64040334390296	114.34219775709161	518.4906152615745	3467.8044511217863	1597.0604316833917	-4698.33404754632	7.22519672770083
?	135.48743176221805	-399.22566149971885	73.80704366349056	143.86018685012255	559.5776558391316	-608.3580261866989	1648.8400605394181	4893.5452752810115	7.062547457611783
?	127.32845571371203	-240.40735146915523	72.83341268640919	-230.84433341984507	488.0727139522391	-1206.1624932388202	1841.7376954474457	3603.190725642847	6.999144428697894
?	123.46706418876012	-2566.5691142742044	62.26482699249814	-260.3745870541516	499.2695311771897	921.140016461506	1828.999596821563	586.6230482626005	-1
?	-1	-2489.341283775167	59.814683333701424	-132.6223877863242	534.129714775315	7058.500162878281	1871.0688478605762	2472.9368258627587	-1
?	-1	0	55.63370760318184	-196.81161836563808	852.1945393211088	-71.23372371758377	1952.6464381147027	-856.6503667711974	-1
?	-1	0	49.97410241541938	-158.189336467625	530.5680285894358	481.32637617797286	1828.2363295220157	354.3659956831228	-1
?	-1	0	47.72424077980076	31.265154526736847	876.2608581300069	9281.804890707439	1970.3647378988585	-513.8233120792047	-1
?	-1	0	51.537360141756245	114.63401765134158	994.6582731248144	9948.521223620392	1802.545163918055	2650.9857838488992	-1
?	-1	0	53.45594166236792	74.34934452720194	1373.6869193110335	-549.1682851928034	2102.9140270913053	2380.616250901442	-1
?	-1	0	55.254827368116395	36.338359688730485	967.1998588651738	-15148.7505825392	1921.5759764631289	-5820.701319045269	-1
?	-1	0	55.27285964680447	-114.48333567103313	616.2493901840628	-2423.276380877323	1811.8789611390378	1660.0661104055407	-1
?	-1	0	49.53066058456466	-193.03482744489878	846.036039821306	14147.27628694903	2004.579281983407	10715.630616917477	-1
?	-1	3477.353851066507	45.62111827455939	415.61623081234706	1323.6132045315244	-6940.335301693763	2347.660491984919	1809.1363245172276	-1
?	172.86769255332783	3474.0492436221057	70.3114721251823	507.1917487131275	499.0192747366129	-7601.327807561228	2095.0360982092698	-3099.20843443667	7.426120066020436
?	172.70246218110776	134.1723297857275	70.98070571021613	-114.59116900626704	943.5468141534576	23959.6255735251	2192.7000702630835	8076.7628764871315	6.73673085171618
?	179.5763090426143	1663.6074043051392	64.58191367486887	-102.44166737048258	1697.000553412885	4732.72266546316	2498.874242033632	-2141.160258762017	6.9509776336619815
?	255.8828323963659	1328.8352302359242	65.85862234169193	222.0860345101846	1180.182947426619	-24635.136713535518	2085.642057324981	-21725.718003986345	5.6918363644895535
?	246.01807055441145	-594.1169184124778	75.68621540037826	71.72893094480611	465.24371773609164	-12675.33155859203	1412.5883418342994	-7396.375443572232	16.266578330665745
?	226.1769864757416	-51.07505083781787	69.44506888893228	-58.71992951915987	546.4163694970084	1696.6761197752212	1715.8232851463642	8591.436806094522	3.4230208768751815
?	243.46431801252052	49.58851094499651	72.75021892442022	240.74275800086212	550.0775237248539	860.6472593153685	1842.1601821390316	-3814.330374647671	4.891291271072118
?	228.65641202299145	-627.4155794783948	81.48220678897556	36.874944531800836	589.4487324627775	-1141.8548945028292	1525.106766413978	-8592.109088142533	14.698901752608368
?	212.09353903860034	-213.13686852499794	74.59396615101029	5.155396363199641	492.98477899971164	-2155.127393113696	1412.5547277318988	-6983.897768995267	7.311761357568403
?	217.9995685967414	-11.649633129087936	81.73997660713555	177.49836017126657	481.6923628070911	2862.9214561089193	1175.9118779642097	-5243.447609932112	15.772302952173641
?	211.51105738214594	-263.7402108497772	83.46888415957375	-162.33018305487943	636.1308518051596	2747.90184592047	1150.3823472352894	-348.8246184026862	16.932344419370946
?	204.81255805425235	-81.88724715995531	73.62346745439146	-380.8156806769125	619.0874551031166	1546.022513401502	1158.4706470440751	842.2465928987066	1.8884599299889557
?	207.4166950241481	-129.61763006605267	64.42810012572785	-31.407514670906785	713.4319774752358	-218.89959121500314	1192.4946768802254	5595.167776576603	1.6614527614097576
?	198.33167655094962	-770.9296020987738	72.0530917208461	319.77549172855987	608.1424755423662	-6919.6152018796975	1438.2290358729092	6704.421373955702	5.7316531593577835
?	168.87021491920888	-757.9685075804127	80.41687471215607	135.98089880892707	367.45121738124607	-2985.6913850577835	1527.7157455780152	-1635.0494088205683	7.999950832252519
?	160.43325117192845	-28.78248626943348	78.85213666129255	-49.025265488248394	458.85790628947495	4164.24732261332	1356.4765654318796	-8860.687665708094	9.179999498367902
?	167.43109060573718	69.34528063757129	77.96561143774362	-91.9021994661112	575.663583511915	1801.3300000388829	1084.6813622926043	11721.105201358043	14.901702612832858
?	163.90051520380706	259.4488649599569	74.25702668798692	-106.61490437653829	548.9244062914204	-4225.327416835205	1942.53182549979	17033.03816431528	11.065800539416445
?	180.4035338537352	249.43054827923376	72.63486621891663	-68.62717123783754	364.39721267015176	-3841.1171303785136	1936.3332705083803	2058.2870940212824	9.383801765947561
?	176.37204261776893	-238.93893404585074	70.825668126095	54.02267456751454	356.868549772492	1854.7893329447559	2045.4461802008557	-6334.188453528301	9.304063764234726
?	168.4565871514425	-399.090706943403	75.3359999472924	131.07693688573602	457.1366793173909	4101.163534421599	1619.6238478319608	-16322.87744051253	5.081423274745798
?	156.4175072705985	-832.2211332872003	77.37951497038189	-93.70152677989702	561.9267264935749	379.59385376664414	1229.3023081752176	-2968.0643462761586	13.609033304803688
?	126.8455304870819	-641.3906893357855	70.65092360829748	-134.2484789244157	476.11637200572335	-1346.6627869685092	1471.2206305181508	7271.984205602617	3.8154882165549644
?	124.34797280380876	-207.44869261576287	70.66709102416101	40.48507546159811	494.59358714514843	1821.1420574678984	1592.9015184553537	423.21718391389675	7.774256033950932
?	116.47309585629361	-301.52395921526505	72.67517738137741	-9.87054753879548	567.1734748791196	-1537.0593378216743	1492.381489713846	-1771.4117291297018	7.022142081507281
?	109.27177484304529	233.31649961085085	70.17356364722123	11.707565982994314	417.74062025406363	-4326.137119069871	1504.3309319988673	1967.1907733802702	7.531830824546551
?	128.13892083683632	1203.4123179013673	73.26055568052713	86.48538845871704	350.86661892562296	-1139.8368193893916	1590.7410283828608	12695.795885908561	12.41355519916263
?	169.4423907381145	1035.0779142226459	74.49783307015714	-196.00008316160148	360.74877928459324	875.0085466506813	2139.1207262943044	11793.097071511616	8.305881108589263
?	179.89281654796935	-3408.847814762242	63.46055152244692	-419.35629589323855	394.61704625815764	993.5905989555017	2180.39588195845	1047.4318784211334	8.13850926403604
?	-1	-3617.8563309593355	53.53001827549492	-39.701680769352954	410.42830923236903	1634.7842795095194	2191.492320215362	-7263.1708725269455	-1
?	-1	2545.2940295289395	61.475467483979244	396.1264983707382	476.35626023363477	3600.6061995406208	1817.2373383320976	-14716.562703934269	2.397738905945154
?	126.26470147644878	2653.3699078799905	73.33634319403211	210.39973117756958	590.4586192094026	4060.9112992178793	1455.664185018638	-9980.508505519678	7.3195748064579735
?	131.6684953940014	222.1560646398839	71.99545404285787	-178.27837436781326	679.4018251945316	1150.8372040029435	1318.2119130561066	-2868.4076181769797	8.890139532558504
?	137.37250470844313	-2653.3699078799905	64.42242447564132	-310.61747977476443	648.0004794095506	-965.6726164070573	1312.2438041097869	-508.39041224524595	4.336105830052244
?	-1	-2767.4500941688234	56.46458005411943	-286.92922863885576	631.1181943741781	650.3700417548747	1292.792392443844	818.2829701275407	-1
?	-1	0	50.07596304369833	-217.65256374069043	680.5189814972948	1754.1388387269308	1353.1579526161645	5705.017822754827	-1
?	-1	0	45.581951867084754	-98.61630448065684	718.8251363105259	2430.3536499786533	1578.0432835815893	7132.080537968431	-1
?	-1	0	45.14514781966542	41.578312059842496	802.0366639962292	403.6860044609386	1709.761979514591	3517.8150859702237	-1
?	-1	0	47.66086747007691	34.9871576222629	739.0094365335731	-3376.8159261527894	1753.934037880103	1598.3475693326636	-1
?	-1	0	46.89450570077859	-51.89250614788503	633.1958676885873	526.6433794190418	1789.6793579812254	1831.097302069476	-1
?	-1	0	45.06624216268262	-48.16820287188054	765.3416055045256	9808.78047113114	1845.488902983578	9624.476624380799	-1
?	-1	3589.6583143492003	44.48609555718453	389.9328136598612	1123.6348912451513	1486.232172603383	2270.903189200272	-1141.3865690352598	-1
?	178.48291571746256	3265.3862526902567	64.56288284567596	621.6279958089558	839.6532141346958	-15558.131359992996	1788.4195745318143	-9491.92118495766	6.8149890588621505
?	162.26931263451516	-317.25185158403866	75.56749534763276	251.05846210073804	345.7283232454904	-10042.105865678086	1796.3071299523824	6553.419967577909	10.38415904153961
?	162.6203231382604	-107.2848263237508	77.11580595071304	34.40539870238759	337.5479208507843	812.4124658456592	2116.0905729107144	2666.405815702645	17.073489929179768
?	156.90507131832754	-337.7193574627686	77.28776528275216	-65.34068091635639	386.34894653777394	-205.79369149438597	1929.6274207375166	-3154.0304857175083	20.17506768335934
?	145.73435526512174	-312.998812778148	73.84877190489517	-163.90737504657204	327.25823627606485	-2846.1066495721257	1958.3890486248367	8.354781549955868	16.368266109228625
?	141.25513067941992	491.1700470692055	69.09239653042344	1.2475955417491313	244.04361405916563	3068.9963847743634	1930.0451598150144	347.71070271720833	8.080499967510402
?	170.29285761858236	768.268890478693	73.91115168198263	223.17696477428933	480.7080555147852	2668.4485648979567	1975.7745837606974	-2433.9180171836388	10.016737520808466
?	179.66857520335512	224.8253084930226	80.25124476913807	86.81463106635609	377.46604230406535	-776.7474859419409	1808.3492589558307	-1660.7409125027916	18.573952264054352
?	181.53412304323365	110.67481662954903	78.2518832353005	-113.16552845540183	441.8706812176876	2677.237451568189	1892.7375381355566	-810.8281603204499	14.998836602950215
?	185.20231603483265	-17.337841389663463	74.5929683463679	-142.23087109630993	511.3279148824767	2291.9803412661263	1767.8078509398076	-10044.343990883688	12.179426772256097
?	180.66723097375046	-92.48411452390695	71.1403396804849	71.36149551721401	556.4696982809955	1736.507395649609	1390.520338591365	-15019.488967477571	10.837266421161097
?	180.57811030863724	-475.5116502328696	78.16104312222865	135.2496620047686	598.1532846649584	2635.7308697725116	1016.8334025659184	421.1992585861239	18.267948348796907
?	156.89164846210664	-891.4910691226003	77.90282278072343	-57.17811679740781	688.256241769623	-598.2288364113293	1411.5803015206716	6153.2454128631625	6.751437378179628
?	136.0035568525066	-444.3671321761149	75.30213728235822	-58.63786068850063	568.2418428443915	-5323.31223385922	1324.495673209081	5693.373779567038	8.015650855782715
?	134.67329185330058	233.3707075114382	74.97092974629835	4.231957476491967	422.0906300766582	-4441.707270422847	1696.2489904990275	7527.6472625551805	9.584555667989058
?	147.67209222807867	816.9268085961611	75.51373515618282	9.542321383967625	346.156479323246	-251.241090661599	1700.8780363368453	9052.292426480088	13.436263991651774
?	175.51963228310922	925.6993716449755	75.44804581549674	-72.84451622092273	409.5285755435781	1032.6911945079894	2148.8636118230384	8753.750669537856	8.437760711193738
?	193.9570608103281	350.6144204233864	71.87150934513663	-360.5843703784039	397.7910390486462	1181.5896386322825	2138.5655698137443	151.9043025835141	8.639271492665275
?	193.0503533042788	-3899.1412162065067	57.41882729657629	-332.69688879576177	468.60805747519305	642.6546636897206	2156.458826952214	-1071.5412648208378	-1
?	-1	-728.1442622166178	55.236664905348306	390.42842583172984	429.9237722331327	2008.4331214614494	2084.9885065727017	-10368.323859914943	-1
?	156.64314019344738	2892.9445194898913	76.94024858816306	438.9354620272087	569.029713548267	4891.790104995749	1638.0426339564597	-12461.64912777123	2.2112287527299093
?	143.64722597449662	-375.7969336384915	77.18343800670905	-49.728437786368865	674.5132774829236	2612.68992437069	1461.9060501841313	-3060.0265386248675	9.151599427122514
?	137.85329351152254	3570.7863498503175	74.45382669884458	-205.18993472210175	699.6642097668033	-112.413852014741	1485.041307025214	2023.3930087071972	8.922545401331982
?	322.18654346701504	1011.207976110458	66.92394127060382	-197.63001039912953	668.8925848821865	-3293.4503650208135	1563.0757006194926	5605.37927615391	3.7193349767917723
?	188.41369231704616	-4243.9429865394495	64.57232617888796	-55.27148433478323	534.9916915157603	-2759.5795664718953	1765.3102708329136	5574.500418287678	-1
?	109.98939414003958	-3788.273846340869	64.16036705386462	-247.35835074790745	530.9136065585898	1907.8795829163462	1841.8007215338805	-5666.504589599022	8.201487794403548
?	-1	1903.0332816974362	52.204408641492414	-98.21089560318231	630.385670661579	1979.4104702928066	1481.9850413529584	-3859.797308265342	-1
?	205.14105822491274	4245.656377301624	59.24982227370543	545.1432019126748	629.8841300732315	-324.89392657494585	1648.8108561206107	-1171.7589736639563	4.585812393584884
?	211.2828188650842	681.3632991660114	79.46156873712654	317.00331832479554	614.1409743328314	-2748.0353643223143	1423.3970926697598	169.19798247616413	12.118161366380711
?	239.2092231832138	613.6580263068661	75.09998818994544	-120.69786564823373	492.48236185711386	-3112.833328533063	1657.270755244419	11100.05400845462	7.2705761221918195
?	241.96572018042795	-371.91397653098915	73.42667545471477	-19.913321660663712	458.49930790617606	-892.082841786249	1978.3997930924986	4008.054722890945	6.070696904471619
?	220.61352435666407	-788.5094280901485	74.10432210691224	51.227824918259	447.8782197678008	3648.6164103499655	1857.673491388969	-4580.989067684266	12.628081706691145
?	202.54024877591996	-995.5231770338362	75.98806670062776	-37.1513064958413	640.9301284236769	1939.6893589640385	1749.350339708282	-782.9823652216398	13.449831158715416
?	170.83736550497156	-4070.8049755183415	72.24675678212014	-282.4502784466443	544.8626877160041	777.0254307213921	1818.5243731278865	-1370.5643494550882	8.240457820583611
?	-1	415.9721453192268	61.86555277829534	-114.49701532299494	679.7813999597471	649.9548243754838	1680.8221222355266	-8585.215026805305	0.6749842368000957
?	191.6359727709332	3394.832167813667	66.52190601597032	208.10753931763986	577.3604289347787	-4602.862488364183	1389.2636217876152	-11687.582715363425	6.80787996535406
?	168.74160839068577	-3852.719455418609	72.27092974417748	-153.00871813991913	449.63827554153465	1405.4438086106761	1096.442986467347	4319.86317792507	8.61871164142447
?	-1	-3394.832167813667	58.87147010897425	-303.3812085173649	647.6326193653135	5479.686296050174	1605.2567806838717	11647.28998265576	-1
?	-1	2739.656804753096	57.10186931830902	143.1637180614194	723.6225903440472	-1832.6573749066154	1678.8074856001433	12229.89318982904	-1
?	135.98284023765675	2454.818596775697	66.02965601204532	231.49775030198978	555.9997506199815	-8767.335866678786	2216.7514401753324	8604.160522864422	10.429164499309437
?	121.7409298387866	-78.94495692503996	68.67675683340868	29.765406113105687	285.2557970101017	-5359.769329199951	2109.0155117433706	-3012.7677574632553	11.507739668106106
?	132.0355923914047	779.5958346189142	67.51792631770063	-8.070466338094944	288.0112841599801	853.1279431731642	2066.1130523021675	-535.6483917785878	11.084800080964024
?	160.72072156973286	666.4053069558732	68.27323351650392	-53.877745597602114	327.9121941687605	896.3728887815771	2082.233092154441	107.26908383579787	11.214750816079007
?	165.35585773919883	31.390544410105697	64.82403903782048	-219.45546559373497	332.8299285990596	20529.096253046817	2071.4765064939575	11474.698143722344	15.888511683163792
?	162.29024879023817	-3327.1171547839294	57.30046023681702	-163.78958133319097	1354.3670068211159	30840.190239265747	2655.967999340566	17809.7724687542	-1
?	-1	-3265.804975804717	56.63455997116082	-86.29854124105086	1874.839440562369	-5072.787122289079	2961.96512993168	-13551.696736901311	-1
?	-1	0	52.98553317476441	-64.12579407791634	1100.7276507066583	-21730.921441663504	1978.383162495491	-21472.8643111397	-1
?	-1	0	53.428270267264956	-14.83800168701116	788.2933684791783	-5859.565527489138	1888.3219143746799	-3083.0033413438896	-1
?	-1	0	52.243633090413844	-92.63285458866316	807.7493743321973	-3067.620075559334	1824.2329954282943	971.1661704543438	-1
?	-1	0	48.79662753783173	-137.92260656770895	634.9123647012094	-4993.946190470337	1936.8802228973977	-356.23986677450324	-1
?	-1	0	45.3475027620283	111.07314042249483	558.0520648086769	-720.0405800837086	1806.421002089569	-3637.2138681469078	-1
?	-1	3296.0437791789973	54.35028455895655	567.1477668887825	598.9103356970235	-473.95117339176306	1755.0195294900498	-5361.362446439808	-1
?	163.8021889589522	3192.629428523648	73.70489110646783	402.87758338959645	534.3545061390884	-2385.2248043319173	1538.3528797675747	-2077.5215303865457	6.468658919972836
?	158.63147142618467	316.2446414097605	74.49416372843666	21.977402104918127	479.6490954804259	-2507.7255275236957	1651.143452970721	6604.699009981961	10.458479970431103
?	179.61442102944045	815.5281305726849	74.80376121171375	25.18326276086348	408.9682297629018	-976.1549747330557	1868.5878302666774	8562.11016427361	11.4511049097056
?	199.4078779548195	413.40293383535635	75.75332686647985	-174.25031344853133	430.8413467437724	434.6290270195397	2079.2489611844076	2893.0162930537062	11.34474160357635
?	200.28456772120856	255.52792136194887	66.09124553928706	-290.55009295733186	430.6996811138791	1631.8273386396795	2013.2386449193648	-2197.568495555461	9.288723886902183
?	212.18427402291712	165.8349365728599	61.225822218613054	250.23564570271802	512.4327136757576	4143.5188341970315	1969.370536406633	-7037.8213002555	-1.7766504169011426
?	208.57631454985167	-395.5391846502221	78.60302782442314	310.047414324722	637.8756228237336	2430.878253687594	1661.3475799065848	-6647.6324254255005	8.545473763450472
?	192.40731479040574	-482.0190195554897	76.72819293484938	-219.84560211971484	633.976626360139	484.763596578914	1636.9889151353532	-302.6728342081972	10.513928705812726
?	184.47536357207684	-3868.1462958080597	67.61074771843724	-195.24113974925575	662.1138026526796	833.7340424163581	1646.2139381961747	2033.7465865501129	1.0843060340864699
?	-1	7974.467149416869	66.96613594738645	109.97696678296009	675.6633284809575	-1913.5947283219366	1738.6762444628603	2328.159676840654	2.510993422013359
?	583.198721042926	3475.851403713694	73.10959605758532	176.90542868459295	566.4340662365814	-2422.9828729355604	1762.621922038209	1056.8592300936493	1.7047581257757907
?	172.79257018568717	-9427.295762844493	75.81140738161622	-153.46019815619493	554.5141848341777	-1140.990470302223	1791.5192059675435	699.9775838066163	3.8109063622587898
?	111.83393290069459	-1224.655188031547	65.43658614977547	-296.89030128030214	509.3845427214695	-983.6422396866086	1797.6208012285404	253.02039793549832	-0.1444636888119374
?	111.55981078410895	368.040567156278	60.9668923176009	59.566332116785084	505.3320728498466	-5237.135795281452	1804.1702258643186	3320.575303984013	-1
?	130.23596125850875	897.1362557859462	68.41490275561476	213.8182244111294	247.52775295739318	-3894.9748010067838	1963.6495664277434	707.6920317652402	8.912365574555956
?	156.4166235734069	971.9338005335941	71.65780353815752	83.61408680778959	310.58333279950466	1484.3931885377253	1839.554827452581	-3987.2033812328777	11.381875524973703
?	178.83265128518914	884.5980853729212	72.5956070960043	8.979996973247225	321.7474123842805	576.1145150166224	1764.2893973660966	-2719.142910993453	13.808854036251082
?	200.6465278420536	783.492531568909	72.10680338681989	-43.862615570458786	339.3890585503362	1314.8083608110956	1703.5976819029065	-580.1394807976029	13.971774852317912
?	218.00727786363515	261.93442039532584	70.40247631748133	17.49477086979173	387.4878304248362	2015.281660852679	1735.282423326216	-2376.4979676190596	17.526106560209577
?	213.74324886182006	-470.99135135338213	72.98154193030949	-65.27176407574949	440.15314159297156	2718.932736410335	1584.7727835219519	-7670.944857512682	15.409630763125762
?	194.4577102959657	-602.0734922455495	67.13888811369381	-317.2749574281504	523.4344672453549	2088.7881876805864	1351.7351804505765	-731.8899738177503	8.540529097386731
?	183.63957424954216	-3909.154205919259	57.117794058901744	-299.1557426177789	544.5925509770024	1242.9467651942314	1548.1782848310638	4970.708519441161	-1
?	-1	37.582069053981435	52.18110098280465	107.10906000476318	585.5818055050673	907.1509691725063	1600.2706064226381	1595.4746613018824	-1
?	185.51867770224126	3227.41846547416	62.47324705913998	479.84194333826366	589.9500994356283	-251.9279778047881	1627.952017896159	-794.8643090346628	2.7396671885007056
?	160.37092327371028	-528.2100351816665	76.17319814971818	243.5371737555118	572.9854066148278	-4153.958217545419	1560.5273909709044	985.4430938183028	5.746493352204711
?	159.10817594315756	555.1225895667353	74.65010574691574	5.05297564179635	382.2521885583544	-2842.4476765045806	1677.224172587075	11155.173679177084	11.116442280331832
?	188.12705275204743	777.8311826609261	76.425846931808	-60.802527843710536	430.8630227895967	613.2180219872752	2118.2860749297665	8860.277748220471	8.698199695268423
?	197.99973507620442	169.93369791170707	71.60997935473017	-358.8279093129026	412.9130896577186	497.44817362975004	2120.2380599981047	-23.867383590531634	11.526964524402324
?	196.6237376476329	223.80944321498384	58.48445146616261	-262.6297105785792	455.73543147108455	3460.5985044670033	2117.09270575024	-1626.275164227813	-1
?	209.19020723695377	-53.74667546785057	58.478493825801024	385.4006370528958	585.9430148810712	2811.6690718944174	2038.924301786713	-9351.153622357273	-0.008127078589728535
?	193.93640387424034	-674.3637130132812	77.75448331880767	348.5598307980483	596.3188850658074	1101.7916079036152	1649.5350246323696	-8001.823122768842	6.811865459917902
?	175.47202158628923	-526.2792980202214	75.90648536570369	-177.58134422003994	641.0325952762528	-102.90581391822424	1638.8331456482651	-386.91640348578306	10.735326052795383
?	167.6224389732289	-3529.4404317257345	68.87541610780555	-260.62179832222836	591.1735943698961	-68.97236784853605	1630.1892044580802	2659.9391570798284	3.0581610360973257
?	-1	-332.4485933911414	62.875395449592084	-11.8160306649055	637.5839768838259	-3541.4386252600807	1771.8301035022585	6410.729935175718	2.482498099124111
?	151.0000093036716	2628.1155817101685	68.28461457456027	-51.88604791110092	414.1016631068896	-4512.767433077404	1950.7257012168707	1425.786325759798	8.175823597743946
?	130.4057790855103	-3040.0001860733887	60.281093054037	-157.08134821103516	411.9456052299525	13592.83008992432	1843.1194197902494	4884.743876926044	-1
?	-1	-287.2997809277861	60.430547164008395	191.03116867865492	1093.7431676031154	-123.14282448452725	2194.9628950631763	2732.9502566114	2.7098139547509206
?	116.04079003912078	2265.495184085331	69.83265148796988	-47.48697857549093	405.78846400572604	-14110.444692759263	1979.7669326208213	-4001.015848280215	5.107971126300688
?	112.27475920426815	-2340.815800782382	58.056198235233815	-360.7609598711508	388.2209329651422	898.8006711780017	1994.9121026491628	902.0741354307219	-0.9655256908294451
?	-1	755.5696326205135	51.79460349441209	117.04581281946976	450.72849756462676	3028.6433313110047	2024.870639392358	-216.17340933088292	-1
?	150.05324083529436	2681.391374144096	63.908488876207386	254.99988010605998	539.6530995306946	340.2274503817941	1984.1034321826185	7465.310201884679	10.487767087222986
?	133.0695687072067	-372.6369210598828	64.54459749971527	85.52832001094222	467.7398700837167	-2893.850622054525	2398.1361494865973	-9977.160794069081	-1
?	131.42139478229996	-17.790285988836875	68.18490487675456	-56.59599864660071	394.9605684279663	5478.0775838985155	1485.2453924791573	-5202.272976871053	13.062207034398089
?	132.18005440776486	538.1113511224962	61.71479756738519	-19.282951884569012	741.6437492786464	6810.853949444197	2138.022500643041	14897.130244899774	-1
?	158.32696233842515	1070.4604992874695	67.2207572825261	219.46547694017625	735.503265900181	-7681.362157645778	2230.1019047241566	-10097.010946021772	7.96905765029787
?	185.7030793721391	530.6768235424993	72.68807141439416	13.13884098522446	357.575641396352	-6856.628839220365	1633.1719533419453	-15470.006876465772	15.358779884396919
?	184.8608035155505	-761.4483053894128	67.87769933178733	-90.50176826940954	392.67182393915783	1317.0786033600377	1456.601560900857	-2028.5959332587192	12.756404388778234
?	147.6306641026679	-882.2896625295027	68.16298300092362	141.5110250569472	423.42957156435483	587.4145456271637	1531.7421566790078	8724.995562465827	10.9188791338385
?	140.74632038907473	216.0497778936608	74.95325058463479	41.80010880602762	422.04255122051643	598.2252909724963	1892.8513390241546	9270.341331539217	11.224418577001883
?	158.4331529973511	-911.926224583628	70.25298844122503	-250.568392795698	453.34083611298007	492.5745894818338	1995.2592232559753	1720.7941052665892	6.635646269361336
?	95.15000915989268	-3188.663059946977	62.42483094484971	-366.27818293864243	446.67128069460847	339.6892013236831	1978.8910442874853	-371.1082684355135	-1
?	-1	-1923.0001831978261	51.93907929429265	-236.33945571965745	470.32529617916447	1229.5002156498613	1976.7038098341993	-2261.551630601934	-1
?	-1	0	50.60785815886667	-47.122813923336835	508.1462914771024	3758.6367173850363	1865.813462757387	-2909.255558170011	-1
?	-1	0	49.58293859812577	14.812399583030714	658.257132048419	4411.354647132288	1831.2410319256967	217.33158718449576	-1
?	-1	0	51.348478138018216	30.444183294798528	728.7140238337199	5237.737923854216	1876.680042116612	1098.0195748438725	-1
?	-1	0	51.10514776286572	11.938741194992247	920.1440282411335	2874.6981585097137	1886.142010667891	1054.6013084129331	-1
?	-1	0	51.945415197767836	-19.061986617905276	872.4489317592077	-1883.387383648631	1929.4101075372594	1276.0453247885607	-1
?	-1	0	50.15204843197044	-106.62104894719253	825.9746590587006	-4118.301648297548	1949.94427690732	2648.5742678289475	-1
?	-1	0	46.614362750408134	-62.5489738465151	666.5338493443273	8379.975376494152	2061.8388209287086	9615.150381120697	-1
?	-1	3069.7573577734815	47.02459973964464	392.69781399822716	1244.9734278834142	-4917.01150877357	2430.7017959633617	-1199.930019100467	-1
?	152.48786788867625	2935.547134647035	66.24925345031977	614.9194489516353	420.6832739056453	-16729.373504801515	2001.8423199736844	-9689.64795630486	7.861705966785134
?	145.77735673235384	269.338066592501	77.77057218722685	159.060281290908	408.5047526433266	-881.2917407548957	1946.2193981481118	-4036.1905954392223	12.540421315407963
?	165.9547712183015	1177.9519834683415	74.20226751486528	96.26939031935399	376.6186868678999	2301.199068381308	1800.0327902017204	-9852.070223921366	4.5602188586409085
?	204.67495590577175	633.3201601654862	82.58404170319462	-26.507085054054663	523.5647060623936	3894.8251435954435	1453.6158869520366	-6926.037452721864	11.99632161052948
?	197.62077922657625	23.67262606721761	72.87691326216253	-319.03802167468086	571.3599440476748	6003.8985586224235	1453.7309175656223	11140.790759275096	10.613190805967408
?	205.85858720913265	119.6190313820648	66.63214061946034	-220.23200563607674	823.7596339935191	2102.2221920012266	2010.6554249157994	6339.9585570106965	0.4636223099351369
?	203.60173079567957	114.22426531513631	61.86531298035854	-97.94353030856857	676.4710536477377	-4366.2656212009	1770.7288454161617	-6091.962462430802	-1
?	211.56980047488955	-447.56501738537384	61.734964104031846	262.6471812907658	605.446352933471	-2741.786606949183	1706.057301794255	-5707.3706208846	-0.7020879211298832
?	181.22347992641056	-859.5623728785902	74.99767204489702	284.7350939552637	539.3817233002766	-3349.331842153032	1485.3603143719276	-15.986408417524899	13.02834287416874
?	168.59168183095943	-341.33921603905236	75.97171880179523	-6.869403993895462	437.979760825817	-1951.8381332907445	1705.2579813733787	10529.929322779632	11.263732347118237
?	164.1565191244577	5.920330898782624	74.65420184520224	24.646253777916844	441.78981663573796	-578.6689759522765	2011.8567805109167	4938.273023463465	17.809171495400683
?	168.88769837589857	63.05945946427609	77.2040314906911	85.98708421046715	409.04631202820275	-371.95901558273516	1952.1716325465554	1609.046152312212	18.136714081985474
?	167.30949209767155	-129.67515369217196	78.95355605572566	-8.676525294547039	423.19186585660094	914.6456874586643	2092.3090881265284	3469.788982022552	20.393608002312455
?	162.40394069128988	-67.63862211095801	76.77020522596374	-197.16011540246174	454.7785964011366	1502.7931209620308	2125.6610816476855	662.1380345776194	15.63713512266483
?	163.9275609921236	-3268.0788138257512	69.09555028560243	-277.5150825721447	498.33152190470355	3685.539458317105	2125.41598985541	-5128.812684759196	4.544437000664057
?	-1	-624.1449518049662	62.8944510973563	89.66800686890238	639.0555693169945	4940.405994866028	1869.220447409722	-9109.191749330474	5.834325578646138
?	132.72031340187485	2491.0424433161297	73.57895062904761	282.63720637149146	745.3518216480085	-220.0202225782587	1669.9564023888797	-2189.069588781491	5.323531970196638
?	123.55212216580826	-104.04986102342315	77.02631141593108	34.777142190484724	628.0545581880814	-2545.931304140788	1759.766967970646	2135.9636397108957	5.751951422113239
?	127.51782035070362	9.735100589610543	75.31780773857187	-74.66664042620018	618.0552564409672	-1119.8881906455267	1776.754584374426	478.6451257807835	8.050363238382138
?	124.03887719528879	-169.7982664637773	73.29297939462101	-278.10392840116225	572.0601486558043	384.54789844191873	1783.6992242596855	200.00434979589215	7.025024395569804
?	119.02790702751463	641.2312763096583	61.41261131851356	-202.41723818671954	637.2826513630635	149.40693041015962	1786.7548018642208	1029.976851985879	-1
?	156.10044101077216	1951.913094206505	63.17211748528489	372.96401279877864	579.5304951763123	-3678.4945020213513	1835.1980668589802	3097.1976521648244	2.2347222220583287
?	216.62356173784127	1198.990686383487	80.06081195845276	181.4366294810368	453.35792626199327	-3572.134681580108	1941.6146844724642	2036.5005395481587	12.912692411488905
?	216.04997532994736	-2330.1947345912536	72.24394895933686	-259.4509896414016	400.9237610973044	-1085.6342405966352	1937.0230938363895	-144.01754559056621	7.499379317735676
?	100.11382500827693	-575.6328127777019	67.0882624763825	47.02927286628541	399.07621423216074	2346.1632411155842	1934.4138071929358	-2237.35296847221	9.341240643926382
?	187.26833469106185	1777.9305692903629	74.59541260265117	262.3919529897878	518.2319231530853	-412.3529134520821	1825.1554454127775	-2777.173850724836	11.403588526285157
?	189.01035347279634	-463.31802507432906	80.20786012587207	39.45964833899922	378.45856855955634	-3114.93471995798	1795.555114656692	3867.8867001393423	10.068975320646013
?	164.10243343734507	-603.0126417765405	76.56839501960116	-143.60847977853803	362.48518715518406	407.08054419362486	2018.5497804197473	4952.515091660619	4.961652802923904
?	158.8597213839689	-3302.0486687468547	73.02743613694507	-344.23131549984794	398.8125957692379	788.7301880130759	2043.1808692397265	913.3592074140149	7.832188014990118
?	-1	-3197.1944276793324	59.35682924460851	-392.69634795098676	401.9216965558384	736.9486801194612	2064.2177407904487	-1094.240310581602	-1
?	-1	0	53.39261873939545	178.02675725098328	435.66002977521146	1360.3375942273885	1988.4688537106456	-5742.865690859971	-1
?	-1	2366.1693175719097	68.2581671071578	412.2052637703097	469.9385762672088	3337.9102050340775	1777.074456247446	-11119.330397732198	2.906636609119318
?	117.30846587859718	2226.188517227059	74.00288192791123	17.36698373473136	602.5555400269177	3454.791845183888	1432.5023338240278	-9470.256653958939	6.639848843756214
?	110.30942586135453	-119.86868348182213	69.12651629389438	-251.70635107281794	642.6781685264057	395.2834868866865	1303.5616235494924	-2512.6670127451284	4.810073156858879
?	111.31503170450598	-2226.188517227059	61.41756437427016	-292.38334228019534	622.3197143712523	-524.1068941038968	1306.8689831867696	695.6047433399355	-1
?	-1	-2246.300634090088	54.50734917988441	-233.85205930015908	616.4728238212105	-31.790899904191978	1338.3418607164897	2636.919798640364	-1
?	-1	0	49.724961409262036	-174.22746371907914	620.7301693760427	455.0874340220438	1438.7149731187897	2945.8110943327383	-1
?	-1	3178.519298886612	45.79597599393033	139.9196883218795	639.227195522313	7352.587528981235	1485.6324154331287	6234.323579938116	-1
?	157.92596494433286	2870.12021608785	56.72094582535611	521.1816661149288	988.3595458251097	-5876.857693339586	1750.4311521157	5677.377645526959	8.779984013927496
?	142.50601080439455	-331.2433984963995	71.85505929967714	354.23550897733924	345.3843108553295	-10902.139457564484	1769.5012977094807	-402.64172047762594	10.397048062059257
?	141.36379501951265	-22.079785450738115	74.43272127422333	69.71039319833508	443.2525729468776	4515.136539732996	1730.2990660918183	-11294.094358604441	9.328037868167439
?	141.40202153185763	-43.78424730373405	75.34057895959394	23.42687030517022	571.1411378419825	-2289.3229570970734	1204.7965797792506	559.4958048469073	17.77502663928638
?	139.17458265432592	-162.42349624589448	75.60406478948185	-33.7833300227974	328.7864250920223	-3595.4907094513273	1758.273856334164	15236.761587664629	16.81698301628712
?	133.2808467195628	-88.83366160758145	73.65141245845405	-27.43338809345847	391.3666023694136	400.31917826045515	1966.6346591624929	6598.720617139185	11.35441586081556
?	134.73289957394678	-50.196652418522234	74.23239538480891	-162.94741804515095	348.8023840050453	-537.2895791556383	2088.209887191128	3379.408566222298	16.544400575664955
?	130.77101409863664	711.9525638563148	65.50404155619638	-35.8359399344065	364.5021234116313	4135.204426465659	2135.60508747361	1299.338891069801	8.187985077928184
?	170.33052776676303	1156.942754912646	72.44059838808856	138.95836138849663	555.5626053283312	93.31438913550623	2153.176831744619	-2944.0018206640834	10.121564714526583
?	188.61815184426976	369.9377326747531	72.45195962562131	-316.7807938873134	369.1678428684067	-1561.8849801756464	1988.404996440404	-1831.6178777084147	8.913297907806259
?	188.82741440050094	458.2018815304835	56.601558693722666	-290.5007439951883	477.46835631954775	11221.903196715066	2061.595937859197	1104.5745256645957	-1
?	211.52824592079426	309.8101941208593	57.92692242586169	231.3875563655675	930.263002704168	3549.2494645153643	2043.6337227236345	1011.6544654072225	-1
?	204.31792410654413	-634.4226172969418	68.1709365120012	-47.1618333763448	654.9308295453185	-8591.257778797055	2112.178661129559	-380.07228444894196	12.740565596759577
?	179.80711505594672	-4106.358482130824	55.56883075704442	-330.67085275803134	500.70011376430915	4050.210374597981	2024.6301085011871	3878.3865985926327	-1
?	-1	56.213948799575974	51.6373938740994	341.5693356110556	857.4413482752204	865.9700960782586	2306.097991059193	1666.5829370946349	-1
?	182.61781249592556	3014.7795692489526	72.64729753759744	481.7311450237679	543.9986185682227	-10101.897884914746	2107.95925535592	-5703.423995342183	8.264033499438828
?	149.73897846244978	-865.6669607744939	75.72395112528814	26.13526351986641	352.3464540294759	-4378.56107528592	2020.92679129208	-3584.220507277386	9.434827656894106
?	139.33446445720026	-434.82965853276374	73.95406071359078	-107.30621174949864	325.07056480392356	528.8988353487132	1928.7482299920482	-4523.603138838725	16.025255194541124
?	127.99749553581128	-451.2749165237177	70.35864053781313	-231.8620009078121	378.79139579691196	623.5627311143414	1794.7466343501405	-1118.621817605233	10.782049091738054
?	116.77071863101405	-2579.949910716189	62.36096066820001	-283.4599734171671	356.2487013596411	6864.109667362618	1872.8171391117858	1202.3738826164401	4.678207797888761
?	-1	1302.1467530817113	56.185641866954576	137.39671718257145	721.9968791650477	3024.9024562934724	1854.8653284809634	-11550.108931857616	-1
?	181.87805628510054	3983.5467935156394	69.23079652732868	214.15886804007607	507.49382417431684	-1508.9443366335572	1295.3116925188967	-9696.391721993845	9.53471879136889
?	198.1773396757848	-3657.5611257019586	66.89358526895853	-168.95431655596371	646.5496623333688	3504.7770641819943	1370.0457423812643	21571.040297287414	6.687925747274818
?	-1	444.78663386838826	60.78308069953037	-0.6954118943360655	682.7326773834191	-4484.794820126257	2373.863707383283	14328.323334848475	-1
?	220.41667136920452	4254.138618680412	66.85881467424173	173.19634373018042	422.3099213270528	-5994.788708054624	2086.461909123698	-5315.394440489642	12.426626824252494
?	211.70693093402363	-295.4313768505941	69.44289788603952	112.75950279088259	382.9932419806836	-234.13749177044573	2108.093985358797	-1148.1594098718615	15.656911702157174
?	205.6451025266746	-505.50785035577144	72.49678981378594	-92.35330487614573	410.60304673853034	-1841.4527643998679	2029.0539386301043	-1713.6873988455484	18.47066514590122
?	186.4315384162347	-293.66912191262867	64.82523264223217	17.930173417535713	290.9206037606889	-1074.5636537026878	2022.4096154165184	230.01578473622104	-1
?	190.96164643104296	-60.75126422110627	73.39329848466274	159.49693267611195	356.8748640533952	1569.0160067256356	2040.5547278669155	-161.57018294813267	12.868404940252532
?	183.39397520517934	-240.91115550682332	72.80007927603788	-336.90761487425425	369.3714040969718	469.36476193041716	2014.3311062691116	727.1099440383283	14.624074355318202
?	178.91608865570163	-3687.8795041035346	56.547917740949785	-305.4416124463197	380.3431021499164	1507.7986178541053	2076.9102250688325	-2144.3499975102864	-1
?	-1	-874.8873208019348	57.527998653721674	359.76496204306045	444.7613349896781	3729.528534096993	1907.1136063935958	-11093.885368111161	5.594129050116155
?	135.17172261560427	2945.0847144490376	74.53616584310306	355.05112330683113	566.8195288547687	3067.951169945512	1522.2159566632665	-11800.32649817752	7.17092156975167
?	146.25423572245398	472.30140003044096	75.28055481906348	-141.5747733632028	598.1588934869559	604.5271745977861	1317.0972814847114	-5338.406701422716	9.356485605024929
?	158.78679261712665	146.58377398365607	67.45742717494282	-345.14403446487	597.0458875846584	349.9807673771484	1255.295621592127	672.819327478805	7.013121082068402
?	153.5834244216369	-3195.7358523424878	58.023353095819736	-280.27763172689873	615.6579318558136	1105.8177463420636	1350.7382478586521	7319.877064812441	-1
?	-1	-3091.6684884326937	53.443545588597686	-105.78748765412803	652.3367749017624	1464.239290451214	1621.2894748327542	7369.75006554756	-1
?	-1	0	52.73397871311326	-27.336387921213582	688.8698963783753	4204.247383946312	1719.2257511360353	4041.9366007448953	-1
?	-1	0	52.07672619253699	-84.02055329137718	862.549144099081	998.8761069484957	1823.3863048700018	624.4364813011819	-1
?	-1	0	48.53295104854434	-155.62549016158533	738.8137017258008	-1763.2689264490114	1750.4475752010949	977.3695556661094	-1
?	-1	0	44.29545168445761	-12.902183773821138	774.3856977766292	4961.556514310248	1872.254782653308	8120.785132469903	-1
?	-1	2823.080605344372	47.887841859853275	473.81779243577876	986.8915274413167	-2915.079989684286	2156.486831824596	8974.401664596448	-1
?	140.1540302672206	2750.190211118065	67.98634130624689	493.66070164748317	628.6316982924128	-8275.715356123834	2320.9748658831368	-4662.583933876487	7.59142366081033
?	136.5095105559052	-185.33680599890678	72.57087694222778	-31.356099123572516	573.1057596351192	-751.9382395725968	1923.3576351307681	892.1147629059906	13.287779061155646
?	130.88718996727513	116.80110144265204	66.41853635006824	3.7112807802889773	591.0347863137824	-2039.2644892587346	2365.580604028437	-8586.310221301246	9.345749182637166
?	142.34956562803788	170.47860265026017	72.75644098124224	206.85662479431718	471.142535172181	-1153.9115642235033	1494.0421240656997	-24165.206610012003	10.719686270395075
?	139.41112009978826	-72.08822490682576	76.76136758978424	66.94219539698868	533.3392081026065	3641.6655878249726	1157.3202735278196	229.5872399574013	9.491037021971808
?	138.74515438269654	138.84127665015998	76.10355075109172	-41.43457401064891	653.2258145634322	1826.2348677555055	1505.52148606357	11943.302318028722	11.838805767636355
?	146.35318393229636	139.2669584295524	74.68963888925177	-241.47237094370408	624.650951490383	873.1990853499373	1754.4853894292642	3948.4190940623907	5.962180679979835
?	145.70850230417426	-2947.0636786458854	64.02993220390634	-257.5809072610162	696.8857688309297	1007.7278878582358	1702.9424407666922	2685.566205807234	2.841188568037272
?	-1	1339.245835486997	61.810593526200776	-41.497758105462005	675.0373458832955	-1140.9942401960163	1888.7636997196278	10977.052129575353	-1
?	212.67079407852506	3795.311003896831	61.95504429863321	145.72986356665828	639.8360568211281	-6561.622007944666	2251.7950472454677	3163.642291672318	-1
?	188.76555019484425	-529.2395214201104	69.0970867045338	228.39079016589795	346.9562454860576	-5007.316081109499	2046.945814303246	-7249.006289362944	11.905085822004018
?	186.20881800751917	-36.38400177351462	73.37458380692827	92.30409990206806	389.4702527656496	890.4148618442194	1889.3447327773154	672.76825657173	18.95582461462818
?	186.9463501061685	9.844565422056208	73.71229169963726	7.540759153153437	391.4769885782692	-77.05035307969642	2080.584227131833	5115.519731274549	18.155685937453917
?	186.701046278622	-84.14825333252901	73.75162176458595	2.7009868727810344	385.61773511166473	-382.65357575134226	2145.1207193410464	691.1269253265702	19.584612206462644
?	182.73893743954198	-1336.9741070341342	73.84734104327632	-212.33004096364394	372.3443097907018	-336.8642808428681	2115.140573398162	-1267.2321301936975	15.951066874946287
?	119.85234092691432	-1122.3995823073947	63.1351197164036	-208.30678832294626	368.7745210695211	-781.3797127123271	2081.7591128313607	-1142.5632350362887	-1
?	126.61895832417146	602.6591882150441	63.432001627128855	148.82426370093927	333.2753241550849	-763.9893097616249	2058.0124116463467	-77.76651976027895	-1
?	149.98530033766696	455.0768543281027	70.57633290145067	-6.208879554880636	330.5750555814393	398.01825502316206	2077.8707868433467	2192.623893405085	14.339912634089544
?	149.37280104057692	-3019.706006753296	63.12155764938482	-168.7682829883784	353.1762369062433	17347.425035539654	2167.6436063166025	10565.5479516707	11.268531723602408
?	-1	510.61695526380913	62.13791875203163	-48.389637569480776	1197.9463073584343	7175.741642046958	2606.148184426889	1265.7546843304956	-1
?	174.90364880376774	3312.4582780302285	60.702075770910746	27.379069816435226	711.9633190085963	-17561.605917784673	2230.931340533128	-8767.154294504075	-1
?	164.62291390151378	-289.68605981334053	63.50687224285341	87.90388956376151	319.86601146918815	-7445.990185775051	2167.7904697016793	-2974.8638664775385	-1
?	160.4193458131005	18.846270461366732	65.09727024909888	157.47988705413138	339.6638097198384	4446.843034987244	2082.188147209249	-10628.025600203026	6.747542987573857
?	165.56522742458213	-169.68356245699098	71.3808665955601	55.17595452397025	542.2081632185535	4149.772203170879	1636.3891896915204	-15974.327307860845	9.817914987578329
?	151.93516769025084	-587.2045208055024	67.85606797529744	-266.7851218079416	547.1524198783853	1099.7381446201873	1283.4717818161955	-1465.1183406339505	10.345039990556987
?	136.2050013843066	15.053712992172805	58.04161050516282	-20.647854663104102	597.1950704495637	545.8856896064449	1563.1332726598218	3175.932440292841	-1
?	152.6878533398595	13.233530486213379	66.82367524214222	287.52140745955404	574.446704358708	-165.7633603553949	1442.2684038308398	2519.4494677953303	3.3744688430949794
?	136.86667790861728	-3073.757066797146	72.41768087814073	-80.25815335144102	588.9069024317938	495.2982376442285	1689.1057460495902	4557.743629678288	3.6172781974544512
?	-1	-2757.3335581723063	62.81076757457011	-224.26197211554248	599.2116162409197	868.763016241095	1670.1555853147574	-184.970211511829	-1
?	-1	0	61.204582272363446	-102.16424496207634	632.3450532438492	384.8393276284687	1679.8572354739986	2704.3011004535106	-1
?	-1	2403.6150526604983	57.70255532646622	103.93753273210714	618.4535826223435	-5063.81132209319	1805.370640337435	4782.922313873341	-1
?	119.18075263302663	2187.862516836187	66.40145890896888	116.70438274576914	379.1544871391861	-4701.35318273529	1919.003351167669	2046.373136359046	8.721056596257197
?	108.39312584181089	-434.4632162770376	63.53777446375476	-166.64583956490324	383.38592348557563	24.376373174707958	1907.6892971553887	1041.4747116002025	8.008729038034254
?	97.45759181917444	-2187.862516836187	58.0691669307236	-270.84228257321143	380.3733057979215	338.095416944104	1971.07708674768	-626.9676732084965	-1
?	-1	-1969.1518363834607	49.995660335093994	-176.1773227825754	400.2906943327811	11002.686968498083	1876.3409134949634	3707.428276949542	-1
?	-1	0	49.2603007915947	-8.683223723424353	930.5076542228335	14701.109461242584	2156.4485005951597	4747.167383909569	-1
?	-1	0	49.56149914892277	-12.173785631711636	1135.3461673949207	1292.0175865355393	2113.699282690445	-1864.1080555526794	-1
?	-1	0	48.65161151000911	-90.71740837006514	995.1085335496114	-76.20025740573857	2063.2430978175244	-1611.7622029113907	-1
?	-1	19.999999999999716	45.02562873041945	-973.0322302001684	1131.5361545246337	-19902.170670991945	2033.1111725448745	-41264.8619563499	-1
