rowLabel	avP	dP	avI	dI	f1	dF1	f2	dF2	h
?	-1	-20	60.856876846944	1165.9282324240062	533.6728359430725	10744.550591444126	1943.3395316750666	39159.396909468334	-1
?	-1	0	58.29641162120031	-103.69094171709847	537.2275295722063	1683.138135966683	1957.9698454734169	3190.3107637177072	-1
?	-1	0	55.672329761089074	-104.77757444345582	617.8297427414067	2613.7081459242963	2102.855069860952	6811.57307374848	-1
?	-1	2833.087463850447	53.05753289902752	-71.86768787546826	667.9129368684212	2695.4661459094614	2298.548499160841	1039.6479606438882	-1
?	140.6543731925223	2815.712583862298	52.07894536731566	420.80655948535264	752.6030500368797	-7481.418465803024	2154.8374678931464	-3569.0702121657714	-1
?	139.78562919311486	-341.7755443872773	74.09786087329515	374.40569437635156	293.84201357827004	-5411.357975720826	2120.0949885525524	1830.1883326274042	16.739343970882892
?	123.56559597315845	-2815.712583862298	70.79923008613324	-243.46837754924329	482.03515125083845	16860.459165071465	2246.3468845245166	2708.571681945314	8.899205429987397
?	-1	276.55692666863564	61.924441995832986	-8.149480855220192	1136.8649718318431	1066.3665105572525	2255.523572649818	-15052.088589578087	-1
?	137.39344230659023	2453.2921992055826	70.39175604337223	254.0118800128581	535.3534767787011	-14547.7309983572	1493.7424550456124	-27881.26945785765	10.606847878742899
?	121.66460996027911	-348.4252524297333	74.62503599647589	-150.16606017425136	409.47842191398325	-7.548448044856288	861.4600997569359	1671.7967022977386	12.247194850875623
?	119.97217968510357	237.0109474590826	62.88345303465966	-256.373096004154	534.9760543764583	1199.7147852235275	1577.3322901604993	23694.749042088202	10.300315115176453
?	133.51515733323325	499.21115474403774	61.80638119626818	310.84763395831504	469.4641611751597	-638.8467529015742	2046.197551861347	4364.3896921383075	0.43981391401098013
?	144.93273742230548	152.99339667876652	78.42583473257542	66.92657529237346	503.0337167313795	2926.5176423814405	1795.5517747674148	-9670.191407594708	6.510540002245088
?	141.16482716717158	37.27206937631987	65.15270996088685	-112.65943355641544	615.7900432942319	-1965.0308168861686	1562.6879814816111	-10885.509961402895	0.8858204024705194
?	146.79634089112147	128.6800962910404	72.79286305475465	229.02540789988316	404.782175887071	-4953.3988676084755	1251.2762766972696	-2423.0767291654024	12.278617395116711
?	147.5988319817236	-176.40759379828052	76.60398035588102	46.52870323519603	368.12009991380785	974.7515194512553	1441.534145023341	10690.3554027664	14.322171745083576
?	137.97596120120744	-252.51475400681704	75.11929821651445	-264.08121619154434	453.5197518596338	1679.352586964039	1785.79404683559	6476.406818714489	13.291892760400064
?	134.97309428138274	7.8068205671411235	63.39991954630379	-346.7629358584111	452.0877292620099	4992.513947734009	1765.3544859590656	3805.3429637424792	4.385674906604494
?	138.3663022295645	-135.0723213276517	57.78115142359388	-1.0816212187206977	703.1454492463345	530.7022405082723	1976.0611950227142	624.1941515969887	-1
?	128.21947821500015	-357.03386236593207	63.34583848536776	319.2818472031014	478.6228412874235	-6252.378306304221	1796.564193538915	-19829.203553799736	8.569539354388992
?	120.51460911126792	-307.8321363424112	73.74524378374893	189.44457565681344	390.5265339311238	4816.231996897677	984.6010173327287	1717.215877488696	16.490600057494838
?	112.82787139787958	-2430.292182225356	72.81806726820844	-130.13054822623292	719.4344411323076	32171.651505568323	1882.42498741335	33468.445303077286	11.2066946723561
?	-1	432.4550812631013	67.23871637243728	-23.76148942130866	1999.1091092095414	14244.775892412858	2658.0232824865943	10099.97827400041	0.10990670872018592
?	134.45062546103466	2904.480955538871	71.629992797143	226.53796564692564	1431.673235752951	-31197.98684426425	2387.423901113371	-22000.596810507694	3.3597828576496034
?	144.22404777694368	273.00643255846614	78.56561465478357	132.4642530761027	439.2097669963276	-19962.057286691674	1557.9934419612086	-15634.68663983589	16.84695240171079
?	148.10094708895798	-38.16729048944122	78.25320545094814	-99.39664739129532	433.5703714183664	-2664.968742491736	1605.6895691215757	559.146428000367	15.54747485188236
?	142.31568325247162	-463.53985192711167	73.5957822852188	-243.8588404804063	305.96132987174065	-1715.559876079247	1585.950763361227	117.61782624697379	16.618861951384833
?	124.92395449260238	-2866.31366504943	66.06026342692782	-383.1630157513015	347.79237761440396	4888.750925187363	1611.5704604339244	685.6295788470283	9.951335550182566
?	-1	-2518.4790898520455	54.43763149765371	-240.44709308481578	550.398876131109	5050.332528941686	1620.2322423035785	4796.778603658186	-1
?	-1	0	54.03790877268702	-114.53930744014205	600.3090040614885	-4032.9842671251367	1851.409390616834	2795.0799457832795	-1
?	-1	2887.543578826548	48.710666125646604	-86.33679832311934	348.74966277485197	3713.6444370603353	1759.9862395927425	2816.597500210689	-1
?	143.37717894132754	2750.960494309612	49.72106885653105	437.62890134020387	785.9912259145054	245.20082756540182	1992.2392656273685	-11801.961045141696	-1
?	136.54802471548072	116.69007160464209	70.59211119265682	516.0263065802272	361.0097041531221	-6167.133488758976	1169.8881873356572	-9709.98517550112	12.87931607959618
?	149.21168252155965	161.94051134052458	75.52238418554244	17.372754659314452	477.6345514765564	14829.340877615286	1506.740006852312	26047.588141655375	12.12982778589797
?	144.64505028250696	112.1194337970967	71.46074892562254	-195.77429283769402	1102.4767480338871	17798.08295156586	2472.267594418427	22552.917330777032	4.547605819051772
?	154.8176542114145	150.58267352263428	65.73366954365773	-34.278218014206885	1367.5386990548502	-15915.467457083527	2634.3858733911648	-5214.448439950706	2.4406862927178747
?	152.17418395863868	-387.0115335153647	69.7468380249122	202.08259795376347	306.7033751797101	-20121.140348173118	2211.5451724208915	-19109.142728408504	17.93382463102895
?	135.46707753564624	-774.182691694083	75.83779944134591	-7.579713494770594	361.48168164619335	638.646318594611	1678.9287369707388	-11185.469455289367	13.14039088409577
?	113.46504937393449	-378.8183702854661	69.36785235017366	-142.8574050734237	338.6356911094407	-225.23270079004513	1652.2716996564227	-1035.7802461621977	10.349138151660902
?	116.52615902137292	-18.44106911881233	68.69492918767472	138.17143149686038	350.2200466066911	1623.0349369177304	1627.1397246626289	-6795.129256326638	11.326120212171869
?	112.54299591799388	-404.9903153458834	76.27642392501666	-93.1684367415247	419.78743795532694	1087.387214545477	1312.515236840092	-6333.311539725196	13.507633698110624
?	96.27664325407882	-2270.859918359886	64.0365073505985	-400.3099406768152	404.58940733396474	439.03252335771225	1310.4741476763702	3162.7846380838287	5.019413723557476
?	-1	1363.8061972771084	56.26092689117597	215.1519914734188	441.7390641232125	3208.0526469930114	1470.654468744283	-1675.7748172901634	17.888840373853796
?	164.466953117934	3822.9360520340474	74.7941069242694	352.5382232942904	564.9920396836147	3222.1495739631805	1226.6854068118623	-2879.0064141594903	6.552460282162096
?	190.1468026017017	755.5433543302546	73.88783805589043	-27.431048600864568	602.8465428213709	886.6169319529977	1326.7041480363089	4343.625489572725	10.914515331584095
?	202.2441208344466	50.51377480684	73.42255449422618	-45.09489915827134	609.3228862812645	-438.68347941674	1443.8666812904978	1207.9687965925903	15.44749454401161
?	192.67249134204368	-102.22822680536504	71.63309309797687	-228.4886567358117	580.912368850534	-443.07050455045487	1387.1025878659382	791.049027641323	12.569534093174799
?	197.13270949417836	150.22596172372343	61.99812165743563	-357.1896120317882	587.1693610537418	617.3259946680058	1483.4191326725638	3312.9287666399778	-1
?	200.18378942822983	-3962.6541898835812	53.77361249638752	-291.5727232340786	611.7786685839342	1686.0604398866021	1552.7490261979365	1593.5114706348133	-1
?	-1	-1560.354565404927	47.419485495731756	93.39239737971643	671.4723830480716	2443.249066488099	1563.0947062043042	2398.072093740297	-1
?	122.16606115798376	2428.9585684624244	58.443232365373326	496.8586885467246	733.9411219083387	-3089.9927422249443	1672.652630884951	-2087.2012582433335	10.140875855126946
?	120.4479284231208	-19.569662744310747	72.2624199230679	163.34518061227627	516.9727459368249	-6531.862982620511	1458.734643292138	-291.4508044012256	7.91174463847638
?	121.18757802076823	116.35487292720923	66.61049139598711	43.05636235592986	407.34797277731434	-2493.0010708549307	1658.0800906648897	11536.177520192869	10.199283070408011
?	126.26567206948124	-29.428956681200123	74.41523804086438	-84.54632268544602	392.32269239407884	-966.0376821147997	2035.5435193017793	8420.88524019675	13.793590372046324
?	119.71613018670823	-4.880036708646305	62.383175261714825	-305.21020835096704	359.0460886715745	11803.986621089527	2079.1243526747257	3013.8215319194496	4.851118825352035
?	126.02167023404893	-2414.3226037341733	59.154727623316084	95.88131020358253	982.5220234485531	29070.237301430116	2186.234595897751	17155.807031661723	-1
?	-1	354.89839565283756	67.17724077189394	127.19743312531509	1812.5579537430751	13267.691306820889	2936.914704257809	14492.094490884952	-1
?	143.76659001669074	2678.377370874863	65.51459927958182	122.41576517773483	1645.9065887895952	-28148.278549110473	2910.8393204419963	-23973.695850226402	-1
?	132.9188685437427	-499.49251378729946	73.29802903078065	212.98328760525314	405.1440262875565	-24164.032885253473	1738.229911746493	-25726.73305997848	10.408923963510784
?	118.79196432732586	-341.76475589147805	76.16376365984444	57.61146386802117	437.70494452692583	945.5692134941648	1624.502667443077	-3573.5771828803436	15.093741894588868
?	115.83063074916885	-86.93190900195194	76.1786022241817	-39.109516825790394	452.4224869622646	271.534721044661	1559.5510526024764	-2329.5320739580475	19.42509047206429
?	114.44536887722828	7652.54439944065	74.20828781855492	-231.70882499205956	451.28168057915883	870.0333655682638	1508.026063745175	-1008.6745003703518	14.968539696375155
?	498.4578507212	240.73050683381524	64.59316097457877	-103.89029568686405	495.92415524067763	2371.9968222567722	1509.117327583959	-367.8209852176555	5.8178644370847
?	126.481894218919	-7567.672853664842	69.01377303421174	37.39279967056304	569.881521691997	-1250.4276552756016	1489.6350144842922	-509.94645516243236	8.099527807828842
?	120.07420803795921	-149.5582859206544	66.46280095810691	75.87198833545698	433.4027724768978	-3033.2223309965348	1483.6200048258374	6741.645364795678	3.9266938196243393
?	119.0039799228863	-122.92283851546857	72.80737245098457	-43.28095703593151	418.2204051421708	-1760.5472807701467	1826.717282724075	9734.943559220099	13.150529762754388
?	113.9280661121858	745.2803912547678	64.29875310631034	-333.82135168788795	345.37540843839076	4327.873040649468	1970.3671827868407	1467.6513516935263	6.664540615035432
?	156.26799948562456	395.9140243253293	56.116304866590234	130.87055301953927	634.6140571746435	2385.1994617947885	1900.099850308751	-11704.008651161721	-1
?	133.7237673284522	-807.7107761477441	70.84228075728728	314.0832200111849	464.63538152812976	-3879.525819399528	1385.1667502287567	-10438.971523532015	8.711193049747102
?	115.88246067823749	-514.7346948512335	71.82046586714942	-87.42054248139286	440.63776620466774	4395.749325185689	1378.1512741321521	19156.525292101585	13.615313001161862
?	107.98703258589062	-2337.649213564758	66.47125363321766	-95.41995403147956	684.4228477874134	25242.465944573258	2342.9930148338326	28559.11810993268	4.717966974456395
?	-1	633.1832440877863	67.04946816557546	50.172361379482204	1702.7610634333262	-3506.5683293097004	2806.107179628781	-477.5397833668484	0.24427791544507635
?	139.64619479027982	2528.8865207366407	68.97987170219176	12.195145424314873	509.094431321929	-3531.7433972096787	2319.1160256654903	-1048.619323374318	12.69646678531231
?	125.44432603683158	-2812.923895805606	67.6592254367912	-149.99306765215078	1526.1738935728429	11995.950375260147	2753.6762134600654	3726.72187969219	7.4162792372200395
?	-1	-2528.8865207366407	61.480218319584246	-307.5071439857637	1108.8919500849343	-11440.321961815516	2505.452119650099	-6338.082866857526	0.3446180354088775
?	-1	2843.839818660233	52.28386823750307	249.4093339789403	954.1577954820691	-13746.185297755635	2436.77207011719	-14913.736761578106	-1
?	141.19199093301114	2597.808143347455	73.95068501853122	413.71329737677206	421.58268519715483	-10055.001770481233	1759.7652815711965	-15553.366579924555	8.217114648127833
?	128.89040716737227	-342.69802170044704	72.9695331063416	-41.72279196726536	451.40770695800927	-2472.1029713978883	1659.1037411209652	-5510.210040760714	11.775545073286532
?	124.05708984798885	-273.26509506150114	71.86454542016796	6.286008575718562	297.97753662726086	-3078.7748741425	1484.2547795331618	-4561.5782264195495	11.351895618844324
?	115.22715241429727	-509.6916476634986	73.28383353512753	-134.0240390932137	297.4689632508848	3103.7021431771377	1431.0248297999885	-555.0637310916837	13.909740259681291
?	98.57250746481401	-2324.543048285954	65.1633434655073	-395.88001342144736	453.1626437861172	3447.4571648427122	1456.5015929785777	889.4441818389837	7.315655741980663
?	-1	-1991.4501492962872	53.48983286405523	-229.21428998067395	469.84182149301984	4749.173765458244	1475.4970388919376	5089.671036202476	-1
?	-1	0	53.70262896647364	-32.76974942962664	690.6213320590285	4871.282276446953	1710.9851447887006	7034.631874491744	-1
?	-1	0	51.851345392573904	-38.753758552286676	713.4059353153666	1215.5485837216518	1827.2286326165236	793.5529025603847	-1
?	-1	0	51.76494103885931	-98.72861126005141	751.3987612451109	1206.9095494883957	1750.6627899167197	-2539.270114521105	-1
?	-1	0	46.91491482957135	-71.41155979685377	773.7514127897862	-3882.0303144784543	1700.2651268904688	-285.85912632294924	-1
?	-1	2372.3560698411475	48.19436304901664	486.0681351454055	557.2972455211889	-6493.275055362526	1736.3698336005723	-3150.546894943684	-1
?	117.61780349205695	2171.3177986485625	71.21832158684154	507.68471089130963	449.08766002166107	-2716.2140555543288	1542.7377821432851	-4762.1368430781095	8.211301764175087
?	107.56588993242774	-182.72591629385497	73.57859859358203	56.29829770436507	421.4865427434729	-498.1699039396853	1498.2629914466677	-1344.5080308413437	16.605193722906503
?	108.48150767736423	-41.24773891278878	74.03323647205978	-2.5705969029667224	424.1791648246769	225.73269656723448	1475.5123806012182	-686.7469756583092	20.266421611421585
?	105.5035029867883	-152.9533080027073	73.4500687484337	-74.1947435019324	432.7731775718346	116.30661674619815	1463.9256426637523	542.2969309422452	17.00852419885236
?	100.8338422772289	-78.30220012942107	70.32349929696318	-20.96527689071998	429.9944956619868	-295.04149129439145	1502.6272271483303	2209.1516305044056	16.295759430372406
?	101.58839298031727	74.7663857063955	72.4018049038977	39.38423170057533	418.0211030071151	-111.20679550837207	1574.3832241889722	690.8848699883881	18.474976094223603
?	104.57216156254866	49.68269984563694	72.29271088199194	-33.58475644187491	424.4341558865682	2.258017473249091	1537.1714706477496	-1478.7311031593124	13.65257457410544
?	104.0725279725991	32.84255875302716	70.72256708180396	-12.023714230325638	418.1340038807775	-446.4161991476594	1500.4466690310069	177.78340766435184	18.92625998258582
?	106.21428950020001	117.63681942747765	71.69152517047566	-208.90674746654784	402.1133459291853	-1207.3906476681348	1546.0606410309672	3840.7715518033046	16.406914657043977
?	109.95436894397297	-2144.285790004008	60.277229708476604	-476.1190893035076	357.764471497371	-196.83448790485457	1692.4852466211714	3261.655729119277	-1
?	-1	-2219.087378879467	47.88557070530036	-297.1148973985726	392.2716215339426	954.0592330281004	1709.1434274869305	735.6902619700694	-1
?	-1	0	45.421484838548025	139.33095288698004	405.46743314877585	12157.111569019953	1729.2697597196748	13738.75133381847	-1
?	-1	0	54.85211834964934	260.1480404293832	1000.1271999849381	20177.240938362847	2396.0809941778516	19055.76737488773	-1
?	-1	2818.3947380648833	58.42888686001714	95.46650631740127	1414.3294800669146	2426.783430660882	2682.058128464058	6021.67201279652	-1
?	139.91973690324366	2544.6571102896187	59.625443665519384	220.46235220069897	1121.4663715179818	-22843.133968950788	2697.1645948176765	-7473.698525905064	-1
?	126.23285551448048	-462.49861101783205	69.45200447005205	240.51601830118415	272.17278161937924	-16821.578594492752	2308.373202168806	-7480.968074953697	18.609252595511677
?	116.79480635235214	-274.7704457997518	71.65124458057855	44.55727218664792	280.3874417933471	101.45957829415728	2323.116191069993	585.862583512928	20.51745129751203
?	112.49433322449293	-116.61188478488909	71.67986807938443	-19.557310880989363	277.2457605340871	559.1466196760788	2337.6663313444524	-7.5625357197714305	22.191105234673852
?	110.9642121131077	-119.28299090950802	70.67337903652908	-294.6300355217365	308.3447727771509	1597.3292498612568	2322.7380642840044	-4363.757137825148	17.911408581211788
?	106.53018367901755	-2239.284242262162	56.94836630329766	-475.0312880640517	357.11222302714964	1215.2951555851312	2119.4784744531958	-7315.164686615912	6.7822609204695095
?	-1	-2150.6036735803586	46.92181463332658	-280.9153770318119	369.10953055640726	8489.463252540307	1956.9798299532101	-2411.8880438275933	-1
?	-1	0	42.902597451707116	-71.07863924579729	781.5853856541635	260.6454690692008	1998.8840722618165	-4732.905257344608	-1
?	-1	0	43.36788267103673	247.53355462562172	382.14180400986726	-6993.072805739162	1720.3345670859806	-6569.725189973302	-1
?	-1	8046.755966697498	55.27927518298816	300.49037638295493	431.93174536720664	551.6212296842203	1670.3978127631526	-2353.6875482300584	-1
?	401.33779833487347	8633.454412209052	58.392401490184426	168.79050474385042	409.7228654940782	-100.3833936607024	1602.650189674478	-2037.8174884507353	-1
?	430.6727206104511	1363.8718940942695	63.71880042018065	-62.58611348354372	426.91257568417154	1020.1175828423211	1568.5069383406162	4659.820930182544	-1
?	469.5313930395867	50.286744525985974	55.26309581600725	-292.0726034629847	460.72874463619405	343.21031350564573	1835.6412361836044	4954.2068406462195	-1
?	433.1870578367504	-853.0313657889129	49.115170247031465	72.80106936745182	444.07309135945377	-539.1164897470238	1816.2172803729263	-3969.9945857615244	-1
?	426.8798247501412	30.009819628937855	58.90314928437983	282.4117579874046	433.77292014884296	-192.70281770112047	1637.141506895529	-3990.952325486374	-1
?	434.6875488181973	1116.2164539109772	63.23575814640164	25.23551389860012	434.4379504743978	1046.3128325044206	1616.6696640986083	-4748.112518388006	-1
?	482.6906474456899	833.7865194198078	60.16492497930983	-80.1151554231555	486.0885617740638	741.8131380337676	1399.7358809761295	-6753.687111133605	-1
?	476.3768747891875	-9673.812948913832	59.23000037524388	-190.59905300820387	471.52860737608603	7003.722835117937	1278.9853085419293	2405.9571136461223	-1
?	-1	-9547.537495783785	50.63497232889967	-101.56741982779842	836.2747035299594	14649.29690809956	1520.0337366584351	30394.25320706096	-1
?	-1	2440.481746703174	54.15162938385398	261.87309958160233	1203.9934527810615	5562.060375519547	2798.697968894972	26549.819172320575	-1
?	121.02408733515826	2371.3345426629335	63.72862730797974	242.58565582300136	1114.3777223059358	-5151.256873589576	2847.524695274459	58.27995472367568	10.280277059170121
?	117.56672713314624	506.0316371374675	66.280912175004	180.38221106752667	946.4306091015836	-10737.742193846821	2801.6119666311556	-21828.19779394756	7.012518243668532
?	146.32566919203154	1007.4886104690272	72.74773786135604	241.96379630550354	577.4906126135966	-10996.59259285867	1756.1148055770852	-35553.49015895824	12.18513832224674
?	167.94115765659743	427.4671232554321	78.37910199027914	106.15365675108005	396.6009794586521	-3751.989404923749	1023.93745868325	-14133.224285705797	19.85049675054774
?	167.69902535480307	-330.93803771691915	78.05542069891003	-109.87353039429176	389.89114236740977	226.86204881333504	1049.453591291798	-1217.6675925845504	22.210903844471584
?	151.39425577075153	-557.7176111737472	72.88542547056457	-211.457398859467	407.9440818993188	1330.1130996974998	963.0540790540227	2670.2659678259947	13.465797177860859
?	139.8131447961158	-3047.8851154150416	67.48255075593671	-294.3503879966591	456.3967973522845	3550.113608813373	1182.9668896830972	9848.51468878485	7.780388328652393
?	-1	-91.29165060226715	58.16790607073167	84.56656671981564	585.4497623399868	-3001.212576902109	1455.4798134932635	10274.230488719728	-1
?	135.24856226600247	2721.7830487799256	71.71087909192748	362.5066931144184	306.3361685071796	-3874.1873298960127	1696.6784141190817	8352.26065390185	9.391417720443762
?	135.0891524389958	53.32212483683369	76.29324072645252	1.4560373830639202	391.74039584518687	1768.9032059741835	1873.0928461883545	5462.401604091602	12.190683775346125
?	137.91466850784414	53.8959942627317	71.78368096108068	-352.3733016115622	394.78132880588845	386.11911055034534	1969.7984943236609	1308.3374795055943	11.05839979739895
?	137.78395215213237	244.3441025314772	58.67457564587448	-188.7046062687288	411.04635137270407	1850.9493748019381	1938.509720163634	-8796.067572056745	-1
?	150.13187363441796	-49.44265546050435	62.34845064764427	352.02095558915573	487.328797545985	1952.2349703995737	1529.9951157208252	-13197.415254537847	3.279938383449708
?	135.31181937910716	-522.0065444378629	76.2756234253322	204.54998983526866	508.6580998926824	-1349.1131556674852	1278.638957436744	1178.0904666212787	12.654681256324011
?	124.0315464125249	-401.13734658304054	72.57595013940767	-122.25184868237749	419.873139762611	-3329.035220019777	1588.899639051889	7378.656508000603	7.38842320274407
?	115.25495204995521	-360.4570885741534	70.16303099121335	-182.2848616115072	342.20633889169414	-1184.638420205798	1647.5717828367729	-1675.897710054784	11.455998765674037
?	106.0086919838173	-2325.0990409991123	63.46170705883234	-367.7197428412255	360.6412187523213	1998.0009761132217	1505.10475354915	-2669.863576471262	6.9650906336524745
?	-1	421.26338992392255	51.777043849152136	-103.1144523771112	442.1063876973549	1725.8578255346758	1514.0786040132102	2445.1402731336107	-1
?	127.07186148001335	2289.3883637909207	58.3059844399768	400.0558624343171	446.9341100290548	-760.2090713693171	1627.3617672058301	1162.2486915841223	3.588565050153543
?	113.46941818954564	-287.77469853299596	71.77983697086792	-77.07253342796106	404.09593412888916	-198.64325354394126	1572.1910385924161	1088.0424404891157	9.888726319304439
?	112.6831265533636	-43.96855716612849	54.45235776857876	-46.664022149725376	437.0019473518578	172.96101984504793	1681.7638892302857	6745.974971557444	-1
?	111.27099033123922	-259.85612531435186	69.44663586338166	171.65495381654128	412.7439851211415	-1688.9713364807417	1909.4897871702872	4081.8469733322545	1.3347693112783638
?	99.69032028764606	-2245.4198066247923	63.03510545940579	-353.5566519094844	352.553380527821	-581.8378545059168	1885.8562378968977	-378.17937671194295	8.725681987132965
?	-1	1564.3837765731078	51.7688032679075	-11.812518266368855	383.6520923958458	11367.056688639346	1890.58081833469	4698.940397692739	-1
?	177.90950911630117	3394.579273363249	62.44447954608735	376.61153177318306	920.9062149597863	-1288.5135947056335	2120.803257781534	-6163.840683615266	5.785746384250865
?	168.72896366816184	-267.9338559892879	70.59937985656659	-182.7497749356099	319.22641266056434	-10640.826307201207	1582.3887841539279	-7967.944707248908	13.811491651810973
?	164.51281631683682	381.780151789691	53.30699079930689	-130.31846167694727	388.86489959972795	5651.720793630558	1722.4060224190898	-3688.0078790226794	-1
?	187.81797125764632	-127.83267504229389	64.08345677271925	410.53227727352214	601.8124523420912	1097.7447631954776	1397.9883902027946	-18267.858755347454	5.104855716801515
?	158.12118256472215	-1205.947727327626	73.83360466298292	111.68564032780534	443.75213775950164	-1569.5785065748817	809.0130846517203	-3960.8650602226685	11.279913809791315
?	127.52058489126524	-921.8557270422621	69.66773878910949	-195.13091288884038	523.3335270133474	-1553.238078084107	1199.9451371916618	5328.969496160783	9.664889745895678
?	112.02839621260921	-276.19990722532873	64.07705901854094	-25.14190876062438	366.09023385529656	-1525.8185834868525	1075.4615594597585	6522.609585739078	10.419043867641788
?	113.71058952999886	-81.08949791970673	68.41064335107828	102.30461977807474	447.04259783900505	248.9329086953896	1526.0756164786146	-2519.94554225231	9.618333985308379
?	107.97392131662389	-238.49906910984714	69.19229000744466	-29.414683803280855	378.536879290066	-44.97781168123781	949.4642823471435	-7440.103268852821	11.91445097129824
?	101.78563607450654	-253.37348653840968	66.93990916091424	-189.64419619579812	444.7937072549432	4950.284176838521	1154.0704530359749	24919.80353934369	13.351225900850096
?	95.30524698970345	-2055.712721490138	59.71008019765478	-315.0932845351926	626.0510881319912	4895.207825688176	2195.4544593143237	12288.990807080107	-1
?	-1	980.1442038082332	51.18524493415467	252.42225870657754	689.5540985393511	-2032.5726383491296	1768.519993389978	-17624.399131505274	-1
?	144.31245718011493	3519.502182528921	72.33119313298361	397.8498325843438	524.422456214535	-5505.525900855928	1314.2345027390631	-14847.289646099982	8.820830688327758
?	174.97510912644543	1031.5728002666206	71.07773656337179	-48.05024873169788	414.2778034965557	-2424.043571669925	1026.1555110849815	-5118.227978006566	10.644493925119312
?	195.89109719344577	98.62426597187984	69.92868069639873	-24.456220064510404	403.2202776310392	-743.4670982025003	1058.3231038387357	8602.159014541052	16.24903092617551
?	179.9063224250394	-694.9409097119273	69.85492556014627	-132.4126505650781	377.1044485864308	3327.3057838627115	1456.2634618120326	27620.66270790271	15.086889108839847
?	161.14405170784892	-1021.5252780347324	63.30804816814473	-140.02264080694943	569.5855668241771	118.5415098277821	2439.356239233891	15183.759255571274	4.300012786761887
?	128.83005852330206	-808.422281360826	62.8537935197987	187.2526472196282	383.03152407782	-5486.141249751002	2215.451424590607	-14207.64929259223	12.519806997885194
?	120.72293763980704	-266.6108269355023	72.67068052912627	199.6703628441955	295.27850433662314	-440.7660730891615	1728.9737746042692	-11612.465127439922	17.298664871067608
?	115.49951717652675	14.996500160961332	72.83731166200862	10.536635793701372	360.9932204233616	1499.2132942124513	1634.8281682186027	-372.88731067495445	16.897759347469123
?	121.47276264785512	8.028999878070692	73.19751231881135	-112.28959236805633	370.2391690472468	-68.40271766456243	1710.3294090705213	2322.282607111391	14.773545398110851
?	115.90096717043029	-2449.4552529570674	67.22283204360572	-173.01103202151646	357.57308454013344	20254.24608228776	1750.942298574174	14962.24751684698	10.188771252924994
?	-1	-2338.0193434085727	64.5469607177354	-86.69314302760616	1382.9514731616491	29879.82572640218	2458.441784912881	25253.121877837017	-1
?	-1	0	62.88817489222535	21.62724533639673	1851.5643708602638	-4576.7093974454865	3013.5983924660427	5601.539361745692	-1
?	-1	2736.04453575433	65.62832298455525	33.312680897688644	1154.1160032893715	-24739.276691964158	2738.5187530001695	-22034.76197765712	-1.0181959161054932
?	135.80222678771844	2466.463721167769	64.5538089371098	178.80842375163414	614.6005362620383	-14456.402750085535	1911.8602935831711	-32282.411001047207	12.069414612546886
?	122.3231860583902	-537.8375464853125	74.56874417213709	146.83509679934437	431.29586578508446	-3669.6725497462435	1124.398202947786	-4459.144131189605	11.503136547451016
?	108.91034946345243	-2466.463721167769	71.89556377707713	-366.30518964053954	431.1169087747235	747.760789927756	1688.9030870236877	11651.228221977006	7.361173794294603
?	-1	-2198.2069892690174	56.25348469010985	-332.2727156688284	468.6839052814728	1176.5456176919386	1706.9596140466447	1944.896965530033	-1
?	-1	0	55.28192799363547	-183.68865048668462	489.9441896593213	270.8421295827993	1786.1479353001907	28.168707317103834	-1
?	-1	2848.2973786201387	47.06905216577549	181.60157590981396	482.22601176061295	1312.6819947900772	1708.3680494124999	-9150.125619218627	-1
?	141.41486893100895	2978.006966157254	64.3620067891263	557.772211513703	555.5782893988261	2723.0861115269417	1328.641654339253	-10182.091632799053	5.615474710177264
?	147.90034830786482	919.8404853911927	74.95766274146104	107.275697166986	618.380317336962	73.80828451645934	1199.26346777254	-719.9271737701963	10.558771290328073
?	187.40689320056924	1449.818897877976	69.72579164747567	-162.33001388826975	559.2687036246491	-1565.6124061837845	1292.6452956507426	765.5300764302301	6.8721302795970995
?	220.39129320176465	735.829583344748	66.84116204704743	-276.27826349204145	540.0996970277716	334.9213273117218	1237.539971594052	1870.773027613969	9.618694531154068
?	224.19837236780717	-4427.825864035231	55.911878472873404	-252.13532086451548	576.0147699902354	3440.771825998812	1386.1839470314424	9338.253686242597	-1
?	-1	-4503.967447356079	54.23439600382148	-56.61064847609813	712.1382883277147	5483.221390602302	1704.4526559061885	11433.460197672708	-1
?	-1	0	53.08134604906846	-35.04637834272252	850.1758395203544	2760.3630546145105	1957.856956915086	4968.1627886609585	-1
?	-1	0	52.48207708668533	-81.44834110218737	850.1564410584422	90.92301960400262	1952.86079533924	5.072596870891103	-1
?	-1	0	49.00892899395903	-210.54352811061193	854.7219905005546	-1939.626836849836	1958.1105867586305	-524.1444896534874	-1
?	-1	0	41.954900681154584	-50.193589911877154	753.175099215949	-3050.2668989108292	1926.6535708565652	-3415.376316161725	-1
?	-1	0	46.49924949836514	442.5959338088625	702.208645555011	16111.606512741419	1787.3417709505418	16797.299742393323	-1
?	-1	0	64.08469737159803	435.4163942208279	1558.7554248530314	18117.402345074603	2766.5185579762433	22407.8749220329	-1
?	-1	0	68.27006920940684	22.591429763403674	1608.078762808754	-9343.369781776532	2907.735517052203	-11325.024176254086	-4.602912099916837
?	-1	2673.2759195502827	65.21426885976823	137.08027039259068	1091.5869357641982	-24479.5727403901	2200.267349163531	-19691.34848749722	-1
?	132.66379597751603	2313.844609321325	75.12408272903647	73.52325879027498	384.10012578923136	-15739.904917184344	1923.1680926773279	-7723.965613264953	7.473017877608892
?	114.6922304660679	-216.35965438991184	68.89043179928203	-52.32210792411035	304.5916899049698	-1771.6020595942584	1814.0690685002778	-8246.178033730568	8.165655368472818
?	121.84581325802029	815.7858276184659	72.50797733283092	160.43329447104156	295.5200228095172	2810.6714392075287	1510.8591909907936	-619.5325686535583	10.927617867282613
?	155.48152184699177	1024.6941159142298	76.91209652283422	20.557320481079834	445.12526186534825	1487.7464964492087	1783.0924400675995	4551.989761282288	10.040676567742208
?	173.0805190537325	86.48133614612439	73.53584335688493	-189.917864201514	369.90734763197867	-1894.3791524518808	1738.4586790549113	-3637.0150701310995	12.498646287566764
?	159.80558865429805	-786.7754578671494	67.41620331275838	-167.94653305480313	350.40630424275287	17388.98924772245	1601.241686561042	13874.024735710344	12.373943889311741
?	133.74174616037448	-326.28951430169354	65.13851670414465	-14.553128565168628	1239.3568100181135	33713.89845529553	2432.1599158404383	20222.39056871571	3.8735853177806874
?	143.49111293921314	261.9341664731897	66.68854688449994	189.94308289523318	2036.1012270075535	-15794.869666758408	2612.3612149968417	-11908.25445258585	2.4008300671054528
?	146.83845448403414	30.950830333001832	74.63567084890644	138.08813753838766	449.61332668018196	-31592.43431494521	1836.7471932111373	-21808.173260302414	11.96313587227137
?	145.03865445586325	-183.54844614131162	73.59295376141942	-50.31584773502984	456.4795112602706	-2714.926137086045	1521.9525519817055	-6901.774327816035	19.864176498320905
?	137.66103217696843	-359.38844885111024	72.11987846215492	-170.9234785934136	313.8670198258778	-2254.3667623948886	1491.6584768203306	6424.650128195249	14.432783015433198
?	127.06923201330748	-2773.220643539329	65.04677983174862	-156.41481455439026	343.7611731405246	10819.509606148631	1843.1850583914725	22256.65961233702	10.573838394241957
?	-1	67.32052688466628	64.29913773443529	21.58674896839384	854.8425001333171	5678.656046206038	2604.4914574371974	-8388.329086510219	-0.07143739602378503
?	130.43525835754085	2351.428432405902	66.12611728016833	132.8381087218305	627.6939754508305	-8381.44853315317	1423.7686040659555	-25153.519990407633	9.747907087929209
?	116.57142162029679	-294.7290503184437	70.94104317052691	4.5101451869887725	435.7700734756526	-6256.43960846207	1346.8154579167979	-975.7045230505444	9.551391572645576
?	115.69880584161845	-96.21953845661301	66.35162453951777	6.907423041261226	314.87199502772256	3923.107975316857	1374.9833779134276	-3830.0630168170255	4.322865085591308
?	111.76044469746607	-130.59367169799586	71.28641432258998	60.47254883753879	631.9254722414983	2557.555224935179	1155.3123070759439	-5691.167817584575	8.12601130059433
?	109.16912225671857	-50.05801924741618	69.37525198139475	-20.675942388810984	442.74975627448333	-3110.0287345819074	1090.4249870341948	1730.0887842407092	14.435751560566738
?	109.25754373509523	-253.98324124200977	70.25261720314941	-78.69812465395684	476.4240355124007	3607.560193368622	1241.8167462879805	3540.688193830096	8.436745517048266
?	96.4699601946179	-192.8727184051449	65.44034574869686	-232.46458602673198	623.127765942917	1308.6861593858061	1267.4593967257022	1093.6185640947615	7.162823547852374
?	99.61390781483785	245.35391051842842	58.62938790181265	92.98855905399999	541.8583434816919	-5164.448792183654	1296.4976744927194	7237.282170738028	-1
?	108.7376557205395	142.36845958781427	70.08977370139692	212.00432490043863	364.9053263337306	-4682.65277073432	1629.3235052626087	9012.314031396436	16.24972261097683
?	106.73233079422866	-319.4830524453178	69.22960414683473	-177.4215782780435	307.72570494497256	-572.7564226073989	1747.1133760625476	7720.425826179293	16.21709487024413
?	92.76350309827338	-2154.6466158845424	61.21869478749462	-139.15555617407733	336.26750520336026	15306.516736131129	2015.3447965715789	21491.641977742005	-1
?	-1	-1875.2700619654408	62.271826338130765	50.38443765473473	1073.0515417515398	18542.782291419528	2821.695474949663	18064.45454607284	-1
?	-1	2766.575674386446	63.73791667023139	93.73071962781305	1263.4066197743498	-9052.605610575245	2918.5675238752337	-25112.36968754906	-1
?	137.32878371932426	2911.8429746483193	66.95836231952148	199.9040899551288	620.4212612227711	-15485.949131635844	1566.0769905721922	-37332.794330059536	9.087243867700517
?	144.59214873241802	861.4221670472082	73.73312116798797	120.07220275776831	489.1091631925466	-1236.7006826462587	1051.9278073722303	-5700.853065440793	11.976653789582452
?	180.3998920716853	1349.1617053740358	72.96197245740999	-21.778804097814916	558.5862270904573	2081.0026626730564	1281.0343373001485	6515.135450269557	9.875626133474015
?	212.05023400112077	649.6627461014247	72.64418096309721	-62.56047116338632	593.1592963262009	-112.86431236758357	1377.6845798857128	-146.183000201079	12.72525801597449
?	212.88302937675698	-764.0651100946967	69.83394889924063	-126.93058304756268	552.9430114720781	-1193.958446289106	1273.7251872900945	-3867.0174342992545	12.907016486908024
?	173.8469784963854	-4277.660587535079	66.29765181071899	-289.37973591425293	533.4613740117447	1087.3178585822443	1184.3337081707473	643.1732330630484	6.279175145672994
?	-1	-3496.939569927658	55.36496210352777	-264.23251272552056	607.3089044011911	6087.8332071789255	1305.8838489432474	11748.631399209922	-1
?	-1	0	53.08602617444277	-35.37627265439546	837.8530343706954	2367.885084335681	1771.7652781312518	10211.852031454091	-1
?	-1	0	53.596148470807975	5.890891396519949	725.7031586179768	-2442.8709088170417	1816.4764505159592	1791.8670602087668	-1
?	-1	0	53.38057074426877	-83.78279017884006	715.7094889298415	1760.1332899493855	1861.3586311416914	-676.2131240538605	-1
?	-1	0	49.40700896186591	-163.62764929670712	813.7098231154473	-876.0536228229069	1782.6657943132657	-1243.491985733181	-1
?	-1	2772.290187951562	45.1991882794333	371.99314611008543	671.9068077886956	-8239.939696882337	1799.1840318550314	-10239.556559422126	-1
?	137.61450939758006	2613.797532641843	68.00666626737045	484.25628204733806	401.7128382713246	-6622.913821998665	1270.687966342152	-16330.546374988575	8.597940611576666
?	129.689876632094	-381.9259916550803	69.41200238180055	-178.38295205169703	340.7611166887576	9475.18756537472	982.656713105591	25136.31112203428	11.33144152457959
?	118.51820981482578	450.1598438971426	59.08751866478547	-16.212131784134325	875.4722165400673	2784.697109936443	2527.503522443884	27939.081043837286	0.7987139430590264
?	152.19786882695146	338.31314052723684	68.60139579259382	329.94550807203836	479.99597218558176	-11329.46822832385	2379.610765297475	-7931.177602672848	7.840505193031446
?	135.43386684118786	-437.7884513372056	75.58479406838762	-83.5770009033663	308.99880512386665	5797.442538338966	2130.944642310236	-697.1214538844007	14.708712895463606
?	130.30844626009088	-2728.6773368237186	64.42254574742545	-314.25006286877925	769.8680991025342	6939.358775030402	2344.7546926032546	3154.5954967340645	-1
?	-1	1138.242085112091	59.87229092494844	-32.31694119572719	655.9667438753917	-940.5612914940868	2288.6744171469413	-7564.313021920513	-1
?	187.22055051569623	3708.9525870107395	62.80669868763906	260.3097282308478	722.8400345278292	-5002.183472011435	1966.5390415072236	-29490.815633745195	5.744818778158902
?	184.44762935053961	-122.22425312544144	72.88777733649101	-40.228429928114764	405.8575702748164	-6280.416019409602	814.1336354596605	-3018.350579816659	19.355501686616872
?	181.10933785942407	-3708.9525870107395	60.795277191233296	-306.03935168162326	408.8192335573446	10063.115639226431	1815.6215125163885	30403.32080160371	12.380876003511926
?	-1	-99.22094424204347	57.58580975240963	80.81854642964088	909.0133522361451	9208.643164738616	2334.2996755398676	13675.146162485522	-1
?	176.14829064732183	3077.9055797706196	64.8362045127154	235.4301293229239	869.251391794282	-12216.828475910512	2499.3788206406743	-1199.5165311408266	11.038131479176737
?	152.89527898853316	-776.638530338295	69.357316218556	17.655358347264812	298.1719284406108	-2749.339996429664	2274.3238489828254	-1507.5532029976935	15.350397574249525
?	137.31636413040653	-318.53885801013917	65.71897243007865	-36.319273265886004	731.7843919727968	3804.1271677795767	2424.0011604907886	651.3000402005672	5.83940436077611
?	136.96833608802598	278.1604295897341	67.54135255526167	177.65296827213976	488.37828682959235	-7795.519283120074	2306.8888509928543	-9224.827949735627	5.787592673852478
?	151.22438560989343	463.097018764906	74.60162084368577	156.44780909305842	342.00842781678756	-2945.2823068381363	1962.7597630040007	-3736.8572159949886	14.854488793898891
?	160.1231870262716	270.51231459317546	75.3637430099147	-16.00334643316762	341.11417148768345	-267.1375162420414	2120.045990193102	6227.380177796993	20.14681111947993
?	164.7500013395524	-297.73132532376997	73.80145352202737	-143.22660945564218	328.6515520046853	-767.4946817242135	2274.1287718938547	3075.1428396338015	20.74241085841758
?	145.2366207600829	-373.06794650208343	68.20241253713249	-430.38139044705855	302.73943740147223	270.9811135079151	2273.8031321747944	75.28730714409797	11.167597066653046
?	146.09660401444796	-242.11064355021787	52.28238399967414	-94.18511552762675	342.20060768008125	-1.1597233712916313	2277.8931372510597	-5806.732166096184	-1
?	133.13108858257183	-138.54341871556275	63.493156760751084	402.18020169559503	302.68145123290765	2265.1486071777113	1983.466523869981	-14673.001902198866	12.233574630614452
?	139.16943307866973	267.89700733471835	72.39139408445418	154.78705520137618	455.4580380389684	3873.5441967939	1544.243042141106	-16143.890526764433	9.733049040109517
?	146.52593894930794	72.61504889876402	71.23250952082	-165.76386502171906	496.3586610726054	-1840.0278175534072	1176.271997531748	-7768.306651316078	12.778773405439535
?	142.80018552360798	94.02759956455023	64.1032008333681	-147.20263065197062	363.45664716129676	1886.7485203316965	1155.8277095752965	15022.428334453289	15.15432218631783
?	151.22731892753552	-84.97326391678705	63.872377988221366	163.7450343388752	590.6960870891916	4458.836184620811	1927.393414254423	6734.523263437995	0.7518332480588104
?	138.55152232776857	-653.5463017585614	72.29045255031198	4.1348432651109	586.3984563923405	-826.2693362543197	1492.553872747201	-6873.60649030323	9.575259676424649
?	118.55000383960699	-749.5323349593524	64.07912015147691	-166.11573135677182	549.382620276475	472.008762244766	1583.7130897392567	-2871.936082627144	-1
?	101.07490557980042	-119.47341078262498	63.984665982473274	91.61092646989641	609.9988945045791	-2126.352765977708	1348.9570686158418	-15995.510279293283	7.664208700413415
?	112.57633330047565	277.5028356324473	68.6596664749718	147.6750790288911	443.0649819775881	-7127.908215800414	783.9375757745812	-5680.017975984875	8.452817579792326
?	114.95004736142297	110.82885474844046	71.36841993391793	52.18681763045322	253.6034837145533	-234.90159184566446	1064.956169816594	3010.0626960655113	20.354380965223594
?	118.11777603789776	299.45926485435194	71.2690073564945	-23.33370463041855	431.3199023853047	4785.297451898819	934.4407105778589	-2866.299272605927	13.556444289528837
?	129.92301060414079	641.9398299951757	70.20173470239699	-118.80197989145616	492.8683563094977	1442.7695366254693	921.6412061862956	10383.570259446607	10.026204947950738
?	150.214767537657	-2618.4602120827785	65.3289083619216	-310.6298639300932	503.4583792165792	1294.4959051106068	1453.6192235501967	5412.056858667723	10.231061259735663
?	-1	-3024.295350753097	54.67024150589211	-240.42580599672903	557.593151565029	2635.3412135556277	1192.2440491196855	4322.943484897084	-1
?	-1	0	53.307618062084984	-116.83122898942405	635.2254398943625	3178.5749619760604	1669.766397795054	14464.1686168574	-1
?	-1	0	48.82868005642082	-183.383495958934	716.5218996638342	2308.940174993492	1915.4524799625658	5002.376637860218	-1
?	-1	0	44.138443264138154	-81.45450690548087	750.6724486440387	8866.745574936425	1919.8852296880684	7333.407478289728	-1
?	-1	2309.1335867774924	44.75595471114672	401.3254354153814	1159.8591784106618	-6982.970128677202	2282.1228538770574	2910.036590214176	-1
?	114.45667933887626	2147.4044327504153	64.20471503490751	386.92587893176955	401.52394221017363	-4056.120272223599	2065.3870591987793	-605.7071384144824	7.775734058151733
?	106.37022163752228	-2309.1335867774924	64.10224865773547	56.384884784497494	957.053164799479	13547.530206204563	2251.837496956333	6964.93931082986	-1.7608740327171906
?	-1	958.7238575233264	67.02395927413242	119.63920838338197	1078.9004525204114	-5985.33996396894	2413.6340247402773	-11543.198748320277	1.399903374967412
?	154.30641451368928	3172.7138622625102	70.08420907690466	119.31830362311617	657.7861666010277	-11532.028396334708	1674.6775595403108	-17932.51078341289	5.861536750707637
?	157.63569311312776	47.91213769989997	72.98987445528832	-64.25669159092615	502.2990327036678	-134.30449881369023	1517.00848556962	8132.96502739632	13.33402245024653
?	156.7020213986843	-3172.7138622625102	66.8713744973583	-131.71256108754176	651.0709416603431	1987.2233799084145	2081.3258109101325	12810.159432564787	4.909806246120381
?	-1	-3154.0404279736413	66.40424640091113	-2.027850687745427	601.66020169909	12582.983448974204	2157.5164571978685	7277.693269777652	0.06033262161434466
?	-1	2633.0935882611852	66.76998196297103	225.99505664291732	1280.2201141090623	-4211.19649895837	2445.2104743990203	-4722.933469002738	3.2425852379033664
?	130.65467941306113	2397.7000711781416	77.70399923305716	118.02760791508209	391.1003767511684	-17710.952550472404	1921.3697837477282	-9562.808641611187	9.660059188003991
?	118.88500355890878	-302.82775678880705	72.67136235872522	-358.83780354083984	394.6724865854294	194.23177601072618	1967.0700423184542	462.3487856491854	14.605914339348866
?	115.51329157362056	-2397.7000711781416	59.762109056014914	-340.68248365469725	400.8119655517049	2614.5510328049013	1944.4872230301878	1465.0213751245265	-1
?	-1	-2330.265831472378	55.63723817599011	-82.35293191893601	525.4000382256763	2399.156752494986	2040.3211110746815	2168.994884494824	-1
?	-1	0	55.644462460068056	47.15880941817706	520.7698031764559	-217.23279065984715	2052.9369672549306	-5965.134166824548	-1
?	-1	0	57.995178646899	-19.703369720284062	514.5383986926838	-1719.091389388214	1742.06440273345	-2060.6386456135697	-1
?	-1	2493.450774216974	54.65929397405384	235.63569039555026	434.81523370704394	-4352.638270826008	1949.9050349742506	-1173.0442758455335	-1
?	123.67253871085047	2625.005669675702	69.77696316667668	427.96631553703196	296.9064851513803	-274.4046446237889	1683.4121889411724	-5208.039931063426	19.540327745960447
?	130.25028348378697	4927.279666428528	76.05760975090574	121.86482039165665	421.0950014758543	4638.205305307664	1689.5030384210756	-539.5217025215076	8.976293497740095
?	370.03652203228035	7317.815622736885	75.8702041862596	-275.00868651684834	528.8167504167668	1602.6682384034586	1656.4361038150967	194.41652522036017	6.554222847806287
?	496.1410646206364	-4278.982330334128	62.30717542506313	-129.51869061957936	501.2284133960284	-3616.3353259071023	1699.2238646820938	3205.1243253280154	7.6961844024633175
?	156.0874055155709	-7271.70203559771	69.39426965528054	253.58319593521907	347.9999841214091	-1681.7985031603087	1816.6923200814997	899.7350070405819	8.014464041968882
?	132.55596284074574	-656.0098739827786	74.98633522182426	131.49320701927633	417.13848823801175	3629.923905286764	1744.2106150341235	-8971.772727881284	9.469285305309803
?	123.28691181643151	-397.74317712742436	75.96893000624445	-104.01246866575968	529.4961793857499	2277.9246543878157	1368.103683687429	-7516.248551189863	8.766814932366652
?	112.66880398437424	5.426588774344546	69.7857117885362	-185.39838578916138	531.0347209574042	936.0270139594835	1368.398187474625	11903.403314054767	2.0657613621585136
?	123.55824125514874	1129.1245829996815	66.69901071678625	80.88346853168814	576.2975300837247	769.7113948202109	1963.2738493901759	11575.10983062949	-0.3152190171096548
?	169.12503313435911	1418.1732815904602	73.82988521512067	293.4322207431263	569.5202906984152	6.230143786697138	1947.1536790061077	-11917.632690983186	7.408709108993524
?	194.46690533467276	796.9995064338411	81.37062175394277	158.97850691683917	576.6090372730596	-424.0195228457386	1367.3922148410081	-12561.14945912454	8.009485158266497
?	208.97500845605174	496.58586066035673	81.77881056096274	-22.1150789172074	548.319314556128	-873.3109026816022	1319.0962060498719	3524.383868162131	9.59525737395364
?	219.29619836769095	-1548.4442955452496	80.26486780808239	-165.76261149640962	532.9434921389789	-1950.1694727140155	1543.6114082491172	7568.633936374619	4.514169113872321
?	131.55279367878816	2184.3120578573157	73.49067998614214	-5.582735626344038	450.81084092042585	-1675.3886235953973	1697.5279028686082	559.2227613075522	3.2720001676908135
?	328.5118012605583	8097.010216626178	79.98573102676518	3.0570901649215463	449.1740609592078	2268.4120635055533	1571.5725463144952	-6223.834099408066	4.6886836437660495
?	536.4033045101028	-3932.940984402195	73.64353449438822	-258.5455543664915	564.2314440957051	1568.2835794189525	1386.3361978982005	-2217.795786411021	3.643865288987931
?	131.86475204044572	-7537.895335090084	67.05845330844042	-87.47483088945349	527.5882399301565	-927.7886147551708	1460.6827569939426	9008.342771809312	4.50259818929557
?	159.50853775559327	961.8036008645913	69.26979294991548	-102.04538345083404	517.8420133579459	609.0710550683575	1836.7533364886724	9149.282983893192	6.075258987375099
?	179.95493208367597	-3210.1707551118197	61.956184135898646	-229.14857443768724	558.0417926835748	1424.0541933148054	1918.1469061886087	3653.384220568203	-1
?	-1	579.2197043811976	57.81236422803096	45.63632540210313	589.0447230236872	1400.736446549568	2019.4225475170851	170.5831737437687	-1
?	208.91591730273626	3527.1714953597666	64.23800040600384	396.05249503682904	628.0786150110542	143.48631226385373	1926.6760648757972	-6856.707866081654	3.442644010279038
?	175.35857476799083	-507.51213152309293	77.61498897987269	280.4423069870603	596.21903863688	1075.0052703306603	1676.5871542129976	-7843.675692682393	4.466563412800864
?	183.54031072658125	346.30530799816444	78.26011575535705	-30.174857526080384	681.828878527588	1765.2173509056843	1534.492280241672	-2826.1621608270625	8.475369491600867
?	192.6738401678993	176.4159163861442	76.10624610356865	-38.26246627631465	684.4799061821655	-1814.7099581211608	1535.2790461716424	5874.566674997216	6.870195930096992
?	192.3611065458886	41.23565576041925	76.34699244154129	-54.313617567387745	591.0933806215287	-54.9528770270846	1828.220613991537	4104.4816125786665	7.7929047065017345
?	194.7356229559203	1755.1617828582102	73.39056522519923	-48.88812753698532	681.7322623308112	-314.23533943721174	1740.5031268005787	4393.625430733856	1.8878974466313156
?	280.11919568880035	924.661544730265	73.90258606469199	135.48343609469617	575.3816136496679	-3268.787233327743	2047.901885528233	4905.509088057204	2.0631469979737376
?	240.9687001924342	-1933.2594015030586	80.16473702993413	156.70311274782028	518.2929006644217	-739.2617721594124	1985.7785812034424	-8937.219223801463	5.649717819793624
?	183.45622561364604	-706.158040589124	81.73774170208311	-114.36621333657777	538.4185250416967	1468.5223722525002	1601.0409243381534	-10255.993401113255	4.989754191182647
?	205.6607981629775	-982.3503516679082	74.44642636310516	-157.02206485488094	591.7190192770478	1220.5131162185953	1472.9789111477724	1618.0257078425436	3.2709684480177765
?	134.33870803024993	-64.42698828641107	73.88663845933895	46.00334314152141	599.4441808526274	-845.8662152811592	1681.9422097302818	-2889.1118905511394	2.941806816361066
?	202.4394487486569	1146.279614941798	76.74659352018126	68.41688802463199	549.4257085129892	394.1644857174868	1328.5233166202133	-1816.560777821834	5.0937155709449105
?	191.65268877734064	-502.76212969414667	77.3074828605706	-91.51106909300904	619.152405138502	1954.5515275698035	1591.1141708391888	12939.300318549147	8.474914654561559
?	177.3013422639492	-3853.053775546758	72.17104006553075	-195.78846102307187	647.1532848914808	813.7936350290008	1975.4883325476799	7072.651540719161	6.62866844168298
?	-1	2721.162101113771	67.51805980941687	-33.585400007719194	659.8420868899526	-2212.98778835288	1944.7467478751519	999.2932686730222	4.563675982165632
?	313.3594473196397	3662.575453760127	70.49177006514476	140.8543026391635	536.5038954738352	-2133.8904946401353	2025.4529959813317	-15.481698596731583	2.287068070806666
?	182.12877268800895	-2890.3418458914857	74.56077494137514	211.73103138611293	553.1475621579443	825.3401672953052	1943.9726629453153	-6852.422429930428	2.9992361935595446
?	168.84235502506334	-227.7165456291404	81.07832163445056	121.10845108516001	577.770903838601	35.35858632159211	1682.8318744848054	-10734.454875465637	14.046330556476383
?	170.74294540655177	206.17973919144774	80.61619749563323	-105.4380895962984	554.915491474024	1599.303089139894	1407.2499191720258	13699.2148993187	7.5527342961604775
?	179.1513419846355	518.2150121495363	75.80641715463575	-95.51886085945347	657.736058295594	-901.0608636680373	2367.792619450726	4054.280122090328	6.997055333441878
?	196.65369601402895	407.0490979684438	75.84025445266049	-16.61458904170052	509.86244829062144	-4216.331466351412	1609.963925276545	-14162.472774963657	7.595601466678838
?	199.503796883058	-160.22714314062398	74.97568770255072	-60.774506870259856	446.9194849780204	-944.1691635598036	1659.668980702533	2827.1710091008354	6.607652333755951
?	188.64233885699764	436.3891869206538	72.80152910914745	78.44776484927652	462.6539901126306	2648.552068804595	1751.3224757315888	2582.221719272056	5.310806980759493
?	221.323256229091	-341.91378494131726	78.8980759450146	17.0332330110637	579.347088418252	3407.8118568773307	1788.7800666661376	-199.08186575977822	6.974420584981461
?	171.54664960993153	-1787.7851531112055	73.65319075970065	-88.40341580415344	633.0445829564995	-433.7406574868039	1741.3683824435998	-620.095742207682	2.5795718005589228
?	131.93399857352944	1261.5233392659886	74.47790515480686	43.662691477242625	557.6600555439115	519.3115147890347	1757.775279555753	2410.6374965185228	1.1815422728346854
?	234.62281657323186	-317.9620683350533	75.83632533356281	-34.23644715731777	659.0101586959517	1457.5454243289662	1861.9002572695276	-1400.878169378464	3.2301316233950907
?	116.03589515677655	-1652.7063200836726	72.76608279694095	28.841425032261885	630.5373267603609	1135.0701089874744	1687.7313710868289	-6411.02550087428	3.6123978196943227
?	151.98750056904706	593.0194576542557	77.27839658517593	151.76969729640757	715.7636641453262	511.9296079686201	1541.348982225809	-3085.866643925612	1.7000986489982004
?	145.68686803948975	-164.88703325876708	80.35456766176144	-85.97683468333193	656.1338071587923	1727.841518042831	1533.438038890546	8069.044046940102	4.955165457698344
?	143.7431489061086	-2933.7373607897534	72.97955485100927	-194.60894227491943	802.155740047469	-256.49817706410977	1944.80118457282	3914.521319750692	1.1453147560252512
?	-1	553.6519184800433	70.62412054801533	134.0070274586311	643.3088983055866	-6624.952681299746	1729.1641048780834	-1115.0886142324475	3.2290284783312844
?	171.42574483011114	6367.009760372841	79.67990622394092	188.83198635917682	470.90810598247697	-220.90583124923256	1889.0467538611967	5446.279737515679	2.994105434079249
?	317.35048801864656	4863.361451360997	80.0657198659743	-89.53359892055929	632.2636067431248	6821.994820655366	2001.4780917538712	5572.268238999775	3.6123092229024527
?	414.59381739816445	1903.6011386230282	75.20322627791289	-170.74032030854383	812.0078470152502	3258.0905206046546	2167.6601658111895	6291.631318194483	7.264645207223964
?	412.5305449497993	-1172.9519807977583	71.52870385054699	-65.59811281306358	795.1681327733598	-4511.7178282067125	2316.0596576636	-1340.5038514459275	10.59627081813807
?	355.9462183582757	-5222.300361019636	71.92332063725966	65.95887467586002	586.4219556049113	-6509.447461374501	2100.634973238892	-13770.234546005016	2.959472161015916
?	151.41552689881382	-4217.40874638649	74.82664758434004	112.83902280385301	469.6957597046302	1401.408252594263	1627.5479303633392	-9388.206888407098	2.504139597705138
?	145.0757810389482	-354.4343828758145	77.5652717774524	-8.029335336155043	656.4923682346255	3949.4257558495415	1631.2246288185306	1333.9131348916037	3.315279256223738
?	133.69380775502285	-559.2862429421238	74.42518081753228	-226.05212902609443	667.16704749711	-1484.1250510321918	1694.2435871079203	2100.4944987000517	4.276866169984482
?	117.11146889184162	642.6322938807959	66.26266532614751	-65.32254239678814	582.2861156830148	-3193.6020036381774	1736.2493537535347	-3271.8206369326563	7.6877872075181735
?	165.8254224490631	548.2076334789336	71.15905369769283	248.53313691953093	507.4869473151989	-2458.421015007756	1530.6525552612852	-5796.287470928836	4.060147035075517
?	144.5218505657887	-703.0941504351372	78.68932217212424	35.18967570743605	459.3650649326253	-2781.070317354244	1446.4349802070888	-329.4031858923016	6.65444320249707
?	130.67071492730574	-416.9390043813926	72.91853748306465	-60.39748169281096	368.43343144748474	-581.6918671542859	1514.18239596667	9631.762665637638	8.815086850807944
?	123.67490034671877	-265.4833484901362	75.66944808748364	24.160308573466917	430.28047157491056	109.78358395052467	1928.0231134889775	9575.46473479153	2.304109611665143
?	117.39654750279874	-248.04196807532765	74.12655291173802	-29.123099139897178	373.92261064501105	-1917.8569007032218	1992.9556327062533	80.94628681053449	7.824389833987223
?	111.27280194295221	-93.7636778597716	74.21329313048877	55.150680001564254	334.3876265397481	-441.7951503481987	1932.0704278295043	-5310.750557958838	9.401517255052973
?	112.70836360981009	-157.12475664569413	76.88408691181627	-72.10310817630682	351.8328531276008	949.5699024313332	1727.4181048083076	-1100.285968291021	12.149641662792733
?	103.4165641106674	5333.602242900256	70.60813772167337	-21.785681065459503	381.86612166131545	1306.0039946615968	1877.0561294149525	-3023.043143252269	6.5012237442194944
?	379.3884757548267	5659.424969107676	75.79480285854328	28.929563033991187	417.1330528606816	1536.229163765207	1576.265947645692	-12993.910787817209	9.110698922202067
?	386.38781256605523	-205.2144946983599	72.05461587337295	-140.73505903482925	458.6775798495769	3565.063015497555	1227.3605900240827	1343.7551724016466	11.008026844950194
?	369.12775101990854	-1190.6809510077621	68.75804990680172	41.15605000996736	595.3862036355619	1486.2970501023203	1643.4537062657753	9369.157167512338	12.831108316017609
?	326.8537650156663	-1706.9283126315174	74.11241837387135	45.572226151071426	532.992432354694	-3280.7075934834575	1695.8184483997063	-358.19832179877665	10.609951260948671
?	283.78133538833146	-809.6382523831891	71.03666121435532	-35.476470369538966	431.35082396138665	-637.1933227552995	1625.5437901758362	-1012.2716154282936	10.85139399309017
?	286.37185239650626	-1292.5103031418614	72.33859485539438	34.900258151220456	501.13276621692853	1978.0667464207434	1645.204867628291	1977.0046154770525	11.0336577290721
?	219.15582023123747	-1875.4011205536626	72.78167412191637	6.35015033565727	530.2541612824252	-1077.2684588955515	1724.3940209496902	3133.946549868552	12.287613726493126
?	192.6017963688218	-165.13329064111295	72.65610237217724	-51.91759805656159	447.2693432721502	-1009.3489159026608	1801.9021951217208	-1581.1257317046104	6.333769575583443
?	210.8991556991817	554.1425722914717	70.18579421908825	31.08681336066452	479.7867154872915	2313.318221418812	1645.3377343644586	-2462.3092234625587	5.125215195042523
?	220.30892498339577	-9.503819596893528	74.21044304021049	78.01540887472757	562.9352543430924	1756.9182437876236	1678.786733948591	9338.623842321213	4.793999724104256
?	210.42396471933702	-4426.1784996678525	74.08656466282469	-44.47126886918192	567.6326276766739	-4036.9666651622792	2112.268926480526	12856.714015693206	5.053136028575819
?	-1	2339.4116075247944	71.98687959675137	69.4706846536461	361.0869210849756	-295.77379821350894	2321.6224347332604	-1834.1856916352538	2.2928615440028244
?	327.3945450955784	6703.838868320193	77.56009889550704	127.54842542477508	552.8439377659983	5868.338844399859	2020.5596418987618	-6526.911538582734	4.3582142617334885
?	334.1919434160144	212.20598581407484	78.36430086799021	-59.784721526653755	654.5038633049727	416.9650528930797	1995.2768578041191	-420.17759225463436	8.479414652829897
?	338.0048443862823	-718.5482604435799	74.57086281917431	-119.76000526027406	573.6921904106525	-5682.277130143415	1999.5507622860298	1196.696434873894	5.866362735124383
?	298.2645303938349	-1400.3168098743713	72.37630060497642	-133.22476474113196	370.3900067977979	-739.712379704923	2055.1116795478147	647.2674102750078	7.167865237008259
?	267.9890038925627	-5985.290607876613	67.90962458211762	-55.81850731177502	536.7065714254059	2487.129472118778	2031.9141327997806	-1101.45627409456	2.7182090487665107
?	-1	672.273219069594	69.58537523938763	28.667993468040027	494.7464804037386	499.9296491304901	2000.038865843086	-1353.0284027160349	-1.0876346149364786
?	301.6026648460429	5468.309152484358	69.34302425551964	26.090391409870136	561.7030538819307	777.5200915948657	1964.262712663978	5632.822962865727	3.1653441432786233
?	272.41545762422174	-6052.053296920772	70.88989480988116	-167.62208617914257	533.6224849834824	-756.0871225883449	2281.6800139863763	4123.103890952908	7.96653715110137
?	-1	577.3066973158345	60.96191994656239	-151.30804296666537	523.8986977525129	-117.7398101696514	2170.4179072116262	-6335.151361633758	-1
?	301.2807924900139	4625.2593283159995	63.32449266154778	365.55737069280775	527.7354944749998	-1106.1062021209423	1964.9224459046839	-9881.813059156057	2.4263134897239387
?	230.26296641580328	-2408.8181561811325	79.23978848120304	277.65994870171147	468.59338764646503	-239.8201854116644	1676.3272542538164	-4216.805991007931	8.141746068819414
?	180.83988468095555	816.7333745506963	77.20749009663355	-29.659526909660915	515.7444852044164	1373.7182653346006	1754.0821463542843	-620.4425039403943	4.777720742345307
?	271.0996351433387	5927.744121993072	77.75681213571997	2.0562269299543052	537.279300913196	970.7744225018881	1645.3051290567962	-3338.056541860881	8.284053047545056
?	477.22709078061337	5962.01332307788	77.31030144313127	-253.9821018458904	564.2832063295115	1383.79443471783	1587.1793192612379	-2600.50466448461	11.396742957692359
?	569.2003012972369	-7266.009208865472	65.05770704342527	-43.46292041746944	606.4690226490885	1577.9382757743795	1515.2798958325639	-10832.096172109874	4.49422240795836
?	113.92663033733461	-8788.990017760672	75.13715542225776	264.4311217799088	643.1801201182316	-568.5117077002643	1045.5745106557365	-960.9366064650612	4.061543307354545
?	129.75080040919704	242.26775618214046	78.2792631324209	-205.17742507660236	578.0434372640749	-256.2131919647354	1467.23306550931	12478.775869215675	6.903314966332235
?	126.04001814644181	2154.9100810239447	64.8782841684275	-69.3911786698233	630.3694605199946	842.8650030976763	1669.513304116529	-2002.0264838018318	-1
?	237.4963044603958	3312.23053396769	74.80970419892968	249.95815260183875	620.1866874189593	931.7477343280443	1367.131741319217	217.60914553976963	7.374435357684483
?	291.65154484482866	617.6113653844298	77.37619179851961	71.4949051923601	676.9568472363975	233.79065763266348	1680.3937613935177	12806.354228256345	4.888310896919373
?	268.37687272961773	-1360.0311018232833	78.38444945854774	61.35132653142106	631.8762203005927	-4006.0783571036313	2007.4494527320435	-1256.8997528142293	7.251478852265618
?	223.64998975366353	-737.9779728981604	80.44375812509071	-133.27795967228477	476.6529293812131	-2581.0664261555708	1617.5487737528053	-4285.881395844897	13.326277539012292
?	231.4779740847092	619.728210330475	71.7205514749334	-82.88746277105584	502.82289899281227	724.2215273317185	1793.1553829397956	6908.454878820036	6.506709230066453
?	254.63640027018772	776.5095741633784	76.29938498653786	90.75182587547955	512.8640057477995	1545.3093190483635	1962.971517693812	4758.005758631217	3.527319963795251
?	270.30345279287866	-5112.728005403682	76.25814276870744	-183.22697111022188	580.0883649452316	4882.958760710909	2031.0556708713598	4011.248375302573	4.0308368573680395
?	-1	-1808.8887876820932	67.13803643102663	-121.90255387593706	757.0119437833484	-1828.3043783767837	2163.5339364589436	2126.9695405001103	0.576413826886372
?	179.8590134087727	3575.177547837164	70.1630150749105	114.22271991027864	488.67314602639107	-1806.1499197932897	2137.404147896367	-3943.0472402669043	2.8317557911702043
?	177.75887739186075	-7.980787415617556	72.84917242654065	-85.5121154148508	666.7044477936827	10917.88729833902	1966.3815744455956	5080.96962769294	6.274401695369209
?	179.45997403799183	1.2748419333968104	65.8874093041679	-194.47926740555582	1034.5675109433498	2245.6945768853416	2391.4526292810174	5501.291693930065	2.122108955751835
?	177.8226194885306	-631.4980643869764	63.12520905626272	14.53955689040648	778.9891766379514	-13915.135834009408	2241.4461591421027	-3979.9218385100794	-1
?	147.88507081864256	-939.5823527952323	66.61438714868824	94.92053410835531	338.8107192428694	-7706.564909435954	2192.4565373555106	-5031.02305332901	5.314883620463771
?	130.8435018487683	-443.42613076253735	67.87123576168055	41.44201225763707	393.66093116614815	1499.6841045357612	1989.8950064756486	-10912.783651903914	4.218700640772198
?	125.71376428051538	-195.0064749137744	68.68648776157012	175.29502260782726	413.79492446965855	1960.649455335361	1646.8173547603071	-9852.134227152412	7.06684798055913
?	121.09317810307945	-117.18616929459562	76.63598689207204	154.02535557471376	491.6934039329176	2738.9579579491437	1497.288295118021	7917.909011250536	14.471637057272295
?	119.85445581578551	-195.5208694462616	76.38775554030592	-70.27697628087324	550.7428223671177	1132.0834215696616	2042.7128053228396	11471.428525996222	4.60113438651244
?	111.31713463076623	-173.13653012549744	73.12213807802833	-91.2464227405671	548.2975750114015	-1135.0149524206106	2070.8597214178403	-4381.405304545262	1.521960461891204
?	111.19762930951052	28.931723547078022	71.8254344032775	-94.3921116335114	493.99207474608636	-2656.849364683984	1823.6425400955734	-5203.402835278474	6.672383724339419
?	112.76372080812015	353.4656629946893	68.40253249635269	-32.58331686540554	415.4551067772004	-1722.7052988702626	1810.689579653913	-5160.626295548253	7.262430591020528
?	128.87091245924523	-19.994678265497043	70.1962685600072	-15.988674162354698	407.856809802572	668.8137275825791	1565.611225318157	-7119.990430104125	7.783583166458061
?	111.76398689484529	-337.7059163403644	67.60309878823495	-84.31024782505483	448.89579315632983	892.1875811365326	1454.6900581487016	-2812.674821642432	-1
?	111.98561664222677	170.32282604728536	65.9807561687544	-49.82393957416534	452.46618885939927	312.50749610001105	1424.9774842360334	60.103281661126005	-1
?	120.28012819720968	97.80438739471808	65.11190180952664	-67.75533031303058	464.5211679613306	117.28446574980983	1457.695222231758	1733.3177456500816	-1
?	116.87583601196275	92.01788217584476	62.59298965310282	-16.281761760410003	458.33041214688984	-1616.910948694302	1511.6433715185387	602.6587740130714	-1
?	124.88102230600198	310.23751169293814	64.29781372150613	139.1799587504343	383.67562052661435	-1776.6174091029868	1487.828160932412	-2024.2207162360394	-1
?	132.38771159660988	329.45184011326734	69.55198759062463	99.03517840214705	369.49954169173924	1160.570809181742	1410.4323357067353	-7843.918138870265	13.41690659070793
?	141.35361431166558	123.29039100604741	69.24957264161355	-237.32925691390523	441.7041609857023	2897.5018062629883	1095.6322539888931	108.76850398037122	11.418818112239974
?	138.55223114691233	1129.4729488481412	57.685524744929204	-42.82954743168371	514.3746320048907	2835.7622653085564	1415.870760905754	4706.966494409699	-1
?	197.82726175407345	886.1631683752721	67.10809527002934	362.1811117614787	583.4922742511321	-1259.3164418192898	1330.9805787093815	-10417.908548016016	7.668000249845433
?	182.86038956567657	-411.14979869821565	75.7945803330034	78.7687926318995	451.4088099139253	-3001.208300982666	894.9753335049458	-748.2117632709271	16.71570875567731
?	177.26977181916237	-182.23414969825708	71.04653490162437	-147.65070394850642	433.4318592019967	728.8458983652105	1293.5699905458346	6961.488823841004	13.743959398461753
?	173.7486820807636	-3565.3954363831967	68.41204513557797	-57.14240487187969	487.85110483218637	81.95981770254772	1243.0497746970009	5804.74839769366	5.706792395554571
?	-1	87.14547556485049	68.18941465803034	111.14692220207287	437.52985008712415	-273.93961177411893	1583.8074104305217	3728.329044058943	2.1181207032250886
?	178.10595585900617	3501.2458510803085	73.96939124568169	150.62442290249194	474.1541242434802	2824.3556147234094	1429.4662268999507	-8533.800563563733	8.402520187795435
?	174.06229255401792	-214.83787808038906	75.72063580315505	41.8773816611687	578.7476308232966	2095.829514742569	1157.117382252329	-7519.012917850671	12.511884689025928
?	167.36406195498657	-356.83145854683295	76.06326032874016	-80.57892135955596	578.9455999806102	3126.37706552519	1053.5155810074118	7750.389787847243	13.59400891047631
?	156.22071962667601	-468.1930537380085	71.69168973517719	-101.08522668492553	735.0664840995584	1894.7951334537815	1544.6368716446966	19549.798504167673	6.495012674869403
?	143.9544092680858	-561.6173465224244	71.00899899449381	-37.80966482222513	673.6853566533006	-2710.5510899137857	2031.0055062158094	-2881.63172244037	6.531244035570287
?	128.1398523005544	-553.5565217119416	69.80120649406591	-23.01819948098195	599.5389296038671	-2110.972887744028	1400.555285522676	-15536.306501974197	6.840102300287822
?	116.27658318248834	-348.54509060666277	69.8580890204447	22.768496470718237	568.1367122660977	-685.866561773086	1254.1901811170885	-4534.8690804624075	8.478724284147372
?	110.71259777022101	-195.59595373787153	70.93963131760184	-14.505021717871578	565.2456015152123	114.1458172733912	1173.8118314995525	-4007.1460377659128	13.47505531020552
?	106.49678549559462	-55.91872589663444	69.1328379345511	3.852461691886847	573.8440031297673	12.48912312706107	1053.83287922879	-537.3953960260056	10.578812872702219
?	107.91666147538925	48.095859315436826	71.13225440219618	21.56545928867414	565.8700576715654	-442.3120575403487	1146.9420616982518	2540.0829536879887	12.700439974878652
?	108.9015784613665	18.884933271227467	70.21111089898483	2.0858227323330127	551.7284002527496	-1010.5918136200096	1180.8370269131913	-189.87871828385053	14.70050621924941
?	108.86090813895063	-96.82092176225812	71.23654553881283	-134.271999840526	515.3404669905642	-551.2792187670369	1137.4481257840591	1911.9822511384748	16.67286114498767
?	104.06053237325352	-2197.2181627789814	63.49751090695843	-240.333200361207	524.1644393143973	6857.088211962209	1276.4361394701164	11275.328008330238	8.186774819199545
?	-1	-2101.2106474650404	59.219885520752314	-123.44603965536758	858.1948775886796	4904.496967477788	1701.214526200579	9650.892738144576	-1
?	-1	0	57.325208924189965	-77.04212770620264	769.3892876882902	-2435.5832219813256	1758.980776377352	-4321.663089195869	-1
?	-1	3161.53829235023	55.36777913544213	291.4186965225529	736.4157164896116	-817.6832109155064	1485.1313717407825	-5991.478645224816	-1
?	157.07691461751375	3308.242546488522	71.89614375031782	396.88681396836944	728.5051271425143	-3505.584727669277	1459.4068441161069	-1593.8125294313795	10.096409471896884
?	164.41212732442844	-25.31639320617806	75.21211983386088	-1.3995886760394938	561.1364801061452	5080.495236618027	1405.4407452692124	11840.001433582675	15.824359504204882
?	155.81109495720483	-3308.242546488522	71.82616431651584	-72.33341800061265	982.5298889734193	19116.740494627913	2051.406915795249	26113.586492027378	6.437125091292513
?	-1	-3136.221899144052	71.5954489338302	-178.22896261211542	1516.9735048375544	7102.346402415955	2711.1200698705998	5710.064703394392	-0.8281262037967437
?	-1	3836.496841866041	62.914716185909946	-61.55714067035914	1337.647209094222	-15711.616129371061	2336.9101509649727	-7500.184421231927	-0.5932551244008636
?	190.82484209330477	3676.501421354791	68.5175919003122	307.8072931605258	731.3926983689902	-15428.86757986659	2336.110848808998	-20884.105047903195	11.658904395892208
?	182.82507106774216	-352.182648235438	78.30508084393645	200.95064786359615	566.2038301008815	-877.7765533613149	1292.7048985697982	-21631.678862732246	16.311012682192803
?	173.21570968153262	-474.7619066491962	78.56512429349215	-39.702382074328575	687.5038707009238	2551.662118061031	1254.5269056723705	15807.438465546464	17.25547786742026
?	159.086975735282	-788.4024015838538	76.31996174022	-110.26407147256194	693.7869360039349	1675.3561825397617	2083.0768218471326	2430.742288271783	10.434533227925586
?	133.79558960233936	-818.6172992608491	73.05192071986397	-87.86740572437071	771.2716798279131	-495.30786092711855	1376.0640200859614	-18480.288865378905	7.592788106183408
?	118.15611077223897	-508.0455870847412	71.9265914540014	-42.21527694031775	669.0215429575786	-1170.6253590089016	1159.0623785781743	-4287.308947350746	7.946746211176984
?	108.39331024810194	-201.82695819026688	70.94115687284806	-31.892358868496558	712.7404118774672	1046.5735972440564	1161.698572718421	1345.6486169393738	9.021616812190173
?	108.06476286272549	-5.389939700194967	70.33197351057655	44.970877199703736	721.3502228197822	-935.0428816873049	1226.344809425144	5308.121689215975	9.029494117584008
?	108.12381326309219	-150.84460891394897	73.18970073283327	14.348700713643803	665.9882677931013	-4437.791563640018	1427.1046571792235	12591.041289937542	7.423744113158821
?	100.52253241702793	-2182.476265261813	71.04940854625875	-21.303042704629416	499.46064463777816	-704.0785536892499	1855.89687392203	10385.227536176419	5.593174275715827
?	-1	-2030.4506483405298	72.12454859760179	38.935040254939125	630.7843401086383	1919.7220605913367	1946.3660339880519	-1265.3472394379426	3.5740540596611674
?	-1	2637.0812880775698	72.99616055900573	111.23459296128102	595.4467476673464	-3403.8918679286185	1792.629511950132	-1940.6147240513335	3.1247380801277083
?	130.85406440388036	2432.275038431772	77.68627824566592	-200.60780874143333	460.58974671220494	-2119.295742500123	1849.3352977854838	1169.331464116546	6.874312321028216
?	120.61375192159034	-2637.0812880775698	62.96577012193392	-432.47927834121396	489.4819605423387	1701.0184168566761	1851.09608515596	1832.7800972116268	5.750071621635961
?	-1	-2432.275038431772	56.06231432860491	-165.64086238729195	545.64066755504	2150.233714409477	1940.9743026460665	-109.90688403623452	-1
?	-1	2785.195806777984	54.683727002569206	367.7865909461123	596.9936462628141	-739.250871130191	1845.6007409541483	-7166.882764354171	0.6060904474742486
?	138.25979033890118	2645.543977039061	74.45164387591079	515.8960179908885	508.6781239985299	-1489.1251602095206	1582.6301644283528	-7369.915234015848	3.6504271395912693
?	131.27719885195492	-301.2250779450474	80.478527902114	89.63495135089644	522.537388252337	252.92435815878645	1477.1049792533506	-3289.812458263808	14.50684488910596
?	123.1985364416486	-332.9609015734023	78.93339144345568	-67.03327497729664	521.3243419064694	435.3728182349193	1418.13954151516	-1314.8338305213424	14.15774197049494
?	114.62915377328457	-199.8553402536703	77.12686415324912	-57.12918942666623	544.3060291640833	109.79422941864712	1411.3632877272826	-1334.9683555952736	13.497206785398197
?	113.20576942896494	-19.444650699610413	76.07693197212232	-14.690549864626593	526.8140533774018	-366.9415455805181	1351.3911237353955	-236.28624610182789	15.322794480815432
?	113.65692123830404	-30.685716206847776	76.39233666001778	-88.09225967086195	525.9589518850571	-1925.6259181520215	1399.548975422191	3488.3380658576066	16.25029671568955
?	111.67148361862253	-50.5710531820965	71.67231898857916	-267.5004124835228	430.5327574697994	-2872.0071916686575	1525.8080270282783	6336.475009548591	8.046286315840924
?	111.12836857919918	1026.5030963438192	63.017316035841446	-32.29640789546618	382.3585923016222	-1070.573715120558	1716.372725899625	10763.084601565948	-1
?	162.99663843581422	1767.202639736956	70.05749859380583	296.69308718813005	377.0040717137707	36.73391608344166	2063.9622571065834	5654.717310244484	4.333857122866151
?	199.48850056604823	-3279.9327687162377	77.85197039524816	-11.65788710346772	384.1952881057943	6253.794815287106	1999.1085914118532	615.9276979387599	5.975333648300266
?	-1	-271.568370159252	69.47460423863244	55.85900599711698	689.6938124781304	3412.880184648632	2094.758642003522	-4955.815379404151	-0.1779929668819963
?	185.91008205808544	3548.2004033715693	80.64492069510405	212.17841804877918	554.8392973382283	-2986.886250074591	1751.3178224416422	-3719.8095867681077	9.854930691100991
?	176.41002016858099	-360.8171797537659	80.08352514107155	-287.4666646168949	540.3494999743988	-270.95507239843823	1908.7681626651138	2453.322732742155	9.783335896293592
?	167.86922307039688	1201.0027631173039	66.2715874642591	-251.9787184960593	541.2915437183062	27.126125672518423	1873.9839590787517	175.5832349733712	0.9953890415709656
?	236.46015832444704	1325.02974139633	67.4845892162684	75.88712052121372	541.7058062580247	5873.666374638818	1917.5473244137825	3889.302913322712	2.123600304892629
?	234.12071014021433	-1999.2714358793644	70.06594349031984	97.0141094144336	834.9748624502513	9529.060934063093	2068.44910474489	-987.4153251268577	10.115159050810576
?	136.4965865304774	-2150.5957504921416	72.33529468699015	130.78126661432563	1018.1588529611861	-5868.140200026144	1868.1765581574389	-7615.617443076099	2.2948034163720505
?	126.59092261560572	-304.16123008878935	76.60500682103621	-30.694840408395823	541.5678524489399	-11336.069137696575	1687.6682325910797	-2080.3073571700065	7.920188088659796
?	121.28852502603772	-2551.818452312078	70.80055266657034	-111.51880506699467	451.3553960763493	-2472.001048596916	1764.161190298937	2925.9670027876787	5.012882933056309
?	-1	247.50964560231455	71.0290665676864	115.88070154470648	417.96780001909235	-109.38600906013862	1833.9665827304657	542.9164608428041	5.782733028008073
?	133.66400730615362	2256.695600901603	76.59458774380575	-39.530224591244696	445.88609562334227	-406.3605446982932	1791.3070133410777	-423.4048684465855	5.147415923664952
?	111.83478004508176	-747.7513276571906	69.05255533812414	-155.85922948549558	397.6497727841774	10332.696175513827	1812.796339308136	12770.569587949763	5.984829960594175
?	96.27644092329356	-2256.695600901603	68.80162626953086	75.27299544076875	962.520904399041	28123.52513299955	2429.835492738575	14904.773126069851	-0.3308926926900748
?	-1	1832.3424969563757	72.81620511016263	86.62849789280291	1803.826029434175	6174.569492696791	2558.0349956116393	-1109.798248218415	-0.08012479097948562
?	187.89356577111366	4056.617311769975	73.13305116417106	206.6080725376863	1271.249379033885	-27302.268621027597	2374.3455803276534	-30681.59143547967	2.789221656954626
?	201.83086558850164	820.658044059144	83.14660873704709	85.27364278759187	438.712598382776	-15524.185503996425	1023.9554238376339	-23986.35897919581	15.550946438885083
?	228.92646797407144	290.21032564256456	77.39673330355072	-43.68006830884463	495.0401038340527	157.0434210408928	1175.0276313678457	-759.0108620318853	15.75721435679705
?	216.34138187063007	-762.9131853604048	80.96260532160483	-76.37102994534621	446.56476943482073	-1423.7764150778573	986.0048807360391	4005.885298627452	16.683629734886445
?	190.78080870605066	-4346.82763741254	73.57818180628335	-271.1795027315797	423.8512830801588	2497.454632135228	1375.3218962992212	13264.923111358867	7.820260862002522
?	-1	5479.676027627527	67.40363018502565	-104.11650981952442	571.4375010415839	2886.81699606538	1649.251036303992	10529.018482692323	9.625207168580552
?	464.7646100874309	9197.237782590602	68.37235631530706	-89.79835890730016	568.1921328834299	-2566.137501809186	1901.7728204338448	3021.9532730010114	10.845637576942536
?	458.8618891295366	-75.66420917133206	62.913712239660576	-142.40518225577173	443.1306259511228	5832.716959512076	1800.3486999540446	775.0976467393892	11.778814776166085
?	460.98139962886427	-9197.237782590602	61.25209720251837	-16.024470439464608	859.8279808590378	4856.309143029016	1940.5277027708148	1366.7255633867205	-1
?	-1	-9239.627992577154	62.112488717687334	-38.54152152098637	685.9460831025771	1173.5196740046915	1868.6849781233816	1590.5644401011252	-1
?	-1	0	59.325021126469025	-226.87430844035197	918.5039645592732	-570.9578121455603	2020.0559247758722	-1133.4430003878854	-1
?	-1	0	50.768773295669575	9.915721383014786	657.3981924952986	18406.76892575724	1812.0128281039865	11430.711940259804	-1
?	-1	3003.380960748018	59.82080719561977	415.4311118807741	1838.8424108471481	28268.909623106792	2591.5915217888705	17308.439677830927	-2.671329405095852
?	149.16904803740303	3343.285872645047	71.54032888970858	385.5265857695472	2070.8436736506583	-27068.275346024326	2677.4348119955453	-24187.605874022152	-1.7318585807330062
?	166.16429363225473	168.69526028169264	79.0971364840974	39.5626502306854	485.4286435459125	-29924.86075513206	1382.2112280877457	-30026.812198646378	10.554561106126148
?	157.60381105148778	-479.56395891947807	73.51846140124287	-230.4303910722625	574.6006358940341	2579.6398130862312	1176.094202063205	670.3060116444199	8.27838884869266
?	142.18609568628048	883.131286236698	67.57561693048412	143.27737331009808	614.4106342002259	-1901.5147044597884	1415.7265286699671	-2897.0855823750203	3.7675180699004054
?	201.7603753633233	1230.7861464479154	80.68233006674788	37.78826111128214	479.5249006710433	-1654.1144984834402	1031.239922944452	-1996.1776801229723	12.667705363942176
?	203.72540300867712	42.206226061212504	69.46502998604825	-324.5470259123541	531.7049092760527	1668.8174713602327	1315.917644663817	17033.94132293325	13.272379347392649
?	203.87068666638396	542.0019526625881	64.45497877112994	125.90403816350906	562.9657742390562	-878.401106996439	1882.9369890911266	16029.0578449457	-1
?	230.8255006418069	126.56809347442096	75.76023189422379	237.57274167456077	487.78485392623014	2340.953989313333	2117.3705369111135	-6717.485638304843	10.764079550567747
?	210.1990913401051	-1296.69541294048	76.33361585485815	-3.3230718167987545	680.0134737047245	2680.904400954616	1547.0627071758797	-12654.255558890516	8.643631022923426
?	165.990729994782	-1116.7561375351734	75.59407830338385	12.45960664373893	621.8300739739628	-1714.2810722458814	1484.6577589665787	-1761.0460269579266	3.742518167412534
?	154.36128446334564	-48.17051711306294	76.95659618704511	39.887424268085	594.2994200924292	-1306.133151216954	1459.0104058279821	5614.658872264337	7.894172011049534
?	163.5822041391288	138.44061120518833	77.58844951678813	-136.4715179068461	556.5234164131142	-2249.046527961864	1765.3907025797996	3685.776309467858	6.95435589571845
?	161.28331502360516	-205.9490397028167	70.1330202917027	-268.6138167981422	481.8470936943344	2141.9490389695934	1643.2992213013777	160.71593262587385	10.57159912644523
?	153.28475215398782	372.5835835194327	64.15775867688083	0.5789651661950674	663.6208683615954	-524.5432456270241	1773.4264992110934	6922.021439222928	0.38900517588879185
?	179.91249419957705	135.62342215507022	70.16196855001246	177.25232397921022	455.6199314129828	-4111.8340491173885	1989.400293262529	2243.7142717557526	3.7566028465550594
?	160.06592326174143	-3618.2498839914897	73.02037487584147	2.4141223314961393	458.02916590572306	10785.307204442435	1885.6122127988826	11144.753492187989	7.936682691177537
?	-1	765.0936024944433	70.28267466658727	-39.58742163184099	994.8852916351123	11514.049022713887	2546.6379678719363	8862.669553075335	-2.2412902878200223
?	198.32060338646414	3933.474756342569	71.04100379424939	42.35310810268228	1033.7316170414256	-6694.971366283838	2328.7456904526557	-24692.73710245875	0.747484685763489
?	195.67373781713124	208.74906317120963	72.40033007172141	252.39903754884193	660.1367233209156	-9336.05578389197	1312.0011127489813	-21614.212019290113	4.083911328290258
?	208.75805654502477	369.2167024742939	83.66095567169167	109.35149767235815	566.9288278468205	94.61277448644388	1248.0350894881346	3283.0116040233484	11.139634496856203
?	214.1345729408462	-300.754481768104	77.8679049553394	-258.52854327525876	664.8673620452379	509.84658703816154	1476.151692950151	3252.929660964518	13.20701036363765
?	193.72033245661936	-1014.6928411862777	70.73452850792855	-120.43339596522912	592.4211571987289	-2647.7206340524467	1410.6815725363629	-2605.1617843258687	4.960137950051077
?	163.3999308815316	-59.358483370803874	71.84623515707786	74.2110765734092	532.4813303426137	-1240.6029325112108	1345.8936037338558	641.820896705708	6.8012487153636725
?	190.75240828807912	1177.3117350332982	74.44508233659906	149.68896061102427	530.3910105731675	1343.5507288670365	1442.7726173716487	-3305.584642105108	6.283644611708398
?	222.26551763319733	299.581652542586	79.33068318762918	-29.298284009287425	599.6588667859664	3481.6888824560856	1180.614371628598	7222.588827348229	10.682052140066697
?	205.73149091520864	-170.48115689539586	72.98016813613467	-311.05196363338337	704.4754546959742	1194.573688220513	1803.9020587390653	8553.038300348668	7.634513219142645
?	213.74145978842742	3014.398756119409	63.77808500595979	-99.88024163019645	659.387551196993	-2700.1337982059686	1608.2662866460375	4348.742927628911	-1
?	356.45142872118123	1413.9003524098016	67.98615605462477	338.94061755117593	569.4687647856739	-4885.094357589438	2021.339205120514	10786.318403661322	2.749734825271329
?	284.4364774089185	-3414.41157221229	80.72511588351883	181.66579932784853	415.13283331751757	1903.5295144033605	2147.5822068291113	-4325.631237409177	7.484075110492478
?	185.7308501105643	-2099.4368146624893	77.06944602101733	-111.02549617417806	664.6452405058433	8338.33492024009	1805.057643250052	-13315.927703893305	8.858084099580648
?	179.46463667579255	-93.74264061802913	75.17384107480984	-88.18776945507028	832.049579329528	3100.2413857757974	1481.7858216344366	-7882.988588623227	9.912997276970998
?	181.04371807966277	18.115485598680465	72.66005754826375	-224.72379618355015	819.6573097946354	528.8972391124064	1410.908213818885	3275.3836971313185	8.47807090667348
?	180.37041095572658	11.244882240124934	63.93765126563218	-295.4701934971812	858.4944412851487	2753.170615478725	1645.5550064910049	5638.47379105309	-1
?	181.60596219166902	-100.70298507225202	57.88654787340448	130.79357951429245	957.3158405685736	-2474.755068349713	1692.8319033715436	-6304.473344247404	-1
?	175.3352617021139	104.7453818336529	70.47733024134689	389.8377200194709	734.7566878676613	-5553.396820974934	1330.3313392786301	-8914.996993079709	4.976844443109266
?	186.84323128335174	410.9509281416579	77.3784338743783	171.98907061097555	679.6459995198229	-1362.736009398219	1247.0820537175518	-172.6119917693016	13.205476528218757
?	195.8828081091971	228.5631914609225	79.07678377189579	-77.40919481607453	666.6198873977494	1541.661052841158	1321.700739690165	1848.437746911669	15.047761718298531
?	198.27139085639803	32.45859391115129	73.50797413357452	-279.00302490389663	756.7290521618819	2655.7718815302505	1339.5039410631366	41.52792245314172	8.62055799664814
?	197.5057378047547	-514.6806764051378	65.12663252670076	-117.84868171743656	799.4084814742638	-373.2865600625807	1323.777135812822	1744.6889815379725	-1
?	172.53735703614078	-683.9520644585048	67.61554004770261	266.6796476126193	738.0647241587526	-4635.33238271855	1426.7383901400365	9217.60197619722	4.199249640602231
?	163.30813458182897	-187.16021946605014	78.46061490733192	66.35343270714392	567.641862338333	-5416.649375063688	1784.6572346226897	5897.270325286011	8.11948381539894
?	163.17934606283814	-39.56692192067124	70.93321168305985	-244.25518711146816	467.23225540556433	574.5424167044562	1721.6019064043412	6266.026871748779	5.8924298021805965
?	161.32978848579538	116.09049018448223	66.24785555175834	1.7560780163887308	596.3689831735562	-1553.8707642883965	2097.958578210133	4797.013668723866	7.973950169245803
?	168.98387057206233	31.949078396782056	71.02101558387929	132.4383743035362	389.5387171911434	-3143.1083347136764	1961.452589840538	1047.8440563575202	13.655330921383802
?	162.9272424056345	-444.71729075842	72.86977426693524	117.56918093060963	439.21356643787016	1033.375821648442	2150.35078102801	4533.934626135437	17.62236408013296
?	146.748006034141	-579.2006606299166	76.89947463040986	63.79482773803227	441.20750827356625	2982.4019926485125	2188.149321147313	-7027.7194131874285	11.712432790073738
?	133.96720937413826	-417.8928335020968	76.0595156538369	-22.78220241104204	588.3336660702979	3204.5977695250745	1798.9648103686334	-12499.900457430513	8.848639444493369
?	125.85336435903588	-2699.3441874827267	75.76036450985774	-223.4324641946602	601.4373967498223	619.6040757565155	1563.1542982757785	-1086.1722808063523	8.387623711727278
?	-1	-36.56228454818551	64.88789244410373	-224.77679334251116	619.3138698581241	-1411.1760088044462	1744.656196328315	2370.937374364269	-1
?	124.02525013162658	2378.8714392518314	64.52152484273202	170.6213578571449	530.878596309599	-4348.5094420492915	1681.7011669939936	-8021.439854571545	6.441115831102781
?	117.94357196259327	-252.2470649471212	73.41896033696109	111.94352610823739	401.88839775565646	-2786.9857165248086	1343.584203599732	-8065.882336255794	13.912257869206798
?	111.41289688427034	-93.7628163025719	70.11870114814397	-326.55224965621176	391.52931048335654	1596.7414851116723	1278.4070501811982	5181.105398464214	14.508220931512163
?	113.2554311474646	85.59266857163229	57.09134785415027	-240.32214118857638	481.7254720112412	7132.206224383532	1602.6394735229464	14342.269994437756	-1
?	115.69253031285201	-2285.10862294926	58.10259408871498	-13.500849105017018	748.1396217025382	5608.236286383094	1995.5205499030963	8715.083708177715	-1
?	-1	-2333.8506062570073	56.41630539889941	-118.53778719971048	762.1372863303999	-698.0415334546334	2038.3936589318384	-1001.6404751539307	-1
?	-1	0	52.17570472872937	-45.18322560426533	713.237545029806	6860.518206836186	1945.438526145399	6328.6607459231855	-1
?	-1	3083.902667318346	54.15714411868611	420.1528835332667	1105.163196672214	10665.192131008158	2354.826696228002	8576.849139114207	-1
?	153.1951333659195	3118.8536972675574	73.183348905393	486.93327943890387	1246.4971515802215	-11827.833637680895	2374.2809831011155	-15414.231689865219	2.1208591872244194
?	154.9426848633801	-178.1675035283209	78.50380809063165	-46.03771977728704	513.771514788161	-14207.680577229903	1584.1151117347304	-19253.018151830056	7.104734176899749
?	144.28675818950333	-297.761265047312	70.88146291652862	-82.10055803951744	536.1131227187162	-1213.8674996654581	1411.630075509599	1291.010091558696	6.356795168977183
?	140.05462161101428	-94.80240052786918	74.39878018865572	-174.67845721660888	453.0781398048872	-1159.6397958765403	1648.665616312666	5020.094546009279	7.647969443890025
?	139.5466381631098	1316.760583343001	62.14754005569805	-121.9886838859716	478.1311329248884	3494.2260196808847	1662.6348028100665	9252.881090559667	-1
?	205.89265077816526	1604.9485157204117	68.29934599435705	351.62049398144006	627.7894407889339	1916.0041778932953	2111.309670840656	3001.743505251173	7.3086925489968415
?	219.79406394913153	-170.0250827708821	79.7285647547703	118.67962569845078	573.9313418195545	632.1076114652011	1812.7219780726273	-13646.562070403508	12.738962673305654
?	197.39139663962104	-527.1972097208736	74.23332727927968	-152.26501374938846	659.3948213621944	299.464620777276	1428.981567320471	-3785.5223086118085	7.238155852947453
?	193.43420346308747	-145.13685752494516	72.11531406730077	-9.468080593151889	588.9045728584185	-4595.239903236595	1623.4458626420342	688.4166489807415	8.774914351794939
?	190.13455376337367	-222.46275046603014	73.75992324962208	62.935719903670375	429.6328262003614	-3285.4294590144445	1463.4023997695085	12218.484397547854	16.150570333072967
?	182.3110659397858	-527.969317686452	75.26210006248434	-0.9039747318544626	424.633099907694	2772.519163537002	2234.3700825194355	1641.1057422553079	13.56999368665387
?	163.7360878790507	-704.860863946113	73.71472451302935	36.43203090471223	568.2587843772135	4341.959400772542	1545.457686882275	-14833.837472677227	7.297754723451814
?	147.06802274247966	-3294.7217575809673	77.08370160771997	-108.07642835839164	641.7310699463242	2226.1247891819335	1492.6782088855637	-510.1073433517304	6.057809448755861
?	-1	-2961.360454849551	68.3109030951097	-161.80611907671644	679.5650238363118	888.6825130534577	1519.9523197146882	1780.043128268878	3.248353268881354
?	-1	2717.8451356206124	68.99339565388404	157.75110199072546	686.1651955989977	-1244.8763594617303	1581.6803652990088	445.07619575713585	2.91331562689864
?	134.89225678103256	2499.1500873040627	76.19845819464608	-64.61800519214499	617.3212058632244	125.92214335188876	1542.2061295025453	-797.1687271292262	4.094775819602967
?	123.95750436520491	-2717.8451356206124	65.76249539427674	-343.6303499518824	692.4613027665922	1411.160211061936	1541.821928942547	-404.44727591716736	2.0535983343921824
?	-1	-2499.1500873040627	59.016940697051716	-225.72715911448176	687.8792164163222	490.1957753127861	1521.9837657066867	1837.0002385381451	-1
?	-1	2556.588754997886	54.47613743855249	101.45506917856422	716.9710915322319	-4672.778562308961	1633.6719408694555	8946.66927773168	-1
?	126.82943774989613	2348.4978910466248	64.08969415598	163.87259787537724	454.24028830087076	-6950.737472096601	1969.317229593277	10923.609451944161	13.01519354849848
?	116.42489455233292	-2556.588754997886	62.66976733232147	-280.2347154400438	369.4342179273969	963.8501763309535	2179.8524134666714	1692.2433773515772	10.301473755323492
?	-1	151.64035362062845	50.07795838397761	-67.09478046050141	502.4327971174191	4067.4336141056187	2053.929398460857	117.09077254642413	-1
?	124.00691223336445	2380.9199702480473	59.31502830929635	401.2236776198945	572.8058986326807	-1891.9844794057672	2185.7069520939926	-5551.910350036813	6.150406255061384
?	118.04599851240405	-258.69242156918375	70.13914226497262	156.45050797937193	407.8335731471294	-1566.2647020609431	1776.3338809590125	-13138.356769446895	12.222446064566947
?	111.07229115490507	-128.74915838625827	67.13755370826506	-332.5765678155265	494.49266352963247	2564.8251902226616	1528.7891136216385	-2969.495602946125	6.6852290225827105
?	111.60854059309105	-2241.4458230980695	53.51031387419606	-210.58819954687124	536.0748326582643	4334.46362669897	1627.8591008117041	3744.6544840758465	-1
?	-1	470.52587506159523	56.60814373092135	256.6181698504389	711.215844864584	-856.4076558727019	1716.0218378254335	1172.9286041917446	-1
?	135.13483434617115	2626.612629598366	66.34122236671819	338.7033454533885	493.2544498646286	-6732.378669745143	1686.5055310212922	3062.478538042953	8.425616877254686
?	130.33063147992016	108.7454495656023	73.54331100359102	135.62817663269277	374.5969113773221	-2632.07238218689	1869.1457647275834	6131.00110977662	16.20507395965733
?	140.57210682445134	258.82536575043474	73.12263119835292	44.905859279088176	361.65083075528224	1105.3992086268865	1993.0555865101276	-5488.456333127564	10.333342899047809
?	143.27189976744208	477.1300325186434	75.78860396754546	91.49051235486196	429.8668718086672	-160.29273987604483	1594.7229480712012	1490.0602961154088	9.740564593974806
?	164.42860845038385	404.44056181815023	77.69715681609608	-9.017287736383409	353.6361937614799	-1907.4744811675046	2067.558601315899	9555.267300165233	12.855154490823432
?	163.49392785834988	-105.35807246026614	75.33773958072628	-4.83613949574526	334.49314775029063	-303.8685520083711	2072.4863130794697	-313.84683244833934	10.71257035836324
?	159.16070482737047	-85.41610906885346	77.45534984130882	-199.81131123612585	338.4427661610611	214.98864448251348	2051.866259693482	-639.293969205778	10.4917586587562
?	159.22312240490714	-562.1714269545169	65.34717401891984	-302.1614721714219	345.24257997441646	313.2945600861434	2040.5216146191804	752.3492734694703	-1
?	131.05213347964423	429.10457702658636	62.34727623273751	172.66746201317187	354.1074941653685	937.0447734643429	2089.483723366956	2055.3365250871348	-1
?	180.67835125623677	1355.239299132507	73.98054711957856	297.35590178177307	392.09481864763427	4670.364962187518	2143.2884408735385	-5599.9575461873	8.620312459277535
?	198.81409843627054	161.74671251503295	77.21507132182637	28.845009212246158	587.6257422747477	2703.945880396755	1809.485846057587	-9142.975359154441	12.161319499372656
?	188.76568688198853	-327.94946279007934	75.42279758019089	-18.87059748191975	527.2921126674739	-2460.150344126968	1686.13967291581	3950.353988085984	11.46701302807752
?	182.41662529676634	-341.9237183167522	76.27154144773037	-39.98056028326744	464.6182250683976	-1043.4022657925527	2007.003545461889	10066.967282425832	10.70718978113155
?	171.66950096615068	-291.5471057790374	73.42376956602749	-216.15640116242253	475.12199937784555	-412.6484163820042	2189.488037037109	4271.074522535653	8.294897712725213
?	167.83927000781426	48.463553547743906	65.46372138960909	-261.6868381155993	443.9858042492971	200.64233731506135	2220.5572715886747	-15.152152483387693	7.15140457963245
?	174.0926786435379	-3376.7854001562373	60.33942766024734	-81.25912972391744	485.15411624359876	20044.280865293247	2188.7304294129394	9887.062128839758	-1
?	-1	-417.3354116375905	61.40076490341316	59.84599995795634	1446.1998475139737	18756.87046790492	2714.9103780306696	395.98899577832873	-1
?	153.2259080616581	3008.535324861513	63.3317276581452	160.12750628734238	1422.9976396388581	-21799.01089276942	2208.529879201856	-8684.947459510117	-1.9811145600203448
?	149.4267662430778	-285.6686844403759	69.4071402177804	158.9926042610492	356.24930287548716	-21976.55172551249	2280.6630050551576	-49.4638570031286	11.749000137056331
?	138.9424738396391	-437.5015402883003	71.28135787119777	57.80812876998513	324.17005336321785	666.8518059233869	2206.0566863516997	-3188.231089742376	12.031797102916686
?	127.55168922866247	-333.8720553635356	72.29754665627969	23.092712815641462	389.591893171657	4687.70091783337	2121.2514505680365	-7475.754131513943	13.86461029816581
?	122.24887107146208	-62.04946968710428	72.43599351197986	40.5855856288781	558.5550992548897	4195.61572109428	1832.2689797759972	-22320.58213920952	14.3435952212909
?	124.44921574430721	24.4484464553397	74.32682593772363	-204.09571549340464	599.372679226374	5420.954928307792	1005.2223436075448	-8205.961491044629	12.57880196296052
?	123.47129339422908	-2508.9843148861087	62.23120773730948	-216.86617019718048	829.6028456702832	4644.952458941971	1421.97090522376	30515.019919176724	8.548876902637678
?	-1	-2489.4258678845463	63.48351742786445	15.017842211486467	831.6203021734758	10395.008969274157	2530.9733395664025	25251.940438718288	-1
?	-1	3177.5765262955915	62.982099847883816	48.31119329565441	1349.3532941339984	5847.302419016415	2684.5679271596923	-7661.5935679973245	-1
?	157.87882631478183	2952.1098305602077	65.8990770926472	186.15103921461858	1123.9854231243007	-16998.116240817395	2147.893661166531	-27299.16333845229	9.430451249821896
?	146.6054915280125	-3157.576526295592	72.28965180861488	-1317.9815418529254	499.4474820931165	-22479.708462485694	1319.6097602370585	-42957.87322333	8.176514066590714
