rowLabel	avP	dP	avI	dI	f1	dF1	f2	dF2	h
?	190.98021708424656	3589.7730885558017	77.45395919586868	1519.767745176802	398.8904532026821	15718.854259671967	1607.671368395849	42217.39819711747	10.727805239814105
?	179.4886544277901	-285.6257876242046	75.9883872588401	133.3638574183587	785.9427129835984	2652.3823322451904	2110.8699098558736	-194.58855008787395	6.943520093518382
?	176.69892770303633	-220.87839262503954	84.12215206678661	82.48528488803257	531.5095698149416	-5929.714264690708	1597.9419408914553	-9316.864798260845	10.372712416728756
?	168.4447347965381	-168.37384189294656	80.11265150324174	-37.59777145836808	489.45699974906296	-1177.8259579778617	1645.0266699428312	4618.928321319519	7.785627965482805
?	168.280235608389	-236.32267257987854	82.24226349386821	-30.425560887500474	472.61827191604857	-1879.3593362411746	1828.8883569574311	6472.490952403238	12.390592281495726
?	156.6286011675442	-3385.6047121677807	78.59137345886671	-163.75585276415936	395.48903293700425	21393.881020199442	1968.651217562993	21698.131791091866	9.84372906033003
?	-1	945.568841767874	74.05447085566024	-90.91200894289104	1542.3123229260204	18293.24050323471	2913.794946512024	13008.03958671161	0.1347304926252691
?	203.90704325593788	3905.68924198298	74.04577301172216	40.14061268805791	1310.1510580987394	-24602.365481504676	2619.0531968985733	-17730.586591882817	0.4801810451817497
?	194.28446209914895	-378.2406869307284	76.06150149006314	-191.37776999354404	312.1940488507869	4592.053987658925	2027.2656169178836	-3705.357397533636	12.436503283322692
?	184.99500890940146	148.73397093761812	64.47688451204496	2.997258894955053	1539.7537574816856	-287.73401879834984	2433.7853270218916	548.1299625129033	8.916280435909437
?	201.72116064602986	-192.5597266533843	76.21136443481089	118.5661970035098	297.8073479108694	-12276.51187725468	2054.6721150435287	-3619.998899250519	13.498413773687451
?	175.36702257673224	-116.19221726092623	70.40519436222046	82.70597337873703	925.9281636189511	2857.3576156774034	2252.7853820593655	-7702.8787394080855	5.415020482015484
?	195.91154978298354	280.0402133793219	80.34666310374774	104.1516636644467	440.6752286947397	-6684.145990561122	1669.528178073124	-14283.3324264924	10.80185287257245
?	189.36903324569835	-97.84059707338193	75.6127775454428	-111.53270915074206	591.7208640908947	7817.324714653401	1538.618760734745	3098.00125252367	12.593325649453842
?	191.01951992931444	28.803945010874916	74.77002764621064	34.559792887835926	831.5414644274101	112.71387746121026	1824.4282406993077	-7944.846707329195	16.35285028072976
?	190.8092304962421	-506.59915354128384	77.3407671898346	-91.06708162235455	597.3565579639552	-5884.336494316701	1141.3764253682848	-5579.016761142325	12.407829176285386
?	165.68956225225023	-835.8213663705178	70.2166735650929	-151.38962245778416	537.3246397115748	-702.6022720918303	1545.4774026421912	26456.77445908625	6.901050185979332
?	149.01816217771616	280.00219940519605	69.77128606694538	128.80840890623222	562.2264443593637	-3395.1741809496493	2464.2151483225985	8886.43726531856	4.698791328477637
?	179.68967222251004	1262.1572827970795	76.65709401040452	205.36960679056972	367.5659306640922	-2209.3065926347062	1989.7992659081197	-10216.378141772562	5.9777568657506865
?	212.1260263175702	-196.80232093176042	80.03976640647387	127.97766216223113	451.76111472762824	2872.189017910165	1953.39624123397	-215.74344879261872	6.227433496581563
?	169.84955617592203	-918.7164016868835	83.05597711851607	-119.42807602108009	511.1753815596003	7816.724900902251	1979.0120934684887	727.296509871416	9.79851769331408
?	166.19020623322598	3531.762110663631	74.06836260541986	-68.38770882088534	842.5973597727411	1021.0080156963741	1989.7610667275408	-4119.119718007306	4.831605898059561
?	346.43766170910374	6403.74724146763	79.6365916774718	253.33800731017226	562.225782344419	-6666.287976710688	1773.0561075681233	-9148.770836222826	4.188619065847114
?	486.37756830660777	3478.319189465623	86.73526297092849	38.60269132940342	509.28296093720644	-527.1466906728751	1532.322524916399	-3402.4332672311007	10.473489871767047
?	520.353621182385	453.3314638849011	81.56672624394197	-92.12241679435229	535.8684478107753	418.58737781060614	1602.934444206568	836.2252545483754	9.412417633169749
?	509.04414150085285	-5929.558286361656	82.12914213121087	-45.325323220811484	530.2123298277368	2849.712557888185	1574.1337876438179	-6390.780480984171	13.037283262828984
?	223.87570686430192	-6699.97268139901	79.3004600829014	-85.84353116477779	678.3540757051846	3988.9692254432325	1283.3954201573592	-12781.002948829488	6.265873169840773
?	174.04550743090203	-426.8742677367108	77.83696557297198	-23.429390403546485	729.6607910998986	1225.4595335717624	935.083640202343	2093.6670310070012	5.234909610885021
?	202.53199347746636	788.6171592401785	78.12899056272407	21.740451646626564	739.6270523837728	-2779.5350652022444	1388.0787717077094	23210.528453842442	4.111819897721131
?	213.476365392911	-127.63311407434333	78.9239881553033	49.20259017089161	590.6840378397862	-2492.4988002444456	2095.610062894466	12312.611343074384	4.4899935173645495
?	196.1503377737492	-464.81177708275385	80.58912007126865	86.6093907993072	615.0021123715504	2393.786424474706	2003.7093388614292	-16479.72169543626	3.4940679419458123
?	190.23577653877328	756.982993245441	83.25445769526867	33.91782783257892	710.3733590635217	1579.1333809609555	1271.6239781226523	-837.7790735334057	7.071783334163658
?	233.99948743602127	1081.8918010585778	82.2850114628976	-27.66262570790386	693.9587814195983	-466.7158487916818	1961.8203851847588	10457.926540425364	6.250113353509846
?	244.33036659170222	-1482.0736133655241	81.87132640987348	-15.434703304378544	687.0375666239376	-1772.2564583947571	1794.520305143921	-3355.294923134858	6.129680272328107
?	159.895806767745	-2845.3631098224646	81.51327629767867	-22.904327655561737	605.3459584998603	1603.467077380145	1794.0556390280158	5630.509707477222	4.030379111053511
?	102.06221110057885	950.2072063317045	80.72611002709539	-61.014428637992296	767.2109204929449	1146.771405600629	2076.0457905177823	-8314.841606025977	4.005722860913378
?	207.40616708433026	2411.049632685271	78.46255486577906	-83.48109314126013	662.6845287798918	-4711.049321237431	1378.3135587267166	-11261.356091622041	7.457151759456222
?	222.6146927348425	-15.52096146035636	76.55205537003238	-142.33845457677876	531.6584544310731	-3679.042864088981	1512.9779859366797	4568.268780107679	10.004077895030104
?	206.63011901131244	270.0227039742757	71.34563213694011	-11.527632375779138	478.7323855754426	-1876.003860219018	1606.7269977321007	3752.391014664278	5.935838235216508
?	236.1158279335563	113.3009602933883	75.97567375124342	101.31887860716581	437.8582614201221	-828.8343160541519	1700.5975366698938	3829.6235106197582	5.88974446913632
?	212.29516702598184	-1057.8559681689937	76.41157606729838	-170.8694879627308	437.29066977273516	2500.0727028131732	1798.208173263088	6202.545073089922	11.239864028383641
?	183.2230295251068	-526.7494162865633	67.43219935310691	-59.78149087278261	562.8618965607803	2642.7013238014447	2010.7247903243888	3079.0930780711797	5.056686911763539
?	185.95769621165377	72.12364707390717	73.42250152365926	174.36876529151624	569.4257359628069	-3149.367319022193	1952.1628271666464	-3553.4678584365465	8.310727494489218
?	186.82921187880214	888.562339360968	76.15063761768269	119.59989854660122	405.39353060967125	-2213.5500992725497	1833.051397402562	-1051.0983840630424	10.87780852163821
?	230.385813179702	1106.263566676323	79.4024964509893	-20.39132293265432	458.74823099917984	4489.9702117563	1899.6079079634944	3933.1238392346727	7.544329305166509
?	242.1423902126181	419.5831519308931	75.13107147104998	-142.01862923271898	629.8920411974855	2681.05702443807	2029.707589364295	4864.622751823294	8.175148861484699
?	251.3649707762466	697.3867980046983	72.30156498935338	20.885577547478324	592.8010822210829	628.4997586400709	2142.8390455546582	-1667.3563962492076	6.697973173262389
?	277.0117301128529	-758.9863233124452	76.17535034842389	24.464166605597285	661.3170291294889	-2474.419284337924	1946.339769551835	-5167.867831926087	8.875393396435277
?	213.41565461062447	-1018.3839682743294	73.52477331963324	-116.90833525109765	469.0801180041871	-4628.382938474026	1884.4456539583548	3908.643672125318	3.6973431000889967
?	226.0925316991366	665.8832935464592	70.32993358586903	37.33135191939467	429.89788220578845	394.4028277599526	2141.7719531581	2838.8731769017213	8.49608684773829
?	246.7098192879473	587.3565476401675	75.39134091560297	285.9768460740249	488.80025939218467	1680.2868509154384	2026.3893128034404	-6204.122815398063	8.33504619949698
?	255.46035908114487	-1.8093664513168115	84.62877588957022	-32.580329192756324	513.9122247515601	-1334.1209868138096	1831.565812388198	-3466.869435154816	20.691350979879303
?	246.61935096538147	-250.83106652544504	73.76232445596516	-91.5778946368403	422.09421005149443	-525.762878970582	1853.0458410457002	-3544.4186323314707	9.906727958995313
?	242.91880575487266	-352.14520803060634	80.04988115772822	-20.694294371338135	487.62408080303106	994.1063826232722	1654.3448807716252	-732.1710294578842	16.335515460565627
?	229.01209056385122	-4878.376115097471	72.72760973739825	-209.00419909008082	471.79952918265786	5048.568852148906	1816.437289572806	13635.169575902572	5.308922550241865
?	-1	93.02939528166154	69.59967120322422	47.96443597738306	740.0525234104755	-116.58603344148487	2336.1033595667514	661.0665401313305	2.731603604963187
?	233.66356032793428	4089.592088895991	75.1258315362674	101.17468141623114	465.97022751058364	-6678.576104526992	1849.4906165793725	-6869.795424405681	9.006368664042785
?	203.4796044447988	-768.2295624117244	74.65840527403576	68.5831070287136	406.1237181841271	1206.9988030992315	1992.6135883464685	1782.7392430372784	6.48713900066644
?	195.2520822073482	-288.6661170140296	78.55498688770307	47.95331490685771	526.320167665545	1919.1536879286139	1938.627578731236	-2138.150865697515	5.429445244867556
?	189.04629859409738	35.74878825909322	77.05607101937864	-83.48143118281145	502.08140258055744	-684.5975709995106	1885.7060450615932	-622.8575275332217	4.2045490378298345
?	197.03952162030285	542.4459619199527	74.38091532856251	-63.118655677187064	492.0902891155696	1037.437281958245	1907.4847023545751	2050.2173136397714	2.762306738970133
?	216.16859669009492	347.54900359455644	73.9001382355193	-17.462663095056204	553.9532666784695	3830.029981305622	1988.2169107435814	2616.710781721681	7.509956276195558
?	214.4169718000306	-355.0613764140611	73.5077821738097	35.3205273075521	683.59178818085	1417.867602299937	2038.3202414406587	6506.381759435699	6.634446412889571
?	198.41552786939192	-56.699835902083095	75.66616460089689	156.29253302821184	624.8466467934661	-3639.7911440949874	2313.535998715365	-10149.301527268372	7.627672235541473
?	211.58198000492646	351.97614266700793	81.32240882522027	-71.61090585426163	501.6022309761013	-1628.8320554526138	1530.855165077242	-14177.292344925268	12.387705692118978
?	216.01433500274226	-462.1651079027736	72.08561930818382	-247.2253274747894	543.4050440208357	1597.610691848223	1604.6713814691043	313.00448332424935	2.8505697165107593
?	188.47372460978787	-300.4020236005305	68.96114245148084	49.441339102974275	581.4827655685122	2430.273128206847	1546.5053892434544	-502.0816614433688	5.469466507068821
?	200.99423382271578	578.6800911145404	74.55768626333253	153.20553003174862	664.9187004311776	5012.670864614917	1579.567298396936	-5264.967988548911	5.655454952583351
?	217.40772916551478	180.67029490270906	76.62141895306824	9.838538374330064	832.1163087992571	-1383.7907382506687	1283.2569898160098	925.3825942275613	9.549894093954682
?	210.0277485678512	-130.67356753941726	75.04961318204903	-106.245887319924	595.7291635186444	-5075.246609765782	1625.8364281083138	11889.333088691194	8.36424416639729
?	210.87405078854394	138.90841946404	71.30912458707206	68.79737997171243	578.353978310969	1361.069437351662	1877.7236442505673	-5815.334653607454	9.319794647427818
?	216.97316954105318	68.06647249177583	78.48948218063464	44.3806508694003	663.7826353862273	3525.941651910938	1335.0696954279422	2601.8709668048496	10.484952927068102
?	214.27737441313272	-142.08200791232053	73.52815713054207	-142.03762870590106	754.6510609065152	-1972.9235809360378	2007.8171925908093	8286.237880252855	5.420619610703638
?	209.86906914543718	-157.0067459669366	71.38760074533961	19.09136008407337	565.1364563394258	-6096.343122891786	1749.3815894405834	-7655.149193549855	7.213029603997425
?	206.42703711478592	-525.6767451068914	74.48272513474574	47.007410441635386	449.833904761927	291.45623527687906	1625.059732913318	713.6062336251487	8.53907553918357
?	183.5852318900927	-408.2748387082595	73.73797126742137	57.48995693369486	579.7092681032697	3493.328914791092	1785.0619011218407	1851.0325668051812	2.9306612446882343
?	186.01329517937302	386.99536038437964	77.35722298143047	28.381671367402063	624.500350501481	-2434.974969876143	1717.6113612535767	-1609.886868906234	5.781560950919254
?	202.9349999093116	153.8414956225051	75.15705483579147	-225.5961408482042	457.96051960946295	-1643.521925962083	1704.5675576765293	-496.3523207949692	6.281595122255888
?	193.70536996049825	89.91714382696645	66.0774159390203	75.97485556555652	542.3242542033771	-117.99939518935317	1692.7937452138283	-1881.4044173783916	2.1773106122977213
?	207.43085710065992	317.5710705455481	78.95579761406928	146.4170841606238	452.0605498499953	-1029.87934280838	1610.49733680761	-2599.978501581272	12.977188024383935
?	209.5839234877756	-605.85880392992	73.39827014705146	-174.22268562190374	490.8302870629583	-1118.4739900213826	1562.7948201347651	3732.9231467833774	7.37996784199261
?	177.13791690416403	-1256.9015210118032	70.24466333297413	12.326465873475216	396.1368503489264	-1652.61615277331	1797.1434941467783	5143.131773482855	4.294456548107293
?	146.73884743718565	-1567.1753365633206	74.01459344072522	128.70631229721414	408.1994794242931	2527.637409540671	1819.951408808907	-3662.717802006077	6.377206677539
?	98.77915007599827	-920.3607956429898	76.67997894783481	72.33182952090968	522.5187208259595	1179.104679122093	1614.007604046475	-2384.51347926853	5.302561089468755
?	100.72080765503632	52.41396958883446	77.63118491677069	-59.61642871675302	467.15471338039754	-1153.7162350595936	1700.725734845481	-1092.437516353538	9.595924915631187
?	101.39984855543999	4708.212851921363	73.69915751199717	-277.55923742942457	464.83290907298	1054.9164137202652	1559.3857282287984	-2078.8304349682885	8.545258251469885
?	336.1314502511036	7773.539520467081	63.753223045299514	-263.1817082825372	519.9005340664106	1613.1580552361368	1596.7842130970669	48.560484237387016	4.180740752421701
?	490.07682457879264	3188.7500839658196	60.54007209787036	-140.44423374035952	545.4908118347865	435.0882824436273	1561.8137524406677	1259.031756616073	-1
?	495.568954449394	-9821.536491575887	56.73101135828156	-119.8168702745916	541.6549481885919	1065.585763988053	1659.7358009278703	866.3237718392414	-1
?	-1	-9931.379088987917	54.5492285841408	103.89220502947177	598.770100034189	1253.7281853104514	1605.1299410326296	1756.7872114508843	-1
?	-1	0	61.92562160975513	182.0737192620009	604.3413574541143	6722.363997524436	1747.5751615004142	11209.046605801626	-1
?	-1	3658.1943942060793	63.65291454724081	129.17748888825489	934.8882999104096	9900.97041056482	2165.582271322709	11185.25512920109	-1
?	181.9097197103033	3950.4688105542236	68.38449605416786	335.73781990076446	1099.3898779823535	-10725.23642180072	2306.8379179604667	-4770.798479104605	6.933915400617061
?	196.52344052771048	340.81027959838883	80.43980554227898	85.18895264367673	398.62647882037544	-13576.349794225247	1927.0423473674796	-6119.081207070548	12.637448718980533
?	198.9502336902227	92.22012636043336	72.64394368635168	-208.1974759338259	420.57238827109353	2215.868116466073	2000.8838576069404	-2030.4232118871078	5.412890771331953
?	201.13444684573213	572.6671044199097	70.02993174558772	47.30911408020421	509.4198846436787	943.7066753305327	1825.5211867731246	-4227.958080078594	5.697773839368096
?	227.58358891121807	455.22666914799106	75.00939939036188	-46.12466695224884	467.75772203762	-1061.001770750618	1789.4859536030115	5349.509522560521	11.817628372533012
?	223.8957803031316	-202.15594601909302	67.72369839797528	-199.70861343666584	456.369796106148	-591.4319033074023	2092.9966629011496	-323.2927935827331	10.905501521615918
?	217.47579161026346	-407.3226284170019	65.02396871852862	158.63412370045012	438.18612687225	-279.43335113433346	1773.3213139238749	-7708.632323668148	-1
?	203.52964888228158	-196.24696720994976	75.65540458299776	234.71036886737463	442.39812854943136	303.4817544247482	1707.5650467177436	1703.2558604334297	11.028726884040868
?	207.663443249766	153.1194786637263	76.75948716189731	-85.17507958553553	453.36021459348734	168.49205789865496	1858.484106945546	3966.536999335613	17.485232398391197
?	211.18562281546787	18.881850443008897	71.396650603721	-283.88273199682163	450.8227314443641	402.50686038207533	1905.8918966845235	-399.6729573383996	13.058684907954648
?	208.60753577191645	-4243.712456309372	62.56535056205628	-375.3725656899963	473.48555761259104	965.7481898754361	1838.5004590786261	-581.3897828851416	11.27375185872804
?	-1	-4192.1507154383435	52.62802231922125	-245.21768541817227	499.1101409381357	1813.4002598151455	1876.8224075402666	-450.77714307576275	-1
?	-1	0	50.30446629114771	-70.4282917826259	564.155570603348	49.97264371702972	1815.961601924838	-2367.2694504232268	-1
?	-1	1982.346274946508	49.10660773008997	205.281837546782	501.6087731239872	-4430.10175655687	1758.4589350191056	-1832.9673446048603	-1
?	98.11731374732504	2116.3361145253134	60.568558168486774	354.175349969141	342.6504827755053	921.3751245057641	1724.3132346945954	-12788.247078616154	-1
?	104.81680572626529	169.92745167482784	66.81537522854696	159.04657695613338	547.6775293492752	4828.115598225099	1119.0465810883002	-18477.221093100805	7.094238846449474
?	106.6136863310664	28.268030519130136	68.52088701629342	-47.87709656460339	584.0562626867594	-370.9253835959466	800.4521800395585	1318.708062675901	13.033072384848907
?	106.23020725222179	-2152.2737266213358	64.4215204003168	-143.90468088225484	529.131260169478	-376.2714848141277	1184.981984222095	30413.27530104729	8.549735641015035
?	-1	-2144.6041450444436	61.3256529721807	-117.93799947678478	565.2426884460531	705.3855248703237	2321.1159450919176	21100.47253357506	-1
?	-1	0	58.524620426477576	-132.99667234758437	564.400536412994	-3512.181632447441	2240.005610900844	-3377.049651961209	-1
?	-1	0	54.675819354801504	-153.33959220024053	389.63360682368165	-1852.0739227618546	2152.263462493858	-6270.83158068694	-1
?	-1	0	50.857640816465576	-211.5598092357749	471.7968402749016	13090.654336746995	1926.4640318664983	2126.081202475451	-1
?	-1	0	44.097828893012796	-1.2296721915595343	1044.166323661029	6324.947409382201	2258.56752261763	6546.499608146301	-1
?	-1	0	50.7961572068876	186.18736949262038	788.0442107440106	-5610.0207480094805	2253.789012273812	-4307.5868401031285	-1
?	-1	11407.102759127172	53.40719736764378	203.48589916986654	763.6652862605561	20615.50778924809	2043.1881806124743	16639.26031248579	-1
?	569.3551379563565	11546.320549292455	60.97045216538089	-9.759851447434649	1818.8196002064115	14040.33677983085	3085.7520278980987	17071.427118195104	4.4319508299364445
?	576.3160274646207	-11407.102759127172	52.91920479527205	-228.30617317783006	1465.682125252096	-6975.115685629191	2896.7595365222264	-7525.4681719178725	-1
?	-1	-8871.35716915265	49.55514350648943	46.05473934874569	1470.0638159249531	-11516.880923661545	2709.4786193022064	-17462.090967168988	-1
?	132.74816900698977	2729.2464304191167	55.22194176270933	295.273830281172	889.8380790690209	-19543.622146846657	2023.6549881637802	-18760.472921524655	-1
?	135.46232152095536	27.67996786340926	64.31883502054798	125.11643113657543	492.88270858262376	-2779.795574556623	1771.454973225977	-7491.8680040390645	-1
?	134.13216740016023	-2729.2464304191167	61.47776331953808	-101.5152336946391	750.8483003411902	4984.707213634328	1649.0615879618283	3988.0478602292583	15.110385874882512
?	-1	-2702.643348003214	59.24307333581604	-35.9959346511239	742.1180692643393	-3193.9277732289747	1970.8573662374392	11679.79624449712	-1
?	-1	2514.1541418592556	59.67796658698189	73.0773479427688	591.151911679742	-8991.76066844106	2233.0514001866823	1728.3126955156392	-1
?	124.70770709296234	2371.6545889246822	62.89694073295447	-61.57549592664545	292.5300358422879	-2254.2161414727366	2057.273001013221	-2646.9012822354857	-1
?	117.5827294462337	-2514.1541418592556	56.59919179064963	-187.7554623802113	478.4411046061056	16624.22378638923	2100.7063360749084	4687.953846859362	-1
?	-1	-2371.6545889246822	53.50916761394394	0.7952357841956853	1123.7412251617463	25992.279417343176	2291.670693356188	9928.752736637242	-1
?	-1	0	56.63895357985941	-58.296979562535604	1778.0550754732599	10931.500044106935	2597.143972906769	3315.8984605081905	-1
?	-1	9373.436698050984	50.59431863581717	-25.391920441683258	1670.3162273670912	-2000.577963771964	2457.465616381597	-1992.324776075009	-1
?	467.6718349025475	9213.749840020768	55.36935755777525	125.46323274421242	1678.026177284662	1765.2957876483351	2497.5277341030187	2624.8980950440186	-1
?	459.6874920010368	-9373.436698050984	56.867480273027766	11.481766982720428	1758.5810167495076	488.8564813991133	2588.7105211337976	-1644.105356871038	-1
?	-1	-9213.749840020768	55.94344590691127	-86.28525568009113	1702.4690013546176	-6415.2848412776575	2415.322466259467	-7323.698481651762	-1
?	-1	0	52.553217489023226	-74.25805089727972	1437.816774685626	-9090.428027829203	2222.5255970512108	-2984.196650825608	-1
?	-1	0	52.2305433620473	110.84686908605687	1247.947599963159	3399.5985444888843	2266.112633718187	9759.355205518903	-1
?	-1	2983.702174504258	58.09556094332605	356.8347433717754	1607.7967019100695	-13481.322394895476	2710.493357327154	-13727.020578322585	-1
?	148.18510872521236	2851.943577167346	70.07228053063601	366.5961486861507	573.8814802183877	-21682.715113986636	1579.7616048020604	-29034.82122123702	6.438743763827407
?	141.5971788583668	-298.42379135924256	76.42536837763352	121.7475766115264	523.6609462107416	-637.9293677998453	1258.7522962653084	-11085.007259608741	13.149363124915633
?	133.26391915725029	700.8443011391889	76.1596593612123	-65.14510430103337	541.9850118283955	785.7504013089971	1025.5112418216254	-6764.264824282587	17.640508854669026
?	176.6393939153261	7712.797676337139	73.16811316258186	-248.41041594794152	562.9484662761913	642.0843701511308	920.5390550511802	7593.751882326346	9.812769544140451
?	518.9038029741058	6822.493754747428	63.739138563815274	-328.8395071393149	574.0892303359519	678.8317996598586	1405.1988359379413	11299.36685245826	5.247442133190397
?	517.7640816526963	-10398.076059482153	56.726137805616176	-255.01709580709777	596.8900562591841	1435.1343010532996	1485.5073976740912	4042.081531505097	-1
?	-1	-10375.281633053963	50.98828377346043	-123.8998286268506	645.8459453886167	523.0057821171131	1607.3029125131955	552.6707187185976	-1
?	-1	0	50.53114637427367	8.604003010046911	623.0403453650397	-1384.4337779153675	1513.140933610021	1726.5816220112918	-1
?	-1	2655.87339200352	51.418483923962775	379.20064787075466	576.6242564928485	-3060.2408405961996	1693.6319936137597	-285.07379051568125	16.7300188487407
?	131.79366960017555	2619.178895118861	69.49117876781133	352.7044283220309	470.02830333523025	-2618.8646284941424	1498.887244084237	-4489.358031759537	7.473617721540519
?	129.95894475594258	-335.55071582667074	69.05370534006426	-130.51554546343542	445.6810250681419	-1677.529898641816	1469.1640920257837	7637.144203004614	19.104101221728087
?	115.01613380884207	27.01589846885791	62.965401494639586	-99.39580363578564	386.15180840313974	-705.8943714267743	1880.7444542344663	4607.460960649599	-1
?	131.30973967938547	58.18685479625422	64.08391515827499	-4.8041683926061465	410.3863064968033	4777.343026193729	1699.5371400582628	-1929.5935000103304	9.060330096432265
?	117.92547654865477	621.414358430536	62.72519307500928	-36.236917682984554	625.0189597128253	2033.6312700620992	1784.26477923395	-5367.742209838412	-1
?	162.38045760091217	786.2782906106261	62.27206927412577	250.5522116346005	512.0678699999079	-354.1123462810709	1431.1500295663432	-17781.237692763298	8.591194393139029
?	157.23939107918594	78.16300678184547	75.25280365673926	251.69856942419275	607.3133423987719	4491.2604215670945	895.2028945957884	6686.6687223001245	15.193275726487167
?	166.28860794000443	257.45898632331296	74.85699774533536	2.590288579292244	736.6308910782618	-1816.1382668680035	1765.4834656813482	9262.678051610657	14.163656673699625
?	170.11234039535154	211.83876764594248	75.38231808570387	-96.43640193927189	516.506429055372	-6320.983338393935	1358.3367971763196	-5622.639494739198	12.666514298575981
?	176.8805463223015	263.81406339783814	70.03517764837179	-88.98531331348497	420.5817241585662	-1173.3644698405244	1484.3514909443893	9920.671891272481	12.069487921014417
?	183.3030435652434	-126.21876985994777	70.93305242002964	-65.28622627448465	457.838205563346	-334.39646074666945	1854.3703917399419	4535.694966988242	10.994417425276243
?	170.56960782930415	-3686.060871304881	66.77086633464757	-181.0150690765425	403.8619011212328	10289.572093574658	1711.1362392938006	8883.17231070805	8.084391399439468
?	-1	-189.7494938748299	61.88229896620255	5.696874890561808	972.316810242077	6923.855879431758	2298.529007275343	9249.556586280307	-1
?	161.08213313556269	2896.4484191770102	67.05571007917565	116.8347487842331	750.0546950928194	-11413.302123606438	2173.6140686078143	-14357.221138287397	5.839641492392435
?	143.82242095885	-467.96127840894763	67.72403640541418	93.56707766209671	401.6517040617572	-4225.18149011832	1580.6679503609755	-15752.127550623874	11.454595735927516
?	137.6840692151154	-243.4373049536145	71.73406396228047	-42.36565890843419	538.7956205869042	1682.2424028797195	1386.0076910766234	1256.6117459535556	9.729360981857393
?	131.6505557111691	-2773.6813843022683	65.60575345999244	-373.8512061697815	485.76382420574436	737.93069404379	1643.4985376586542	7674.185642402913	11.3592761381376
?	-1	-2653.011114223344	53.04150365379113	9.367650304886164	575.6921552890942	5477.76549184348	1769.7169731967745	13869.115941080148	-1
?	-1	2947.4499816588395	66.07413597523676	350.92382400385645	759.6520987979222	-4252.160396160245	2336.9543347126714	492.65157046697124	15.267772796521509
?	146.37249908294407	3011.3095033434233	70.5876948539842	197.5404579486528	363.08413548107893	-6272.714349115274	1794.3495517201234	-13801.480341076925	5.642835945531805
?	149.5654751671733	59.73465196617867	75.95115887266954	90.77859776660303	446.0163813421541	2124.515620421266	1646.8803176588153	-2572.3241897629487	12.326948450019623
?	149.35923168125305	-44.700925665069285	75.12662474231442	-34.2969637942435	469.3099165021437	1863.4236738670038	1665.7333422319741	-4119.175245395605	11.298338582036086
?	147.3304288839198	-429.71323234889513	74.23631068295734	-140.96006954472017	539.1875650355056	2408.9097514410637	1440.9215553890322	-11322.821943235902	8.995011386735152
?	127.87357006380799	-547.7907482886029	68.07862126507831	-107.3259179419792	589.7554040741986	160.96835526551786	1099.592245070171	-10138.22485649152	7.80932430622464
?	119.94089146948927	-176.46317647305102	68.8700147858583	58.17191235566642	547.2359827987816	-1927.2551446053728	934.0103125644489	-2523.4660171960245	12.720715790760277
?	119.05041124015531	15.189464665514901	70.98721688286167	56.15058394444338	493.3926468439286	-1000.1144378121552	973.418944210368	3443.781162107981	16.432154134143506
?	120.70036470276503	45.16548189547102	71.67754398308051	-4.8455042462293125	497.23026090817314	247.4932342729777	1106.1993706698504	3656.2645567204145	16.822007670521636
?	121.3086853349289	-7.826655728049334	70.7449416705502	-44.55013234682689	505.7673085575777	141.12196506275748	1156.2321720463913	1441.139407785597	17.66003299116086
?	120.30903191636256	19.59951362428371	69.45003736573914	-31.072031241279333	504.2863591613111	72.60116677214352	1178.2563410591313	734.479835613864	19.33054524912106
?	122.2886610161431	30.540180674441466	69.19134010848622	-5.138429214764171	509.3973668961849	242.89751769154347	1192.956163827085	-2052.4395049147943	18.33985719746321
?	121.83604095008465	-165.74824995116862	69.19311590500092	-208.00822089824638	516.4312350458885	3827.0899950424464	1075.63436581339	12372.941938094897	16.880678203075075
?	114.00124851858455	37.03588238021642	58.79092906357375	-60.14426624942416	700.7518666483099	1635.1480211862413	1811.6032607318386	4543.154962918983	-1
?	123.6878350690955	233.7700723989128	66.18590259252967	149.290737860521	598.1886361052017	-4585.678584722475	1302.7921139593425	-6787.602277961445	10.964748196413728
?	125.68975213853035	86.00720291726552	66.2554659565999	-189.4666643234551	471.46793741218295	-1009.7205247645882	1472.2231468337616	11988.417135888092	15.727910429391176
?	127.98819521495884	190.9129130973797	56.71256937635678	-77.39167548806056	547.7026098669716	4305.726199538959	1902.2129707537556	8121.553255050115	-1
?	135.23539779339947	176.40239940041545	62.38588218219682	234.10065368410366	686.754247389134	-1656.2026897880608	1878.300809586273	-7039.518881296799	10.573220636093897
?	136.80831518497973	-43.325405570886865	68.41760206056213	102.36072416804714	464.89247537756734	-4043.7757742542813	1550.2370266889106	-8835.568839484164	11.72524697276487
?	133.0691275148551	-74.7084291045406	67.50391839059925	-7.4213471298866205	484.56545867641705	2214.205736085718	1436.5223676120586	-11674.00571567953	11.525642971197238
?	133.07289372975265	-101.66676898394567	68.0465347040678	-54.99558775198274	575.6027621818548	-1356.8269479671812	966.5367409049259	-7498.14205386547	12.290744397344994
?	127.98578906565774	-220.77392167731432	64.75413900300008	-288.41093122146407	416.724111278057	1192.8319650447531	1061.6152649187798	4848.2815327035805	12.570282461081721
?	122.03419764588678	450.2364430542563	53.62598814299439	-16.543316340214936	635.2443604340933	2936.706941621838	1208.9508175401083	8919.865411694978	-1
?	150.49761121837088	404.6332715780911	63.92697318598932	391.90535177058604	563.559458359151	-1452.292160948941	1507.608535503535	-2422.6389601391493	2.6547421325269185
?	142.26586122479162	-121.74959729185045	73.22125573152397	113.2001363930632	562.6297523866452	564.0204030778965	1087.8188695331492	-10578.611676639632	15.946779378322177
?	144.41013135377827	8.613913622703413	69.58698000564256	-109.69570986556036	591.7604785130462	722.8308220741485	978.6779516715459	1074.472995159634	15.668929082685972
?	142.6965569059268	-177.9811853032655	67.73647023824587	-50.38601282483554	598.7712934903532	1504.3570590632057	1141.5425192911316	15415.984023658313	13.03600327483509
?	135.51107208861487	-314.05370794443405	67.06767936440075	-50.30339460474536	666.9783314662076	58.817881541771456	1749.4771528544725	-3703.520810779814	11.287252931157715
?	126.99387150870487	-254.17660840212173	65.22130050800857	-29.74014095808386	601.7121875674418	-2347.862132882311	956.3664787521383	-12110.147995271655	-1
?	122.8022416685086	-116.15203840984356	65.58067231649653	4.026036053794769	549.5852248220904	-1427.1145191027565	1143.969753090881	5863.387784256366	11.299769852055817
?	121.18626958821261	-14.09839988748112	65.42260231069831	-10.3057645681919	530.356461612303	-192.63677751555133	1249.5358679649607	2356.1121522595095	-1
?	122.09732167413453	32.044157529626716	65.06538408808693	-1.9203521099188674	539.9533859463127	657.7081381461605	1261.7753607038583	182.91569342537255	-1
?	122.78847746469397	-4.319525791399253	65.32658470520236	17.0084977942398	563.2418685196114	581.5464317492987	1258.6816526362295	-299.1706538675638	-1
?	121.88134538456457	-34.76528352059724	65.91580897779893	7.940734791055378	569.030707533778	-134.79725814864233	1246.8168280104799	840.2570891757313	-1
?	121.05021328866408	8908.443499795132	65.72362144475514	-63.948519473469446	556.5020056121792	-476.7935363094785	1300.6945070950167	538.6693847673238	-1
?	567.3035203743275	9118.87480188242	62.718383004125414	-61.028337862490204	545.1910307183038	195.97176817320081	1273.7502972488464	143.52867853931707	-1
?	576.9939533827916	69.95725573682776	62.672204551630585	76.54052454417216	566.3005940208394	-176.14846830945885	1307.8709410219826	-142.11133038935512	-1
?	570.8013831611689	-411.24095795537966	66.54540923133408	87.31424981586078	536.3836073028307	-613.85949073567	1266.6447307293786	-387.7831402387655	6.75268389649875
?	556.4319054850223	-289.1836633734629	67.03791704242369	-19.168777043989007	535.6076194840555	376.390317757047	1288.481784010044	2593.3057383977025	-1
?	556.3421999924956	-204.81013420991013	65.58697037913461	-50.34113796092995	555.2031231906833	-18.631768475113137	1396.3100176492655	783.8488812023732	8.108889747639086
?	546.1913987745267	-680.2993089395358	64.52086014437715	-14.64866467050492	534.6760310602998	-283.7551782131555	1327.6742280701633	1103.639702567623	-1
?	522.3272345455183	-958.5477745538867	64.85453714560936	15.524282782592202	541.0153642800253	-1155.2140826172758	1451.4920027776475	4494.318998379904	-1
?	498.26401004683163	-10466.544690910217	65.29707428350677	5.151730802683899	476.9153269294352	-2409.7416125681943	1552.3901779891617	2253.89276033206	-1
?	-1	-9985.280200936491	65.11212368574356	55.14213783837512	420.5282836516139	1692.2972115365892	1564.186640794252	-472.6342803086733	-1
?	-1	0	68.05418117542557	-179.56794092144648	561.5301875062659	2548.237586877971	1528.7584639737277	3402.034278449384	2.7399457238703895
?	-1	2823.0260064748477	56.1337266396711	-97.00890500921578	547.9401629955142	2266.0047607044653	1734.2883547167237	9654.068087810596	-1
?	140.15130032374438	2632.5796378673544	63.20373592496471	231.91551897498354	674.8304255414907	-3734.50496985928	2011.4618683642643	2126.3417412649887	3.482310084149998
?	130.6289818933696	-168.62339153904873	67.72950258842045	211.80912699814738	361.2149145025476	-3820.248644346357	1840.6054417799746	-4401.7207732436245	5.289402052181075
?	131.72013074679182	-21.30727583915954	73.79419227487223	101.83116670757099	483.8179933241702	5762.323015284107	1791.37582970208	-9147.140789755305	9.109375467617019
?	129.5636181014116	13.179990090676865	72.82106092379907	26.979338044167676	649.331065266757	3894.504527419655	1383.2484022922029	-11613.49482216637	12.286864084027576
?	132.37913025132568	81.43753726651708	75.14315917708063	-26.136509282823308	678.5432196951557	-1622.143947025672	1210.7010885937532	2661.6522627082336	16.003302892192075
?	133.63549496473752	-12.767732558617514	71.51423545965788	-120.02701204929792	568.2238679154723	2714.9489397747834	1516.3310154276164	26968.79404018023	7.279604688860156
?	131.7407436233948	-2692.709899294712	69.14180857461565	-95.42088879079365	814.2906666838968	5059.040829897864	2559.140790602784	23504.183089816772	-1.6120534672822906
?	-1	905.2379675868772	66.74319102011813	95.89510323146476	821.1759094103691	-6291.178468747298	2691.5401699184717	-16672.65537830729	-1.8027065062284597
?	177.0026420027393	3483.299680336092	73.93656373618896	152.56160965684313	499.7317432465274	-4589.804784153778	1725.5080216874076	-33215.23599800313	9.484701296990235
?	173.16498401680707	-66.43678473759073	74.3712715029604	-14.14962097537662	591.6856702026769	1985.3381671322907	1030.7783700182915	-10189.286427008925	14.357255746602286
?	173.6808027658597	2484.7806868181997	73.22908268742012	-136.71860901841774	598.9986516031433	-1571.242136813842	1216.043700336954	4642.698449314646	16.111629507714888
?	297.4040183577188	6357.673564390455	67.53534105203941	-220.06286716526645	513.1235633619837	868.9395524891769	1262.9132924840271	25249.955208335225	8.342974010009257
?	491.564480985387	-3154.512973064709	62.22593932915664	39.5037350064493	642.4456292276028	-3906.3765274113725	2478.541460753733	15879.715772534415	-1
?	139.67836970448113	-7186.189144136646	69.5105278023619	183.56909148163774	317.80473699141226	-5072.485967943311	2056.899081110759	-3994.4538315018394	10.718145920826315
?	132.25502377854957	-277.5741540969415	71.40439390323866	58.685785996903824	388.8213308304336	4520.237288259213	2278.8187691786384	-7509.027427231952	13.377892720940611
?	125.79966199963386	-186.9435493042112	72.44481710220714	-12.67046105262249	543.8166014043761	4703.155688250772	1681.4477097491563	-19876.11709049505	7.839876564983714
?	122.90784631333888	-95.13066367128211	70.77087085060752	-58.57842212063192	623.9791152429756	1425.6779796438107	1285.0129146538718	-5909.778000870654	13.533654406231657
?	121.04312881606968	8385.950879425918	69.5158959961755	60.63293799690228	615.1005003865677	-2079.6008598486765	1385.9588097056194	8057.05679863035	10.09216412913284
?	542.2053902846408	7193.969933626143	73.80251775045268	80.68894345229721	519.9990722505403	-28.12994466750484	1687.865754585395	14683.898384445538	5.5302402784236
?	480.7416254973819	-10864.107805692662	73.55034316879042	-118.76074257165386	613.6940031531924	6639.91917504161	2120.1537289279067	9879.345448093363	4.515589036484089
?	-1	-1011.6741846208201	67.8644806218699	-170.58266902602426	851.9950310026255	7717.109772761686	2181.8330269900703	694.9855716494759	-1
?	430.1579162663402	2615.8463503364133	65.02120971748909	49.54516816963136	999.5494917912822	-9178.391361052773	2154.903007510381	-5938.733046476993	13.821698220042878
?	129.79231751682252	-6113.546654144095	70.3417390303515	61.650153250293705	393.07546294998036	-11035.807408656476	1884.8963746662164	-5243.583435632075	7.99754351721208
?	124.48058355913108	-116.06465894260572	68.10371738000382	-38.508322675069756	447.75912135845056	1486.855409962738	1892.7238357287736	-1534.4046491772233	6.244755234701412
?	123.98908456969215	-52.52686471746454	68.41632289659799	30.179823159023012	467.4182334481183	731.0070960505776	1808.1761422073541	-3466.1885091464055	2.294429306927397
?	121.85424032325781	-64.20475247410701	69.61270853795499	-14.989350046524024	484.30947616097995	1301.3555186675499	1719.4144102714508	-4762.83297630223	12.527107801095212
?	120.77884694598676	-2457.0848064651213	67.66685539427178	-86.8436836037795	532.4860093814967	693.5041924130636	1570.0344933922393	-4895.685534515341	10.249420400976934
?	-1	-2435.5769389197008	65.27052435776595	-77.48693387706202	518.9846857816336	815.1484017641108	1474.6301335456803	3489.584316948172	-1
?	-1	1748.844227294524	63.79250870041862	-116.51692965831406	573.2434294697029	781.7236479153237	1744.5137092396503	1794.3239265212032	-1
?	86.44221136472744	2256.156633090335	59.444677874850164	-62.98562158733641	558.0708681774004	-485.44835302820496	1564.3463298717418	-9290.857574172782	-1
?	111.80783165451837	696.3409152312084	60.64322762105176	-3.80342756471629	548.9710118182923	2020.6643467863123	1279.9708305310046	10017.127001572297	-1
?	121.25925712628836	671.0090111605178	59.25450649661435	233.82032413410678	659.1040855167174	-58.04515307532856	2065.2026799503637	2224.7464951411575	-1
?	145.35828221254474	760.7253535216319	72.33424382775726	241.4109628932577	546.0687541645258	-4491.351336220072	1391.208155288064	-14842.912870800335	10.586394035044302
?	159.2955248023705	378.8377399875358	71.3250546412774	14.428126059934039	434.53651870571065	712.255063271772	1323.0570364103364	3735.4364020148764	10.13479715327758
?	164.3001692119218	24.221702544354795	73.05565013075398	-23.870231479057455	581.6815073281149	6135.573938945516	1577.9799753888105	10628.249160874706	12.847024695553543
?	160.50660992958825	-3306.003384238389	70.13154306732452	-50.87695790940769	741.3152156529908	5194.341692029721	1854.4694944540793	11732.608977975748	1.6116885174773734
?	-1	358.677641483481	70.51180223528355	37.611431995284796	841.3985919296047	-2143.7023507411473	2164.6104242876063	4659.665013662759	-1.0914075154964025
?	178.44049200376256	3351.5750140308496	72.01211466708878	-45.88868862199453	634.1300981159319	-9124.182281995685	2087.4527451372205	-7945.1949735760545	8.450986581840057
?	166.57875070154486	-503.2266263029177	68.2173678041838	-267.1089351491766	385.18947782981394	-2630.177245361633	1767.350675608798	-5174.300151897668	12.44095133384654
?	153.27916068861632	-384.5900992511488	58.65666790962976	-214.38342538756453	502.62123584784837	9134.870450826931	1828.7377375423334	7659.300720988781	-1
?	147.34924573898715	-3085.5832137722823	57.498196534805416	53.176315163233696	841.9330003711669	16917.001567495387	2150.3157116582424	15733.168742413985	-1
?	-1	-320.91766044166377	61.31548366779148	210.3181663945169	1348.4713142226296	-9128.494370056382	2615.396174663044	-7735.800481120422	-1
?	131.30336271690373	2265.337325703181	68.01410485453141	67.99472201764348	385.5082818683414	2902.3314101503497	1763.5256876022158	-1885.7622641090443	6.231594043762546
?	112.26686628516065	507.49294026138915	64.7152197686737	-106.70973541052025	1493.5878847301492	24960.774484624493	2521.1080614575903	21573.30319227548	-3.625020784463149
?	156.67800972997355	692.4246940615411	62.67861808400532	167.54933385417775	1633.5470060995838	-19490.62918351497	2842.1908472160053	-20223.10612781143	-2.599059471818071
?	146.8881009882382	-274.3449231805409	73.09268646138271	172.94409665010858	519.0564255543868	-22770.790730363584	1509.9527550670045	-27514.95801073877	9.247261692712979
?	142.9607635709463	-27.903905719996544	71.32582291651087	-46.32355011134327	495.00746958138836	-2540.0257797047916	1466.4429466790473	8448.466473652341	13.110820818861098
?	145.49290570223835	-167.4645278149568	70.77650895581552	-63.93612857727584	392.0551365691454	11211.637865981213	1932.3760787496276	21884.095743737602	19.75100816666323
?	134.58753718019835	-257.5462765508994	68.12901648764704	-170.08880586493206	1055.589362880457	20562.71446934718	2560.647733865943	13322.531524871894	5.050567977974771
?	132.6155918746932	9.487978532372246	62.27206866256879	-18.865877843290964	1420.1908600365189	-4794.1498433404495	2598.5026549932318	-13687.014392366802	-2.642318522541283
?	135.06193610681697	157.37139080026455	67.18572259548247	202.3889855772681	815.8818707134311	-17165.30937257545	1876.297014247593	-35688.00227612092	9.853063741301913
?	140.48416141470653	113.76077044077428	72.39151794143234	29.56485849849529	561.9253914077341	-9703.34375652405	814.1025411871603	-14217.382675414254	19.105968021708936
?	140.74997462885577	109.76364286996684	68.66396552040726	-69.21479335179798	330.7146828872218	-3703.4025764469193	1165.4278804768703	20376.32667148236	14.020346370932995
?	145.97234355820495	188.7396424134916	68.93077827384239	89.75003857204214	376.7552625853855	337.5333376772003	1832.9188747612927	13676.104864613104	14.229689834514229
?	150.18695674953048	-56.46336754140213	73.15146744900943	-11.490111666090407	347.59134977108204	168.42180825271828	1849.2331237075352	315.7780457982472	21.24145817270408
?	143.1491751811348	-152.3587672740042	68.35627269053786	-397.4309985946622	385.1763529980215	1745.4294241853918	1848.7077770512053	1854.5324887499019	15.460349534975123
?	142.56901838583016	-2882.983503622655	53.27991751927604	-319.22950255611767	434.86282098035286	20086.437817257207	1941.9597481450317	12318.806272523645	-1
?	-1	-2871.3803677165624	52.39479756273175	-87.11591179738566	1389.498243860896	16611.870785631876	2464.6480906773963	918.4682611734303	-1
?	-1	0	48.924121929406695	-75.2354978677419	1265.4563602619585	-5049.5782278197985	1987.8831612037038	-6015.601487585114	-1
?	-1	0	48.633022669344605	-10.09935215490472	1137.0193324699026	915.9730895114133	2163.8680162981364	7448.873091278168	-1
?	-1	0	48.41915432166145	237.98823058720518	1311.2550147375298	-9496.383277307168	2360.3268157676175	-11770.276385097988	-1
?	-1	2541.2333797793212	60.53243419870503	427.38940228678945	662.2001686045375	-14095.654603732839	1575.3541970432286	-16535.35371451278	2.9702740205812272
?	126.06166898896787	2467.7214820114905	69.78862443600123	98.8753334870478	606.4722845508778	-2244.9259844299104	1533.5591300419667	3325.2809398626578	8.610423926844039
?	122.38607410057628	-2541.2333797793212	65.4762008730575	-266.0066302364968	549.9538693830403	2704.549825090405	1741.6182440363639	9320.792759965438	7.811273715255808
?	-1	523.055165211498	56.4882929241762	197.86547160224276	741.6997758054	-2599.215119738888	1999.5987680402452	3541.1799161713766	-1
?	148.53883236115155	2855.0342420308907	75.36947445316977	341.7299903354241	419.9931133960941	-6671.304589625785	1918.6772398449352	-5483.858529019211	10.164155534618514
?	141.75171210154656	-161.22423949275682	73.57479244094765	-56.20287418243555	408.134546324106	-467.5917667277658	1725.4058415892807	-6457.074205844068	11.227786289411464
?	140.4776203865136	-92.1963901405432	72.55933074404796	-29.13096867044133	396.61352505970547	-268.5581890643069	1595.8235295527272	-6078.546564787339	10.340663208361995
?	137.14189259451933	-41.55407084304213	72.11824400742556	-209.87834095094627	394.70663687089046	797.7635184755013	1421.4785133499095	731.3493630430218	12.038480553633981
?	138.39991684436146	-57.85967144995115	62.06541369650049	8.275303519821929	436.5017009834811	3332.969906162756	1632.3909977048788	-11993.710058105531	-1
?	134.24890902202173	-300.8648842894951	72.53200918341666	118.57497288853766	561.3551321790307	1413.86691430315	821.7930104446244	-4676.242925290287	14.711346462699268
?	123.35667262988649	-2704.978180440396	67.99416234092746	-221.06955382387068	507.1950466986396	2813.0351004340046	1398.5788514403612	36663.61973695451	10.58689110631765
?	-1	421.1161293818145	61.47853149222297	-30.57832128233556	702.0068872007329	6589.6033548425	2654.973997292376	9847.769656770162	-1
?	144.4124790989775	2543.488155686262	66.46524627681066	166.44483376294508	836.6752144407693	-2455.8961344399418	1890.9673342788763	-32884.43475324224	2.5746939801940862
?	126.17440778431491	-556.2416326497629	69.80077318037034	30.71962087108388	579.212080478734	-11103.713690192804	1010.752259630241	-14843.763550265974	8.631157348618261
?	116.60039746648897	-189.9197775631687	68.00122732036488	-55.84817242093925	281.4895299311211	-3538.1334104462253	1148.779156765567	12027.267632438114	11.78321159769394
?	116.67841890615634	-19.539092497129793	67.00836455932334	-34.732816957862916	402.30540995642025	2497.9238451527394	1612.1156412521552	10767.066162287521	13.43953776945293
?	115.62344284163247	95.08356173166312	66.2645864724717	-49.910208861796974	406.38572218875987	8154.335258219344	1687.1324648799507	14960.018405033372	16.824338655592786
?	121.43259699273956	691.3014449551208	64.51285411623346	88.22639118443806	810.0221728673932	-768.0715480934059	2360.1165615038344	48.62746496179101	-1
?	150.188515089389	935.9056964461997	70.67590603169367	168.5474229505208	367.98214478408903	-3839.873600792198	1689.5638381280403	-13816.409959395436	13.82512177943145
?	168.2278818150502	855.1579649443918	72.94022526375962	57.3841377082508	618.0284928277806	4858.664307407551	1669.2960635340528	208.15147262509686	9.89574085251564
?	192.9464133366092	874.6232739329112	73.54511291710625	39.5753687268001	610.91536015447	-512.2773069700902	1699.9714117592953	479.04513585075847	11.172993272328412
?	211.9590455116964	349.19526057486013	74.91899370009965	25.11832004705404	592.4146274792757	-2416.537691508399	1693.248320326591	-1611.8787006259752	14.244664206431924
?	210.40617636535245	-1341.060661674226	74.80102891945897	-193.88752545432234	490.08847557904835	-1780.0205468941895	1619.3774767279954	12.875598251225528	14.635712041493992
?	144.90601242798414	-2038.0769348795827	65.2246174273834	-280.5101817619294	503.413600134565	863.8646025436165	1693.8921002391523	4393.832845948842	2.94113270112246
?	108.50232962137187	-2918.1202485596414	60.7755198313623	-25.22249360367574	533.2817057062298	14685.902222840905	1839.0691190254406	11561.469079179746	-1
?	-1	-2190.0465924274063	63.96349274719959	-91.3733225286387	1237.7087112766208	17374.33874988894	2271.965554198148	11079.949108785055	-1
?	-1	0	56.2068537049303	-75.24255676958525	1401.998643200689	10809.259321540327	2393.0665744647013	3904.2697992231742	-1
?	-1	0	60.20136490872027	4.583941968788785	1778.1716773536448	4870.852459898978	2467.1790441593093	2330.4929430250136	-1
?	-1	0	56.436050803369746	-143.30999656073396	1645.5412661956414	-9748.897206083968	2509.5912216159536	-7323.751133430493	-1
?	-1	0	53.03586508068347	134.84849369905683	1290.7268170494394	-11753.48150808764	2100.9914874877795	-4477.891575340018	-1
?	-1	0	63.17847548832268	340.8413175813804	1057.867190791251	-12880.008448061248	2285.6966428489495	-5880.347206536406	-1
?	-1	0	70.07793095975273	120.32824006948587	646.7263946463679	-7279.674332823566	1806.974127160955	-7969.457533479349	1.0529713792311663
?	-1	10350.788662912337	69.19488749179706	-113.48401299306384	693.8834741500675	-706.111779269128	1887.2237661749764	-189.81166498114092	4.43691066752128
?	516.5394331456242	3003.256445705908	64.40373031009946	-39.19035191577366	611.420805682911	-5184.812441783154	1797.4835439118979	2736.7066001299663	-1
?	149.16282228529752	-7290.695011640954	67.23536989600835	276.97786597166305	434.64285206090614	-3400.6641530373104	2024.0590961814767	2793.29275939671	3.3430412708284005
?	152.00468256357132	208.38152132574567	78.25262360868281	313.2111889489148	441.38759803104307	855.7073841774744	1937.1481818817354	-957.4438862144552	14.105176486753248
?	159.58189835158495	5868.934162071124	82.89592934345431	-58.53642252073458	477.42822126978047	864.7556441981842	1976.1869018707532	-1313.8000656045047	18.135266540667867
?	445.45139066713165	6561.187896558742	75.32580248264604	-431.9758113034544	484.6253802409529	71.96741840694028	1871.4581786015092	-1045.1936270547492	10.527091744755783
?	487.6412931795267	883.5337787410185	61.29713877828129	-330.9440514366989	481.02659219012753	-120.74905540320911	1923.927220518015	829.781224903938	-1
?	489.6280796041832	-6643.513888661059	58.77859991081086	152.25015616505172	478.58792747079235	335.1047124807278	1912.9472398467067	-11.895405623063029	-1
?	155.46559874646903	-6733.0877280172635	68.90964658653398	303.3493959296008	497.78182781416416	288.1441866526636	1923.3324502368619	-12470.310415624404	10.110399750302177
?	152.97369320331524	114.54403931684062	73.94606970729112	73.6200762015242	492.99513680342574	-1590.2237386134905	1289.4317190654776	-17913.423635255567	16.011022278723477
?	161.19280071231114	482.6444693492368	72.59065039661024	-23.640692539573482	418.2706408834885	-2857.7606762620135	1027.6612684740708	7359.58033522078	17.07294174043478
?	177.10591667077742	740.7159196608725	72.76403508031243	81.46781375359352	350.107102990323	-196.13941217907444	1657.410735826522	19421.98891343247	12.610619256915761
?	198.2285966953553	541.4397944214371	76.66404108428998	104.49634498458033	408.46367027453465	2945.0553262741164	1998.760714145708	2757.5987075480016	17.065650373082825
?	204.17790639184966	-364.86357300128697	77.98885232954152	-118.99869362229738	497.35986930403095	3800.9005927923927	1795.290671203924	-14043.444699369711	14.364737195867383
?	179.9854180452907	6405.380315137169	70.71410640317502	-195.7964830458858	598.508699914157	2409.3883755601755	1296.5884791772125	-10957.032071548836	7.573683683170989
?	524.4469221487127	-3619.708360905762	68.19902817724709	-315.83461770098387	617.8292880820414	1773.4490167527108	1247.4390676264743	4973.757702795976	2.9013345500667036
?	-1	-10508.938442974104	54.922375518125605	-345.42636583274225	687.1811507517938	234.22029583997423	1545.276364317015	5935.711437473676	-1
?	-1	0	50.92770988560973	-173.367215419337	629.5403028740403	1295.5479655230263	1544.2246395001623	7914.614962719393	-1
?	-1	0	46.25401474715894	-172.96412671546844	751.9585490279437	4482.138962813148	1941.0071124529761	3485.9888376337954	-1
?	-1	0	42.279503549836186	-46.55759800589285	853.6472510147009	1673.0444358331727	1718.5240813818546	-2304.983549674502	-1
?	-1	0	43.926134846864265	280.61433006762184	835.6107708196035	8685.896538405632	1825.7579349692494	15088.953782505436	-1
?	-1	0	56.31022005321748	518.2277956933326	1287.9420779349887	13144.706512712175	2472.971770507137	18354.94942175883	-1
?	-1	0	69.83752463153127	118.21797183518856	1492.8460964552216	3087.9279675746075	2743.505406057204	4318.047624939884	26.134047889271194
?	-1	2714.64607804928	62.22111864497699	-206.06020671137634	1442.3384763137212	-18402.672201502988	2688.8741517541343	-21018.080057908785	-1
?	134.73230390246593	2714.2363943321443	59.5345142959623	-83.20655120163646	572.7124863800592	-23569.45595591286	1692.6014031617497	-23298.99837727176	-1
?	134.71181971660914	-2714.64607804928	58.06079108489511	-199.2317438837216	263.86567851806154	3521.9123161891252	1523.9242328905298	7796.136797776078	-1
?	-1	5458.051670272844	49.57292710177608	47.60997683830016	748.808102189518	3069.046366564523	2082.408243050559	-195.29013816260152	-1
?	407.6144032302552	2883.165283501689	60.44128992681015	539.5978151361054	417.3179968462899	-6369.0383797240465	1514.1597259823996	-25965.19644979025	22.42076928417006
?	143.1582641750865	-5296.454703861627	76.55281785858173	340.1190551858134	430.3561832033111	158.5969501995567	784.148420561028	-15998.053897742373	14.281729597344107
?	142.7916680371701	-311.74495732739086	77.44724268610106	-174.65810521632713	425.2478443562678	-577.4446163991192	714.2570310952696	3476.4050538590805	20.652470442558307
?	127.57101630871672	20.11706903754117	67.81991259776525	-411.35505778741884	401.48395238335473	382.5949615200002	957.9686732539846	13802.227136751228	7.186460875818597
?	143.79752148904717	454.83679394423467	56.87948979672983	-107.75862816985966	444.3775924322681	12948.811588480665	1404.3683879328407	22824.06980519746	-1
?	150.31285600592878	60.83625756035444	62.43198118927219	361.6640772923603	1048.9245318073972	-2920.0695303515163	2099.172163513874	7551.452586309144	10.769352051605402
?	146.83933436706494	-142.9545710569303	74.9626936613481	262.40770168524557	298.3741159146902	-14813.118802805346	1781.9410172483033	-5293.978345560856	18.640466800209566
?	143.16512745308216	-149.03597671211017	75.55236627353466	-27.966209927562772	308.26859166711944	562.8647997162784	1834.4732462358272	799.4294160790719	23.488294523072263
?	139.38753553145932	-126.16565792159739	73.56438316496994	-40.21559840551248	326.5173559005045	975.9365728988335	1821.9124880522575	707.219560118705	23.62030773992307
?	136.8568445570022	-116.90439648517956	73.541586353259	-6.159212643164463	357.0654203120618	1392.4527530883377	1869.834224241763	-2751.741204772058	21.347775349224833
?	133.54231570720026	-117.20167387745907	73.25642253281171	34.02783674223636	396.1399935549224	747.9371406057188	1684.3254278136526	-12290.855330859502	19.32510092047417
?	130.99676086312917	-121.60544592960886	75.24297819037085	2.362396820207346	394.4622773423483	536.9490045003957	1255.2914576987791	-13593.91192511741	18.2292807388043
?	127.46204341071973	-191.01643755602038	73.37454237382208	-110.17620424459395	422.98744377994257	1944.9218118084282	1004.6298315577724	-183.7090619257125	7.989384097721772
?	121.44593898532801	-236.05293322806352	69.73416797814107	-301.29860089838104	491.70836793277107	778.229767469891	1246.1060046024934	15599.82575291717	9.048589760534384
?	115.65939674931639	1656.907900678219	58.309612328902816	-13.274479414700789	461.89893215343767	8160.566820033672	1784.621119203642	16879.022763325393	-1
?	204.29133401924014	1784.534676670324	69.07044400740602	519.4482026187166	899.7367089344605	204.5999767329959	2090.057142768775	-2940.777205104331	4.392358889173508
?	204.88613058283386	-147.8629264731258	84.28202245983901	264.70841996794513	472.1289309900876	-4615.037535241527	1637.5822589484233	-11683.755434235352	10.646194159792769
?	196.89818769558374	-442.2545235171247	82.30586500580347	-96.93732697017826	668.9848321723808	-507.8440429397172	1505.8693710569992	392.4594767034331	5.241795101452605
?	182.7734044069773	-551.0707649583356	79.43515611133003	-167.8043132429487	446.7367288431014	-5424.624408537348	1657.2052327835952	930.2580676526854	11.050155464702588
?	169.34464944766657	-487.314580206115	73.91564934365592	-81.06298653607352	397.75361174550955	-890.3343844280493	1552.382274439634	2477.6680446083687	7.1388979933757275
?	158.4076753966712	-296.2042561688586	75.3820067845263	58.73365000840638	402.2200096216983	960.9979101951444	1781.0886350140154	5035.752860890503	11.068689268183865
?	154.53443663922343	-261.40526676459643	76.85233184407628	-198.61748439221205	445.80350725526745	-998.6287340677524	1804.1699174841629	-2878.388782312618	17.332632728127166
?	145.3374120584412	-562.6099014309608	65.45113256491555	-132.66745955602386	352.28857291830997	116.57853332999996	1637.1691958983824	-8744.645285373843	-1
?	126.40394156767499	-556.283061262075	70.21895886627499	139.17705316554418	451.63243392176753	5694.258770485076	1366.9376532154645	-10501.523407431965	1.1769697234197842
?	117.52325899533706	-352.5499982692186	72.40998522319286	-125.73944813264254	637.0015114425678	4655.540274080592	1112.0930255267767	-5046.97722344884	10.94166182154655
?	108.77644165421381	-2370.4651799067074	63.93198645964277	-383.2461271102987	684.4094476258005	2016.9772278314995	1114.5887920430189	5097.997203646137	8.966224070909721
?	-1	-2195.528833084245	53.24767886767766	-251.50534140728067	737.8503728341442	369.7162640287859	1366.9928857090872	7926.318260725189	-1
?	-1	0	51.35671938927856	-124.23861162074482	702.89526082724	980.035206293007	1510.904705079284	9375.043484646953	-1
?	-1	0	47.03574828664033	-44.01933475495122	786.8521331487953	9063.6682137265	1835.7450599414415	9994.499714853404	-1
?	-1	0	49.15575265153097	12.691570068575505	1156.0786715135714	15205.71773742795	2010.6296908219613	8013.346007930454	-1
?	-1	0	47.67032679006911	-53.103625132629546	1547.1380200202036	4994.241506984583	2236.41236033797	3140.4397360924268	-1
?	-1	0	46.50057139489945	-87.93967322110251	1405.790746862804	-14091.861853811986	2167.651677626585	-2987.5307834554983	-1
?	-1	0	43.273343129013924	-75.79586853456809	842.5449273295943	-14303.667311064355	2087.035821165193	-3202.5785420690954	-1
?	-1	0	42.710777968170994	-0.1586410582258657	690.6073813095762	5349.420761273626	2007.5227505231278	822.6617374906319	-1
?	-1	0	43.26541107610263	81.68075651360095	1110.0159653932794	8517.259826343247	2128.168908039725	5271.119180885042	-1
?	-1	0	46.7948157938511	295.2627017929695	1116.4703726267446	5619.728195418954	2271.0787095673836	5207.739172103392	-1
?	-1	0	58.028546165751315	382.9696853671174	1391.0023751642311	2339.214825782395	2388.5558666448983	-891.7109989004586	-1
?	-1	3361.6909092134865	65.94330006220724	377.4518388022098	1233.431113915866	-20542.391195025855	2226.49315962236	-10747.434680960367	-2.6044864512336643
?	167.0845454606767	3312.7491297202873	76.90113810586207	184.89819137716262	363.8828154129236	-17553.514927066204	1851.1841325968724	-8285.881692821067	11.738706039611557
?	164.63745648601673	-75.55697001573157	75.1882096310655	-325.43290447930195	355.75536756254337	-195.90992599157465	1812.1990749813008	-691.9760145132152	16.037199232406795
?	163.30669695989008	-70.17858966047825	60.629492881896745	-391.5415058166495	354.08731911334473	409.768033916822	1816.585331871211	-492.4478497405992	-1
?	161.12852700299277	-3286.133939197755	55.61113434023275	-199.3438686433302	376.24376925838476	976.0781112160587	1787.5766824942705	-549.1744998771322	-1
?	-1	1368.7923096992424	50.66229944973009	-8.112753253185217	402.89122467414836	14701.766023986636	1789.126606877354	11311.634262567575	-1
?	229.56814248795587	4823.848961822429	55.205496677573485	449.0682811686264	1111.332070457727	1077.7733424914045	2353.1583956226573	4987.451360923535	-1
?	240.19244809112487	-360.7546639970411	73.11571350816173	75.96436268359176	456.77989179871935	-7745.05960224959	2038.4991749235344	108.1735347944944	16.97780553945513
?	211.53040928810356	8.990827306289916	59.00371481175313	92.79601908498971	724.079090345242	603.475297218751	2358.567072362382	-7457.1264101805655	-1
?	240.64198945643938	147.75317822580706	77.75551446241128	395.46751411825005	486.9536566596573	-3635.13935722762	1665.6428544145008	-18461.653985990153	6.426226340427363
?	218.918068199394	-809.9116937888475	78.77709051766591	-289.60532346647653	542.3221224838584	2800.035536217557	1435.4843730628613	-1637.410947243388	13.04993338665324
?	200.14640476699643	-167.09454024464196	63.27524828908725	-246.53755017132616	626.9554334705372	2219.7657252184313	1583.7723070523302	5081.311506660046	-1
?	210.5633411871618	-375.36799367583035	66.45021300909943	319.4339560606058	653.3104087447815	-4185.998162212874	1689.5499483958672	5579.40714152154	2.1289409800635246
?	181.37800508320464	-867.8638368834745	79.24694609211777	164.7082682846223	417.6555253598905	-5789.738527884075	1862.7426641284112	3667.6839264310024	9.455919644433
?	167.17014934298746	-61.96818226535325	74.68562642333066	-65.59013858733911	363.82348235057367	964.3971496965752	1872.93414471742	-2701.034791311138	10.842779348207722
?	178.27959596993693	582.9974130449866	75.96743916275077	127.19539236896215	465.8753828447199	5048.751721562826	1727.6909245628524	-11490.73266522703	12.619643762583596
?	196.3200199952372	444.0253022543788	81.04539604177886	37.013623305121584	616.2610684287185	4193.501683768501	1298.3975114560603	-12733.586427183456	12.71869984868828
?	200.4808610826562	-166.1249214259191	77.81812032800687	-171.38323521123237	675.5504670331479	-1386.196292624357	1091.0116032036706	-741.2616978359196	12.839987448243694
?	188.01377392394113	-434.6665357992726	72.47623428121712	-88.08757281539943	546.9512537974997	2984.604011632717	1261.3344265642638	19754.78461247786	7.9644243027615405
?	178.74753429269225	-391.1405550707225	73.41374168723684	88.5306561768836	824.7806676147859	2634.4259648888615	2078.7508338275775	-789.7975148500678	12.49605752365487
?	168.45674617040473	-135.3315117340603	76.90276709006136	67.40482272055876	678.6725520419446	-2211.52521872029	1221.8445508217599	-13185.9662373567	10.851686764364441
?	171.98095870598914	257.88397209992615	76.78398282326482	-18.1598466813418	714.2044066787698	125.24419201175128	1419.452521959733	6309.799197462686	17.799002019437626
?	181.35094477540122	357.67481365719567	75.99477475599426	-65.62038085959406	684.9347616425323	-3796.790355912481	1537.3345106948987	2922.6227976974674	12.795266884782588
?	189.86469938884917	219.63386900681968	73.50296378028507	-116.75476800493446	524.3648888831431	-5013.590777559886	1565.5836618446085	74.47534912767318	11.355537009827229
?	192.33263822574236	390.0705614793834	70.15703635574745	-130.57748766614552	434.25522276453444	-2404.9920633068277	1541.0582781512824	1222.917033133509	12.673551672894984
?	209.36822746281862	5305.4924929373165	66.9740893969777	-189.09947904437146	404.11528571779996	1194.6731050596259	1626.7295135012848	2510.69967382282	9.483108513062254
?	457.60726287261195	-4207.364549256313	60.70206240352874	-387.31467509751275	493.9888780175166	3396.511488801346	1666.5932618424251	-2219.6220067928975	-1
?	-1	-9172.145257452108	47.60835564210179	-304.44830921424375	573.9408601578697	1141.5541058565314	1515.7484131616384	-2334.8032794228343	-1
?	-1	0	45.47964694281634	-85.43036514440608	551.066583310344	-1114.9751876496794	1549.8530978712818	2265.338116529237	-1
?	-1	0	43.33683738488143	-65.3856091806076	518.1921007753849	-490.4345865244771	1629.0153189881019	2263.0466068803294	-1
?	-1	0	42.21036648378591	21.143767945906813	526.5448539841198	2723.2541568820557	1663.0054282152998	-148.09776612532704	-1
?	-1	0	44.39402578217678	58.193669626164876	654.3548086194896	4807.806646362592	1621.6104306818354	10820.437552843347	-1
?	-1	0	45.120049965094196	4.639817814815293	766.9351863022528	13197.930129716618	2204.027305857475	19946.366162757608	-1
?	-1	0	44.62601667291755	-80.75065679540343	1314.25131510533	4661.73269935484	2618.92873881973	2812.4314032046877	-1
?	-1	3177.7132345075047	41.08251712532397	140.31303809914007	1000.0218212699981	-1581.907208181797	2344.6488760177112	-9045.799224555192	-1
?	157.8856617253775	2974.8982992970637	51.641668577874654	644.3669234499403	1235.155954696239	-11953.915513617036	2166.638777591964	-14110.18581301389	-1
?	147.7449149648553	-363.1457847621578	73.30086329782144	531.836437495394	402.32604558913783	-16280.03676972258	1639.1395853670067	-12423.941277857053	10.209510846788389
?	139.72837248726935	3393.146450510315	78.23349045264473	50.07337689666784	421.1541162100984	171.67503588539472	1545.4417136991024	-228.03295379082232	24.147679760823287
?	317.40223749037347	4867.769626336214	75.80453214265486	-413.6801560088311	410.9097973834077	-19.178621089757552	1627.7379376774654	3407.26238765126	15.3128384609733
?	383.1168538040835	-3588.5940473010705	57.54948265220288	-216.77755797224881	420.1951851556105	-1791.385695373569	1715.8048330816678	10346.821250065272	-1
?	137.9725351253174	-5220.3018072316045	64.96565424404227	-6.970274355285298	321.34051261472797	7644.802273381807	2145.0790001807363	13816.06248803217	9.9658272302458
?	122.1017634424996	79.54971910867869	57.20096893443861	-138.33990169295137	802.4352988247063	9911.954027292826	2406.607957483286	-489.47434877609555	-1
?	141.95002108075138	196.89215889338845	58.0486591593946	269.2633105527315	816.9382139793763	-6409.866308625909	2120.605282741931	-22576.60929329108	-1
?	131.94637138716917	-579.8503647128075	70.66413446207538	27.99750647608792	481.94198339340625	3440.051986056945	1277.7774928187162	2233.927248556479	11.93779225329703
?	112.9575028451106	1417.0765298303295	59.44853448319902	-95.83989153415251	988.940813282226	8646.705251424366	2232.3016451697567	18855.54586514166	-1
?	202.80019787868665	1733.0782293749662	65.87213988536769	160.20277669128163	914.2772459646307	-8225.339408441698	2220.5547860758124	2013.0353538961012	9.50632378563149
?	199.61141431386014	577.9900421997784	67.45867331776321	43.48336832368029	577.6738428601353	24009.70412334387	2332.9534128645632	10346.457358614387	11.144987269685446
?	231.69969998867597	571.7538836770881	68.04630830155173	234.81965522029762	2114.762452131841	-3189.0301999232033	2737.877654006539	-5460.345927394951	-2.1134101894827206
?	228.19910849771495	-563.0466783359356	79.19965607877826	150.2784707004436	418.2223328639729	-34516.00454641753	2059.936116494812	-18403.506327896295	12.889471263377928
?	203.5473660718788	-910.3370336458569	75.56023183657402	-98.76185569810134	388.9622248109401	-1175.724531551387	1817.7023376117113	-4120.32888707337	11.468315106192419
?	182.68225681542145	-638.2607156261724	74.26156329387312	25.610115717704993	359.4361062864027	2459.631545401335	1853.9196721411404	-1767.799836251063	9.278263755575852
?	171.63433029056972	-411.5845237728494	76.84073762245929	54.33054276585104	511.9438020810086	3367.1372661658756	1729.312345799157	-1689.6146137896162	8.185262651673078
?	162.1030306267787	-470.26251984165197	76.97809043216572	-185.79280795834612	527.7929695946989	584.5989181427407	1769.4389414516584	6992.758192236907	10.242210541374474
?	148.1212042984868	1095.6984619434204	67.55109722454185	-176.3627404118032	541.173747988146	1757.303601187832	2078.950255411007	8416.265800944915	2.7920408528596177
?	216.8879537239505	1099.6303034629923	68.15995341157543	124.73996586717583	615.6581496540917	1053.8019583256537	2190.25223149891	-8322.213262334066	-2.96684823888982
?	203.1027194716372	-943.9051777599806	73.78809551790073	-42.70660139185164	593.8638459044295	5007.156014603146	1662.839592294298	2831.8148000852907	9.942860903849759
?	169.6926948359508	-1252.6862685103524	66.02462334198282	-156.61638154413174	866.0159503842526	-462.4319456684591	2331.8429715031766	10785.482719889866	4.292913269099811
?	140.46840604611867	-929.0677545035514	65.95727644069403	-70.88946038608695	570.7422486210062	-8582.935065350928	2202.113728288799	-13543.545141549128	8.518210953484472
?	123.23930711077256	-58.66752400454603	62.48015032267842	119.41023023765241	436.8691971167001	-1860.9634375205198	1654.6657144257106	-30722.29748661628	-1
?	137.53502984589133	170.14021136987637	71.92778795257674	203.56395104174575	477.6940767449789	2778.7915025082693	665.9988539579631	-13567.999006496608	11.17372744536912
?	131.7463176792665	-354.40530176830185	72.65834787476585	-204.28993986529215	575.8087722421155	4846.7107643548325	976.2657641008706	28854.21341929159	11.866109601593257
?	119.81476475747598	413.2868385904292	61.71329095931198	-70.33035389139101	720.0296149627239	1295.1936236419713	2108.709524922563	14628.545441334989	-1
?	152.41065960878825	710.7282363083529	69.14183018019625	187.5941486627511	640.568453424215	-3871.571572161524	1707.6930361676305	-14476.285773759499	10.64797135831623
?	155.35117657289413	-197.26187660444398	71.09299839244967	113.6628575560321	526.451036354645	-4444.765808990276	1384.8952362345779	3345.6827225953452	10.671671956004094
?	142.5475657785659	-631.9951752816364	74.82497305799794	-149.58394472291246	418.33016297469806	-2235.294008089735	1874.9771722974	9429.02799160852	9.084415758586728
?	123.75141780881187	101.66772292207921	63.61380115630394	-198.34409922725203	414.68633595015666	4855.024154423276	1856.3466358150106	2970.65303641123	7.15635986499204
?	147.63095192466994	203.0730646541232	64.9077680966352	232.6953588192404	661.0813706958653	1976.0508488516373	2023.5098241179637	-2901.1707813553808	0.5636938917413099
?	133.90507104151817	-454.3512935903133	75.24856909726613	72.35011305891828	513.4888783927399	-5625.195396982226	1711.2880967472395	-1561.2108988345021	6.715461102866205
?	124.91338724515396	-137.01862514841483	68.52527374958116	-345.91357619596715	379.82160084675	102.16259936986344	1945.4492791762375	4022.7470785751184	6.746045532117731
?	127.05413978409733	462.9970497240188	57.952890287467525	-157.1358547553689	518.5970083612332	8062.042786941453	1912.4254506759983	2390.9739049207087	-1
?	148.06323973135522	8.601166903573178	60.6684810118126	202.3073873977594	782.9237401938284	-3974.643014118515	2064.9979744222746	-970.1204093105433	3.78798547618715
?	127.484198129276	-599.6602371950357	68.06825965735564	-57.38851033682497	319.8648576553046	-8074.676872576048	1863.9194302104704	-8095.2523468687	10.965790728353815
?	118.08022787160301	312.038777493661	57.79905549497131	14.339185264773642	379.18989656502026	6179.159206495184	1660.2353570788339	-17935.35669776731	-1
?	143.08613700395927	451.6153482960716	68.78521892059433	123.42127132871322	628.8228179800682	6071.749910203243	967.1515953220921	8220.06012708686	6.025990474418577
?	140.66099528640692	807.5579568219768	63.97011906140706	74.06206692364245	682.7773920751868	-3145.9980895336603	2071.2383634331827	11387.301042093506	7.669678503465839
?	183.46403484505868	907.2779537681284	72.4883222667765	108.38065523819625	471.52291350338294	-5304.496289420173	1536.5166474267755	-17162.099694390956	13.762428241312774
?	186.02489297481398	669.851687533672	69.38915182331695	115.73124889596818	417.55257760417436	962.1217008809322	1213.1333787136227	-7084.057046132138	14.393498961758597
?	216.95661922174276	469.05802317813897	78.274884711575	104.51672726103389	519.6289985474302	3487.443983730829	1182.3137951201636	-1304.8200575232108	11.503907460563145
?	209.47779413372126	2.391299331110838	74.61498818636872	-236.80407231722631	591.9247767907183	1427.1281767432972	1147.8923758374613	-711.3805644142839	11.582964194778729
?	217.0761841882983	-151.98473463840128	66.43468109571352	28.099077501795364	590.9854073845961	2077.838575443857	1146.744766899449	2623.316944156749	6.579864182284592
?	201.8785574018011	-4361.523683765904	76.01994206145851	-66.11816800439505	695.8167055629126	4250.453962017901	1279.0582230453006	5218.430311549303	6.572228771829935
?	-1	-4057.571148035964	63.128772695493716	-375.9949928009127	803.5081054854942	2186.649207508038	1407.6662824769178	3897.1003545824706	0.22368833089166376
?	-1	4468.894249510741	57.220192421412605	141.80737870561313	805.1491659383161	-4553.122366653957	1473.9132407744269	8052.146997212757	-1
?	222.44471247554023	4100.872230176101	70.21914163077447	427.94119856039873	575.8519871527931	-6860.614443491708	1810.2736323375614	5219.582274558673	11.97430801105279
?	204.04361150880794	-845.0503134011818	78.61725234943285	106.67653977238378	462.1184437637258	-3341.539531042827	1734.8923545023642	4899.580283507155	12.132764328578954
?	180.19219680548053	-865.986645744505	75.55296861939374	-168.24617648459582	408.77501060064935	-1907.9669104680092	2055.2526465129226	3428.4597428103157	7.597638482580931
?	160.74427922158208	-616.7312764720058	70.20494352520294	-59.008374562776865	366.720098240324	-29.246277287305286	1906.3153416428825	-3110.287741820213	10.560204949937853
?	149.3556329818798	-289.3496993901515	72.60254989125485	-168.28058285281062	407.31269673628407	418.25205828595557	1899.7382594219098	1502.5650336365984	11.16446795747523
?	146.2767942520743	316.2296328112877	61.790914382562285	-127.6367715202129	387.63270115462205	2527.627944704354	1981.4435933247134	1798.4813133489133	6.785010632501903
?	165.16711462244442	90.34839897400829	66.22071131524412	281.0031406424319	533.6940939715036	2724.3820537743863	1989.6623250893567	-4915.906502623978	5.1621439686554
?	150.79421420077477	-497.75484378598696	75.84107141468408	-8.852000468250923	523.8518038433433	-1661.596911699958	1735.648268193511	-3125.134094806682	9.596599648026984
?	140.27937243314472	-3035.8842840154525	65.77811129183156	-388.1491420444023	450.61424838650447	-455.37900772730416	1833.4056203490204	-183.18619920955564	6.9153606377611965
?	-1	623.239157978518	56.43361431246369	-83.08907414442554	501.0828534569778	2843.600410666124	1726.4889582330331	4805.032698410873	14.867055370677956
?	171.44133033207106	3078.310680407829	61.62365758461023	305.9570325854761	592.7942689198127	-3643.16071022259	2073.6572552695675	6562.739104828181	3.5695700904717045
?	152.91553402039364	-880.911146044684	71.73146594173771	130.00795569197194	318.9248179458457	-6407.61683269779	2054.625913474447	-2485.198796839387	14.25339282659569
?	127.39577302983623	-742.9671620597344	68.12405536920892	-274.5693388249109	272.4134272849186	-942.7239300542831	1949.3973154275964	-1998.888590890191	8.417152598679603
?	115.76717591740639	-2567.915460596688	58.00299900049197	-371.86142900174474	271.78862144313086	782.1286872758096	1954.681483929936	-187.81896839715233	-1
?	-1	2168.0226675039507	49.53098391912142	140.36696380213556	311.51986164870965	12256.426524815764	1940.0063670077386	6258.192956375462	-1
?	224.16830929260547	4722.74353894478	65.02134719059885	539.6522288549209	884.6099476839278	3203.525497672734	2267.5911317487135	-13238.689684928135	12.024041663167807
?	235.13717694724238	-206.59744088500182	76.51359536186784	149.41247486027166	471.69613653234865	-9472.404308385223	1278.0718827613225	-14039.27664702685	22.697504186354088
?	213.83843724835523	-436.18110473894836	72.49197093361254	113.63564378921731	410.9897322646599	-697.7020461346402	1565.627299397361	5359.388935862977	11.23433104391742
?	213.32812171029465	-235.67414485033288	82.19537755132879	181.13145118141998	436.81103422561614	252.67571579901625	1546.0413295544752	1812.3303477190454	15.363398095245197
?	202.05473000583842	-689.6848994600463	81.54854349268366	-187.87360874342897	423.6235180546109	-1255.8132627938635	1656.2438167833145	4583.5451455888215	15.304829960199921
?	178.84387673729185	-376.49589483686873	72.80169711415721	-180.75363785019562	374.0203710859221	-1513.7661841921624	1775.2185868339195	6893.9428246645475	6.3731427749629646
?	183.22993526399472	-22.17491511321523	72.51086160017375	-3.6604439787296363	347.9352088450017	-545.4822383606577	2000.9409580165468	4648.276397002166	8.812173714505384
?	177.73513098163107	-323.4281999403191	72.61867491522072	27.975322712016634	346.7462591678888	-207.24248202559625	2007.6324066840311	445.85462220953383	13.088429886099481
?	167.05852526697853	-213.30713286886103	73.9096277357746	32.66507031129674	337.5730847437217	-75.31183258962876	2023.2336891270238	-1498.2746539006134	19.399091058983867
?	167.06977433818787	187.08613282555194	74.25192843078558	-34.93754741894669	342.9806675384073	412.8639908021624	1932.7186739889994	-1035.6417729799239	20.81573872854191
?	176.41283190825627	415.1480190334778	72.16275036482725	-100.54685331887411	358.21628428383013	318.78229458608985	1971.4516004780269	1574.594444648465	16.018101675210655
?	187.82717528986205	103.62788305461686	69.2245857648418	-363.1491779948083	358.91978226771204	443.8712198921615	2011.4483962214238	958.8373375521633	15.252671324918971
?	181.59422606098718	-3776.543505797187	54.00529146508657	-365.89022757341775	380.4098452784385	3957.341369993482	2019.3934673556357	2788.6530232029977	-1
?	-1	-3651.8845212196916	50.93007438617066	106.58372967706744	556.786850767389	11565.492331927911	2150.8810473815756	8568.554695464156	-1
?	-1	0	59.33447794894002	-94.66981121733959	958.6844618748423	447.39974399111406	2447.8212021288496	-2188.220502736568	-1
?	-1	0	46.19658382530361	-250.86298722219126	579.156837966945	11299.63564532502	2041.4700222447457	238.25895772870925	-1
?	-1	0	46.79132858783028	65.59787321029964	1523.6662441411013	18161.259316664735	2459.734150015285	-650.617175303123	-1
?	-1	0	49.47647748581864	77.60883798402705	1487.2198038001945	-2413.4339551222206	2008.939163479589	-5829.143268411725	-1
?	-1	0	50.67177048703169	-45.055279501729686	1402.9945463849886	-7369.547369252714	2168.276986594695	-1195.899561384914	-1
?	-1	0	47.223713510732125	-172.11298882978537	1118.7424353375536	-10177.294438422514	1949.1441854103425	-10548.761315665994	-1
?	-1	2744.6523165323797	42.066121045542296	263.46532264468146	894.1298244638556	-8246.901684961353	1640.8389208113877	-10951.486153110158	-1
?	136.23261582662093	2836.4490975937197	60.396979642966386	647.1035879400722	706.3973510894801	-6916.966524520428	1401.5698777548268	-3944.37314732363	3.168070963964641
?	140.822454879688	370.3492989768237	74.42130044254637	406.33146363917905	548.2814982378293	-4796.8311102024745	1443.6202634452034	7694.928318217762	7.86398828824391
?	154.75008077546238	243.48432418209592	80.71355282492563	-66.38465637657495	466.555795579353	-2830.9413342554553	1786.3162936657204	12841.58802889383	13.845125920305453
?	152.99667108879297	-39.039065425828895	71.10206762371757	-285.5931374450173	406.7344315250545	-2089.3965735176243	2085.699664889904	2184.024258079249	6.882841923727918
?	152.7981275041709	187.16810455060187	66.43389595267456	151.57142283165695	362.0859669034703	-1455.2424622271244	1895.5175065696844	-2472.064539893869	9.170346768518252
?	162.3550763163232	15.011815278313989	78.68063876530053	86.83135825851328	333.97230841369725	65.2282104515043	1962.0964378952087	3043.6996471956013	17.595880201568946
?	153.54871826808662	296.6229063371137	70.77546386560029	-162.25686538400592	365.34737742604557	20021.305540108	2047.7024889294667	11954.90349394482	1.5181396540062015
?	177.1862216331791	374.4947442341826	70.56779549610012	144.42774933016744	1335.0375854191113	-71.9625717995508	2559.841612592458	-3923.979834031287	-1.7933246913154135
?	172.273455479796	-168.56917134768526	77.99685133210876	50.73250062236226	361.749248836068	-19742.12625025271	1851.5034972278995	-15549.258576689088	14.412008589883115
?	168.7577630657947	-187.64119831117927	73.10442052721827	-29.77703182291194	347.9312729064619	4558.584682168913	1782.3786837579928	-4436.934161284108	8.52962374557179
?	162.89139556423692	-233.82922757123148	76.50799974096314	50.025213913470026	589.6784829445169	7156.4865955320265	1629.656789163691	-7669.747475297913	11.649500699488527
?	157.06630168723296	-150.0447249290336	75.6056812228918	-60.44397825917087	705.7556026830683	1390.1714936308151	1398.8913099930917	-4640.496470036275	14.744620700348543
?	155.38915931778513	38.59407468871441	73.48580082800456	-90.56588985219675	659.1870576260586	-4587.905236498757	1397.631965661874	7257.424904706665	13.25837073889738
?	158.9960054216687	69.87584598501442	71.0773867302819	8.837722811805564	476.3603408581272	-6111.336216710785	1761.76255522843	10259.989190272045	8.846912144363735
?	158.8829516170359	49.458697383583264	73.92768696859484	77.58393620998507	353.620246790515	-997.744591936036	1910.6314251754834	-9343.568383606247	14.245851604125173
?	161.4689402908479	-188.89637467969482	74.95658354078121	-148.79524147630622	426.4731112613247	2273.23170758485	1294.584136048111	-5923.357578379079	19.74022466315761
?	149.43813288305103	-689.0969471106228	66.48792489477943	-94.9692213195528	467.2818321697591	3251.743709363906	1614.4635462565252	1404.7594435406136	6.136427914722402
?	127.01409293531628	-676.7267424728173	70.2081224748035	-59.24009459650152	589.0602967295223	1371.8221037483963	1364.8221082251428	2595.3242961441624	7.546042193588961
?	115.60179575940968	-2560.2818587062893	63.52592016495431	-380.87361417992526	535.8729373571799	3316.563867871278	1744.2297610637352	-745.9486648123706	11.319070876782302
?	-1	2372.9659608287598	51.16444176580697	128.2365891764562	754.8884901230886	5578.779796003573	1327.5246749845237	17319.461394136222	-1
?	234.25009380084936	4567.403343581896	69.93774962377721	451.7292066958235	814.8119271573626	-6562.788363234345	2610.2028307705586	9614.843628563898	14.387879994041047
?	227.37016717909802	-824.2425172727669	73.75090210059847	-116.41099098269768	426.74907196136667	-4894.313104909019	1808.2668564127255	-9203.279307213112	20.72665435509953
?	193.03796793721042	-624.746640844032	64.11720007464224	98.27667549468632	570.0962719119082	-752.0632017298278	2150.0388654098965	1290.101815193784	8.475530536081816
?	196.13283513689598	-408.21851940845863	78.66473587533285	106.82730520377437	389.14591187487474	-4984.202351616266	1872.7719471724156	-5437.930539640051	15.937064207497588
?	172.6270419667872	-542.8714138757035	69.45856533483104	-54.950549532235655	320.8861543310913	-919.786269748808	1878.14233842789	2159.4359366164886	8.590163672538058
?	168.98926444311041	-243.65300948345174	75.91720839872103	81.64553527872667	343.1565983874337	2266.265344929112	1980.7437440032415	-3548.432490842301	11.128202886920281
?	160.44439149261444	-252.5764170955925	73.54084209876743	-24.469697611642907	434.1994215775485	3575.4352940569293	1700.7207138857725	-5939.207868621449	9.395994497364743
?	156.3604435883306	-471.88274890327773	74.69372351813887	-50.60846578062935	521.9283630902827	-120.77816986266212	1683.7833505721649	3897.3065001802106	12.402514650520693
?	136.85025404745022	-958.2067256651144	71.01041880973592	-258.807068979753	428.1605130844153	6264.661492837074	1895.5860388947858	12623.139985299074	8.242054111971855
?	108.45010730507421	-2757.0050809489653	61.75337006915103	-111.77728008978659	835.1614377321408	21555.42973097121	2314.9403498371275	16350.777196285866	-3.060624217794306
?	-1	1296.7280561999821	65.42155480524652	227.94847939216044	1505.931999632991	-6576.609222243916	2713.1248987090908	-7163.048978447439	-4.531678361309933
?	173.28651011507424	3394.154156353277	73.15079403875922	177.06981879685432	506.3309766199404	-18805.31098284953	1956.7879009147505	-31536.006486924427	9.464877862114212
?	168.70770781766626	181.41266450390472	74.27504574508936	-59.89847275884955	565.6664504905011	2779.6252295822687	1136.324574362847	-20159.834076656112	12.869267064039786
?	182.3571433402696	124.0243646952535	70.1558704008167	-314.21634749061235	645.3122380990558	2266.835936025561	948.7961970819306	7623.2306264604185	11.605385460164428
?	174.90892605242902	-3667.14286680534	58.56422837055852	-349.62021706199226	679.0082472917808	708.6695362824538	1517.4861056858733	15913.190623039278	-1
?	-1	-3518.1785210485305	52.674859547716835	-188.8363633036751	680.745714913179	1623.503808158366	1744.4557282339058	6847.656430632008	-1
?	-1	0	49.12241020537463	-115.44282741704514	760.1834376997002	1068.2945504826905	1859.8689272174786	3379.9395792895	-1
?	-1	8333.549879580676	46.9027181768645	179.2918833632143	734.1604424373143	-5277.525748956468	1913.4527071983832	1114.0556555504668	-1
?	415.67749397903975	2940.2510296412233	58.08700437353547	587.0557760756784	496.30715025187305	-6584.8065005855215	1915.5717099950027	-571.736807816079	0.8508656382868239
?	146.01255148206326	-4821.539812884793	76.25550698064883	423.5398222018081	404.9201174080335	-203.51230288401945	1884.8658668075789	-4964.390299461731	6.58502358745767
?	174.60050333479668	930.2499222327872	79.26399548362618	-33.46731814593094	486.13153510767194	3234.034661691667	1667.3521950219126	-6220.167462144357	8.695676977630649
?	192.52504759370328	85.67631011985489	74.58214107335226	-135.67987228952154	566.6218504926192	4052.774600134681	1573.8574937003566	4920.112067347848	7.775489450827851
?	178.8843188407895	1743.5164456145812	72.48000186915	-16.479616294513782	688.7702651144089	-113.0456869105394	1913.3577983893085	9451.255859467145	0.5475946382199176
?	279.7008698744336	5828.543428452759	73.75816025862656	-100.21911355795169	560.9695661470921	-3673.8410459011516	2046.4202866737205	-2122.2355935525156	4.640139768052194
?	470.3114902634316	-2071.6502198724556	67.46904619125235	-59.212990526856984	505.07821281934866	2086.0880769060236	1807.2460187116812	-12860.722336888306	7.517093392828054
?	176.11835888080932	-6088.083440416434	70.79751073228367	43.15070067962462	665.2739699923948	1531.8603381596822	1403.384169829296	-11541.464590033947	7.17722704839063
?	165.90731824260558	59.059246479521065	69.62658122523361	-172.01711308487643	581.6712297273339	-1376.0562931461673	1230.1727892099757	-2385.3023704781276	7.884550005568049
?	179.07132120478542	11.806376021389557	62.196655078039726	84.26729214119541	596.4711553350854	-3333.7421218318823	1284.119051305388	-122.46631245277794	7.859814213601116
?	166.49763704367507	-579.2493554926151	73.83994583229344	22.740288145738635	414.9841236357374	2839.1275090812956	1224.0494735873367	19044.813604488758	13.160690214450167
?	150.10885343015426	160.52829504929605	63.33366948532667	-124.84229465036144	738.4275307891522	10646.841818836032	2236.3597315298393	23126.96420426161	6.191367836775025
?	174.52405179614	-1.3434884494887265	67.59783109977528	35.53418640928718	947.3262145775465	-7814.856237621539	2380.3976838004337	-2608.204012053501	9.16363885425482
?	150.04167900767982	-654.056519448595	65.11037880579106	10.971081890000804	347.6847189080697	-11459.990864452548	2105.9495309271624	-11453.54106679829	9.365590667244003
?	141.82122582370977	-399.7613584105477	68.14638519427533	137.36410497476615	374.32667135491084	765.4790280937145	1807.720630460511	-11068.834205396644	9.035543733322008
?	130.05361108715215	-472.2410504393859	71.97858405452946	-198.7455009019924	385.958670312756	189.69907104872803	1552.5078206573223	190.19093043079195	8.19262056068798
?	118.20917330174014	84.13014476083384	58.209110149175565	-38.73137928665502	383.8116249073474	1931.4066880254936	1817.2301769820508	1939.6733071616425	-1
?	134.2601183251939	24.997122406942864	70.04201509019669	225.10013607149807	482.52900471403206	4584.266110117264	1649.4914860154058	-10698.34201370031	6.421872609024286
?	119.4590294220873	-269.25671992887135	69.46411695275063	-24.344565170335894	613.0249304132138	1192.200270537378	1282.3130762970277	-14673.128250001899	7.331361443722757
?	120.79728232875014	6.300209910667628	68.82478683167987	-32.03304039966963	542.1390182409018	-2782.135716235163	915.8350735153005	281.27720445204034	12.328836266273731
?	119.77403991762068	-38.75859612931039	67.86246493276713	-159.22715957202172	473.9181446014537	7659.040007384292	1296.37693651963	20285.60838864358	12.56973611624143
?	118.8593525222846	-2415.480798352379	60.86342885307867	-230.44268150610222	925.0910186101219	15585.212285632691	1930.115492947494	17258.346643615107	-1
?	-1	103.04718390833212	56.34033085746185	104.40898961068393	1253.1787588830994	-5935.080409683292	2159.2942687003974	-6612.6371934978915	-1
?	124.01171171770127	2295.576385808823	66.08387833361294	194.96252879573953	628.3369981259531	-13530.465413459422	1599.4836332725947	-21979.8614287322	8.303461173603846
?	113.77881929044278	-2500.23423435399	66.08845729724897	-263.6980181733817	576.6554882101186	1649.563023306943	1060.3011972637717	-3044.643093026632	7.859562362054288
?	-1	-2295.576385808823	52.89897742494367	-398.98430690839024	710.8151492913014	2152.935482339882	1447.251478621261	11955.658138392968	-1
?	-1	0	46.13924195182917	-113.38121591584222	684.3022623271143	1893.330920480883	1658.0841041834285	10190.666409304855	-1
?	-1	0	47.22991662915148	110.35309603169821	805.4816953153469	13314.63507942643	1956.784799086511	12978.572086283359	-1
?	-1	0	51.65689675341416	74.4538126074263	1350.0340162984453	4699.023968490746	2307.0127084976057	3970.9713810869225	-1
?	-1	0	50.95260725952285	-103.0643950666366	1040.4328937398875	-7962.291740547728	2155.33336814086	-1984.8854143098006	-1
?	-1	0	46.503677000082256	-23.920444443756082	951.9194292710532	-5580.52384100793	2207.7684377821142	-2965.435895282161	-1
?	-1	8283.291532020821	49.75658503733503	596.4394767102958	761.406701689487	-10682.215863934247	2007.0615733767497	-2714.759694686479	-1
?	413.164576601047	8810.371872597774	76.32565083559747	402.2067426113923	417.80863607433326	-6396.973460413347	2072.0304530477883	1005.2649487245883	11.718978973568158
?	439.518593629895	-8283.291532020821	69.86692216790493	-464.66003920472366	441.5580286688151	494.9069375506824	2057.32482081298	-134.16431787465436	14.27561691726777
?	-1	-4908.336818120608	53.09264887536096	147.1318191900632	442.55398295186774	1769.5669815671167	2065.3222371540555	-3376.891674888622	-1
?	194.10175272386113	4429.794264575253	77.2235131274082	611.5103714313591	530.0363777471722	254.97840640548227	1888.4802370685463	-1292.9712538217334	8.028584438721586
?	220.4897132287658	498.0716370984024	83.66816744692935	-30.723336253350755	455.30290327214203	-2138.351907463947	2000.673674462968	1911.3477578687118	11.476343184231517
?	219.0053345787816	-59.91733598451134	75.68734631474064	-60.90765317331004	423.1187823739733	-163.74471753004053	1984.0476249619833	-6572.060696537967	11.275872494486425
?	217.49384642954018	-241.38231868151874	80.6227847882638	-17.565321955315518	447.1156673956399	1523.4482590919913	1672.070639636065	-8689.164772979648	15.32251160066259
?	206.9362186447055	-69.07249854495505	74.80908021697485	-426.92759336988763	499.29119532857396	1822.895883322616	1549.5893863129947	-906.9383558791704	10.488432651434133
?	214.04022150229238	107.5506439499124	59.276405119769116	-110.00306370842239	538.260461561772	457.1573702441473	1626.7237218421058	5183.681289181158	-1
?	212.3137508422012	-364.73118443045047	69.30892703155365	343.62082602690276	522.1490638407817	-1900.6223897343161	1808.7734507720563	-3617.5245470044033	9.743596503468176
?	195.8036622807696	-313.8699459624054	76.4574464211145	75.67871145174001	443.22934207505483	572.7949300111013	1445.847494491883	-12189.659545543976	11.900612891550495
?	196.6202535440807	-193.09179539599208	73.0928626041407	-74.10035887371274	550.7888103413371	5213.782404698824	1199.2904734948488	11828.585703703544	13.990863365668968
?	186.14907251096986	-749.7692085110459	72.75242847742881	-271.3194966902563	703.9184623099998	4399.609696444278	2037.2767796770686	20301.66116137047	12.429327887503058
?	159.13179311852787	-187.57693645017997	59.5268877696277	-10.678926731515466	770.7692951635542	-1896.5066534824748	2214.3735315633867	-11684.45495519987	-1
?	176.77022568846073	-4.5389073986569235	72.21848214085303	302.98027905057563	609.0931296358747	-5640.1554101303655	1453.0540319170668	-24975.217109453897	4.287341124404722
?	158.90484774859502	-576.2224949714179	74.6759017221567	-49.320071309424954	488.7615246570319	-3573.8606167098524	965.6126760906742	-9030.096728732367	13.422508801887417
?	147.95910093988942	-324.8297140481389	69.75247857538174	-131.598299486631	430.4000988003795	-649.7844821778061	1001.549195480442	9094.321807230226	11.126863127415245
?	142.66336204618784	-58.35467688523212	68.09598674782505	-32.04375204367875	456.2723005481411	-970.2527880946558	1420.328766452192	12962.369683388799	11.255038301007819
?	145.04136709562778	217.67950768158104	68.15029097319778	-9.296668729001436	381.88745939564603	-2449.310360122891	1649.6676796498912	9735.52158147909	14.538192921775043
?	153.54733743026705	619.7775505172505	67.63115331137497	54.60284772174597	333.80678254199483	-785.3905403366016	1907.1048455261534	8993.679916425357	10.533448431779314
?	176.03024462149074	332.2555760601288	70.88043335928512	-217.72820091252046	342.6179323788154	73.78619559281796	2099.3516754711654	3081.445673630971	13.665046394682628
?	170.16011623327373	-3540.6048924297643	56.744743265748795	-373.0745635762851	337.4960923216358	60.25467727458845	2061.177129207704	-175.20675354712444	-1
?	-1	-516.7659084976106	52.2267051804706	135.49210319496515	345.63066624254486	-36.6506723361312	2090.591337793809	2549.21082139811	-1
?	144.32182080839283	2470.0564681960955	63.51934842549715	138.99851983759052	335.6635587048292	25990.14844643186	2188.6376702776115	7768.614114223482	9.566082480063583
?	122.50282340980652	-148.59568713504774	59.17663117235023	-53.1887410828008	1645.1380885641563	9961.425531972724	2479.0220435049887	-10063.405294360016	-1
?	136.89203645164034	-27.00259046214758	60.85991137135707	163.06402375902786	833.7348353034724	-25982.47419364592	1685.4674055596035	-23852.002542241724	-1
?	121.15269388669913	-64.85336111268587	67.32983236030174	100.820367920208	346.01437888184176	-9681.308162290428	1286.4219163928856	-702.931517471915	10.710203514774904
?	133.649368396006	969.9698073014797	65.90092976736754	267.285318844328	349.66942718894416	4860.383370550792	1650.3208296860073	2812.4413678149003	3.375458311223753
?	169.6511842517738	1006.1502715225901	80.69409830251833	140.97797035357445	589.0335474093848	2570.1536789395036	1427.0439847836326	-8008.198887014819	6.916176883361338
?	183.95688197213622	735.6015356815383	72.94982828504637	8.535681512031935	478.17711113592117	-2656.439143728854	1249.9108853352607	-6923.406939529597	7.56984971693536
?	206.43126103585124	217.59616512675368	81.12088237811993	86.0286908973392	456.21159022294023	1158.3734403850265	1080.8736378071478	-972.4056415974471	10.815542917526825
?	194.83669022847405	18.742240420401988	77.25126282991339	-352.8897894575234	536.0957831551733	4458.9345932586775	1201.2906032553876	5192.599284392085	9.079767079572452
?	207.36837305687135	9.44876182847836	63.47639290524351	-140.23499211056077	679.1583198858773	-465.4487858101518	1340.5036020267557	9542.82375016407	-1
?	195.30912831989798	-931.2670064537649	70.23951322438525	236.03183270053327	512.8233438646654	362.23011596440693	1678.431790763598	1264.4574115892194	8.93786096855454
?	160.80502273418244	-924.6204422196256	75.27798454027034	43.35363285478787	697.2698256840979	2028.4561711362705	1403.7264726062176	-10624.361591447809	5.41600594193744
?	149.07810620891604	-311.54420156001163	72.40719486712467	-29.086474766699993	614.2461524214804	-4142.267970831056	1147.2137111912	-1782.2955767717688	9.297249108198972
?	145.22781265618164	-221.085612495294	73.82366080193532	-132.24821741761116	490.15642714254216	2497.9763543662157	1314.611693767628	22323.742515147595	12.388408846643035
?	138.02382558415118	-2924.5562531235914	65.79478399624402	-211.05381552520467	739.1449701397929	10597.609079185264	2263.4008369485955	15054.086413252866	3.8111368444513687
?	-1	319.93040620773627	63.270970025674934	112.22119851765552	1020.0368811018129	-1524.8359178074145	2067.316014430282	-17658.00717152083	-1
?	154.02034589453822	2883.0146155679045	71.40584392212688	273.0394679748786	662.9031742494211	-9520.155213244156	1380.5004783725415	-21088.46397190997	9.855096489230817
?	143.15073077839727	-62.86477961446475	76.92294342441906	45.54240397971305	544.0291204395984	-774.9307592069525	1012.8928158347686	-4272.535209871024	14.071030357992637
?	150.87710691381494	203.95883057759642	73.68296412111256	-328.5263797391436	624.1566362890729	2143.182316055876	1166.8737178789872	1672.0536461561244	12.654538040041697
?	153.34867230727724	-3037.5421382762556	60.49662443746165	-429.4862691767843	651.1882362423937	1709.1391609026693	1096.495498142576	4846.790578390336	5.937150822642401
?	-1	-3086.973446145501	52.208650662273044	-195.49266389714154	709.6135943342076	1359.463787096364	1409.2132467985075	12967.234068072974	-1
?	-1	19.999999999999716	50.72199124260443	-1044.173013245446	719.1614255972129	-14192.271886683951	1744.857201546234	-28184.26493596975	-1
