rowLabel	avP	dP	avI	dI	f1	dF1	f2	dF2	h
?	182.62093271048556	3354.242034041014	72.89930186440036	1444.7850076188217	498.00238284664823	12090.496885576022	1901.6037048577787	40792.99390794069	4.43651367683567
?	167.71210170205072	-281.4908675146745	72.23925038094109	-52.49988270926565	604.5248442788011	3354.0096583356612	2039.6496953970345	-7947.477268225712	12.52904755410937
?	168.54638933475184	31.51367764501912	70.27430772893708	101.51211818935818	665.7028657634313	1074.8511526703755	1504.229841446493	-13373.454471919085	8.31401915401827
?	169.28778558430167	-505.6803549713238	77.314856290409	15.28454714152986	658.2674019123199	-1780.4863155763865	1370.97697180108	5050.97157031748	12.002887703949751
?	143.26237158618565	-261.52555649107916	71.03853508601357	-191.54238719371594	576.678549984612	8000.684734137446	1756.778419962367	13965.793209762121	5.640667904312596
?	156.21150775974772	380.6098386535269	67.7377369307232	156.70666905220347	1058.301638619192	-1272.6773372888968	2069.266632289186	-2724.293071722496	-1.32909707993106
?	162.292863518862	2.616318829654461	78.87386853862374	269.3231043193385	513.0446831201672	-8898.208487562732	1620.5637663762423	-15641.405731152794	5.7325533938123145
?	156.34232370123044	-129.9977101813994	81.20389214669012	-86.50478371076476	613.3912142410557	-1599.0366182096823	1287.1963457315464	-7179.444778712838	16.57004675966469
?	155.79297800979202	-211.12935105108483	74.5486293530855	-132.82152697283468	433.0928522096831	-4477.177441053783	1261.5915274406004	2868.300403678591	10.88991359161764
?	145.7858561486762	-577.297815322289	74.56281579804839	11.523943586266798	389.53234218836656	198.90148670100535	1430.611365915476	14396.48602921671	10.802877205113022
?	126.92808724367758	-592.9839999195301	75.12482653239884	-83.27018976926574	443.03792654473335	962.7593219755343	1981.4158289014358	10825.07832389439	13.007241743813887
?	116.13665615269967	-242.90033683172146	70.3993063095851	-364.07207421447873	437.6703082871433	454.47000601085125	1971.865282110196	-1528.115667625933	12.441038889589544
?	114.7830704020915	-2342.733123053991	56.92122282167489	-351.80934732839205	465.76142684527593	2341.8506521988857	1905.010045520139	45.026887439612395	-1
?	-1	-2315.661408041828	52.80883894316548	-83.30905011004127	554.7628408970877	1946.6190931797603	1974.1166264821766	1675.5319710849774	-1
?	-1	2968.7167873481026	52.75577031617282	105.26301132391016	563.092381504264	6811.781956700962	1988.786644074388	5347.642798500265	-1
?	147.43583936740526	0	58.071989509360996	104.82629964959987	895.3519387321361	10841.86496367431	2241.49876640719	5053.5991459408615	-1
?	-1	-2968.7167873481026	57.99708529865282	-58.46670812751294	1105.18562968798	24310.649831671242	2241.4666013714314	11503.22598983699	-1
?	-1	3595.3331687741447	55.14865410298535	-31.13420942283892	2110.8844303156993	11807.478155390194	2816.66006589904	7322.922709525777	-1
?	178.7666584387074	3596.951816863374	56.44037482751087	523.0208922235042	1695.5595374574903	-33775.67787264298	2607.6127368477205	-28896.70147162369	-1
?	178.84759084316886	206.66764765180147	81.29969871416058	585.4440232105336	422.1005366835488	-22852.981777556404	1371.8249923178541	-24074.21188456281	14.525682975916505
?	189.10004082129745	27.263695604171946	85.71257598803751	14.5335270052709	552.9104485796715	2636.984255741871	1403.9021426195816	3572.9931540390467	10.463661065449035
?	180.21077562337746	-397.83434153119254	82.02637506442413	-112.25238591243841	553.9497494706425	3422.2530527307517	1550.4746500198066	10294.16619885182	12.017779520558753
?	169.2083237447378	1400.746839724466	80.09995669241559	-89.96761154425789	724.0231012162093	954.4199940570358	1918.6104525621731	4057.869835574862	1.2877269348272546
?	250.24811760960083	1692.7693471077357	77.52799448721123	70.99593776929021	601.6707491734943	-2896.9033573198562	1753.36814179855	-5894.114743846411	2.2623480487066105
?	253.84679110012468	-90.20010680221608	83.6497535808801	26.766742266048855	579.1779333502163	2383.2679476686076	1623.9047153698523	-1781.5400068534047	20.2311591811846
?	245.73811226949002	-544.254022475347	78.86633160051368	-126.41695222059371	720.8341465569248	-1581.6469848572294	1664.2911414558796	-2610.987323025063	12.041162303269441
?	226.6340899763573	-548.6279520036335	77.32890596985041	211.73237765806627	500.0955841073548	-5523.16499766845	1493.355349218599	-378.8726695395868	8.22348399665942
?	218.30671466930832	-543.0939604429416	89.452950483417	74.82186146590827	444.67589667350205	-1106.568350588532	1645.3475079789002	-6892.234661860837	19.792209517298524
?	199.4793919542102	-584.869383373732	81.06999904314583	-182.13934319815036	444.76716657792815	2709.444770198884	1148.7436161255569	-11843.670541396472	11.472940148250755
?	189.0632455006217	-406.8471552514168	80.34598332350947	-102.43092266858972	580.1481351834464	581.0380222932889	1053.1639809090761	1359.7738018245616	12.300739061095701
?	179.13703419163934	-308.1361185618053	75.94845290971634	2.0442308822384785	473.8190676925926	-605.3969003013793	1216.732306216785	7115.994776009855	6.881501563768064
?	173.6564395725314	-48.71860615147337	80.4481948676214	110.8535451605842	549.8782901683774	171.85649139479196	1408.9637197095692	9250.515267247525	16.578570824870233
?	176.70110388406567	62.12033722652444	81.49113016774555	-65.4488612962623	482.41189226233223	-3466.1102143947837	1679.2580695791617	7482.665947877124	16.86647144933742
?	176.76245643385764	261.21348839217353	77.17575180280828	-134.10120641376	376.572779448638	-2361.338645746297	1783.0970171034257	64.82145599489735	14.32323784705099
?	189.76177830367436	981.2758022524471	74.78606984705755	77.93030717650929	364.3449599750173	2273.1005722890895	1682.4991423789065	-13428.484759122859	8.818331796953611
?	225.82624654648004	1230.98979031998	81.07226716163375	70.34244273857689	490.2278080630926	4812.995286750417	1111.6727791472822	-13373.760269098011	14.995209134346169
?	251.31126781967342	424.0589902106895	78.3031919839864	-200.34259780773095	604.9947243125383	2467.2356993366648	1013.8111289240054	6587.680283603153	16.264172134804067
?	247.02919605701453	-4.100465002004508	71.05513727124719	-380.40205940348693	613.5895930299259	810.5903145333052	1441.0567933274401	8651.276974541628	12.446979962128218
?	251.1062445695732	-4960.583921140286	59.28308901381203	-304.87040355786337	645.5242400392036	1486.4333241153995	1446.3749776510872	4763.097969836526	-1
?	-1	-5042.1248913914815	55.81161709335401	-47.81581921341203	687.911259235696	4743.8399657137015	1679.2116918192667	9821.404188799383	-1
?	-1	0	56.89229805314144	-28.43503597338251	882.7162383248879	13076.87857289184	1937.4451870910545	6083.802533591792	-1
?	-1	0	54.38986529468489	-113.82862641611734	1341.7551878802856	-526.6358619649914	1983.4018184988552	-3876.0896194301904	-1
?	-1	0	51.20086673233559	-148.7393636627972	856.3844452266384	-15323.569006648107	1743.6407061195457	-3204.6388253914006	-1
?	-1	3696.586050024544	46.952897111545056	241.57854629841395	575.5767375478829	-4246.635421648309	1823.1698772292857	1460.177937367708	-1
?	183.82930250122655	3510.6799686396494	63.279794047256246	676.1575553357927	644.0526741442237	-2731.412944248006	1816.6496029879308	-6302.5141533826445	4.757294707525519
?	174.53399843198184	4060.3721736129587	80.76077487833457	165.30299504118463	439.00609033548307	-3639.9978315742196	1508.0441695601546	-11534.376265506662	18.505579957630925
?	386.84791118187377	4335.504173010202	71.54494379931545	-458.37155874442425	462.0527825655134	1310.973781248557	1239.9307897125998	-215.3189376895269	7.627379166926136
?	391.3092070824912	-3294.9146866289843	57.84219694111344	-125.24456617265388	504.5547793979107	5106.605568405549	1497.2782226756783	4618.636462094467	-1
?	222.10217685042514	-3359.093048650643	65.28271549068278	509.86943669939006	717.3830609857899	-403.07957317574534	1470.8626128173223	-8229.02174021404	-3.2738176965937473
?	223.35455464995962	239.17074416732845	83.33566877608286	262.4417413834556	484.4008007391235	-940.346359240608	1085.8271356649777	9441.53875037978	14.848895960661016
?	234.06071405879152	566.3850088116263	78.40480255985551	-62.43206782521093	670.3657430237597	1618.6562743357251	1942.9395503363096	5065.784395932501	16.468844854438338
?	251.67380509054084	58.49604878490275	80.21406538482232	-60.395290934824786	565.3336144559095	-1156.7177177324033	1339.1163554616019	-4334.26971399924	16.313972341212033
?	236.98551649803665	-439.90416560102614	75.38503801311428	-186.61132100104376	612.5298571371397	2149.1001325631382	1726.2260646363484	11438.731572893079	5.858812133343444
?	229.6785968104896	-402.62636957463457	70.88349933477016	68.91475582350007	672.788621084066	-1829.9388800024733	1911.0529341062538	-8823.589180386929	-1.4342070577956818
?	216.854198019305	-615.9017438231489	78.83077580428927	96.46879282891808	521.0329131370164	-3987.733744551494	1285.0466056170035	-15408.966700110868	13.14456879842604
?	198.88350961933227	-239.8495318234606	75.70693897621605	-76.07781329396202	473.401933856492	-790.2554987061109	1140.6045991007131	-5435.272305198692	14.000658563730392
?	204.861721428132	387.64094967762924	75.02688513959119	64.91478974935683	481.520138201711	2053.6639703630494	1013.2829903570698	-2710.785127961338	14.146247489652165
?	218.26555710321367	398.58741628792444	78.95267846368388	89.95830021411084	576.0851323746441	2154.728644154935	1005.0653427026467	3531.06332496743	19.81839598889042
?	224.79109224252815	136.43535427169175	79.52480015029671	-19.4313185287789	589.2565704094574	596.9205218220667	1189.8361566054407	3581.2314793970395	23.076318128765386
?	225.08732481679823	-287.45405160551957	77.98111253724494	-115.96014306802898	605.9311584657473	932.8566337172321	1184.126916672498	-927.8340934118193	20.83329733538564
?	210.41838966225222	-4521.746496335981	73.72679299689528	-315.21622937121435	635.8994020953188	2957.8031387177693	1143.44445193485	6837.313864155687	9.539552364009412
?	-1	-4228.367793245059	62.22030106868428	-299.3721737301288	753.8213154016353	3897.9578000184392	1525.9926098802812	7355.344899569908	-1
?	-1	0	58.7581843103889	36.55501035386676	830.7972920962401	2720.1178173785484	1511.211696913344	10809.520184115047	-1
?	-1	3769.618127753808	64.04805158637761	123.81125079405182	889.8272062705622	-3160.0167198166673	2066.4686190860316	17487.45515143073	-1
?	187.48090638768974	3562.611681747104	64.94874685009147	141.61878726750808	672.7964561054073	-10572.621800008763	2385.5844544848774	-7219.505010636406	-1
?	177.13058408735455	-483.9722882546454	71.12899094975299	-16.06581451296455	361.1961162701259	-6596.0800961597415	1705.4933685542126	-18380.827784679524	14.68986831789494
?	163.28229197495756	227.6592765074721	64.14545612444324	-154.2446703865232	342.9924512974214	199.9526926420613	1466.5430652509044	1895.4026603629768	16.07460168108041
?	188.51354791272811	193.49542073562884	63.416757430426856	261.5851768548766	371.19375090222894	2902.309195567259	1800.263501572361	4061.548184626068	3.0107489021592295
?	172.95706301173897	-355.0288678424512	77.22471496718703	53.70625254286457	488.1079110757838	7715.14852508103	1669.620474482207	-2407.2969011312393	14.55852949752897
?	170.76210452060562	-3479.141260234792	66.10207005757007	-275.2744363334631	756.9511771562791	7107.998053156753	1679.8986565157995	3341.6592050772606	5.925681166197655
?	-1	663.1364004429572	63.46099315051392	119.31215443979383	843.5078137336202	-2819.4627840962366	1836.7034347360695	-23.141935740154704	-3.7293468120216913
?	203.91892454275336	3925.9714661783873	72.06767777955975	286.4654449383423	615.9780379514677	-7356.360332502518	1678.7415597287918	-10839.859036441378	12.850962053860266
?	195.29857330891866	-259.82323925449555	77.78426539743099	-11.51364370141526	475.6897971084956	-4586.219032507631	1294.7104829140026	-5430.184263525772	20.77768953735549
?	190.92776258002863	-285.43973358231017	71.49199559448898	-232.0156579847716	386.66708632608703	-1142.0890733181552	1407.2323465525042	2520.764163069025	10.20405024095449
?	181.0265866298032	854.5020731586592	66.18348249819245	-245.1244440887304	418.58534344258806	1418.9743625544718	1420.7486910674534	-897.2986443874138	14.490563350012312
?	233.65286623796143	-3640.531732596077	59.23577339005251	-313.27734077045477	457.61580445381037	1197.2806613605642	1362.3674143331336	165.33246971175745	-1
?	-1	-1915.8888578371686	50.519615459669765	33.23997689285219	478.44937651061605	1786.1925544586184	1429.0153145530412	6353.614577578355	-1
?	137.85842334610334	2803.3366770465304	60.89777223469511	482.2405902536781	546.925432176741	2392.9692134103193	1680.0481432120503	-4164.942608933253	4.556476617830219
?	139.16683385232602	-66.4316979161705	74.63164497235358	117.50944958413568	598.0978371811316	-57.73915500359201	1220.7681841063793	-10951.142250084033	11.812784452663788
?	134.53683845029482	-2803.3366770465304	66.77324471390188	-405.80558556798894	544.0384744265614	1103.658805915292	1132.4910307078505	838.6892535492264	7.796977572415313
?	-1	376.25325733920727	54.34136569395421	-86.37721997733809	653.280777476896	1979.5227457202898	1262.7026467838405	20470.685648092734	-1
?	153.34950131725512	3043.9777192881024	62.454383715034986	402.2761895497364	643.0146117125755	-1154.533536232661	2156.0253131124837	-4006.08187298657	7.0721858575954
?	151.19888596440458	-90.03803067287412	74.45517517144096	189.6428442087449	595.5541006652632	-4417.451963628238	1062.3985531345127	-19448.555052642587	11.026643641302538
?	148.84759978361143	-118.46824437397729	71.9365259254722	-2.7736849929189686	422.14201353116437	241.26498121508433	1183.5975604803577	5111.080818830969	15.318585206227988
?	145.27547374570574	-199.61163589607182	74.31649092179501	-127.35630947812967	607.6173497260173	6218.056040745554	1317.9525940760602	2631.162049614409	10.813724074859222
?	138.86701798880787	-2925.5094749141253	65.56871045156574	-368.4341878905029	733.044815568441	2374.9691821962547	1315.1556629610777	-416.6370143476357	6.0234663508197475
?	-1	-2797.3403597761676	55.89478152726993	-170.42961283016527	726.3658088358296	2674.750888880242	1297.1207433586785	5697.801826733036	-1
?	-1	2734.6122429183283	57.0472298100575	330.6314702456334	866.7823600124526	-4514.268979659569	1600.0457542977285	8785.35954780209	-1
?	135.73061214591593	2565.157946530627	72.42635503955154	137.29077443345452	500.652359852852	-8008.822540998722	1736.3887207487815	2348.082377915365	5.162162739135882
?	127.25789732653088	-2734.6122429183283	63.9117685317302	-404.1994438584669	466.34123296251795	137.7741262655109	1717.4498731934964	389.39107656636816	7.9747297339760825
?	-1	-2565.157946530627	52.216382846628264	-21.08935655203887	507.5410661661275	2963.1515893401142	1755.8582745770998	7861.181782410023	-1
?	-1	3308.440112792357	62.857300704128264	347.6508849627099	614.4988124295231	203.9958518740339	2110.508962313996	16610.591878326995	-1
?	164.42200563961725	3547.4245498710775	69.5989270947637	349.86138908752434	517.7408587598292	724.4642490045343	2586.3878684934466	-15127.809326953651	9.417493311725474
?	176.37122749355325	399.1174910201798	80.35037015850442	175.8858677848949	650.7220248797497	1122.0356646230648	1354.1184959663162	-25038.81190689674	15.276926562507475
?	184.37788019062617	8.225995908276815	78.39322048400841	-154.48692597580813	573.8426419909822	-2982.301254172076	1334.4472731486142	6299.230605713656	12.140408390443527
?	176.7825272889671	35.06002976186677	72.62602385971404	-91.64820522758963	501.60696217114645	-1369.898785087412	1669.0800262519979	156.25598628715636	7.317442419245699
?	186.1308816787195	2.7787496862401992	73.81081022262895	77.03208128011765	505.34770273661184	3415.840961041333	1342.260072462972	-11336.718551034437	9.148363089588639
?	176.9214647732791	-321.14327479498456	76.47762792371991	82.06151668262437	672.3990102232125	4027.984819143408	1102.244098700278	-5344.954769014845	14.245004607514137
?	170.07371793897033	-323.41810558242855	77.91388605676015	-10.203873583248004	706.7469436937815	-823.5483933053622	1075.0123340122307	57.08868138733144	18.366608979430026
?	160.75055949415773	-485.5452050579163	75.96743424455751	-167.24340638428745	631.2215905579445	-3395.074706831268	1105.0985327696446	-2044.301032452261	13.711556727281609
?	145.7964576860746	-105.55525837421536	69.5517157375458	-31.70877971229271	536.9932083522187	-797.192020698788	972.797282389618	-1752.932340993463	7.394323479572288
?	155.47279657544698	501.9152853489158	74.38199525894288	124.52950660684722	591.3619895230053	2673.1715937348854	1017.4519157199718	1208.3189636368522	11.70269533295129
?	170.8922219535203	483.6690899353647	75.77819106788815	-22.77706414726489	670.6517880389625	1993.6147227015615	1033.2132305714604	-2371.9475225655283	14.366355299385521
?	179.65625107221513	-204.73939708874428	73.24314205157964	-131.8672545792653	691.042725658083	-3096.353342410277	898.8545395916958	6715.54093278734	13.30713418981053
?	160.65525209908313	-840.6517562922148	69.1848283389249	-171.63753659474938	515.8341209184492	-4551.195257945335	1368.9902772108262	8562.067351972231	7.339295422899719
?	137.62366325760453	-5.930599440180252	64.6612652218422	129.0337947435852	463.4829627608171	-2464.7848393623867	1326.9579071903058	295.74262140048734	-1
?	160.35872212707412	704.6585104178771	75.63651807610414	274.29384308376154	392.5948789503303	-1345.0199299656483	1383.7774082808505	-309.809901724044	10.573590921245717
?	172.85658877849826	31.926633454831517	78.37595737603023	-93.34800257699389	396.2319662625349	3008.5709076529924	1311.4674121041037	7119.693455249756	21.173549336633464
?	161.9550537998157	-120.71864493960604	70.96911794725446	-63.747003569737274	543.0234243329794	2171.007725269784	1739.762081043337	-1825.4145123932697	10.12720715975553
?	166.82065653151798	-145.6850094107471	75.18860719754338	74.9291570364167	504.7823525260237	2037.2713959687967	1220.1966864844405	-13268.90122061973	10.058412821471283
?	154.67080332927836	-373.7149865589784	74.71557579907528	-17.141039209217073	644.8869941314189	2517.766533424451	1076.317020012353	-3581.039330127818	12.946990417872229
?	148.13490720356913	-233.43909677692434	74.33155523708253	-7.415034594744752	630.6706791972458	-528.5348300316101	1041.1447199780503	-48.05897845531052	15.555533065682898
?	142.99884849043218	-372.3882241466528	74.34482406933805	-136.6637491344314	618.4602526298385	233.56375509834461	1073.9140710895874	-1229.6829143202988	15.178408752767401
?	129.51549599623655	4.955558476033293	67.49836778036098	-43.79434343057498	642.348866952163	-1053.500854224159	979.6605742620355	-2371.042491554594	6.054691822505761
?	143.24662641423384	436.2741538284898	72.1551068978093	102.98634469475311	565.7852099186307	-928.4357946395777	955.3619465118582	-1221.2038350799046	11.628335227269025
?	151.32920368766096	59.42842791703491	72.64768501509862	-108.18579579550327	595.9270772201843	2697.5723913440543	918.6003825080405	15569.334632298593	16.005674768215084
?	146.21804781008558	-3046.5840737532303	66.74581710803416	-99.15682683275897	700.6638294858329	4158.653450621909	1733.828678126785	25541.458318611774	11.935801068080206
?	-1	-2944.3609562017223	67.68984367346069	-15.194629430409972	803.859749751279	6104.667974287514	2195.673298438625	16086.220263691564	0.4739374694505835
?	-1	3356.1602323625493	65.98608563651366	-33.91989815146429	1005.8972282002076	-2233.9882523951096	2538.1396913113604	722.6217535725326	-0.38619195741169987
?	166.80801161812687	3303.165384231088	65.99384876588748	131.071179773016	692.1603371315239	-12833.215745033109	2231.8043861172514	-8596.907698478848	12.49723782843274
?	164.1582692115538	-293.6589571649283	72.53964462516444	99.27000496471415	364.2364409485544	-4591.790334857016	2108.2943063874195	-16531.00896398895	15.452606712980264
?	152.1250637598805	-502.29877068022466	70.95734901412317	4.973006446022072	462.5708203886739	2595.962416205797	1405.253937917807	-17622.601286465342	14.595519896637768
?	139.04333067754266	-474.48662991339063	72.78829494746555	28.223612374537865	494.0345617588438	2671.804075844765	1227.1642420641556	-7150.031695812275	12.374711003375321
?	128.40073226421106	-413.7982461485368	72.36852963285006	-106.9145802868142	596.1610241809117	1014.4591236069905	1047.7523531271945	-3567.989567460526	11.680615058349966
?	118.35341837011589	-264.54564605932785	67.44256593312485	-175.59306658899635	544.7575179391931	-2397.1287271180386	1048.76476369113	-834.8264856190629	10.413026782962557
?	115.17344996124471	-128.65185095180937	63.58887630340027	-145.7241842683012	476.3045878250102	1294.6715682275612	1006.0110288462415	2176.4427658660757	-1
?	111.92082582252544	-2323.4689992249027	60.15635671970982	-322.9502652253548	609.491096350571	4731.156122562981	1157.5869019844333	5667.271259699862	9.577320670818413
?	-1	-2258.416516450517	47.441363042132586	-249.2873419412952	712.8623939531584	3094.731641783969	1289.3745918312336	10359.18279869462	-1
?	-1	0	47.6919896226451	1.9587558671335683	764.2276784397689	1421.6070406005	1675.5460419191625	9942.844143277023	-1
?	-1	0	47.539300835489264	-11.988506471121426	783.9427459831832	10641.150516498157	1786.516798995083	12474.18694365901	-1
?	-1	0	47.092564299089034	-19.920638574887235	1296.2852042646748	5467.722553198201	2299.2553891021107	5559.582450180912	-1
?	-1	0	46.543268906744906	112.9912107726656	1057.3288736430923	6503.466787586535	2064.4959215041276	2654.7092142777187	-1
?	-1	3910.4042680630246	52.742124837722294	390.1684501498563	1621.4585436440004	4823.166823163337	2431.990849815996	5143.586387048126	-1
?	194.52021340315054	3755.991868151694	66.05169141423765	321.6702248504241	1298.4872148012582	-21987.57771551775	2321.675240856533	-12309.89221660557	7.58909265580429
?	186.799593407584	-3910.4042680630246	68.82563608024344	-141.80000982450204	522.0796578681167	-15714.076534026543	1816.4962389857199	-12732.57633816675	7.232676200421622
?	-1	552.0788454975613	58.961690923012576	139.50590596443297	512.7833880999339	3079.4423993943856	1685.0464239481978	-9845.987371189216	-1
?	214.40353568246198	4257.102088648824	75.80093137846507	201.47549636130861	676.0517778378354	781.2014513226613	1324.1968704262608	-11793.141118614745	13.078084767128228
?	211.85510443244044	65.67768069182955	69.03546574107797	-224.70541430158386	551.8434606660668	-1957.9834833001908	1095.3893680174626	-1248.7091263629372	6.591514100490506
?	217.68741971705344	189.50266241559473	64.56566066338591	145.03837133220935	578.1526036728262	-1931.5577635966304	1261.7614141081142	-1057.802084150075	4.753787270513265
?	221.33023755322014	-28.348197666604833	76.28738430768841	193.60589505153808	455.2655724862356	-3017.987131211485	1042.499263809959	5445.4575589988335	19.153380080431035
?	216.2700098337232	-4446.6047510644185	74.24595541596278	-169.67958990152087	427.2532471122525	401.2583677592775	1534.034292058055	18559.495114766818	12.751016298304584
?	-1	371.4152826469395	67.8034048126124	-96.1348639855621	475.3284908741994	11028.880554990954	1970.4740195482966	17202.780997079248	-0.027855304725971586
?	234.84077396607012	4861.251420115391	69.4392122166847	165.2760120304845	978.6972748617983	-2700.2818866420675	2394.173341912014	2435.1712554594037	2.2787339127101474
?	242.0625710057687	-674.6345161208758	76.0672054141366	-105.01258584536495	340.3143965420965	-11812.634921281226	2092.2325823212664	-2617.788757821445	20.083494737801168
?	201.10904816002645	-4861.251420115391	64.18858292441647	-323.7452554821225	388.0655287977391	2443.0059616239905	2263.2839040209424	-10167.813807033503	-1
?	-1	-752.9934552927311	59.87994264003053	56.95728505020972	462.4646946232956	3428.1648628533044	1583.841891969593	-22428.31242913303	-1
?	163.45937539539003	2819.432879729667	67.03644717692694	97.41389513565756	559.4737719404037	4560.879290471342	1141.8682825642948	6022.395910852955	10.078201946868962
?	139.97164398648286	38.76902372733368	64.75063739681339	-60.780077831869974	690.5086591468619	-677.3594575414314	1884.9616875122397	17052.55302940268	6.026044764568858
?	165.3978265817567	631.7890783544874	63.99744328533345	230.0363735667173	525.6057990633323	-5795.691316538754	1994.4959340344258	-13319.754118176295	7.591733978405079
?	171.56109790420712	-47.53808322907179	76.25245607514921	-91.66771936518661	400.7240933199252	2184.723730227273	1218.9739816034273	-6673.582052963403	16.583403470309868
?	163.02092242030312	842.142808684007	59.41405731707414	-426.7934908738692	634.8419855746955	11832.368779904778	1660.8168313862568	21568.68877980043	-1
?	213.66823833840732	670.696732324783	54.91278153145583	399.264483686558	992.3425323151621	363.42150466143397	2297.408420593445	-9483.140282467477	-1
?	196.55575903654216	-491.68020146765235	79.37728150140197	503.5285647922728	653.0130608077672	-6287.2403847127425	1186.6598172628846	-18596.721850438484	8.640492344111072
?	189.0842282650248	-381.241698517214	80.08920977106938	-115.9468739944951	677.9805130795261	-691.467794020464	1367.5723280715242	4514.251676340817	19.64424931146538
?	177.49367411068152	-3801.6845653005093	73.57993780167723	-194.3246074907476	618.4396711067441	134.23804899622886	1412.3724010799247	5329.930514195872	6.518102950908714
?	-1	254.01258983555329	70.37297939653203	19.818806320643674	684.6924155293375	-1519.5569921407478	1634.0688537813169	454.3299055064715	1.0127807244643416
?	190.19430360245914	3198.277671535254	74.57087811770941	95.21546022257076	542.461821499707	-3110.20884798914	1435.0888963552482	-8519.28286640851	8.040702708944309
?	158.91388357676212	-968.2834232854162	75.13375240766055	-92.98229681783458	529.181973129881	-442.3258337730515	1208.1047104608929	-5253.326395963064	9.30305892043933
?	141.7801324381885	-512.7894580905406	69.9217632768177	13.521548691349826	520.3455298110545	-221.94190599336787	1172.422576557096	-6502.833354471941	9.67409326690684
?	133.27441067223518	-392.30257653462786	75.80982984222804	111.73580628302699	518.0848778302127	1732.3244509910403	882.963042737297	-3199.590826391882	12.137162799617373
?	122.16500361145718	-341.01206609619965	75.50855359096903	-104.78935081754848	606.9617523606062	3636.2265540588082	1012.4430352375024	5495.785768650798	10.961290954314572
?	116.22380736742495	67.21734762754996	70.57036230135054	-267.196098480669	699.8962055331557	372.1332188943522	1157.7523311698408	24090.32142626817	9.636172352778932
?	125.52587099283473	687.3946513389253	62.14874866693539	-54.29464259999926	625.568413305324	-5698.172869279384	2216.959106550928	11206.04066905631	-1
?	150.5935399343717	612.9313555580093	67.85563017135054	56.746578160935194	414.98756206918245	-3522.3139934348933	1718.0543646226643	-8822.347985183877	11.325003474380098
?	156.17243877073562	62.77938588691963	64.98607757498219	-181.748356636766	449.4527136335769	21044.850060447745	1775.841707291728	6960.368917275292	7.595240549546763
?	153.73250922871773	-3143.448775414668	58.76821233951211	-181.15034473843136	1467.2300650915845	7815.477550923941	2066.072810486434	-353.0592490459453	-1
?	-1	674.1532726079852	55.92856033806049	158.06609964640177	840.2265911797795	-18975.514769434198	1758.1887448394305	-12527.125055565806	-1
?	187.44017285911747	3397.1615371101193	66.67151732183231	251.47474258634202	518.4543266198612	-3861.2065424885095	1439.7165577081346	14397.719168980926	15.495283899007807
?	168.8580768555084	-748.7872273305704	68.50229746737777	114.6644877900085	647.1662640553512	907.1725364995913	2478.074703288487	-7452.46184911748	7.043594618971457
?	150.0008114925884	-201.56052425590755	72.40474171133282	74.49433470558384	563.8129534448414	-5822.284442429709	1067.0934652522553	-12270.657129328645	6.750571148482331
?	158.78005064271287	-22.808645312004177	72.22701420265702	-186.34302266816596	356.05204193386163	157.9936842135203	1864.541846822046	18972.46255827273	9.01520965447165
?	148.8603792269882	431.5971512222445	63.08759057792439	93.96543675526326	571.7126376555175	1873.8873205500756	2015.7165931659054	-4514.975953038219	-1
?	180.3599082038254	631.8623864020601	76.92528604042025	151.82543107106267	449.74640796136674	-2583.1717534420395	1638.7930491701318	-1752.9489193823997	6.46251062993012
?	180.45349854709164	29.793239547374956	70.67886213147763	-272.5714761088862	442.5540499834137	2151.746118194178	1928.0691471967841	6545.864249029808	5.573145228654921
?	181.84957018119417	1005.3504884926723	63.29671223497574	281.23834053694054	557.3337138710772	4483.48193628436	1966.0862616216268	-14298.94719086001	-1
?	230.72102297172597	699.6055374023908	84.74077915832486	320.76531357986795	666.7281467976349	2970.1202763608635	1213.1217876537735	-9679.70230713914	12.049001667414222
?	216.8298470513142	-148.42824648839627	79.33497791396937	-355.7919350742009	705.8397276891225	1456.8586508639485	1482.101146264663	3165.008333751403	10.458167638852506
?	223.29961064730605	-538.8482023773933	66.95118240461456	-195.8772514214582	739.5710793408333	-939.3482899788754	1371.3722043413459	-5911.214160372545	0.4400666313855329
?	189.88743693244416	-133.11385788072565	69.54111534289632	256.4354358705365	658.872313190178	-3307.139504404889	1186.5404382460315	9749.107873541869	6.255014104037005
?	216.64391775326968	545.8070412569614	79.77295419814156	324.2566894606548	574.2141041205865	-223.63739155454732	1858.8275980184462	10699.680699573857	6.099683694718228
?	217.17778899529262	-145.06453811779087	85.75394981592929	66.96718750338069	647.6904436124505	-2225.614113343869	1721.524473224732	-2017.7566504062574	14.31782565528423
?	209.39069084738003	-620.6566404867155	83.12131357331064	-246.52186069955823	462.9333984533915	-2202.06515050654	1757.939765498132	6579.137016629827	10.465352324352017
?	186.1449569709564	-940.4711248824602	73.4278567809512	-318.49410895775236	537.587186087122	-286.8930925350712	2050.481324056228	1466.5681612567387	4.282341184376069
?	162.36713460325635	-776.1527281479122	67.1966081254228	-123.430226268602	448.5887438266377	1649.491024017779	1831.26817356097	2701.7638285420417	4.648975969043646
?	147.33732056356024	-1192.900008048823	67.25634546752102	131.20526167827205	620.0617372880121	-1534.0121170565553	2185.569515483332	4976.801710922711	1.884803959893805
?	102.72213420081434	-984.756973073851	73.7568712093365	165.1530624630444	371.88813797380885	-4203.456953331546	2080.108259107109	-4712.223813194056	7.858341630651715
?	98.09947190986699	321.4892668945015	75.51399859067335	1.2547951034014027	409.88888962143176	1270.2050973379996	1949.9583248236258	-6252.099278791463	8.399696186570838
?	118.79659754553964	1657.1855078023227	73.81961096450657	108.80401071591267	435.39839284070973	-436.3367158528292	1767.5032951675314	-2857.6695224765313	6.57534213191352
?	180.9587472999843	1251.7166664890497	80.95419912646906	114.2392806665948	388.07205382879	-314.2067651775927	1807.0748486997973	1294.172745556975	13.191394310875264
?	181.38243086999302	121.58872935690394	79.53157499783639	-51.28733412766946	419.6880545818299	797.8294687149173	1832.211932445381	1132.5166323851201	13.935779302076972
?	187.0381837678296	47.241667860321186	78.38983242008555	-122.71869330310632	427.9635272645364	220.23881449606762	1863.700680319054	1170.0156202085616	13.940819010863844
?	183.7445142630091	-3760.7636753565384	73.39564033268098	-287.9193281902767	430.6999953066334	695.4271850085403	1890.71271345581	156.02125146686154	9.4627984214545
?	-1	-3694.8902852601295	63.993866010571516	-165.50252884524545	462.73488651496393	4519.770664998712	1871.5017428923973	831.1657327006942	-1
?	-1	0	65.1205138904186	-98.25489168405471	656.6885285565722	341.81917314388414	1932.2710000908453	-2065.309133534681	-1
?	-1	9503.619074911854	59.08112142636871	-67.39251681194749	479.8258451721584	-1333.3267083883804	1768.2362862156617	-2535.9198051341314	-1
?	474.1809537455995	3492.8488115658297	61.75088804982117	113.86724384692835	590.0221931371523	2104.4863037241166	1805.475009834137	-3797.2424672628	-1
?	173.64244057829396	-6706.342273699497	64.77448361871521	63.13462192274183	585.0501603583657	-458.7259613979066	1578.374162852519	-11426.054487765601	-1
?	138.86384006061988	7040.929157021601	64.90761914595831	-76.0257508867297	567.0858950672566	-42.6132877890603	1234.1722854458487	-4638.920546397833	8.887113218445933
?	525.688898429379	7865.0057203256865	60.97319607437867	-126.5406935527405	582.9194959689127	7249.91311158026	1346.428135532624	16144.298819096874	-1
?	532.1141260769098	-7420.498717099125	58.58058446832119	75.4651616895844	929.5815506462748	3547.988812268804	2041.3872264007039	-1163.7309676463399	-1
?	154.66396257441747	-7680.669034867333	64.74645415885794	151.8218518502199	760.3189365823554	-6305.874906474247	1288.2415871503063	-12777.189852968819	8.679202579774298
?	148.0806743335377	-278.1061635995985	66.1716770608323	-70.0266274437935	614.2878053225579	-2815.849872549162	1402.5277337522539	5310.335143210165	5.076598998496742
?	140.75865439443734	-11.559754118901374	61.24512278666822	42.59783977836829	619.5264429548953	-4557.7286155384545	1553.7583443108183	5349.255265689359	-1
?	147.50268662759262	-125.34902791064773	68.30156904975074	90.52496734982056	386.40137454563194	-5183.77092350473	1669.9904970367256	-458.2398732822301	11.633147380179695
?	134.49120299890487	-328.5191800155126	65.77137115415931	-59.640501061732046	360.3378967796551	2925.87990846222	1530.8463506467065	-7717.954711095125	-1
?	131.07672762681676	-99.36148619956641	65.3195439966641	-28.243390122373054	532.695369968745	4531.117568214485	1284.0927614819639	-3980.814251184377	-1
?	129.52312868892648	-40.67666439555011	64.35920164804064	-130.18259706962212	586.8937751903826	960.0180511875487	1331.8056380874848	14077.773887983367	-1
?	129.04289440703923	-2610.4625737784922	58.810414143182896	2.0404751267755894	580.6962725281231	-863.3906770007061	1987.9814558811422	7143.097142850577	-1
?	-1	-2600.8578881407475	64.46122540437942	142.70648858179325	543.7242413403467	-2359.381659056078	1688.9604952300188	-5372.506530317697	-1
?	-1	10997.758323750264	65.94573857227266	-81.16785636849697	462.72718957531754	-754.4802897063842	1719.3561293652535	5624.752308810213	-1
?	548.887916187521	0	60.40283258595451	-180.49076740535781	506.00022685502694	7236.716242360129	1970.1981106705334	6585.264305724488	-1
?	-1	-8722.829467716903	56.92120020200464	27.266659024266215	824.5630016933292	564.3158641179001	2048.6193446514826	-7174.686116205201	-1
?	112.7464428016696	2459.203134529186	61.76616553716784	121.3801117641742	534.2160200609224	-6675.917936334838	1611.4638048602683	-9658.642890922823	-1
?	121.96015672646107	197.97124438658332	62.99020579021344	-39.76276134117725	490.76710487658255	-2517.3181600420226	1565.6872001053346	7779.633113422904	-1
?	122.64500502099891	920.027639570252	59.77802747010895	-124.63434588706342	408.35011205881943	10916.95354708193	2000.445460531419	16251.398843006284	-1
?	167.96153870497432	818.947758046001	56.75848849586018	135.71259362431	1036.6147822306868	958.4103457078106	2378.2571422556603	-9897.119259832216	-1
?	163.59239292329954	-249.63594378355864	66.56365715132455	180.03894938663365	456.27062934421065	-12655.799595855886	1505.5894975398012	-13389.162632389485	15.7428833754547
?	155.4797415157962	-62.48965675048762	65.76043596519199	-138.53965647151614	403.82480243788365	4373.809115742178	1708.7990106361765	21462.62063273677	12.800916326966984
?	160.46791008577512	-3129.59483031588	59.63667432774864	-108.41001451413138	674.9610851313227	29393.125475928973	2578.720529176655	22421.251385677093	-1
?	-1	-145.78996178295105	60.33993523948534	172.48309012607305	1873.4810762343532	-2151.4959423796918	2829.861579920047	-9693.751338755817	-1
?	153.17841199662746	2807.2885572512823	68.26082883405242	245.32648608881536	567.3862880123365	-31334.551025211767	2094.032962238857	-17939.174647599644	12.236739897553079
?	139.36442786256612	-281.54911283406307	72.60625954392629	122.31048046020643	306.7535249737426	-1193.0889937022937	1932.902847540052	-15763.797041977745	20.24763078428712
?	139.1009563549241	1260.1795872910022	74.37635285706283	-54.43900023542576	507.731838327221	4383.828677961298	1305.8431101399588	-8101.326610039508	12.24357886215356
?	202.37340722711713	8197.6876650072	69.88430953215496	-236.21153564868513	525.9449588718106	1111.715217397382	1527.836517038071	4466.742057928441	13.060189327935944
?	548.9853396052899	7070.072724424012	62.5657760746284	-187.5761920478654	563.3175991970909	3118.3804606326876	1529.180213036384	8150.394157794583	-1
?	555.8770434483228	-2004.458678165397	60.505499929761555	-70.0295233175757	681.8639819034472	3281.364016755618	1935.356224927806	1170.7393879260524	-1
?	448.76240569701866	-8819.398713273256	59.06429990874957	173.83529794971517	727.3858000348741	-605.5937504802437	1587.7171824326874	-11948.209062955924	-1
?	114.90710778465373	-6985.439777392299	69.19726482724744	103.66140063219925	651.5842943794346	-4185.593830229252	1337.9457717800012	-5877.0578099714685	6.995360070248024
?	99.49041682739873	-317.9898470519425	64.2473699403596	-88.22645274171936	518.1061085234086	-1848.0836912136656	1293.8642919341098	511.850671328968	5.729226400436901
?	99.00761543205638	-162.88542690504838	64.7859421901614	20.783972414786252	559.18010981875	1668.546637982603	1363.53830534645	3533.6556692900604	3.2152970174203013
?	91.3461454821462	-199.99015063023023	65.28656856109893	-39.84124839493788	601.5334404225399	-654.3600744989633	1470.5470753986153	8922.900403817266	5.395298864944055
?	89.00810790054473	-32.03819239595174	62.793879770414485	-81.13331046992029	526.4621060938014	-3145.588705793127	1809.6833255373197	9959.694878538776	-1
?	89.74423586234859	-1800.162158010869	61.22990303760286	-44.52812694121925	444.25400513288133	-2363.668311992896	1968.5318193255612	6485.0907384244	-1
?	-1	-1814.884717246946	60.56747342335349	-75.7379268871208	408.2786904941549	-847.7454834641314	2133.9378624585443	76.6377861564968	-1
?	-1	0	57.443006693246765	-79.05367626518172	401.86673095967416	6505.443969988548	1972.363708633386	-2400.5934279032613	-1
?	-1	0	56.61478961009435	-101.57681974651678	733.5508889935869	2600.096133069267	2013.9081910633795	-4820.651045349073	-1
?	-1	0	52.364165705920854	-138.395575134053	531.8715376131394	-3894.727815361729	1731.331156365929	-5114.137596820992	-1
?	-1	0	49.6950108533916	-22.09886991811271	538.8144982254977	10955.523224496957	1758.2013112223262	13121.484914735924	-1
?	-1	0	51.2592222100152	32.59442106337328	1079.647698837995	7975.685817254098	2387.4054021027346	7159.218498622502	-1
?	-1	0	51.32473190656029	16.727126468384103	937.5987890882083	14896.339315595204	2116.1622361534564	3420.362966953068	-1
?	-1	0	52.09557853343442	45.65805135570236	1824.4646646177657	17582.891579740342	2558.4235504503904	12210.83132109803	-1
?	-1	0	53.60763447434544	14.739124009592292	1816.7433680752379	-9462.877251847114	2726.7038022083666	-4315.814694120466	-1
?	-1	0	52.832534733914045	34.57288142507715	1351.3208020254033	-14972.897062319267	2342.632815744364	-12012.334738732763	-1
?	-1	0	55.33627854559932	53.665067902842004	1068.0985149592639	-2277.146667149977	2126.08706527172	-1412.6973531307776	-1
?	-1	0	55.51578812905618	19.81747433842273	1237.4634686679028	13406.206608646095	2271.997948087824	13547.938523174424	-1
?	-1	0	56.32715226252047	93.26394576950928	1738.408845391578	7182.788270663917	2803.4839914304507	4859.917168653359	-1
?	-1	0	60.17898541753171	120.39906699633136	1596.6028822011037	-9566.53737169931	2514.9938065204956	-9206.006553563744	-1
?	-1	3121.77008414333	62.347105612337124	343.8036468500918	1260.0819768066058	-20113.443372691472	2343.183663752257	-14800.477656424686	-1
?	155.08850420716874	2896.492169804906	77.36916776003655	238.63172754807425	590.9307135665158	-12984.902204829203	1774.9699236992508	-13742.404340051331	7.197624248007218
?	143.82460849024736	-3121.77008414333	74.278691989741	-182.65126854298498	610.8368665651365	2205.7235740598894	1656.0634467496807	1238.934250390758	8.866026291033094
?	-1	-2896.492169804906	68.23660433288717	-172.8360094029922	701.2168922695119	3008.480333469716	1836.9166362187896	6747.363067297224	-0.6261563963550744
?	-1	3562.980179183294	65.63689151959127	-24.54012552740914	761.2608832386244	5276.360911381137	1993.4316001145467	5700.175167157509	1.352550877676193
?	177.14900895916722	3527.80335179297	67.0095980565167	286.0375443828757	965.0349378385724	-5154.4854653511075	2121.925394576669	-7220.13000869251	2.2810435594726832
?	175.39016758965099	-33.659474336217365	79.93876873873526	328.96462803763103	503.53660997106533	-6575.1341676115	1632.425099679916	-4227.751024455046	10.592388695279583
?	175.46603524235633	166.24190586581952	83.45782945839848	79.60547809755752	636.2782294579928	5711.770954167401	1910.5378433539138	10939.177037420513	6.803241194303915
?	183.70226288294208	224.295237370064	83.9190426436132	27.79170112565811	789.1251576794394	-799.8727351192929	2179.3839515509494	-19619.102954744176	13.986409046533513
?	186.6807971108597	531.9286174312736	84.8474145146814	16.70036589399449	596.2845927020276	-1767.7715258567923	929.582695616691	-23412.399025524934	11.428597954461218
?	210.29869375450613	531.5435814003051	84.75406093831293	-177.07444375233567	700.7365813865986	2643.38813712298	1008.764000274686	987.0044693745987	9.782907984375068
?	213.25797618087532	10.589575326190888	75.9936923270645	-165.95003417808235	728.4539995581785	2217.9881288805773	978.9329190854216	10677.136811066772	5.492454605898156
?	210.82817252081568	-178.97655261513566	76.4565592294087	20.920070378334103	811.635987830629	-2168.7617803121416	1542.6208408280322	12881.658721428292	8.695505065183896
?	204.3091485501184	-692.969542469019	77.03969584598121	-77.25588646338967	620.0159105425698	1051.3008367510392	1623.0158551568454	13746.54619302211	8.426934611288852
?	176.17969539736424	-4106.182971002309	72.59376490623916	-106.96214579127816	864.2010296681817	7126.619314773853	2229.9481504791474	15351.570858498913	0.2503824147840284
?	-1	771.6210473325167	71.69158855641723	60.315091923108916	976.3468762812676	-6522.914285376051	2390.594398081802	-228.51195038285954	-1.7166063199243513
?	214.76074776399062	4662.333728000933	75.60951950239465	205.968604721456	538.0553153993745	-11888.534612499752	2218.5225529600043	-6497.858986981608	5.390605794536235
?	232.11668640004996	294.2495896468919	81.99001879249018	-60.521004512586096	381.9201456562716	-2189.492125176284	2065.701448732717	-3043.285656546143	16.27151602857588
?	229.47322724633543	-4662.333728000933	72.5834692767653	-367.9764208697596	428.5807091405588	6406.436301573757	2066.358270132695	3944.6019510315077	10.582614622548856
?	-1	-655.5420281446866	63.591197749001935	-89.73113427228114	702.241960734964	4586.825939808311	2262.931546284295	4643.613032530463	-1
?	196.69612583910063	3520.691827571243	68.09691256315118	362.03613767987144	657.9220061309776	-2384.5734846449886	2298.5389217592215	-10497.705068582773	2.245949226205714
?	175.03459137856464	-913.4302821414628	81.69300463299577	129.94253248365524	583.0132865027128	-3542.9586552028886	1738.046292855149	-15109.51640048513	9.830665950560032
?	151.02461173202684	-818.3525323365487	74.59403918733403	-275.2869074408128	480.77407337083065	1103.9502928831714	1543.0631017349542	-2918.350171827355	4.440390013031792
?	134.11696476173663	529.7204777920097	67.92865926095493	157.80460739571058	638.2108011468722	258.6587733946382	1592.1287842637792	5149.8583229839915	3.037312770247582
?	177.5106356216277	728.0765507505548	82.48426955711967	290.8121082649971	493.70701204056274	-50.41075748115119	1800.5560178841574	-1221.1445354268571	1.952481818109785
?	170.52079229926488	-306.6662744783345	82.469264674205	-146.68064533355212	635.6902632728146	4306.1002348014545	1531.0715574924354	-9033.686565505654	3.1490599282580427
?	162.17732189771075	-169.31581404468645	75.15023729044196	-2.1113068873841865	709.0120237806385	2210.660517375018	1348.8716896088683	-5974.573124815499	2.073641586553278
?	162.05500159703044	370.7298967315891	82.36369932983578	131.0016655802566	746.2232891415671	-1379.0935076214564	1232.3429012516563	-212.90063123045155	8.540329472585633
?	180.71381673429048	743.7947339162204	81.70032056945489	-119.763537536939	640.0573483995647	-3126.2370787198083	1338.2266580473456	5163.627238679109	2.9755786978025776
?	199.244738292842	131.19590617771433	76.37552245298875	33.57536593517475	589.9114352055744	1408.7600291148606	1490.5242631856154	-3526.5371733674874	4.257565891184045
?	187.27361204317629	-158.73475833576722	83.37908886621365	107.37258474512676	710.4953498553088	924.7125909992774	1161.8997993789687	-3489.601268797615	9.626403785350705
?	191.3080003760535	96.19075026132384	81.74415169024516	30.39567809670003	636.147064755539	487.3631703413388	1316.0441997457322	3708.034666522155	6.146959474427867
?	192.08314955624255	-271.68405205051454	84.89887277104867	-26.59033780390663	734.863508372376	2373.590950237963	1347.3015327050791	-3903.5325907975666	13.473239901566568
?	177.7237977735276	-480.3968218509897	80.41463480004981	-149.4955912493002	754.8266122674388	-2690.9136387900917	1120.867570205851	-4096.506175648488	8.885732625983883
?	168.06330846369272	-566.128162381264	77.42409320858356	-114.64362425629567	600.3178264328695	-5446.038172962708	1142.4762239226518	-5.8662377087693205	2.167608668381667
?	149.417389654464	-810.076529633211	74.68245358723495	-173.62119570155167	482.52470361929954	-2400.2050805823988	1120.5742583204126	5438.967256184878	5.114442946276542
?	127.5594819820316	606.3151465875511	68.74303342350585	-145.28472310356838	480.3075724037479	2245.930077141313	1414.4245867318996	15292.45713654285	7.7757083715796975
?	179.73314698384198	948.1880364972302	67.41821743205642	84.77082129613301	594.8212074763668	-1363.1755716481223	1885.197115147566	12454.048477136435	10.751363698856043
?	174.96888380689379	-181.08204119148323	72.98157448831256	-86.04183096858824	412.1487938213408	14189.598238706649	2037.1270105887302	10966.961545491911	8.98654005423682
?	170.67904492426769	-120.86546486804421	63.11612588362695	-299.2365002362763	1304.3011194117094	5035.281333432249	2433.5451924221693	583.9295181297447	-1
?	168.9256105634915	-199.2948732159573	58.01974947649853	156.00350199139604	663.9128604929568	-18404.371300214945	2066.323486495218	-7274.985412321163	-1
?	160.71430126346968	-385.39017449892435	70.91630098319686	354.739237001366	384.08255440094894	-1450.669573012435	2069.795921806106	-6855.000321986607	8.686877274469497
?	149.656101838545	-327.02118972311314	75.75671132656709	60.94394259927269	591.379381842334	6375.195226064947	1723.5734703958826	-19198.368841985834	7.533445190029456
?	144.3632417773138	-121.77886373770261	73.96349811316054	-70.72288454283564	702.8423157042008	1473.0755495496733	1109.8774797068006	-7969.869936411278	12.544206991093684
?	143.56715865165978	-11.499893118894825	72.22056709942525	-213.92838146737085	665.0331593198188	-1917.5960480776098	1325.079973575313	5470.171788847583	13.254639870431642
?	143.78824712136904	36.21099683588403	63.267079039791845	-292.47238843227433	606.962513300319	383.79293828155505	1383.3860691491836	2503.104660516061	-1
?	145.377708493454	-35.964739392387685	57.59694767781133	61.8086643104935	684.2228062338968	351.16739446602605	1450.2352066011179	-369.2375546846772	-1
?	141.99001015174963	-328.00768193492604	66.35751225531656	242.55801923996526	624.5208830236205	-3340.6255320414134	1364.9241914149495	-6852.407010285718	5.834073572359803
?	128.97732439670747	-580.6513134850652	69.72484863980976	-37.52791509672111	517.1915296318238	-2609.913206375376	1107.614856086827	-3937.0240479730533	8.493694184382877
?	112.95744447749595	-361.3659249427002	64.48111650048048	-59.5391643204917	494.02522270484985	-2448.549494581121	1168.072989016294	11742.62126095877	-1
?	110.90902814957221	-295.91999069244685	66.74789042378514	81.80824714588792	394.76405490276596	-415.5294426734745	1694.7459191347739	14065.211699897896	6.778368653524755
?	98.1614449428734	-409.84629396748477	68.57152885777494	-20.225923868371748	473.24875057117583	2363.321884281124	1871.3335740111988	3198.185902891023	6.757250949025757
?	90.41671345119768	-181.53582942249184	65.73659423036654	-146.671639216839	512.9301491168238	-413.160669290762	1854.6552142793273	-1486.4939191970204	-1
?	89.08465347174868	97.09126710635023	61.23794689693288	-113.75118198275226	452.59071710663744	-3343.690252754747	1797.0088780513468	-154.66034227027885	-1
?	95.27127680651526	209.39920678644924	60.04903513122884	-103.75838796897165	345.7456364790841	-1889.6932714242853	1846.9221971658133	713.5491812642512	-1
?	99.55461381107129	-1925.4255361302778	56.050027498484226	-149.51574258530044	358.10605353542184	6089.793326435692	1832.6863371145598	8004.548346314195	-1
?	-1	851.3903344458312	52.57324800196371	39.46053147136184	650.235302800873	14035.140621833798	2247.1496144815287	8321.255773036877	-1
?	142.12413053336346	2739.6278543053727	58.023054072052346	333.03220481796694	1059.8630846271217	-1526.2053194473845	2248.7491257664096	-16216.655128552908	-1
?	135.98139271527057	-171.70207693638685	69.2248582428623	49.211455561878964	573.9250368285027	-9822.600591257855	1436.3168580538718	-13343.40232637193	7.7297695029238485
?	133.539026686544	261.6886128024143	60.48362685014633	-193.03374420593678	568.733055064222	1442.900783460459	1581.5790094478036	12252.802212075729	-1
?	149.06582335539147	17.9742474373231	59.57317103256532	192.08576635149623	646.0700760015267	-1540.0782358705098	2048.956968657667	3921.1442452278275	-1
?	134.43773905841016	1742.5260844642369	70.08791516772128	256.54334869414686	491.7291432706954	-2997.2744669514573	1777.6362217091978	-4324.853761497213	6.042056449992876
?	236.19212757860456	7647.4338032751775	72.40033846727285	-132.13974464654297	496.2063526539517	862.8290721600822	1832.7142805828032	140.9247403048792	14.003591722907355
?	516.8094292221745	-539.9144853248888	63.480927935394035	-121.8794405650726	534.8705968787001	885.4281469019905	1784.6824587244419	3783.054455500761	-1
?	209.19640331235973	-6738.511403158143	66.30636643901913	236.57156781456484	540.4777599990518	542.0350214629584	2021.867003357844	-6884.88669811388	9.25759973182882
?	179.88385906426248	-278.4515988680164	75.30950632612245	162.76747345305463	561.9723479518484	635.6334453827368	1440.438123818743	-3751.3912025348523	14.088389141481509
?	195.27382336895872	268.57953908125256	74.44474011167198	-38.07527599925666	572.2594322681891	619.89563871485	1834.2974432310987	-4632.385217461809	15.65554327740342
?	193.3128360183253	-580.7361825998671	73.40574252615959	-117.20259053447482	592.9671298875913	27.264335567894772	1208.8188629456492	-10455.202181771743	11.28008952273724
?	166.23701423896495	-672.1649446831505	68.58461058494815	-152.19653335455672	573.6226490465839	-1064.6544264292704	1311.537334142504	15435.42413325515	7.67700400189055
?	159.7045887841673	451.21442750784564	65.79591585843164	104.67689175785885	539.7344085661271	1052.026565831496	1980.5900696084177	-1343.9023957438612	6.916017814311729
?	188.79773561435755	467.319501895512	73.81845517284117	101.97694631070843	626.2239773381594	1670.6886434082562	1244.34221435531	-1895.0288422598492	12.990686638958834
?	183.07056387894323	-532.8923117479989	70.89476317396714	-230.53845955482785	623.268840736541	2966.6021103059425	1885.838627495424	11264.853505504474	12.825952656132603
?	162.15312002695723	4369.276034909434	62.29153219509961	-189.2946198649904	774.5540828534587	-632.488147733245	1807.5848896305417	9914.77076718107	-1
?	401.53436562441027	-131.30709678272223	61.43003218071782	242.6693687784022	591.6444333498795	-4714.289581557527	2381.577165854467	2909.0733256551125	-1
?	155.58776518782102	-5335.611373138138	74.4250006340199	273.1837993743387	538.839603775579	-1185.303216384763	1953.0385559132994	-9991.269986145779	3.3573514950066916
?	134.75379696749957	-426.2370966498709	75.08922214943495	-123.14298315378689	532.3792725306405	-1112.322784107929	1882.0136665471707	-1604.4116318767192	7.125237747679461
?	134.27591035532717	96.07154092154735	68.26785147633046	-57.55876286096257	483.22346457018176	-3112.5490893303154	1872.8179743194623	3321.3523056172044	5.699768314069816
?	139.557374013577	21.64282813415267	72.21128400638678	-173.74643099928784	376.7518180641225	-1911.1173582469135	2048.0812818280333	1051.5485837280344	12.399067231133012
?	135.35805176203482	-2811.1474802715	59.58052992636595	-377.29504273125036	387.66759665783474	4932.329154757294	1925.3954035058648	-1855.720410941195	-1
?	-1	541.1268130914007	53.34653186982399	-3.599365581039342	623.3682758019908	4867.1899512092705	1955.2952612809722	-3016.9504467907136	-1
?	162.41439241660524	3105.24358711265	59.40056164731398	353.0008613127377	631.0270942183017	-4178.79408715465	1774.547881166327	-7282.922059328485	8.260706976997685
?	154.26217935563471	-201.67452579617358	70.99657493546113	245.14395753612084	414.4285714442553	-2942.84351905446	1591.1491583145428	654.2285064082305	15.318139821328106
?	152.33066612679642	-127.76969175840395	71.6577595241202	-32.34046222741835	483.88491826557663	2964.3609143865137	1807.259306486739	-3717.4279290554996	15.407627953535075
?	147.87369476771443	40.04480500199122	69.37955182409019	-9.957238136396569	562.6466171635831	-1537.2313062215128	1405.2777618617652	-6940.780164079435	10.95018109996439
?	154.332906376896	58.493160428982684	71.15989761730036	34.09987073947812	407.0233529544999	-3292.7480001106833	1460.2202982827623	-104.91821112261583	15.241057992567836
?	150.7983527891636	-377.5476199396704	71.08454536106412	-26.577395206129687	398.00921715804657	-507.44132964448073	1400.0318513056343	6526.021777731733	13.309969475307327
?	135.45552537991222	-470.4358901525269	69.83102785699386	-182.0933056364805	381.6512864722755	2682.4398630076876	1786.5213871693536	12380.402739055537	12.476998111665324
?	127.27655828153692	209.1870429141271	61.97988007923996	-48.61808890266661	532.1312103084329	-302.06810419297904	2019.05198825842	4551.072083566313	-1
?	145.91487752561872	531.1171749198779	67.40012341186049	59.1868023577871	366.54788126262633	-543.3069476573271	2014.0749913476725	-11765.144908663156	11.282557741263753
?	153.8324170275312	-2938.2975505123327	64.93922019712936	-265.3537083532299	504.9658629255661	3771.113256518698	1430.7947428252537	-6379.359979128303	10.8577150440922
?	-1	-128.326997446939	54.13243799419881	-144.20692068263088	555.1035440885639	-1807.8998160164308	1695.1069923912528	3972.1202631252645	-1
?	147.41606715518415	2757.6013055409867	57.72887416299771	137.1589783404629	414.5708721247433	-3889.7424075790595	1629.4007559815198	15135.206466101858	-1
?	136.8800652770513	-2968.3213431036406	60.99038691122205	28.04301811185897	360.61642370960817	13539.91910801274	2451.8673156963564	20998.17478166769	-1
?	-1	-33.66052158556736	59.13102506859068	126.09237639906416	1091.56682752539	3798.1239033559273	2679.3094950649192	-13572.477290987355	-1
?	135.1970391977729	2645.566664574256	67.29500573117535	183.7356064338267	550.5226188774072	-10662.263492356104	1773.243451146979	-6319.2665658251835	3.8758259707266287
?	131.27833322871467	-148.5236180022024	68.31780539028215	-172.13793001031985	558.4536529075772	388.00732713269457	2363.3461667736556	7826.239679450221	9.605834848264607
?	127.77085829766268	-2645.566664574256	58.68810923065924	-302.8445497620838	569.9229852340422	1743.817796856604	2164.5554351194955	-8360.987255784734	-1
?	-1	-401.80200426396794	53.17557790217774	-5.076646230068106	645.6445427504086	-1211.1345820559197	1945.296803984413	-9700.720585136909	-1
?	107.680758084464	1916.1149020147304	58.43427691915583	186.50190658675803	509.3662561312454	-6890.628246394751	1679.5194058626432	1464.2154696157259	-1
?	94.80574510073788	-2173.6151616892494	62.500673231515776	-79.3928870984361	301.11313043066616	-2993.507334415146	2018.5075774652003	8676.41399288711	-1
?	-1	-1916.1149020147304	54.464632564233966	-168.00129680687252	359.69088941048597	26524.730646871252	2113.340105507005	12488.888599651618	-1
?	-1	0	54.10060839117203	-104.46737370124418	1627.3496627742477	12092.67264681245	2642.95200744779	2286.425203514413	-1
?	-1	0	49.24126387917168	-21.0231235962854	964.3245217511171	-19260.261881677714	2227.661365682727	-14823.303585963202	-1
?	-1	11155.924295718356	53.049452211357746	236.318557510071	664.3365686903484	-6147.031076422803	1901.7868281496194	-3556.568330781933	-1
?	556.7962147859257	9792.658132939348	61.0571917546754	121.17229410381482	656.9729679299726	12127.303642628025	2049.832949143628	9220.47073284372	-1
?	488.6329066469744	-11155.924295718356	59.10806691654857	-177.12998143195054	1270.7017508217582	4988.038325884324	2362.810364791812	1013.2201849773029	-1
?	-1	-9792.658132939348	52.20069268307775	-121.47542073463397	906.3748842241923	5105.48991771263	2100.493958392494	7144.059843372896	-1
?	-1	0	53.03429587981679	125.67338000120563	1525.9762467073933	4901.51745433672	2720.013356960462	6214.904989610362	-1
?	-1	2949.7116266374424	58.48436168313812	332.870722791269	1151.4507569410318	-19956.757233962046	2411.2392078730163	-19690.616295693027	-1
?	146.48558133187422	0	69.67783201938048	39.113060592411	528.1383850092768	-12344.591313142882	1735.4825421757964	-14830.671561601406	3.8037016666553995
?	-1	65.23592142429514	60.440014712758696	-167.6407803477527	534.221191283879	507.20002778119084	1669.7056297929355	3869.5966293542183	-1
?	149.74737740308902	2699.171269013362	61.29579300199272	208.21764633436732	553.4983863983367	-1956.7210930726146	1928.96237364351	4045.2105035688346	-1
?	133.95856345067	-568.3375266385839	70.85089702947721	29.80124459513448	436.38513663024685	-2281.1999895796403	1871.96615497138	1715.1427348092905	7.805374626075701
?	121.33050107115942	-2699.171269013362	62.785855231749466	-206.87419338504318	439.4383869193531	5377.5865018106315	2014.7195103839758	9733.886636588957	-1
?	-1	1415.3297621732765	60.507187360224904	57.37023211044349	705.2644617207823	7836.1408226607	2358.660486800835	-582.7155527064095	-1
?	192.09698917982425	4002.3939146707467	65.65436683727168	283.2070556686667	831.2454280523937	-1469.9081120254864	1985.583732748655	-18029.244687675244	5.925118410989759
?	199.11969573354017	330.72092603244283	74.66754014365844	163.7858379793817	631.7690561195069	-3550.343463805984	1457.1982524170598	-7230.672350030683	11.485496561106327
?	208.63303548144663	-17.325252364482008	73.84365873624088	-202.85950158256495	653.728254862092	-906.3492734576911	1624.0501152471156	2796.3410919883895	12.070655582766513
?	198.25343311531606	-49.94635162834342	64.52456506453005	-204.60549066066073	586.4515924466217	-314.64906939699864	1597.0153070164813	-1751.2067579894417	7.102888639019113
?	206.13571790002942	-30.830181102761134	63.6133842032077	131.14060227655227	637.9958013922418	1702.9736780032258	1536.4897773476423	-6292.705628286369	-1.3610101871801876
?	196.71192406017798	-245.4309778410583	71.08159517835776	58.2005540126423	671.6002763467842	-1469.024240720666	1282.3800256021584	4279.946443597617	12.820045253253772
?	193.86416900797633	-170.99517165577922	66.52341190383986	-153.7294980041248	564.5445893562074	-485.58911002330655	1750.4870995275262	-4666.836032634753	10.8800647411506
?	188.1621654773889	-202.45371648683087	63.39512027815141	122.6316101701462	647.3208208456185	330.90886593171473	1049.0382239704174	-15261.930354529795	-1.9391350490906922
?	183.74148318363464	375.983450240793	72.65499241234726	26.09347088266381	581.0900326527934	-800.9495803544246	987.3905818010256	-1102.9605213945595	12.419462199835664
?	206.9613379894288	7104.879387842239	64.69979382228462	-231.83721864179316	607.2733418278967	1354.2511601551712	993.8901979006887	15515.593055908654	-1
?	538.9854525757517	-850.2551777752045	61.06313148025743	105.90541349907986	648.8025906605529	964.9964241250176	1763.1702345964693	7367.173558631821	-1
?	164.44857910066798	-7562.171785165769	69.99506449723869	276.5337192238606	655.5231630341483	-982.203738970015	1362.248875832285	-8927.951352036122	10.725724761341532
?	160.87686331745783	-58.74930665119083	74.88981744145066	91.3818632880192	599.6924037120515	-2672.7983079375285	1316.772666994657	3839.8083668355957	16.962215905874835
?	161.5111137681084	110.12632365030825	74.56415766163971	-62.133951818444444	521.88324763727	-2856.3036956628644	1554.2392941740675	12113.21705828676	15.926347112367614
?	166.38317949997332	-69.3109735693112	71.7831198505284	-224.37720392496752	456.87721892890625	390.9532112086948	1922.4335199090035	5890.37432430994	8.700176723192083
?	158.0455650896428	-3347.663589999419	63.34529746539118	-252.93004355735502	541.430908197705	5122.886477052868	1848.7580103895687	4636.648834962337	11.35616184335511
?	-1	151.0829883688474	59.13661767266046	-56.97197716687104	713.0215427815533	-1364.6011151818482	2154.2659616571236	2311.0143825379364	-1
?	165.59971450808527	3065.526354319245	60.496698607047584	230.25984043958758	473.2008524386116	-5426.2825168145755	1964.308729516467	-13503.501439046131	-1
?	152.27631771596444	-544.3236569073738	70.64960969464	80.15292720680961	441.7074169408207	-1985.0499116558606	1479.0908897048075	-10752.525860223897	8.956000761585148
?	138.3835316627162	-3065.526354319245	64.50434496738812	-263.97048981420164	373.94835685581717	-1214.879347287367	1426.6824365052646	-1748.5158495605335	12.500138687343664
?	-1	-2787.6706332542844	57.451085203929736	-214.0486872860519	380.96344957645147	3488.3829531947176	1391.6650972267796	4647.364530065785	-1
?	-1	2899.0778479701576	53.801910603085375	118.45693097950704	548.3675045155555	3257.7397896703396	1659.0506630085572	3344.6586702446643	-1
?	143.95389239850994	2799.4718718778586	63.37393175290517	375.5610972766161	543.8504390599708	-1383.9406694084958	1558.8980307390152	-12468.841786262234	13.626327887908301
?	138.97359359389492	-235.79396246103335	72.57996546691645	84.42681536544237	479.1704710451298	-1563.469611447869	1035.6085736954367	4549.892194228804	13.894946318679658
?	132.1641942754581	-2799.4718718778586	67.59527252117735	-176.74085519097792	465.6769584875762	539.9831101538056	1786.3926404504587	20297.52892867047	10.137905436112234
?	-1	-378.7142362793955	63.74292270736743	-5.591196572602462	506.16962655282043	-408.32534382649885	2050.4850201289746	887.0627189708749	-1
?	113.22848246148806	2074.973891525373	67.31571269254722	13.062382819092974	445.26069129625097	-1097.3376259936017	1830.745776399003	-4121.064120101147	7.48844686708169
?	102.74869457627011	-330.017883337657	64.39604184832209	-186.10493270357642	451.30274525313956	-635.5317381662964	1844.4318141239144	283.4868151181086	11.22075502000583
?	96.72758829460497	-2074.973891525373	58.01046605736827	-191.98208187905988	413.4841043879357	-657.2103956474323	1844.9201171549087	-678.2780774922679	-1
?	-1	-1954.5517658920717	54.796937754368955	-110.90262770285746	418.4422254707675	1060.0363873910917	1810.5179102493005	-1038.4113610573593	-1
?	-1	0	52.46533467222532	-122.25691920579618	466.48592375749104	5125.001443132624	1792.99954910204	-464.1292500174202	-1
?	-1	0	48.68409179407906	-55.671115433759645	674.6922976274024	6256.245518254113	1787.3114477484291	2107.6059210093463	-1
?	-1	0	49.681778900537296	54.075857776984094	779.2981996702011	19842.499047459427	1898.3798451525088	8480.01716280164	-1
?	-1	0	51.3878846829283	84.97798614542553	1666.8172500003877	19838.799916690154	2211.312305888517	15149.898713755281	-1
?	-1	0	53.93067820780863	61.82977858322229	1771.2381955047229	-6889.438201875716	2655.8747808402836	-103.07560895552196	-1
?	-1	0	54.47937361208946	-34.71622239724362	1322.345339906597	-14123.378039390636	2206.158525440741	-7759.635223959994	-1
?	-1	0	52.19486708794643	-20.961340000267214	1065.069293535181	4568.293435297518	2267.8930196422784	2510.1102229772832	-1
?	-1	0	53.431306612076085	41.782409459485564	1550.7600116714761	-7422.414936183861	2331.664036589607	-3180.971137087336	-1
?	-1	0	54.283987560920735	-106.4220818105135	693.9485467259827	-19257.752211930536	2108.8444627879094	-5894.940069767788	-1
?	-1	0	48.110202521550335	-126.51757683539107	587.8724010749356	5059.697262155806	2036.9170331012133	311.026420896119	-1
?	-1	0	47.95810871915109	46.55260549801758	946.9334098337766	12121.267140385122	2124.3957838327156	4330.460062789072	-1
?	-1	0	50.43783279645125	79.4396558968093	1193.9357580942003	-6119.700764010401	2253.44003624067	-753.7675492437195	-1
?	-1	3267.9257909242565	51.93009151399161	301.40434006036344	640.9483716332522	-14469.059181297356	2086.707406370529	-10414.438870965558	-1
?	162.39628954621514	3054.458947639289	65.50804979946963	349.9958549994328	470.48279902932217	-3859.8402188865143	1732.7180926923847	-3970.1533869366476	-1
?	151.7229473819666	389.2597973400855	69.4298842639635	233.62242286485647	447.9563606889238	-2149.2744961585677	1888.1997370236938	1461.2613794807223	12.645858359310255
?	181.8592794132197	267.64520204657987	77.18917094271262	52.503734360015066	363.01907422139226	-2562.434936930116	1805.781161666422	-9314.12635713661	14.935145181923266
?	165.1052074842958	-41.25007910009513	72.05507098196429	65.77125837636706	319.83461384241616	9539.772011716816	1422.4934191668567	3439.9843031003197	7.651200201632396
?	179.7967754582149	306.56205756714616	80.47773386153102	176.2211542292406	840.0076748072398	1570.068513933749	1977.7803768214403	9029.669403440015	13.058577814912496
?	180.43331036265332	-275.21864310136044	80.86612869342645	-224.19035511935726	398.3380395391047	-5565.98560345615	1873.9768893388639	-1195.3317302423568	15.266879424153576
?	166.0358433031467	-406.5117577562221	69.268216105563	-182.65339760360743	561.7083946344284	6.47388382887916	1918.0137903093216	1728.986264219182	6.572296771042795
?	160.10772247484192	-528.7663106755672	71.73345881324595	152.05450803369172	398.6617337305487	-4431.250884268036	1960.4262025498242	2189.6100619690296	10.971376511796993
?	139.59752776936796	-610.051365531986	76.8709415072477	71.42894063534853	340.1458504210234	-321.63500967800246	2027.4942934077746	648.2320605564836	11.653243775651992
?	129.6051541982422	-335.6804175025696	75.30490584501342	-233.48633950718417	382.57998324664834	8166.240630558784	1992.8378055776489	5862.296132067716	10.912857746009859
?	122.81350689423924	1321.5477277965379	65.19662453188832	-224.0899782974733	748.4578819489684	15221.524750455847	2320.6091000111646	7485.654558547279	-1
?	195.68254058807003	1285.3593914869068	64.1004069301396	187.35551745566642	1143.6562207694515	-3341.6345933947496	2367.120533505018	-14365.573468318931	-1
?	187.0814764685855	-140.4944233106474	74.56440040467177	240.20474859823025	581.3761522792286	-11580.859704564638	1602.3304265952079	-19585.731727259183	10.70124008424803
?	188.65781942253756	-1543.077691184788	76.11064436005128	-105.54832617365824	564.6132355412113	-39.83329580747011	1387.833947142045	-6289.310803550054	14.464444594188368
?	109.927591909345	-1740.9155384112585	69.28698409598879	-36.952904277453385	579.384487488855	-1453.2061820598935	1287.8648864177007	-10433.523008930037	8.063675347583075
?	101.61204250197339	801.1870262074111	74.26299914617859	162.3392695486825	491.9529264382156	-574.230688462595	866.1577966955357	-5642.242565923227	12.08468165656628
?	149.98694321971612	845.9440851343643	77.40394757342303	64.89653266566243	550.6729530657249	2269.169016051912	1005.7527581215354	3171.8114469701895	12.697434977760537
?	143.9092467586922	-240.86258098670783	77.50782577946175	5.664575916217051	605.4113772408128	942.8251633919197	1024.7483690440474	1575.5615636282168	15.76177431101435
?	137.94381417038056	-397.52417260211166	77.68717636923388	-41.44814251769814	597.8142112353215	-397.28557698530614	1084.5308363029474	693.0420160137547	14.87944898419021
?	124.03303812858634	-571.9027943927894	75.43541865357682	-167.88431730444944	585.5470983915473	218.25724763151274	1059.4004698447357	-1307.0793558799955	7.678681789075012
?	109.34867445074069	-295.57834424998197	69.29296050401129	-275.6479005167791	608.7270736168973	-23.34441861643621	1019.1768685089467	120.48571606614871	6.215902534991551
?	109.25412091608703	267.1572499746155	61.65302362773767	-222.01783703577289	584.3798774607254	378.2373940334483	1065.4247556480432	2381.857522059493	-1
?	122.70653694947165	518.1204219128927	58.19206865222249	138.27288334232722	627.63894331857	-387.72259752881513	1138.269744611923	14712.43168402542	-1
?	135.16014201173203	303.2121779732321	68.56666779485413	253.24362065140983	564.9937475842844	-870.9676599937519	1801.0463398493246	13778.872561458038	9.622869323800945
?	137.86714584813348	-44.19347077110325	70.85424968479316	-210.1769332540816	584.0905603188818	997.579982673787	1827.2133726848347	9481.438543717492	11.558219548721175
?	132.95046847317684	856.136150111436	58.0578211321499	-111.1113023499483	614.8727467179745	-979.4079292303034	2275.118267035206	2880.583960784579	-1
?	180.67395335370588	883.4056600539128	65.29868456729567	431.7182172843074	535.1201638573659	-1449.1036191306828	1971.2425707240657	-11005.140260648881	4.396598817685913
?	177.1207514758731	-346.2118134745477	79.64373199636557	174.81263254946109	542.4175657614393	5.161628512992064	1724.861254002754	-10068.725540229227	19.258622584684552
?	163.36336267997825	-878.5676703230473	74.03931619476884	-185.76249173339383	535.3782452830155	-747.420674844528	1467.8062937125972	-7411.9431331336355	8.778950241345285
?	133.19236795972012	183.37324209421888	70.35560740969575	-185.0161642307045	505.04653201921235	-1733.3042317252232	1354.264097346067	-4877.902665382029	7.541416144807396
?	172.53202478468933	2639.6365365947295	64.78850798323349	-288.2875992698777	448.71303369675314	1393.6989660147476	1223.9111604434922	4653.676809969622	-1
?	265.17419478945845	-3470.640495693737	55.94122744620166	-203.33492674064325	574.7314803199507	1699.010394817071	1586.9479378445515	10357.930011371061	-1
?	-1	-2970.2421026592006	54.62176164620118	34.82313761721265	533.6635534376079	-2747.2662901852195	1741.8076610120527	4149.528473275041	-1
?	116.6620896564963	2472.251737265438	57.682384327062316	199.24281529467834	437.3681658106878	4109.649662272089	1794.4243615083064	4854.302178841198	-1
?	122.61258686327365	267.729716602416	64.58390241093524	190.20562551731672	739.1460365512153	158.17083121486806	1984.522769954116	3606.6269406781917	-1
?	130.0485754866173	-2472.251737265438	67.19266560292829	-180.5685896013702	445.2767073714313	1031.0448364419826	1974.7557085422186	4840.545505833328	18.084992254094878
?	-1	-2620.9715097323087	55.5554729308666	-341.0078932431017	790.6982783733151	9726.97109594541	2226.550045245786	7054.659181159341	-1
?	-1	2935.8550248067822	50.14227094077296	0.15120898127207524	931.6252621687087	2200.705615305872	2327.4886676001906	-1316.785195919519	-1
?	145.7927512403412	2921.853442809995	55.563033379930204	441.4161940377136	900.7335591386103	-7259.885237649927	2160.710785449809	-23820.98063023341	-1
?	145.09267214050183	458.54810613707883	72.21308064265895	310.9085348383193	568.6310002862072	-6805.9417066241085	1136.4396360885032	-9175.471808156823	6.934002395864948
?	168.72015654719547	107.16059477840265	71.10846012184639	-102.3563642995563	560.4364738074	-1599.9579940653587	1701.9371950419613	19741.0620355083	9.407935512712593
?	150.45070187942204	-878.1508811807544	67.09526242768106	-45.07001053130885	488.6331005829381	3024.083074019493	2123.4927378639322	8747.183406058488	7.888091423489985
?	124.81261248815713	-733.7951243683401	68.85495959528092	42.99777668226592	711.6406275083768	1953.3872451896316	2139.296365344892	-8036.758868403066	5.678002212004529
?	113.76094566100451	-280.5064028888907	69.24515126179439	-25.477254396291677	586.302462842421	-5383.172502114687	1721.6547944437732	-10134.983543656192	12.492094619885815
?	110.7872923437124	-62.96632450167205	67.58109687546632	-104.6545946257833	442.48200240263867	-2916.0530083060125	1632.5471881620751	9674.850386451548	13.321237486364165
?	110.61262943592087	386.6330884751277	64.01242153050515	-22.77480935874816	440.49981242711834	-3102.3032407103337	2205.3973137663575	12048.586279239546	-1
?	130.11894676746905	296.3827006222821	66.44235640752889	-26.718946659249855	287.3668403671198	-2854.9037033875065	2234.976502124061	-1374.3538984250413	9.795996439669274
?	125.43176446703518	-2622.378935349344	62.67647419754264	-335.4134384522984	297.754627257741	1544.8698035229797	2136.6796188451044	-2585.2856641971625	13.069714075706361
?	-1	-2528.6352893406674	49.67168448491373	-160.54202245119342	364.61033054326987	16680.9568875495	2105.712218914201	1898.8510583010614	-1
?	-1	2797.830057803373	54.649373074982854	456.4857923617457	1131.802471635228	5277.176053737229	2231.622171760159	-18417.91377556202	9.923280410942624
?	138.89150289017064	2679.2458289458878	72.49597410300135	289.6224463734825	628.4691332301351	-10870.251675780275	1184.8165301360868	-17531.154125999783	2.579015667995229
?	132.96229144729628	271.20697416545636	69.13049539365719	-72.70575722409329	588.2898878462064	-2834.828753552659	1355.0644654601572	11357.341272524547	8.717748658805235
?	152.45185159844365	1107.1123828176442	68.86068624179663	28.815677863224654	486.7276955525001	-2667.8934250726966	1752.6835937623223	7496.564718334878	5.101880256339584
?	188.31791058817927	258.4430143306727	70.57127928681844	46.36351457093942	454.8952165925697	-1857.5428840149104	1729.8927013769064	-7641.183308191208	8.924775583036912
?	165.37400231497747	-1147.9855751978853	71.17886197034363	-88.2175688492062	393.85055135175327	4932.824248148213	1370.6244283527565	4080.168796242079	10.359816455376501
?	130.9186318282842	-3327.480046299502	66.16040084435807	-323.3584904924617	701.5364289999839	9945.544647586337	1933.9011411890133	17472.519598946237	4.149002931028042
?	-1	1734.1516731892777	55.010937445720316	-143.92313208602567	891.1277837310772	1165.8912987661045	2244.250408300081	-5426.164872953436	-1
?	217.6262154877493	4176.503324732612	58.96424424005668	460.2426647212468	759.8309939382899	-7918.353931204995	1662.5928975413376	-25007.84394817587	-1
?	207.82516623663355	-418.6695546262726	78.02307068178298	317.7757275373161	495.21008717082185	-2821.9051506270316	993.8582108912697	-4454.718803141723	11.49682134274225
?	196.69273775643538	-113.09253731557997	74.85303061692271	-109.97570016238953	618.7357364069363	1852.1651535262274	1439.8569573842483	11396.304728606516	13.011517019702449
?	202.17053937085447	248.14256756373186	72.52428567366343	-65.32425773701554	587.8183448471345	2354.9470624222413	1563.6734473216036	14028.210122582668	14.836618828761072
?	209.09986613462215	-30.621415793006143	71.58681773007189	-22.25353138398273	736.4830895280501	976.686529797548	2141.2674635133917	-5563.42605481312	12.472170921298407
?	200.63946858120414	-507.8894467234854	71.41160910446428	-2.0261088184417697	636.6526713370126	-3981.2178092462686	1285.5021445809436	-6166.221881743749	13.380013677286268
?	183.70539379844752	-4032.7893716240255	71.4855122891498	-139.13501823581527	537.4221990657338	-887.9541345294648	1832.9563694262	13372.794448946854	9.450379239003155
?	-1	-3694.107875968898	64.45485819267341	-257.92568827009904	592.2549646105388	2157.910472869934	1954.1418670282958	-1321.3401257893195	-1
?	-1	2910.694305741475	58.58922787564466	-109.0922495578046	645.317722709232	653.8077383325592	1766.889363136733	-9220.418379622048	-1
?	144.5347152870758	2681.127268146727	59.000245714783105	202.80400652903165	624.9453515271672	-1545.5590216578373	1493.1209480471869	-5480.600665766073	-1
?	133.05636340733827	-645.958190541201	68.72942820209639	40.12133870648242	568.0397716263391	-788.8761995742631	1492.8593298484254	12009.18061643133	9.57392034477047
?	112.2368057600153	-2681.127268146727	61.006312650107255	-184.517167931678	585.5015415484535	8764.495390546414	2093.579978868762	5207.185459219808	-1
?	-1	588.6396210619428	59.503569805512356	40.78060363847412	1006.264541153666	7251.5061526415175	1753.2186028094195	-7819.995000853644	-1
?	141.66878681311286	3036.109168942634	63.04534283203099	226.85859955212428	948.0768491805345	-7759.335590860379	1702.580228826074	-8647.240399739161	8.187991072764536
?	150.80545844713384	717.0536851879098	70.84649978311873	53.15225018980665	618.2977616106415	-8393.025853453179	1320.8565828224553	-8632.024327734203	10.086402114695215
?	177.52147107250886	1503.7603683306193	65.70295534152136	59.60374835131348	528.4255565078696	806.7002881375332	1270.9790124393578	2012.155032514664	5.07073608880911
?	225.99347686366588	1722.7619194244396	73.82668720068445	118.43187619717443	658.6327760175187	1013.7329447096309	1421.46433444819	5474.744554735147	10.046816062470247
?	263.65956704373207	1016.2466960514215	71.62454915138017	-35.594848363950355	579.1122037433519	-2647.4862222281045	1544.716240176119	7994.280786893869	8.417211005375254
?	276.8058116662377	-1166.7502986629006	72.0469447824869	-86.88480527899732	526.2584649061116	-1602.0603272055962	1821.178373792889	12090.698759978128	12.656663462450775
?	205.3220521105862	-2762.378521830668	67.28030888743024	-208.5215654243986	499.0091873830709	-208.5363953876315	2149.251178175034	-1315.3927957195215	9.08332354157205
?	138.6868855747023	-4126.441042211665	61.620866511266826	-283.71638227206245	515.8316451367299	844.500458494595	1755.408734006912	-9025.51651643689	-1
?	-1	-2793.7377114940064	53.094489773826915	-184.03457621228705	541.2342103078013	10846.190583309075	1697.975352353183	4609.70058341942	-1
?	-1	0	52.41913770065234	-0.1373165163120385	1058.1411743021913	20382.96600263203	1985.8937631778863	12238.38061274653	-1
?	-1	0	53.08762394801131	16.53194094237056	1560.3825104394173	9737.98947126894	2309.8943829905184	6157.715225029791	-1
?	-1	0	53.24573474777088	-15.155647098409657	1545.0406478656453	5696.406199544104	2293.77952442938	5314.952289030741	-1
?	-1	0	52.32984159309082	-35.03642553681267	1845.2028204166265	-5117.10702451277	2575.641997442059	172.7081204547697	-1
?	-1	0	51.493913470930224	59.07118762630945	1289.1852966400031	-16697.50686572238	2302.414930452119	-10095.567328245044	-1
?	-1	5574.3030616949345	55.283400974406334	458.11543086415327	1010.3274771304958	-14657.056016168866	2070.8636310297998	-15405.430713753594	-1
?	277.7151530847507	5831.737696489846	74.39968501413821	275.9398891232744	556.3324958315494	-8238.792468011581	1532.1433947644282	-10383.266716646092	12.407627819031019
?	290.58688482449645	418.0049209293904	69.08039543057025	-103.5346546734811	598.387853729911	1925.5315674021722	1551.7002951974878	708.1788774829273	9.268619368946615
?	298.6153991312205	-346.79988254827055	69.22295228046409	172.1192589613285	652.6090742016594	-1231.4339872765784	1567.552338638575	6365.821680437813	6.728994400833106
?	273.2468906970827	-1408.5491185172245	77.6863583786368	155.5969570767599	536.8161543660812	-2891.7209930273566	1869.991379219383	-352.3952210697548	17.031416413378388
?	228.18794320535827	-998.4112264935624	77.00280013430219	-10.376733533976926	508.0230245502895	223.48735629341172	1549.932577585087	-6840.890058367448	9.151446102443005
?	223.32632937240385	5818.920842063005	77.16752170193794	-235.72116859165254	547.9905221807519	2097.4966089051027	1527.9468763010057	1742.9115207954717	5.357916431978145
?	519.1339853085126	-1059.9643242459663	65.2167417047194	-276.7193997998051	612.8978549955461	3096.7281053034176	1637.078153624862	3634.0510383593146	-1
?	170.32811316010478	-7023.9004390514565	63.33155171194749	198.1995966681595	702.826927445925	78.1740302267838	1709.649428218974	-4290.4961608817785	-1
?	167.93896335593476	143.03473682593528	75.12672153812751	319.03210042788106	616.8065565068854	-3332.3566595306925	1422.55334558077	-2920.7340578910494	12.018255383603224
?	177.47985000140164	1140.6470690245717	79.28315673334177	37.20174577553341	536.209094469388	-2962.113793413765	1563.6127253244194	13427.425761477707	9.71805331104982
?	224.97131680716416	1641.5672715275632	76.98680882690421	-75.18185486378208	468.700866836195	-3016.585381158792	2093.924633654665	13468.226857903283	5.190710103497238
?	259.558213577781	529.0293733623468	75.52406399015261	-203.79690949644691	385.37982541144623	-143.0858115905428	2237.024068219593	840.8077833747728	11.759447954733716
?	251.42278547528187	-5211.164271555545	66.79696335208172	-272.2514773887853	461.5465762566678	6616.729877078847	2135.965022823404	316.93884225613607	9.174203640280528
?	-1	-1448.506018102888	61.911490120713154	46.18166052927839	716.2163192653933	2974.7493912677905	2252.8710103324	-7102.934910203257	-1
?	178.99748457013644	2669.0805843164703	69.10604637854567	101.23425330203644	610.2840458200594	-6934.5238255659015	1780.8182773132362	-12226.202496541662	5.821624304228369
?	132.45402921582541	-857.0688730424005	66.97320278581505	-43.75307514798658	369.4901279870933	-5468.360618249594	1641.5608855053083	3652.5263776247884	0.6208103552942902
?	136.1440409180158	514.3790120289112	66.91839262114631	-15.401445513033488	336.86601490757585	5.247660198449392	1963.4445961944782	9319.312619053411	7.800145370948189
?	158.17297981727134	-2742.8808183602773	66.20313051016336	-140.13205113495516	369.75251099701575	31216.657686611037	2107.5265164579855	15716.152790934839	9.708741732047308
?	-1	765.9896038843395	59.91179006439845	-4.249457751797305	1897.6988992381498	18406.03467660915	2749.2522357412313	5059.2826530493685	-1
?	196.47246001148886	3619.2252043167864	65.9906576225735	327.63445547219965	1290.0542448274864	-27034.690788382584	2360.4906491104575	-28243.381160608016	6.966823208967261
?	179.9612602158419	-203.2272793759807	76.29351283800867	147.27981850657716	545.9643598190013	-11956.968097766097	1337.0831777108103	-16106.13463360008	13.952631225732762
?	186.31109604268968	639.7932800720969	73.35464854790246	-28.87751492677596	692.2058399391731	4839.455609013006	1555.183917430442	15834.695465131279	7.691306578754599
?	211.9509242194472	164.07541573246414	74.84963709166985	-0.2612100535068825	787.9371402696551	-3080.1597310481197	2128.8179509673855	3493.343756424843	12.160695028010315
?	194.514866829313	-1278.450952522573	73.34158804522711	-184.26622551476152	538.1978533867649	-5705.800636863825	1729.8511052516867	3682.974204807035	10.367179418776388
?	148.02837659331763	-1152.1048964835331	65.63632581593164	-184.88410297353846	502.64710842645974	-1675.389602510537	2312.96666120774	10540.354213046858	-1
?	136.90962200513553	-276.796272692385	64.09738289655006	2.38252651937753	454.42837326123686	-3545.6467504982843	2256.868815904037	-3665.798462296382	-1
?	134.18856295869818	-367.0737568121682	65.75545214190052	-108.00787711092968	325.364770901543	7124.2741289759115	2129.676738092918	4016.33380353988	13.9070062544923
?	118.55593416452686	155.20541113138853	58.6969890410035	21.54957185162116	810.6420797100375	5860.4961590659905	2457.685506081034	-9516.590567874451	-1
?	141.94883351526772	320.9874153174371	66.8329307344816	328.05686289883823	618.3895788548467	-7521.4426466497725	1653.8472096991889	-19385.275760903845	13.201680951308914
?	134.60530493039894	-2858.9766703053137	75.09983218594564	-65.78864201020741	434.5699473775435	-3195.7225286370794	1488.421718035828	-480.5200806536709	11.461907538533165
?	-1	174.8992567631391	63.543498633971176	-376.19224120088836	458.6034524229905	1694.4921359609825	1629.821205666505	4292.161732727921	-1
?	143.35026776855602	2648.452414424484	56.29022012590096	166.62258954771806	519.2945541755938	189.14998807045052	1703.029804672227	3676.4993542576963	-1
?	131.42262072122608	-462.4831361487002	71.8746281113572	387.85607867034986	468.06095182651313	-550.7689585371635	1813.6461733793924	2488.202921480598	8.506732711210514
?	120.22611096112068	-392.00569661894076	75.68302405941873	-27.41358027766598	491.75610624873525	525.4892747124648	1827.4399507462588	-312.2181049448592	14.291353629556934
?	111.82233589027877	6416.1322441195925	70.50394909747388	-90.60941468122663	494.33541556213675	-540.776008966799	1798.0352681321492	-3150.5884504384185	5.099179408284223
?	441.0327231671049	6733.547016812442	71.15255332535733	-99.2537900436213	464.7173058003949	-1292.4810759773127	1669.9105282243356	1157.774302805039	5.82843630694622
?	448.49968673090564	-8840.654463341973	65.54125959529274	-245.17196925885975	429.7113617632702	-595.2475935783634	1855.923983272402	4909.620226520399	3.4474643946334096
?	-1	-8989.993734617985	58.89395486241417	-213.35644529665993	434.9549261214763	491.1604153489632	1915.391539550359	3353.7345937604573	-1
?	-1	0	54.873437330459595	-101.36704749235561	454.2693825307187	-106.58746906004883	2023.6107129604272	-1459.0835249064205	-1
?	-1	0	53.82560248779632	-90.80504239038517	429.6255526684738	-2332.2873238202997	1842.437363305037	-2418.349726369017	-1
?	-1	1980.5788104948406	50.33318521094027	103.49202217590143	337.65501633970206	450.86169206721974	1902.6932266419747	8135.611679175825	-1
?	98.02894052474343	1978.6908859979624	59.00020359659146	270.93660675728614	452.1686372718351	223.86629362921576	2249.217947263834	4187.235015470014	5.7194945795558425
?	97.93454429989953	81.24286912035329	63.88001554880477	-52.37839928094612	348.848331021163	-2563.9768728255203	2112.0549774154783	-3127.789918352083	4.21020322667446
?	102.09108398076116	-11.530052555730329	56.38128363254412	62.119675334262865	323.96979363055726	3389.555268711116	2092.8284513462277	-10156.852740695715	-1
?	97.358041672113	-89.98291857492504	66.98599931551796	143.5692415359261	518.3260944567212	5291.904647713085	1604.2123403806854	-6701.767354546278	2.7339088913014016
?	97.59193805201484	-12.096746457635104	63.559745709340525	-120.81824870678913	588.5650260162153	1635.7609938526907	1757.740083618909	954.629599768623	-1
?	96.75320434923124	-65.18951310627664	60.945086880178415	-53.26178643066252	600.1141441493569	-111.60290947880935	1651.9438203691172	856.4681581790243	-1
?	94.33246239670096	-1.7535609755014754	60.89665638780736	-101.23502255472259	582.9848805422747	3538.6008856785106	1800.5634915278608	7228.150956676711	-1
?	96.66552630045617	1325.663902539617	55.883335752442214	-88.02600940540717	777.044188433285	5053.88717881356	2013.351368202958	5689.65521617754	-1
?	160.61565752368276	1110.40534821832	56.49535591753694	316.692324597495	835.6792394829563	-2698.6184615803727	2085.046252336742	-3672.914137668438	-1
?	152.18579371137295	124.70327972535692	71.71795198231719	313.1603637170984	642.1132653542644	-6671.207114157026	1829.7056613195334	-5247.03000238085	5.834208918545442
?	166.8508215099507	116.35720814439657	72.15337410339208	-180.01578068553883	502.11888377510024	-1576.0199114351215	1822.6947522176956	-2543.5556618428523	6.3625764495538055
?	158.00365411859286	-3357.016430198966	62.71716294804012	-317.59804139239395	563.3122697825072	2685.969920432429	1702.527878227389	-369.9698683198533	7.618642994617325
?	-1	1467.9775927065857	56.27347203377216	97.6880429249805	636.4173797967236	-2756.9823896592534	1804.1962588017027	1527.799850943685	-1
?	231.4025337539232	4632.430018968023	67.60156509428921	364.45629870250065	425.4631502995426	-5991.558957606993	1778.9178707745743	543.6280044111359	16.978153641967715
?	230.62150094840445	-647.2683693161132	74.49628696889745	-91.02778956165678	336.8394319163697	6382.5800190951395	1831.3776590222599	6214.409593554445	17.644387026412343
?	199.03911528811707	-4632.430018968023	63.05017561620631	-356.545445392038	744.5921512543041	10455.203747986352	2089.638350452301	8611.961219052773	-1
?	-1	-555.5694978551294	56.669014699295296	127.3732582074624	859.5996193156947	-3964.334417109117	2261.9757199749047	-579.1631793015413	-1
?	171.2606403953602	2875.324477132281	69.41883852657952	273.48837638210335	546.3754303988454	-10518.767208724337	2060.6801914872235	-5550.953484111722	12.089870981930776
?	142.7662238566161	-827.7823721287907	70.34343351840066	-97.34871758028622	333.6612588794703	-4511.7501460797585	1984.4280457693146	-301.5133488316408	11.241292336781212
?	129.8715217889201	-238.4646478496342	64.55140264756514	-32.31778198973483	320.7879230948543	-944.6877806994578	2045.6045240456413	1356.068536440547	-1
?	130.84299146413423	-2617.4304357783644	68.7275444189139	-48.75255487948566	286.42686984449676	8536.452409759464	2052.231472591343	1004.7747666766729	8.394775788965307
?	-1	-83.63888409597558	62.11377490359082	-175.75636821461762	747.6105435828335	5860.377672547891	2095.8432623794756	-7828.301632199412	-1
?	126.66104725933539	2310.510714036615	59.93972600818289	139.12890182901208	579.4457534718955	-5960.80902202381	1660.8163909813668	-11650.708751303866	-1
?	114.5255357018324	556.0944655144078	69.07021999504153	-49.891276946706	449.5700924816388	-1460.4272213897045	1513.307824814274	3760.928864798103	6.856366712864876
?	154.46577053505618	1225.057555817297	57.44516216084755	71.31936629094567	506.42439240240924	1347.0317528979606	1848.8628342212746	5759.294194297522	-1
?	175.77841349269812	1190.4502155197185	72.63618830958886	248.67663953802978	516.9216801265378	518.1185485744226	1801.2725345291542	-696.5743946478816	7.166079516189718
?	213.98828131104295	-3535.568269853912	69.87899413774922	-251.7300256682881	532.3303198311307	1125.9741208394848	1814.03411448888	1264.428471861161	5.650963069844882
?	-1	-4299.765626220798	60.049687026174276	-281.51558483879853	573.2203861685129	1055.11034825162	1864.4939581222131	1616.806626376742	-1
?	-1	3851.852328962476	55.80321489580909	194.06919929426687	585.0858372437125	-2022.2870327229268	1894.8744458077183	-1347.6239145584568	-1
?	191.59261644812653	2699.664012604568	69.75314699088776	89.71493297461478	472.1060345323651	-2935.397777592546	1797.1127623942893	2820.7908582987657	6.658658539222356
?	133.98320063023033	-1250.0696607964032	60.288961544539895	-97.42882026874217	438.3159483640831	414.2573563065853	2035.9139887226586	4150.603691560259	-1
?	129.08913340830549	-24.672492736132984	64.88170597745058	314.74473972716817	492.81890234769463	2901.175380901153	2004.6429469723053	-22549.169848476075	10.886086076854763
?	132.74957599342366	8.889047798240755	76.02619853089853	137.85847063501026	583.3747174091428	2616.8668415334655	908.455496298839	-18716.88742219478	15.05491715698184
?	129.53358579821753	-18.473698708796483	71.77462950920119	-287.0922539941252	623.6622444243698	1914.2990071929012	1068.798575862553	11763.39819821177	10.030684842541412
?	131.82589105798382	1005.170331220396	61.67158583119206	-204.59407263146426	679.0896677687892	2336.6851235948193	1496.6254062094358	11430.11423229577	-1
?	179.79210235923804	560.2508820344218	61.54492587762783	237.12987900221324	740.4965006041124	-1600.8466962705597	1640.3042874773496	-1677.3626323467067	4.6958712831374285
?	159.8384351597053	-952.2649748048532	73.52807978130289	208.4601961800347	599.0473329552601	-5144.652599221534	1412.7572745920993	-733.45224012893	7.871140023102692
?	132.1788536189947	-754.3297800801475	71.96793568662972	-115.29833963332528	483.263870643032	-2754.250254643776	1603.6316754709026	-356.8022913487761	5.812362326921879
?	122.1219461556974	9.766564362644065	67.76316279963655	-85.11843419902156	461.33482022306936	-1431.1753971946634	1394.9171600246602	-7033.1093002697025	6.1028015325774065
?	132.66718183712692	865.4605661369961	67.71201397667858	102.42803790642935	411.70510078329784	164.91231467694996	1251.9762104574124	-471.3485493678651	5.3992540303094785
?	165.39497446254782	1364.891055683786	72.88456469495809	116.18298714781508	469.580435956917	2234.0141815221173	1371.3497325562666	20551.287704275717	7.772108356201237
?	200.91173462131718	819.0926171153112	73.52116333406941	-175.29993706152004	523.4058098594053	1576.4040265827705	2279.540595671213	16966.04926900251	10.503806282505085
?	206.34960531831396	-4038.234692426286	64.11956784188196	-283.9830546822443	548.4006372860566	2431.9426121776173	2219.652196006404	-362.7028307514723	9.329270667392033
?	-1	1445.1904768663012	59.322010599957	-22.572670802692407	645.0029404682879	658.4408988732728	2261.405454133639	-9683.511955468674	-1
?	278.60912916163005	5176.4033884374885	62.99093430174732	303.6844822960935	581.3226822297207	-2423.0199491906474	1735.4765982329636	-21146.873344870968	7.460719891932524
?	257.8201694218781	-154.45674657459116	74.50623471476189	293.78118507045195	523.8519430087538	-499.25104124458556	1204.0617868900756	-12984.235968884834	19.58229406573771
?	270.8862918329004	193.54699895526844	77.67999355527013	-83.4856780678012	556.3601301674911	985.989969445886	1086.2647997887127	108.18871292640625	20.844799534057646
?	267.4975193696417	12.866685996442401	70.33195081137177	-230.01728815530313	573.1514414810488	-56.971714840248396	1209.471222536396	1112.409758979145	19.403994037377643
?	271.5296261327225	35.136509276027894	66.17912914750481	-253.05651214230147	553.5115444254786	686.0442767643501	1141.8852877376708	5648.459638025822	16.376887128953854
?	269.2543448334431	-5450.592522654373	57.679125204256515	-239.43135883702354	607.4536553192668	2294.620521867936	1491.894204437691	10593.48691352789	-1
?	-1	-5405.086896668785	54.20756120565346	-120.29970779684106	668.2425705188771	3800.9459989613883	1671.5596334140728	7692.3979805481395	-1
?	-1	0	51.664139814414376	-48.88523352732322	797.5009552673389	15073.832289448874	1876.5141034651035	16977.50102317053	-1
?	-1	0	51.763299529287266	10.142165228009501	1421.9341849913314	15231.543431818653	2520.4346845726113	13227.565156467943	-1
?	-1	0	52.17124807581486	-55.33354145750088	1559.0781268582823	-3644.8913642356893	2537.89236128851	-7041.005775034873	-1
?	-1	0	48.99662245641218	-119.48989678063883	1239.6896167795444	1404.1560661289059	2168.3843958208627	2590.4193001351173	-1
?	-1	4686.20922562482	46.19675323678283	212.9700946553049	1629.2859301647286	-5257.403621264207	2667.413326295268	-4471.676241313853	-1
?	233.31046128124433	4537.200159432917	59.64512718917758	673.6460314465506	976.8194357163303	-19571.011586451892	1944.8005837551668	-29642.60558164042	6.4730775144950226
?	225.86000797164905	-149.0236009046079	79.87905480911084	118.13080665164892	650.7353508421202	-4936.8209446618175	1185.2830472132257	-12274.383582406579	11.902115309249611
?	225.85928123601383	983.7574784516797	65.55166752176011	-236.14538016901213	729.9783884832359	-209.43525846929717	1331.0814046348291	-2173.703078040836	4.911949009902857
?	275.04788189423374	990.9022232643242	68.07178580066007	330.3977882955219	640.2635879186552	-1207.8775498098332	1076.5978933111824	16498.528334820323	8.918003696784115
?	275.40439239923074	-498.90428558441414	82.07155693653644	226.1615392744104	669.5845109927434	159.14625634962476	2156.007821375857	19122.682557212156	19.12389841183937
?	250.10266761501268	-1422.4698441191706	79.37986276438075	-155.51621462312175	648.2209007361365	-1692.7011236519807	2032.7320211718038	-1246.3240756829878	12.083709101046045
?	204.2809001932712	-253.28129409098588	74.29574620538024	-163.34682666048246	584.9494548101432	-1489.8489561488525	2093.6916175917067	-224.93362178469079	5.471940790093812
?	237.4386029104632	1975.5963097827337	71.2125214313565	58.93714090550533	573.7284529286928	-3594.320828265645	2021.485340082569	-3701.521606176122	9.447534023844913
?	303.0607156824093	942.3040049887666	77.24260325065555	-48.348457229606815	405.23341339685834	-2703.5658324727106	1908.615537282898	-1071.8092393759828	17.27492191903853
?	284.5538031599022	-6081.214313648099	68.79509856987613	-335.212607718972	438.5501613050554	19713.452870616147	1967.8948781137692	12021.276962472331	9.983094854032093
?	-1	-327.9455747657447	60.48197286470671	73.15108012221639	1390.9060569276799	1900.4050057062627	2509.679385406523	-6002.810433259452	-1
?	268.15652442161473	4434.8739421690925	72.452652575987	304.57730314206407	533.5704115903699	-18372.849782867866	1667.7543564507923	-22121.33455017971	13.442214856978055
?	220.74369710845778	-5363.130488432218	75.71083802181013	-1449.0530515197195	472.2635677842734	-10671.408231807245	1403.612657897522	-33355.087129015374	7.6854391366659485
