rowLabel	avP	dP	avI	dI	f1	dF1	f2	dF2	h
?	85.49736369169362	1635.6525178809927	62.876437475764455	1238.7945424484055	255.1332342544633	5178.331093676012	1940.1563057122178	36810.7275698889	-1
?	81.78262589404964	-129.71080198549316	61.93972712242028	-41.03188412657644	258.9165546838006	226.55599381491413	1840.5363784944452	4622.06770652439	-1
?	79.01182359241896	-58.1481186647437	60.82484326943563	-22.36530682419413	266.461033945209	1041.969967163421	2171.2596910384373	8886.743860834555	-1
?	78.87521996081246	-3.2464002957470948	60.82146178121057	76.64786845560714	311.01505304197167	1517.7472506230404	2284.873571536173	999.7394463132152	13.822095867442222
?	78.84950357763161	-33.559149304341254	64.65723669221599	38.6581199086335	342.348396476361	865.4780051116702	2221.246663354098	2309.435364686706	10.452454057849383
?	77.1972624955954	-1596.9900715526326	62.75436777664225	-200.7693365641993	354.28895329755517	239.12336078296113	2400.3453397705084	-5708.003239483179	9.587730638565105
?	-1	-1563.9452499119084	54.618769864006026	-221.43975804126035	354.30456451550907	3865.447365007154	1935.8465013799391	-6499.664150911451	-1
?	-1	0	51.68237987457923	-57.04588869729237	547.5613215479128	13502.681926217763	2075.362132224936	5284.781002177016	-1
?	-1	0	51.76647542914141	-145.35322059508363	1029.4386608263972	4294.349398070198	2200.08555148879	1541.1519353466251	-1
?	-1	0	44.41471884482505	-115.78288673268733	762.2787914514227	-2693.808618600938	2152.419728992267	565.8844519273135	-1
?	-1	0	45.97733109250704	66.7397492091255	894.7482298963503	4454.715671049185	2228.3797740851555	-2306.8332080665755	-1
?	-1	0	47.75170630528133	232.65435062889844	985.0145750038821	1311.4573331809413	2037.0780685889383	-11599.442704604402	16.4580237284015
?	-1	2260.7902163620793	57.610048623951975	388.4336361377077	960.3210965553974	-8590.331080841554	1648.407638854935	-5801.8551227903745	0.6991467116912663
?	112.03951081810406	2190.216975189036	67.17338811216673	127.95782838281869	555.4980209618041	-3915.7274851385396	1746.9853124494193	7985.333704976462	5.492612334893916
?	108.51084875945189	-2260.7902163620793	64.00794004309292	-122.45709824547805	764.5347222984702	11723.55900852061	2047.6743241037584	11998.592145116516	7.2166216257822935
?	-1	-2190.216975189036	61.050533199892826	-274.1404802621638	1141.675971387835	3029.8822155067996	2346.9149197052457	-189.01129098794155	0.3874953288847661
?	-1	2245.3051795709425	50.30091602998471	165.16164371170376	916.0288330738104	-7428.265145675635	2038.2237595543613	-15604.87149038342	-1
?	111.26525897854722	2032.052108361417	69.30861538547802	376.7426051963578	770.262714104053	-5853.4598073161415	1566.671345186074	-12011.83974406686	3.4051065708660704
?	100.60260541807094	-2245.3051795709425	69.13804628980262	-63.66575076170756	623.355842708003	1426.5772727484123	1437.6317723510178	17365.47150506971	5.928817958710458
?	-1	-2032.0521083614215	66.12532784739264	-120.41766854638426	841.5915777414737	3088.697887024834	2434.94492043956	22086.501928968384	0.046748060552645826
?	-1	2080.638722689453	63.11716286248341	-84.76415350769436	777.7907370592445	-2238.4219135308585	2541.9568687994356	-11490.654682763183	-1.3509639858688736
?	103.03193613447274	1901.9424315593778	61.88712017200792	54.51452172580441	729.6704820649306	-2309.339044398846	1860.4121863014004	-25267.671697179758	6.796885036759395
?	94.09712157796898	-269.2087695763309	65.84288894877363	45.282790152056506	662.3237848393021	-5045.5761668578	1278.5732839404466	-7346.323741405061	8.48400673764479
?	89.57149765565619	9456.689965726659	64.15125967961075	-136.50898427494243	477.3916737220404	2529.7472644416075	1493.095999231147	18127.78942893298	4.053831661380506
?	566.9316198643023	7573.430889098677	59.01743973502651	86.52074336111973	788.8111480613826	1218.3843678249639	2184.9627553870964	8272.563498456813	-1
?	468.24304211059035	-4518.4143391176385	68.47729684766674	178.59771078801228	538.3108921132887	-8775.855709789228	1906.724174153988	-9127.416375757863	5.369307283775856
?	341.0109029084202	-7427.303673248014	67.94732527442713	7.902296799001071	350.0183625719208	-3708.387370391762	1728.5919365992029	4069.585836918687	-0.3033162435590288
?	96.87785844818932	2649.449982799202	68.87241168761679	-109.055528583954	352.8915235937004	11772.171792801435	2110.2034659999226	13293.095192529483	2.373463667740139
?	473.4834020483804	7504.97277476374	62.494548845229424	-310.7090915442359	938.6269522119931	2504.5825178227155	2393.2466962256776	4991.968484444028	8.652006179500386
?	472.12649718637664	749.0743291736844	53.33695711040498	-108.58464980873127	478.1206494848363	10695.464190233773	2359.8018902221243	5346.921886122423	-1
?	510.93711850706467	301.91254297769973	57.065316354792856	210.6367548780572	1473.4001617236822	13731.39323171051	2660.592790531799	325.14193215082713	-1
?	487.22212433526164	-2683.026377042345	63.86879485430785	283.49717542424975	1164.6903110703624	-22364.71219676533	2376.0589868296656	-13747.877196242867	2.261132185092082
?	376.7857996549473	423.4129991989626	71.24017512600535	129.21330858364445	355.1645518854149	-13125.870435238412	1973.198930719655	-13116.928069919742	2.569642184968087
?	508.3927742952098	667.7065773875853	70.32946028349008	-42.924393466191155	508.39678930844127	4188.439734559586	1720.212583333678	-4363.515022023313	3.1032084323862903
?	410.1711285243266	-7131.823968032046	69.0939554526958	29.47205927051184	564.5865386133944	-1496.5685776594078	1755.0231796184892	-879.340472581238	3.0767427410630463
?	151.80157589360718	-5394.1922513923155	71.80306324701567	79.08665199576966	433.5683604254708	-3657.7766892192335	1676.245559704616	-5446.5936560924365	6.351379773018427
?	140.4615159547106	-681.5916666871641	73.04828805248428	-144.68728265815272	381.69770415243255	-104.77018491065213	1482.6934968138671	-2614.0708749033706	8.827559517686256
?	117.72199255924895	-2829.2303190942093	64.56869911410803	-396.6872399095303	428.3298511799382	602.3066963489958	1545.5420159594473	2788.486268027475	1.9481272550620314
?	-1	-2374.4398511849768	53.21392605700775	-277.20963983185135	411.81303896988237	2560.9905852832035	1622.117810215241	6189.765616649592	-1
?	-1	0	50.70821712251545	-117.40665579369873	556.3793804440985	7126.754507512454	1855.0302967919272	2743.5079388778927	-1
?	-1	0	47.34359326732283	-39.91091618283036	768.1507643455038	5633.651850939165	1759.2932071591351	-1952.1714738467633	-1
?	-1	10959.556475466085	48.71267131337394	160.8734663118841	838.0619729910558	-647.3570944226776	1757.4217230995894	2458.2731317405837	-1
?	546.9778237733023	11645.800082616559	55.38726658291701	21.040305018989972	735.7829096243701	-1985.0920417750083	1882.206863746164	1531.6515277612607	-1
?	581.2900041308259	-10959.556475466085	49.76468656432343	-153.00428804191594	738.8073709023057	3594.6393732122797	1834.0042994876521	-52.431296107879646	-1
?	-1	-11645.800082616559	47.73705218082124	-79.05633964910678	915.5148782849834	4680.965164483626	1879.58529894077	-5403.800080846259	-1
?	-1	0	45.81186958186811	15.742874662635755	972.8556291264862	-317.3349851573164	1563.8142954453401	-4588.9472190509405	-1
?	-1	0	48.52419591395302	17.176149878747314	899.6481290271177	-3009.366645323468	1650.1379379882237	13184.30853004734	-1
?	-1	1920.2434141961394	46.67067707580547	279.77016401403176	822.3872968603133	-5338.53315564428	2223.0297219477047	9894.219128240746	-1
?	95.01217070980663	1851.5632249168234	62.51270411465456	372.7525498399267	632.7214712449046	-4477.267610308865	2144.8488944002593	8492.85787515952	8.03348811659266
?	91.57816124584085	-1920.2434141961394	65.30830456780174	26.06678402402546	598.5239163448708	10791.385816226884	2647.672615705679	5141.526648610143	4.833737502547825
?	-1	1193.8793457544014	63.81604331585583	98.91395057303136	1172.2907620562469	5772.283009524776	2401.9252268307655	-10931.113049217813	4.008186417418392
?	151.2721285335607	3139.794642061751	70.25400209645329	325.0414105216639	887.1380668211086	-13784.599148812898	2101.1169632447904	-8995.249375138219	2.6034320389471657
?	155.989732103087	4155.099399310334	80.06811384193897	-13.52362280601857	483.06080461560435	-8685.345479752328	1952.1627580738561	-6855.109409452318	14.81691258629144
?	359.02709849907666	6658.243859840385	69.57782095615237	-342.32680529692396	452.87079283349374	-581.5714748346475	1758.3614927721758	-3979.742875804605	5.365949672550462
?	488.901925095105	3229.972294923529	62.95177357709283	-252.38011752225452	453.9822308738721	556.7874242233082	1753.1756142836266	-217.6534945659167	14.706133856212796
?	520.5257132452525	-9798.038501902136	56.958815080039685	-176.36985282175792	480.71016404465905	3123.45000823581	1747.47881804388	3525.772942725188	-1
?	-1	-8024.675626723357	54.133280936004965	228.46684179029322	610.154731285662	1353.7535735237852	1929.4642614198854	-1906.8485725557025	-1
?	119.2919319090861	2283.359249433378	68.3821571695543	417.63892425582304	548.3978427208481	-5490.539416967877	1652.1363894160952	-15118.147487226	11.060665978170546
?	113.16796247166849	-98.83710826933658	75.01522714879604	164.09795242246847	335.62776043726916	-4441.9281716897885	1173.556887058588	10092.79097051542	10.685526881156369
?	114.35007649561929	-115.66952999040252	76.5870547906777	-33.99964850335221	326.30143413635943	-134.72780033774646	2156.7759379418644	17138.821334450455	12.766648601218565
?	107.38448597214838	-163.78535944956866	73.31524472362844	-175.21896608258947	328.89137042038186	-358.87130651963514	2030.4979537811078	4806.642464416454	10.334252942601323
?	106.16080852314089	-39.38058137410948	67.82610648654826	-68.80384799140695	308.35786881037774	796.4297840058447	2397.108061162686	210.49720800986125	6.4139563593130635
?	105.41545690344292	20.25820088564906	69.8750523240581	50.57760989172312	368.71285962067395	2261.3640101550473	2041.0228141816008	-16982.69451684119	7.2122253790063855
?	107.17371856742334	-68.12142493457056	70.3549869811344	14.592767492054913	421.4260693181297	4718.427996147523	1547.9733353206298	-10391.522656516596	11.1901732283935
?	102.0093856567144	-268.2387218448444	70.60469069866085	-38.139198070053475	604.6342594280493	4305.888302148679	1521.4466813557729	-2376.4937105350186	7.296099199676999
?	93.76178247518116	-86.30027077925038	68.44802707763174	47.908117358774575	636.7204844255629	471.12848777084247	1429.1486497938793	-1404.1304505414705	3.3966164315356293
?	97.6943721177519	334.39202276896117	73.00009656659957	44.73781931796496	628.1906838165913	-5526.811544714668	1451.2401588286996	3222.9522216890314	9.183809167974237
?	110.48138361362916	443.9890377715851	70.68491804352998	18.202715670019877	360.3799071898304	-6579.899271123417	1590.2962608783303	8107.035243044008	7.356407910697122
?	119.89382400633107	65.28889202248189	73.91023235010056	-51.310951147693416	299.19572026042164	5628.290172552878	1856.5919209808985	14935.75401221517	19.32289363048543
?	113.74582821475325	-2417.87648012663	68.11937048614531	-172.5494273370146	641.7944158174734	11493.667002692619	2337.083961489086	11087.10732165779	8.151454011780936
?	-1	-2294.916564295073	65.28276098324986	-205.57397262927867	873.8790703950505	8684.206775962772	2410.947287063786	1667.6552941367904	3.419408458998429
?	-1	1851.9363451264453	57.84067185468142	-12.724989935411815	1076.0047546156104	-2225.442625065226	2420.4667261959253	-5490.866340340727	-1
?	91.59681725632194	1758.4373041805159	64.64651148647927	67.5910889202073	762.6069391417896	-13195.42824678727	2136.4039700467506	-14021.382729085202	2.872432988384739
?	86.92186520902548	-1851.9363451264453	61.22022630069177	-206.77726371892038	416.23334227624923	-3754.0474716891977	1719.3975897416676	-5297.2956305502075	7.423326591152009
?	-1	30.69059862342908	54.30764830053329	52.228878235194614	574.9045655573303	2240.0261584337195	1871.5391885192412	-5587.781828757458	-1
?	88.45639514019693	1684.7428261734215	63.83167021245149	217.20068219789928	528.2346501979348	-3745.7598529365664	1440.0084983037957	-11453.641605102512	7.054480910679642
?	83.23714130867077	2614.9733524881426	65.16768241042821	27.819560808256043	387.61657291050267	-2826.1137791326164	1298.8571082641176	5041.8595044019685	5.935035734404458
?	219.2050627646036	8660.197816350279	65.22264825286429	-131.0394507616866	386.9289612413045	8438.208538126384	1692.1014735238932	18014.172120648906	7.266688949110411
?	516.2470321261832	6620.507913910485	58.615709872343906	-82.76140036179187	809.5269998168204	34724.68623123013	2199.5657142965597	23714.995185875054	-1
?	550.2304584601267	-692.511457195516	61.08457823477471	1.3075223760972723	2123.163272802805	11274.91030858467	2877.8512328176416	7177.4291699240785	5.328038371248839
?	481.6214592664075	-1057.6081341567037	58.68108599114877	-28.992621630174785	1373.2725152460519	-32302.594401640377	2558.4371727927623	-20328.202264877244	-1
?	497.3500517522917	-183.67687998493759	59.634947153265976	-188.33128584474235	508.03355272079165	-17901.43100497768	1861.441119573783	-10433.743244796324	8.36436250374497
?	472.43761526716065	-9967.001035045869	49.264521698911686	-206.17176602510855	478.20096499717107	132.8919054770238	2036.750010552948	4905.165326878731	-1
?	-1	-9468.752305343247	49.326358852010586	27.661588270812942	514.6781479946428	5117.3219332690305	2106.6993859177187	2989.173778995429	-1
?	-1	0	50.64760111245233	-42.29879207624621	734.0670616606217	11059.838218393155	2186.208699502719	1543.4767622153195	-1
?	-1	0	47.21141924819828	-128.7468739417014	1067.6700589142986	5361.391435451758	2183.8732240284844	559.4129572900803	-1
?	-1	0	44.21025741536728	-91.41867482659156	1002.1366334332087	2089.0788420369818	2214.179347367223	2540.430587581359	-1
?	-1	0	42.64048550686872	-3.183356035598035	1172.1240010161473	-1631.847082061646	2310.894753407552	-90.12833632235957	-1
?	-1	0	44.05108961358738	156.0158468492412	920.5442793301266	-2085.0630966829913	2209.672930551105	1507.256616606861	-1
?	-1	0	50.44127784933075	251.1036817283139	1067.870846181998	4417.8777645134005	2386.2575842378947	4140.888119227535	-1
?	-1	0	56.60627370000303	63.54689318209276	1141.4381675557959	-629.0393269457968	2416.717336512481	-780.7118378094065	-1
?	-1	0	53.61862250843538	-150.6635782277368	1036.4188798347084	-6248.384571732128	2347.2219923474245	-7169.9277567882	-1
?	-1	0	49.07309478861622	-171.91978263443988	829.0189389691906	-2930.907118093086	2058.220948673072	-7005.633442583464	-1
?	-1	0	45.022633376713415	-63.81985462875514	889.8735239300546	-1070.3275950353343	1996.9403202182525	-540.2096919200832	-1
?	-1	0	45.88210205717847	31.444569882503085	775.502559217424	-2684.1765375600157	2031.210464077068	-2690.877115941467	-1
?	-1	0	46.594861870838564	-55.09500195601552	755.6646970520543	1227.0979016510112	1862.3964644211796	-2415.5865772350166	-1
?	-1	0	43.127351959377705	-27.464218589533214	836.8574542999744	3547.2116078100876	1910.4311352153177	1520.661442672359	-1
?	-1	0	45.22165094136191	1.1587548633555442	933.025277442558	839.5712719923274	1938.4295365547973	-1864.430123088184	-1
?	-1	0	43.18528970254548	-17.688055190347207	878.8360178995906	-187.3861834452084	1817.2096290609088	-622.1730998323959	-1
?	-1	11551.863110374827	44.33724818184455	303.4828178574778	923.6559682702977	-4924.686700166675	1907.3208815631776	-7058.30811628626	-1
?	576.5931555187393	11493.171735870957	58.35943059541932	360.952928527597	632.6016828912577	-4936.072870830155	1464.294223246597	-1714.8143000710359	1.2591073016257477
?	573.6585867935459	-30.57143012435301	62.384894608224336	105.98953594852995	676.8523247287908	-255.36950368490898	1821.5801665596262	3971.6493225990284	0.2551153173367502
?	575.0645840125217	-140.90196946838938	63.6589073928458	42.64932524167421	619.8332077070123	-1386.481475550052	1662.8766893765478	-81.49986796488093	4.046217495533707
?	566.6134883201264	-171.1560787234504	64.51736087030804	32.836169981330244	607.5282509512884	-594.1508730669146	1817.5051731613821	1947.1821621189133	3.086755524567528
?	566.5067800763492	-1168.4295189778693	65.3007158919123	-33.48554256852052	590.1256640536667	-1568.5599589870333	1760.2357974824931	2809.2313664165713	3.2663043253955477
?	508.19201237123315	-11350.135601527023	62.84308374188202	-28.884590320893967	529.1002530019371	1609.7387119545817	1957.9667414822102	10504.566480022979	2.1777382083983086
?	-1	-7977.02071649166	63.85648637586761	53.513186490301955	670.6125996513955	6072.471473643062	2285.46412148364	6005.300843896214	2.827104764597197
?	109.34097654665156	1998.963988082918	65.5187430663971	-2.0616961711049058	832.7238266840891	-4469.563083890697	2258.23178367702	-4718.863822033989	4.302927441200855
?	98.94819940414554	-2206.819530933039	63.753401567312366	-236.81245985970477	447.13444545686144	-5399.107529876215	2049.5209303819415	-2873.674454052517	7.766319682183984
?	-1	56.41987864772423	53.67812007341191	134.6780768713065	562.7684501902793	3256.3824914098395	2114.5480609743945	-7194.271941235077	8.275272652514863
?	101.76919333653174	1985.3673979371385	70.48730541087767	314.77825434248854	609.9535700273528	-1690.4218047690838	1689.807333320189	258.8148142528835	6.272627121678033
?	98.26836989685657	-62.09943314515777	69.41703279053628	-24.165700707729428	478.2473599518254	-3148.5559337362747	2127.4888016870386	8601.075701978441	11.373063273198527
?	98.66422167927387	-117.35814948261675	69.2790203754912	-8.779533280956603	452.5257733405397	-825.6677050097353	2119.8611184191095	-1933.0745317408196	14.903760174347017
?	92.40046242272575	-362.62833574029105	68.97805612648845	-81.32455981023952	436.96397470133877	20197.598562825555	2030.835075099998	5120.492434908056	8.160693443795926
?	80.53280489225938	-1868.0092484545216	65.21279238497924	-52.77101821521673	1462.4057014818138	25398.52290994828	2375.8857401645114	8395.342109343284	0.559684822049495
?	-1	964.6939797605762	66.33950521572763	158.67922801913835	1706.890120198748	-16295.621573777056	2450.6021805671608	-8848.975361856365	-0.5657982372532914
?	128.76750388028802	2903.4356214683316	73.14675378593613	269.63604793604117	647.6246227929639	-23042.60661326363	1933.4369720716948	-14490.483305950276	6.758235934173841
?	144.17178107341607	564.377787467976	79.82130761252964	101.10312863532961	554.7597895355707	-3290.6072176509965	1726.0780152696495	32.9940563493393	11.569951035485476
?	156.9863932536867	3055.574961231684	78.20191021770259	-371.9690382450604	483.0942619104147	-1120.244742954538	1935.0866748891617	1616.0656250661452	8.846301468962595
?	296.9505291349997	6571.932647191089	61.22285570027668	-354.46260116978976	498.747552387844	564.8708131882163	1806.8812965229565	-1245.6210771449512	-1
?	485.58302561323995	4055.616636529247	60.478780159213166	-6.449271744164401	511.3378025698254	12420.621530968732	1872.8056210319144	5539.576672396322	-1
?	499.73136096146135	-9731.660512264834	60.90039211306846	10.73213889243352	1119.7786289362784	8360.199272579963	2083.8601301427716	8849.788062567877	4.157809423808209
?	-1	-10014.627219229262	61.01538710383484	-18.241858798579564	929.347766198822	4736.2414262529355	2315.2950241603066	11271.583459343123	8.809163967467608
?	-1	1669.584751060929	59.98829917313949	164.1903303990674	1356.5907002489243	-5026.8601587026815	2647.4393031099257	-18834.255914932914	-1
?	82.47923755304615	9207.24777646379	69.22490362378818	114.88784615706946	678.0047582636888	-9510.262938290423	1373.5822284136643	-18580.63319203196	2.757195858034375
?	459.3623888231878	7572.842749893363	65.73269148099294	-183.56434302834396	881.0775533344049	9852.339312370728	1718.407643508331	13432.746476639248	-0.6266282217474319
?	461.12137504771295	-9207.24777646379	60.046686472371015	37.74670968822547	1170.6217238822235	4164.894293313729	2045.2195522456243	9997.319963180693	-1
?	-1	-9242.427500954293	67.62002696540421	55.70109986252979	1089.3222680000906	-606.9606157912243	2218.273641667364	-1621.142753358405	2.6875990556601517
?	-1	0	62.831741465497494	-282.49901285501863	1140.2736930926624	6747.214494703158	1964.1624145777043	9415.010043742092	3.1842868114030765
?	-1	2236.048873187011	53.495076322653325	48.926292188536735	1426.6829927352474	-4285.207886362393	2689.0241438544667	2037.6313301684086	-1
?	110.80244365935015	2111.9872978009325	65.27805607492432	448.2578971061003	926.0132987745435	-19323.309054395977	2066.0439810861244	-27995.07627039989	5.9869653777655465
?	104.59936489004625	-334.1871449818459	75.90797117795826	58.503381142206116	460.51754001545197	-5984.933531891794	1289.2703303344772	-2783.7595947759028	10.146644612045359
?	94.09308641025791	-291.23022763290624	68.20322513203462	-113.63990983723977	626.7666221799549	4425.124183838051	1926.8560013473298	5324.422851628179	6.05974351218402
?	90.03785350840099	-1901.861728205165	70.22597568609629	-142.78313230660993	681.7737492073537	2069.754583515226	1555.4914729158852	-5179.2718796787585	5.505573357641316
?	-1	-1820.757070168026	61.06406851670415	-267.0986755082823	730.2543513557158	1780.0829298326944	1667.8924073633927	16776.558724174974	2.0194011838720627
?	-1	2415.597052146589	56.87104191068222	162.1576752929444	770.7778956989881	-2106.8649617612145	2394.319409124631	-4170.0878673975385	-1
?	119.779852607329	2521.8076411698385	69.17195228135134	448.69054571352893	624.9111032676555	-2327.989950309019	1459.3880139935166	-27675.751691510075	5.851902434088717
?	125.09038205849149	81.66418024951355	79.30556919635859	178.85730397710637	654.3783981835376	102.92182669523109	1010.5318245491322	-4149.186933515362	14.375352109398673
?	123.86306161980467	-2521.8076411698385	78.11481748020663	-245.23976334090779	630.057194602417	1371.6621872348107	1251.9286673177492	18417.46162683716	11.305963468264443
?	-1	-2497.261232396102	67.04358102931325	-194.82584657442413	722.9615075452779	5602.928519815261	1931.404905890987	19747.169767838117	3.894317273920932
?	-1	0	68.37352515148545	121.074752905905	910.203620593179	2406.24883639502	2239.2871557096514	12111.745125506415	3.114325025867622
?	-1	0	73.09731867460847	-43.69947537092814	843.2739493650284	-4106.266681886715	2536.9921621663057	3109.6486833479885	3.779501563299423
?	-1	1750.636444223736	66.18855138293905	-153.5605263631464	704.890286498844	-8522.901262884128	2394.7695898770503	-7044.568567296499	3.2194149253535222
?	86.53182221118648	0	65.41929235645118	-363.83657651042995	417.1288862208236	-4806.60566691597	2184.763733801482	-12044.270899391651	5.425358070666445
?	-1	521.6293590177436	47.99672255741762	-136.43540598687116	464.5600031530464	4813.378026345194	1792.5560449074699	-10038.953807445796	-1
?	112.61329016207357	1939.1378787792448	58.597522057107646	488.69164425487315	657.7977875380824	3319.0542291535785	1682.816043429194	-13084.470826924919	5.407651528641532
?	95.9568939389619	-594.6917914671939	72.43130477016119	85.18918790716471	630.5127146107247	770.6741381175043	1138.3325035612263	-1273.0365372595406	5.859510456365136
?	82.87870058871398	-2.728604718256814	62.85698145246587	-125.92853167373691	696.3314944439575	-3894.8594156952436	1619.1642165662172	19684.34719195636	7.381787064598126
?	95.82046370304906	596.6016853795456	66.13487818647437	215.92903161071467	435.76974382596325	-7522.895994562435	2122.549863159041	6076.39641753059	9.129375463346493
?	112.70878485769116	342.2231944635795	73.65343303300156	83.62467776943704	320.18669471583706	1719.1830003257944	1922.9840374427456	-55.91852651294195	18.620775415941914
?	112.93162342622797	-2274.175697153831	70.3161120749462	-268.444371978223	521.7288938422527	20289.245183995066	2119.7539368333937	11829.11828342417	12.835802842284883
?	-1	-59.01942263797643	60.23121443409046	-164.1581989997491	1334.6489539155868	4994.03984105623	2514.439951613952	-7456.830875381769	-1
?	109.98065229432916	1700.6583408804902	62.10820212495878	210.17792239796978	771.4308858950633	-13944.216479010147	1746.9123930643066	-28897.541706872933	5.496356844758942
?	84.0329170440242	-691.8707940849855	70.74011055398891	-100.4678641196076	637.438129965082	-2821.894689614372	1069.5628662703105	-14879.305192764312	5.924443512242569
?	75.38711259008001	-1700.6583408804902	57.08480891897842	-336.2863469841627	630.3361514143452	3905.0628464391552	1002.9471334260936	14356.523296028396	-2.8603394308381436
?	-1	-1527.7422518016056	53.92579320478084	-57.256179822120494	832.691272287039	4104.812899711575	1787.3890310717277	25636.558548816596	7.209293058751963
?	-1	1911.5484408360048	54.2219999278724	160.1018617249889	835.5767963999232	-9762.967797107256	2284.775060866919	7895.687770534856	-1
?	94.5774220417999	1696.8613963894431	61.930886291030255	-25.762373198240404	344.542882431678	-9706.236174013888	2182.173419598469	-8156.672873185914	5.930841168199493
?	83.84306981947185	-1911.5484408360048	52.93388126796039	-199.87987535938672	350.2649876992305	7364.511892890274	1876.9414172076247	6194.842215468947	-1
?	-1	419.6312129614362	51.936892523060955	317.5718565043229	712.7684770761904	4566.4521742056095	2491.9155303719153	-1228.867510768259	-1
?	104.82463046754359	2139.49348411302	68.81247409317648	420.1621837784846	578.5875964095102	-1166.423481950498	1815.498041669212	-18668.602949388543	5.475322401592422
?	105.97467420565252	140.0149550678313	72.94500171198548	90.56280889100107	654.4473029786647	-955.6319560709632	1558.4853829024748	-4744.242536251896	12.566245529657945
?	111.82537822093525	-23.103126743273734	73.3406145377266	-45.10342782756503	530.8059986059614	-4075.128362528532	1578.2859148566138	-2083.949929097332	14.537241787573066
?	104.81951786848882	-292.77421015294505	70.6898303206072	-122.68906228825865	450.6908848522352	-1338.3417299434293	1454.2878864476068	3132.1489501779624	11.311458986885725
?	97.18666771328779	-129.83282528264894	67.20616142331357	-2.5404752405227877	463.88891210878893	1731.821289079981	1734.8933623655141	-261.7028582154816	10.748170170018458
?	98.32787660435628	79.98272464147817	70.56280655858106	80.32220489473787	537.2819493062355	2919.3312250576564	1441.2027435368325	-20153.212952007336	11.283805498919488
?	101.18580394536176	323.3376310579063	71.22227166805052	50.985016319109334	609.8554733616738	-598.0065758998711	727.2327147651331	-10766.952832729516	10.114326945877906
?	114.49475815725182	522.1172894069772	73.11205737453656	43.35266173872834	507.38162051124147	-1875.6793074888612	902.855101900349	39820.0344702077	11.872841720420151
?	127.29166841571099	222.41022363321375	73.38990475498697	-88.40387965606811	516.0715079872294	-1424.6925923934762	2718.2344382755464	9002.513997890575	15.056307989365905
?	125.61526933891267	-96.75412034268537	68.6918633917331	-318.7043035942938	436.14699089156665	306.67065910784476	1352.9808017948842	-9373.87045530148	12.147572127694431
?	122.45396239857665	-2532.3053867782173	57.454689575272056	-311.1778029568505	531.4050409426219	1459.4197354950913	2249.5409155104658	19205.1037146075	-1
?	-1	-2469.079247971498	53.13297324389035	-28.370998558388035	509.11797766632225	5427.929806887708	2313.235987525273	222.95307401044423	-1
?	-1	0	56.036139647352634	147.01208380837602	802.8015312870111	7977.015964673768	2260.688569210988	839.9604985900868	-1
?	-1	0	60.483577434309254	2.3057948612197903	907.9687759000163	6265.459295485654	2355.2340124547777	354.10714301109186	29.614047160995156
?	-1	0	56.151429390413625	-54.85201078855049	1116.0744960612983	3360.5062583452263	2278.393926361543	-5443.374570526025	-1
?	-1	0	57.74097689488169	27.887290585239725	1075.99408881728	7225.6136802873125	2083.0652839284726	3698.9597086533304	-1
?	-1	0	57.54579391967563	38.393623698232226	1477.355180075669	7395.088638402712	2463.341911794212	8137.778779896683	-1
?	-1	0	59.66065807979333	-99.8445789029762	1445.748520737421	-10664.24300837753	2489.9542229233125	-7176.606916725348	-1
?	-1	0	52.55356497452675	-263.5157460982054	944.143029656785	-12749.270665451946	2104.5115659579396	-12952.1343712187	-1
?	-1	0	46.48487077488287	-116.80654341420369	808.2849874648146	3240.6805762022186	1842.3475043623682	751.8193462192614	-1
?	-1	0	46.71323780381648	210.96280221162573	1106.1770584668982	-4754.14428494753	2142.1025332689032	-8106.833899309666	-1
?	-1	0	57.03301088546431	320.4472009972389	570.5777732174347	-11168.646559278848	1437.0058093968792	-16017.66836510344	-1
?	-1	1746.2283572806207	62.735597853678655	184.16057095792405	547.7447305029479	-560.5122067461946	1341.2191150137198	1062.7776591460438	1.6060670633035006
?	86.31141786403228	1640.7653889817493	66.24103943336064	84.60043276998668	542.5521628801246	69.18887835907428	1490.144692354182	1396.9496253149675	7.713216776155583
?	81.03826944908863	-141.43410394149012	66.96561949217805	2.012913141195696	551.2041744209016	89.58021695744364	1411.0665962794692	-3655.659242107902	9.747998436503858
?	79.23971266695767	-76.38992959438872	66.34168509042043	-10.902562535215013	547.0311737279968	-129.76758835534653	1307.3617302487844	665.6413853275577	10.99962172987721
?	77.21877296936914	3483.236592671355	66.42049136541729	-47.220682581007665	544.7157950031342	482.05970159073553	1444.3486655458476	9800.90424376415	11.589931241746694
?	253.4015423005279	9407.368541424803	63.98065096137001	-70.07509102678569	571.1341588075339	227.9486773901512	1797.4069424369989	-891.4960638929516	8.333736334100808
?	547.5872000406159	5601.146943563481	62.91673681407796	-19.971427032292297	556.1132288726419	-597.8210990999884	1399.7738623511993	-7700.97175206482	0.919260260147257
?	533.4588894787059	-83.30090022333134	62.98207960975538	2.862912373290486	541.2431038525341	-168.78718959492505	1412.3583548337524	-1557.7825751545568	1.1394264682459032
?	543.4221550294493	288.4694787898143	63.059882432742484	-47.91612143502806	547.6738693928955	737.2803342873986	1321.8847335934704	3297.6121735213824	1.8278554280982235
?	547.8823634181969	117.25358412692974	60.586273538003944	-41.012293566414385	578.1071205669045	533.6305844856944	1577.2389635098239	7512.6854000991425	3.401358508403405
?	549.2848342357959	-421.4802579764077	61.009267754421735	-32.99858415025521	574.3553986171806	-771.3260137082243	1697.5190035984328	-1973.3849019591428	-3.247973877756891
?	526.8083505193762	-435.2068592438929	58.93634433049116	-4.557453109847464	539.5408198814928	-370.99850630092686	1478.5697184118653	-3912.505406077561	-1
?	527.5244912736009	-878.3754286518979	60.78139509892936	41.82691826607365	555.805473302134	-1081.31955437097	1501.893733294552	-528.0622236456854	1.3187817603905052
?	482.88957908678066	-10570.489825471868	61.02769024379487	-89.5620900762404	485.4748421629435	-3613.3121750505006	1452.1666072295807	4789.520403856072	9.04291149764919
?	-1	-9677.791581735475	56.303290595117275	-128.2829893337288	375.13986454960644	-4334.752196483546	1741.369753487359	3668.5803964660568	-1
?	-1	0	54.61354077710834	-52.300308706177496	268.73723233876314	-2751.0275484789704	1635.5956270528861	915.167363845431	-1
?	-1	0	53.68827515980836	55.376462932990826	237.58848712565597	1696.9391639311218	1787.1281216796312	2338.372384750504	-1
?	-1	7032.008974079421	57.38236392375792	143.0290966764124	353.58419053532043	2286.1539518837594	1752.514246290413	6796.071216550962	8.490428583672632
?	350.60044870397604	7293.455528306853	60.839729993629085	96.30447177992713	351.89618471984556	-18.81903482121375	2126.931682507184	4654.3986752615565	-1
?	363.6727764153478	225.65338599345884	62.197587512754346	-13.236078628530048	352.64323879425973	410.4405274974179	1985.2341800534941	-8412.364371191896	-1
?	361.88311800364914	-7293.455528306853	60.17792606220257	-60.83876354582428	372.41821109471675	571.9251409602667	1706.3134639475834	-3218.1347860552246	-1
?	-1	-7257.66236007288	59.15564933546309	-62.14988414376205	381.23949584227347	-204.09716600368648	1824.3274407507306	6124.006679352282	-1
?	-1	0	57.07043185501443	-112.94445357497561	362.2133527945323	10737.089169805615	2012.5137979152018	11414.24719015886	-1
?	-1	0	53.50842665671423	-89.82809980923605	918.0939543325619	15230.786678238863	2395.0398002586817	10178.129165630899	-1
?	-1	0	52.57902686455256	58.1142993159182	1123.7526867064862	-9730.280773489893	2521.420256196754	-11969.113920127254	-1
?	-1	0	56.41414162251018	18.951089114031006	431.5799156580604	-15063.080839875856	1796.5841042523105	-14899.270614286472	-1
?	-1	0	53.526581320254124	-320.2579942141668	370.5986447126827	2995.666793993824	1776.4567254824199	2376.838381882656	-1
?	-1	0	40.40124191180161	-206.1181184809333	581.3632553577537	17273.907363224916	1915.426023346445	8220.938670373094	-1
?	-1	2367.6228011069265	43.22067539620731	589.1567403295579	1234.2940128739408	2003.3030170853056	2187.5036590010805	-6496.915484914546	-1
?	117.38114005534801	2202.5323446241914	69.85907892827993	621.6901892572704	681.5284062120204	-14227.40432961293	1590.580249100713	-16591.714475664605	4.341214691693381
?	109.12661723121114	-130.40136779628043	74.30518485907128	64.65612321852909	522.9237963932842	-5145.990710606932	1357.9179352178385	-9961.204401399777	12.834270064914756
?	110.8610716655339	-218.57993374812568	73.09188508920643	-114.13979865293024	424.2288706816701	-489.3496904528728	1092.520029030717	-6758.548295266916	15.963571485608094
?	98.1976205438047	-522.0413006724277	68.59819492642468	-321.46403151268913	498.4563118706402	3771.820660132255	1019.9905204544879	20498.839391289584	12.24819691147429
?	84.75900663191214	-1983.9524108760659	57.018683513571744	-405.48634046047033	612.8199036882855	3305.7325295054975	2117.461998595211	22393.168204171307	2.5985981774557447
?	-1	-1715.1801326382185	48.32387790340088	-180.92682512877502	663.7429383459174	623.4169734782247	2139.648930663069	-4722.181098769221	-1
?	-1	1809.2020085750407	47.972342257132865	340.62858345379294	643.9907523621972	-4629.3504974795405	1881.3529436567464	-22241.922268767397	-1
?	89.46010042875332	1598.3719474750728	65.35530707609077	289.0828904215572	432.2754134719371	-4531.726885546972	1027.5528172246836	6071.017357744772	10.333192247212097
?	78.91859737375478	-279.4610692899627	62.42648677821093	-261.63751777646553	417.4044080848454	2007.7105946553513	2184.9038115439894	17947.909399098815	6.233990205691889
?	75.48704696425499	71.01141817753371	52.273431187267306	22.85686915527403	532.6609432047061	-6.456720471701282	1924.9482871796372	-22014.01622930761	-1
?	82.46916828263151	2770.3767359712665	63.56933023597465	247.6200213964363	417.0815720612603	-2589.9580523966592	1084.2030000785933	-7182.359490442612	8.176726073148066
?	214.0058837628203	7909.147192074593	64.6544322570893	-27.099180522324005	403.1630405848713	1377.5566449954679	1565.8303126575015	3742.346870652706	7.990977795333238
?	477.9265278863668	5328.99176334461	62.21437120985843	-43.17755803922448	485.9594043110347	1629.4314912197099	1271.3203436112312	-4579.3370256753615	-1
?	480.4554719300546	-655.5813341008534	62.49555435512804	45.866439617247664	484.63461514585794	1250.4997078404351	1336.8634613737302	11236.487841533162	5.477488257951201
?	445.14746118132365	1965.249036384302	64.50769319072084	17.031650426524905	548.4843897030573	12113.847518944713	1833.1447356878973	18647.717765838355	26.705981485182896
?	578.7179237492711	-91.11646835663107	63.3471368764543	39.272003426173974	1090.3269910931022	-688.0564063725744	2269.249349665661	-5348.924366341867	27.64314728146083
?	440.59163776349203	-4293.52611456919	66.47129336202957	82.22504902225123	514.0815693844281	-13748.638676592136	1565.6985173708001	-23397.992584517866	10.015964708074696
?	364.0416180208085	-6731.442657696436	67.45838932756692	36.31642028237143	402.8950572634856	-1440.6727685063993	1099.3497204397513	-4582.796889956515	2.9929832558531735
?	104.01950487866543	-4956.45021247841	68.28711437614817	-114.17590441585455	442.04793095910713	9526.496538962556	1336.558672872971	19922.760155033466	3.6907422765023483
?	116.21910739688448	-2100.3900975732786	61.74959410677411	-197.7911776256808	879.2198842116202	11247.482110830419	2095.4877281914387	22780.396973552786	2.2643589526983745
?	-1	-549.3641980167849	58.39755549486399	90.89857564023659	1004.4220365006361	-4344.742820741141	2475.5785215506266	-7938.516675185248	-1
?	88.75089749604484	1865.5392267152195	66.294522888786	290.10490420006164	661.98274317456	-8806.290506110825	1698.5618944321707	-23197.20079898658	6.853280984188532
?	92.2769613357623	-70.82775170544308	72.90280070486728	55.46735419563681	564.1075111950886	-2054.044349644517	1315.7184816012812	8034.716304469765	15.686081303185512
?	85.20950991077264	-1865.5392267152195	69.06789059856789	-147.9026204865524	559.2805256923327	-436.84027405937803	2100.2977096556647	8430.713960775654	7.55844475029576
?	-1	115.5176528679039	65.50766968053955	-84.04639669065512	542.2654974921194	1128.8123668410024	1737.2541796400699	-15334.19049378781	-0.06879983305607851
?	90.98539255416792	2238.263633760131	64.86557076403507	35.60772466492586	615.7211440343837	445.53464627645377	1333.5881849662633	-13717.41808587628	7.451266663231286
?	110.91318168800815	384.07113302902326	67.28805591378587	91.46839567297077	564.5422298059424	-6293.165993413677	1051.3832753462461	2887.3170005737074	9.738709360131908
?	110.18894920561935	-345.61352132656845	69.43899054768367	-30.423021040353284	301.0628443636953	-2629.154161309557	1477.9540349949507	4300.293549551346	10.000212418987434
?	93.63250562167949	-569.5033765437255	65.76690486176818	-233.2885378580236	433.08452174046266	4387.413240993249	1266.3979528238165	-3187.387410759925	3.760017510035535
?	81.71378037843267	-1892.6501124335628	57.77456365478233	-185.04250528992904	520.4335064133609	2245.8450823219764	1318.5846644569522	4347.144812298099	2.23969073067835
?	-1	8832.121590713667	56.5147795972716	158.627811593899	545.3767758565631	167.5248095677806	1483.7551934387245	1978.9467506040037	22.20031473257128
?	523.3198599141223	8709.91816846643	65.70595423447739	143.59544639257686	528.80974689175	-3207.0272026461053	1417.5320019871538	4766.707595284293	0.8685283000193168
?	434.49590842332776	-2043.9028422492952	63.694551916900544	-66.96342239280274	385.02541572425554	-3123.506349739456	1722.0905732029426	11340.814695284354	-1.235396563181793
?	421.12471780165606	-8709.91816846643	62.357783114837204	-154.89918316612	372.634429404775	12187.795991201268	1984.5727367513796	15127.665406240074	1.1318458038651167
?	-1	953.0043232712116	55.949592758594434	-15.710785383821875	994.4152152843277	10654.702667964235	2478.473843514957	10501.834258195937	6.188492280461698
?	468.7749339652173	1627.1479261185132	61.5722438456461	84.45652949047295	905.3695628029943	-13558.566504632015	2509.664449661184	-7138.34060123	0.7076398652272578
?	80.35739630592681	-9395.498679304214	60.17241923311814	-191.9837697704153	316.48689005271723	320.49045419076265	2121.556813453452	-5093.646117670705	-1
?	-1	1066.1027355271274	51.9730553571252	59.84060528219686	921.3940855125327	9899.580971248617	2254.982143777645	-1406.6345614630045	-1
?	133.66253308228394	2385.410231192244	63.16444949722803	364.76858265680454	811.4659386151551	-4196.619041009734	2051.2250853803007	-16981.711316519704	7.394730673516538
?	118.27051155961388	-433.28190942598735	70.21148448996568	-75.78192097829194	711.563133462043	-3904.878830178342	1405.8965779516477	-10788.23942851651	2.3286919642657056
?	111.99843761098427	-2385.410231192244	59.375353448313376	-332.1509556000093	616.2219971062352	-388.98926672169995	1511.8131139544676	3775.827610582506	1.566990590861928
?	-1	-2259.968752219653	53.603936709964984	-194.75511772116357	692.1136701259577	3401.2790153995543	1594.6879584807757	5341.9719162376	-1
?	-1	0	49.63759756225506	371.8997967026975	786.2859478762154	-865.4266908124409	1778.9117097663514	-7276.257435886742	-1
?	-1	0	72.19892654510012	210.24773735460187	648.842335585335	1907.3861837192887	1230.8750866864334	-6386.468171689944	4.5293591841517635
?	-1	0	60.1499844299853	-373.58475780791264	881.6552570621811	3809.7553829127723	1459.5883011818496	4963.139773410841	-0.7043694549772318
?	-1	0	53.519688654704225	-123.18601138930357	839.3301047309764	-1604.0272633921268	1479.032075356979	5233.4052715132775	-1
?	-1	2451.0895915638507	53.990683860520036	357.210741803512	801.4538938925737	-7579.814837859703	1721.2585647575172	-3847.8189864580054	-1
?	121.55447957819428	2781.6136799042483	71.38022574488008	316.1015289692302	460.3393628379858	-8987.667180084472	1286.641126034076	-9404.113763431285	11.053054722263521
?	138.0806839952144	740.6607039315448	69.79576030898177	-27.713985014926156	352.0705348883437	479.8567635682673	1251.0528765859463	2250.3089137618826	9.216738151808857
?	158.58751477477205	39.70814928292669	69.99452649413375	15.925371194962056	484.3322010163995	3974.6239635044394	1399.1565717221717	6331.182809584958	9.527892739355929
?	140.06609145936076	-1092.4124018880966	70.59202886872988	-2.54349616613009	550.8017330635685	-314.68988994757757	1567.6120170651986	-3976.079825687937	8.832815379999005
?	103.96689468036644	-1146.218448205533	69.86735168582725	-87.3318762057615	468.5977065190204	-1694.107392961365	1200.352580437772	-7675.029057611368	5.043730773386761
?	82.7551690490833	-2099.337893607299	66.22543505844175	-289.32738862855604	466.096363415499	4799.443113405531	1183.8605641846248	11384.749307208687	4.618236998608616
?	-1	-1675.1033809816424	55.40098225439924	-348.4848827438758	708.5698621893004	3502.2107084251597	1769.5900457982145	12675.438354168715	-1
?	-1	1723.241332192462	48.80119092124771	145.6546972325214	641.2068988367595	-2912.232686818267	1817.6324818930696	2691.502405603581	-1
?	85.16206660962433	1680.8051476078722	62.68371711602541	319.75099603105406	562.9582278483849	-1151.8629725518663	1904.1651660783955	-7907.534176166865	1.2481978007557772
?	83.0402573803948	41.19933291853242	64.78874072280064	85.84452833979162	583.6137502091654	-2055.4254974888845	1422.2557730847207	1662.9039332057973	8.321718135469103
?	87.22203325555098	-31.793134814298984	66.97594353301506	-71.30996562367044	460.18695297393924	-3099.946403383384	1987.3103627386865	13144.64515620903	9.538103113503961
?	81.45060063967983	-1764.4406651109946	61.22324244161707	-194.67376920697612	428.61643003999393	5422.218914041189	2079.4880308951815	3987.843221082642	3.882592042478029
?	-1	573.5023385049733	57.24225507266611	-11.816611067964518	731.2978986760026	3708.2211482441035	2186.7025237928215	1158.464254004768	-1
?	110.1257175649289	2162.682032776564	60.63241188821883	298.54048007018633	614.0274874522017	-6500.285282615797	2137.4112435954207	-1219.560166414204	0.8215145929999544
?	107.13410163882975	-61.636745398369875	72.16927907617564	204.49330299941445	406.2836345452081	-6185.544901217493	2125.7245154721104	-6500.851926729609	8.922826520416521
?	107.04388029501037	-124.09057773295893	70.8570770381897	15.35850399679567	304.7502423913227	5801.6219294416915	1812.3686472589357	-15455.896564781868	14.12348418555258
?	100.92957275218171	-271.80195001588186	72.93720427601544	-56.65880238750707	696.3647310172968	7359.0605460178995	1352.929687233006	-4166.549593306131	6.463789214001326
?	93.45378279421608	-2038.5914550436053	68.0241369188143	-317.9580866763304	672.7032696922229	713.0312043031576	1604.0411675936261	9442.6653314912	5.967944100894903
?	-1	-1889.0756558842947	57.03929994219869	-195.74084919300296	732.0162912324552	6203.198136277557	1825.0629538075727	9468.17681357834	-1
?	-1	1813.8291875767957	58.23709445916402	-60.097377198607234	982.8631765061051	-4317.004814393617	2077.45000827255	-107.57488595245678	-0.5201586618603016
?	89.69145937884107	1708.0813114025548	54.034431082268284	134.13699276733433	516.1660505127712	-11746.717610073048	1819.6842095099498	-947.795246824908	1.1041664527404196
?	84.40406557012895	-262.8710839279497	64.94394409753083	-32.037458810306674	395.52729600244436	-2302.5903448769045	2030.0602459313038	645.8419470077796	9.1831831399503
?	76.5479051824434	-1708.0813114025548	52.43255814175293	-427.7249545168724	401.03653326892436	8210.743034447092	1851.9763068603393	-1041.7401683496144	11.940831251900981
?	-1	79.06523747217365	43.55769637168691	214.6685613006971	806.0644477248048	5161.653350474147	1977.9732375138224	-7679.985605726047	-1
?	80.50116705605214	1581.4531077033046	63.165986206787935	463.83852488209766	659.1192007926354	-2090.5350300887403	1467.9770265740315	-20231.199872955793	1.3334721718968625
?	78.07265538516636	-108.19191836078079	66.74962261579212	18.974227805618696	701.5376962203663	2093.760221667328	966.4132438660183	-9956.977512547865	8.837231602152409
?	75.09157113801302	-1581.4531077033046	64.11469759706888	-98.02098649841827	763.8072118760033	116.19461754194225	970.1281509466312	4383.205405708743	-0.897212181655836
?	-1	-1521.8314227602389	61.84857329087114	-31.31388875481944	707.3474270974635	-4806.764714488379	1185.5735141514585	12496.218155331535	-1.4937603088128153
?	-1	1631.5571101458497	62.54900315932789	20.402102078809598	523.4689761515809	-7716.620073896846	1594.9390587132168	12420.47537787847	-0.7162369881701792
?	80.57785550729365	1804.2834130135568	62.86867839481163	30.67048196620333	321.5164234026157	-5018.3410161216825	1806.597283045391	2991.5875583443753	6.705631804183148
?	89.21417065067912	260.5103173852257	64.08252725763808	38.96004388076237	272.55192534549326	-952.0043073953253	1744.5184366304377	-2872.342948351952	9.72983659684598
?	93.60337137655512	25.407712638823263	64.81668058884978	-173.16158356590117	273.9162080328488	13907.74179075434	1662.9801356277912	16340.309601769859	13.897058103098558
?	90.4845562826203	-1892.0674275310755	55.424448079342895	-411.7052841444743	967.9390148832201	7845.25353929384	2561.5339167189422	2490.9425067788798	-1
?	-1	-1829.6911256523802	44.23141638162577	-158.73692438504423	666.1788849975463	-1376.5489383558643	1787.527260966737	-6124.974151824821	-1
?	-1	1809.3430434127263	47.48760186009057	344.35009249910644	899.1115679654259	-3042.7331255027934	2255.285209127697	5087.657786382193	-1
?	89.4671521706376	1686.8130120247604	61.44892100658134	320.8879907810801	514.0422287224045	-7217.24914876605	2041.9101502858502	-24210.51154429366	14.14418048072289
?	83.34065060123922	-87.65697949550531	63.532001399144804	-54.16583669701504	538.2491105271183	7377.82227528206	1044.7596319129966	10121.359847058895	9.772929576742332
?	85.08430319586228	-24.476654885252678	58.740629171730546	-8.398230612143061	882.9333424865127	-851.5924756514919	2547.978142638802	13634.62361869058	5.409403287671873
?	82.11681785697657	-182.3111083693382	63.112089868537645	-66.07256126419051	495.6694867445431	-5720.778751734331	1726.4908128475354	-10557.798215946073	6.077757640272814
?	75.96874777739524	-1662.3363571395078	55.437001108520974	-311.2417003601635	596.8944048997921	12461.179743975672	2020.088231841491	12742.16942784371	7.36644602974704
?	-1	-1539.3749555478828	47.55000485052925	-167.3469377520151	1118.7284739433355	8323.169292823903	2363.59928423973	4890.780444316719	-1
?	-1	0	47.0696542209201	274.212615607783	1013.0528695409931	-11452.831377662798	2264.6272540573304	613.0843904759062	9.280700769949291
?	-1	0	61.26063563091859	333.1673303378599	546.0869050601875	-8009.609485867688	2394.2535037635257	-11030.780293692871	-0.9581335643930964
?	-1	10818.29033680423	63.72802073781333	66.66334094308898	612.572395247603	13084.507679536897	1713.088239372679	13467.20374344426	-1.0033055331927936
?	539.9145168402192	11218.467417405664	64.59380267807309	0.5529183065416908	1200.3122890370416	12431.229624455942	3067.6136909357483	19396.55167304799	8.962668028843426
?	559.9233708702911	-10818.29033680423	63.755666653140416	0.5525904539001579	1234.133876470409	-9748.308754978743	2682.9158230250923	-31834.24303776247	7.967724736042281
?	-1	-11218.467417405664	64.6214322007681	120.5029254361993	712.8968512880975	-10215.155592334104	1475.9015390476022	-33942.95995749541	6.507106233406841
?	-1	1637.1439816499044	69.78081292495047	119.51978238545962	723.3760968536965	-541.0477212083324	985.7678251502974	-7692.955719660972	1.2617452100163493
?	80.85719908249638	2141.456707118985	70.59742132004116	30.59527019712717	685.8444652276805	-3062.60923876772	1091.2537530645482	2070.9779817391927	6.160928958679047
?	106.07283535595077	831.5272566503837	71.31057643480685	-30.322750489635975	570.2456349153083	-8189.1226157220035	1089.3167242372585	1960.7253343647692	4.398040303337693
?	122.43356191501616	-446.82842041132704	69.08128379555934	-127.2260797898655	276.38833444157456	-4297.069989382691	1189.290019782788	9024.994239857404	9.17375641343664
?	83.7314143353841	-2468.671238300288	64.94927244531348	-368.65025332458913	355.3921354461707	8416.833337171223	1540.5664362301352	15327.625968738927	4.017413271672596
?	-1	-1694.628286707658	50.648771129329624	-345.52926310831106	697.2300013001417	7205.144283551257	1955.6713182197452	3951.6863953273637	-1
?	-1	0	47.672809289897685	11.799111912908533	715.6493496237387	1148.1919732097022	1738.1507559965062	-6027.459113088622	-1
?	-1	0	51.23872672497506	80.61748833077543	754.6395999606276	4940.672816694776	1654.2983625653098	7330.58943315476	-1
?	-1	0	51.703683706436514	31.951559215292747	962.682990458481	879.8951369750887	2104.6802276542494	9273.07277220385	-1
?	-1	0	52.83630468573972	-20.47023499144685	798.6343568093827	-4109.005489593511	2117.952001175509	-2662.651238046418	-1
?	-1	0	50.68017195686416	-161.20026593934324	757.2327159788025	-3165.9490753302866	1971.5476657519266	-1384.8106985036413	-1
?	-1	4576.317323913797	44.77629138877244	168.3978233320035	640.3369030428661	-7909.756072340309	2048.711466250326	3701.0983652389878	-1
?	227.8158661956931	1906.4776401160614	59.10006312346445	461.9884484039066	361.7449123617814	-5344.6818280448115	2156.6025840138786	6272.639648131555	-1
?	94.32388200580442	-2754.210496195373	67.8757138089681	179.6374257477612	373.1028116406217	169.8727885890456	2362.343448656908	-2577.318607047086	1.9308427096055447
?	90.10534138592252	-1906.4776401161291	68.08193441085264	-264.0920947099444	370.2385517912338	3834.702750657892	2027.7366536615225	-1117.8920763556891	3.9356652487748045
?	-1	4512.484606315537	54.671109073471165	-120.62085861789767	564.8379491735122	5683.082850473114	2306.448844839125	3916.92137340266	6.362740051817526
?	315.7295717017026	6168.717654650926	62.05089147995767	254.18993324321002	654.3926943148936	-2692.209889816427	2223.5827223316583	-7732.083273171715	2.496670107121545
?	307.4358827325507	-3603.2019091119987	67.38060573563185	344.23891297206404	430.227454682689	-6806.5252341413625	1919.8446811805336	-5266.408362705595	6.369891318972902
?	135.5694762461001	-3186.196080247647	79.26283712856112	300.4653240855666	314.0664326078206	-2525.011822692166	1960.2623041963748	4359.524417954423	10.797138528228858
?	148.12607872016608	2006.3153952592677	82.40387193991039	-5.308742922728338	303.9768635480789	76.99314251755372	2137.820902078258	5625.632628569085	17.243529655606928
?	235.8852460090649	3378.415099575856	78.9973999824247	-335.31015654714884	317.91608973369836	1705.503641646946	2241.543935624833	-1200.0322044979396	15.327427318687466
?	317.0468336989613	1265.436370113285	65.63836411255271	-298.3898406751075	389.2520456304274	5208.942845447209	2077.81929185336	-6849.622864914739	9.096757949079265
?	299.15706451473005	-1723.1949743680404	64.07790794866911	-62.14148206418298	578.3632320060625	4074.4377151309254	1899.0627923790912	-10205.180983197051	3.928750470512841
?	230.88708498055803	-6003.141290294516	62.531290009343515	-101.54963195774084	592.9739313869766	-771.3951759411866	1567.5602426935002	-6446.217439686501	1.6708995272975244
?	-1	-4637.741699611095	59.00042635078199	-155.73563548493104	539.7934732090026	324.6220543526578	1576.7519203947616	1721.2421604752926	-1
?	-1	4479.05351466762	54.74450823509685	-91.4975030269491	609.2050341046097	1082.4518132556914	1653.622350717266	-1705.4968508633085	-1
?	222.9526757333842	4378.2088524646315	54.42555119943447	70.8394107060961	593.916063871788	-2191.986868693185	1491.477077851595	-10606.791951590158	-1
?	217.91044262323467	-133.11705477032584	58.28647877040171	131.17458784413213	499.6056906699489	-3598.2081274639554	1123.2827531377507	-867.68431481377	-1
?	216.29682299486782	-82.93018538650809	60.98428059164117	120.20743219063846	414.00565749858765	278.50188698088743	1448.0928621109058	14578.688407142225	-1
?	213.7639333539092	-50.154907562240254	64.29685037993372	78.3199540687686	513.5307850189935	172.21885213276533	1852.2171734948722	10758.898325146425	6.354159244423795
?	213.78907761675578	-141.09746146416367	64.90027829507966	-51.7479639718884	422.61660010522604	-2652.4789564375087	1986.0377783682347	-1131.0883212268639	5.402218006625358
?	206.70906028070092	3125.0794269510197	61.70945218133926	-32.35550533890983	380.90683719711615	-1003.8255384167354	1795.6627574335282	-2227.205997760848	11.611506845449227
?	370.043048964309	-432.68064077077906	63.282503028134144	-101.63181924084125	372.42532318438856	-100.89245083905296	1874.6774784801908	2933.1062050908204	6.053622460483857
?	185.07502824216166	-7420.860979286074	56.627861219297124	-142.73826910481003	375.8622146551634	9724.890939472412	1942.3180676880713	5801.64726462683	-1
?	-1	-3721.50056484318	56.14558957289354	8.882068157236931	858.6698701580161	12522.709294035561	2164.7598417115364	5599.182797574811	-1
?	-1	4288.357766947202	57.07196462715898	183.16645499479813	1001.9976793569505	-5210.810899601423	2222.277207566816	-6361.692024334585	-1
?	213.41788834736317	4285.921375526519	65.30391232263358	200.58630452923893	598.1293251779413	-8001.295237665154	1846.6752404948027	-5538.582679181916	11.442478883281877
?	213.29606877632898	173.1419978373638	67.10127985362107	24.4013947270522	601.9329174736871	-2904.3559992001005	1945.348073607716	1826.8792027406348	14.684068259655504
?	222.0749882392315	219.22173867131193	66.5239820589862	-32.67022436882069	452.9115252179342	1037.8509111313736	1938.0192006318357	5426.924339734915	13.32995183496416
?	224.25715570989473	735.9544853946253	65.46776863518001	-21.132367114273887	653.8254630302565	5055.148698400346	2216.6942905944657	1901.5596202311965	12.61301049401503
?	258.8727125089633	1994.2456002070048	65.4673637032725	26.79372485294626	705.6689601379551	867.312178546912	2033.0971816433969	-8759.815062684414	10.395967988516766
?	323.9694357202464	2011.627451152128	66.80745487782734	57.347321165351595	697.1910719576027	-2806.6702813083643	1778.7035374602387	-3485.057054703189	11.171795707725485
?	359.4540850665711	-34.01846754016057	68.33472976154012	-22.43490117343324	565.3354460725349	-3813.23591503494	1858.844328908235	-2905.4095707134134	17.23300186104035
?	322.26851234323834	-2191.010700743365	65.68570981915566	-13.433269868901712	506.529276205853	600.2229139961247	1633.433058924566	-3840.8432853404474	12.689883661934672
?	249.90355002940132	-2181.674103186958	67.66306626809502	35.64631756111516	595.3465917723415	-1066.0221862549436	1666.8021646412099	3264.9079239676157	10.265961411820525
?	213.1848071838889	-5018.071000587955	67.46802569721145	-102.98495982211459	453.2281668931051	-1882.6438104224558	1796.6784551229491	2653.182961918304	12.384564488506205
?	-1	-4283.696143677717	62.51381827698922	-131.73446302975645	501.2144012512174	13017.197685214798	1799.461312737127	9924.26618285841	3.275500716232046
?	-1	4377.771904079627	60.88130254572353	-72.91789575865745	1104.0880511538542	-1546.3127406085114	2292.8917642658766	-949.0906970089646	3.045595362814772
?	217.8885952039845	4212.341325546204	58.867923489056295	290.58955865487616	423.8987642207907	-13743.840421951505	1752.006777886678	-12408.966819740364	1.0895971592919582
?	209.6170662773132	-359.6323673797855	75.41078047846754	239.66968809645493	416.89603005626924	-464.28681326242463	1672.4434232788497	-4834.282726557848	16.726748115794244
?	199.90697683499496	3327.630952194415	70.85140789387921	-374.8756649047254	400.68442355766916	492.17709470763776	1510.2926415587822	2547.222317802052	18.3826952367683
?	375.9986138870363	4025.1218350148356	56.66699723323101	-336.24789586362886	441.5048847916515	4227.502865198298	1799.804539168954	9151.019781394309	-1
?	401.1630685857396	-7539.972277740619	54.03901310069753	-54.22346724691786	612.0595668175871	6024.4302517922915	1967.8436306285041	2055.93215558645	-1
?	-1	-8043.261371714678	53.95582387088508	-42.06888976483239	742.7263973812703	905.2346241745621	1902.601146948278	-2679.2168031276087	-1
?	-1	0	51.93556861245588	-114.07133350472088	657.3212980263158	-1075.602768188183	1833.8827904721218	-2571.513422785347	-1
?	-1	4940.675043590915	48.25225719564895	453.30497248764584	688.9462589718604	-689.0358593352646	1774.0254758090089	-11443.414136413532	-1
?	246.03375217954925	4693.500761299902	74.6008172368385	480.8872697780717	622.8695050595521	-3637.6671918708194	1261.712083651437	-2955.6674936521167	7.9471413911626385
?	233.6750380649984	-31.24389304343209	72.29662068455288	16.893724063938905	507.06289937831684	-4442.448595197577	1626.242101126401	10838.895257323302	10.465875806582018
?	244.47155752737763	215.6509760494189	75.44550344003545	0.9003649879474424	400.74707529967014	-4100.645245369281	1803.65684651761	-2253.681860853412	19.004363681488396
?	244.4575868674695	635.633622178798	72.34163893395025	51.78411930600771	302.03063710984986	1020.4581849728495	1513.5580080837287	-15235.96347002441	12.435953460632529
?	276.253238636318	364.88793119113035	78.03470940533588	-32.13450939244933	451.76998454831335	1681.467719687854	1041.8586730163786	-10460.60587345114	20.28213589442244
?	262.7019834270263	-89.40388738334137	70.73491346432776	-371.666095388892	386.10402309424376	4027.1650723393186	990.5277144111643	7944.235073791366	11.199032675237737
?	271.78304426715084	-490.5229007730922	59.45140463589101	-1.7773637525021715	653.1282381652821	-187.25223410264522	1439.0704267059525	9124.597251333511	-1
?	238.17583838837132	-922.4298103099329	70.64604527670265	280.1521648478888	376.74141138911136	-5811.012171137554	1446.7575769778464	7761.718842231657	10.623087267191094
?	225.66155375165354	-426.1856443337486	73.45901287828565	-139.4075539130293	362.5776296084003	423.02497513968626	1827.1563688175409	8628.967038129731	17.681736553860983
?	216.86655617168358	-4533.231075033006	63.67566758105109	-205.66153424223904	397.892660146096	4273.366940955965	1878.205928884339	20241.817528263626	5.042932388854463
?	-1	594.0198880345379	63.17593616617355	155.15933508865947	576.2459766562016	-84.07927516258718	2839.2472452307366	4654.971393202633	-3.0835399716724408
?	246.5675505734109	4426.179401746209	71.43363433548417	216.36999766400854	393.68869638796656	-4026.351189969315	2110.954498544474	-29030.077978914134	8.303817237071451
?	220.3089700873136	-663.4552364093704	73.99443604937413	45.77111201129773	374.928417157733	56.309816185758216	1387.7433462850092	-12661.640238218286	17.921090438946038
?	213.3947887529419	-172.27036197191336	73.72218993604909	13.248700349714209	396.5041871972545	920.7058554355689	1477.8724866335508	15402.373654246388	17.808970893592853
?	211.69545198871782	-244.43891394004817	74.65687106685985	-117.72526926742191	420.9637099295121	-476.2126077094661	2157.8620289973396	7268.863231554102	21.328934533989848
?	201.17284305593932	-272.0544660482137	67.83592647267791	-238.12320466701155	372.69355681178087	-1177.514762115991	1841.315648211261	-9435.68909170721	17.116152376188374
?	198.09272868630694	343.730223421808	62.7507108335091	2.1830711436109285	362.0879718237117	-695.5653176325851	1686.0775744119724	-4438.857233933778	10.174166948515682
?	218.35935422702997	1038.396975024934	67.94508002985846	238.79867883855783	337.9152909301511	1954.898046159736	1619.372786514569	-8283.880721864985	9.925729853310237
?	250.01257743755437	1180.7824525675617	74.69064477543716	143.92367707801947	459.8328741316999	2631.2056128471727	1271.8835383187172	-11578.710589156617	19.18447649797785
?	277.3984768554089	577.3251605149634	75.14126388375954	17.874716493868195	469.4755715725116	26.64474998084832	1040.43725705673	1268.2948820256618	19.375510103119627
?	278.87883546330295	-789.2066109804092	75.58438060013059	-104.02547655595748	461.16511163074233	-2392.9118174712744	1335.2982824200012	16297.17821745689	22.20390528681822
?	237.93814630638786	-1568.536256877338	69.93999005596159	-230.61602694314146	349.8299806989462	-406.76514821139324	1855.296167929586	25477.55497367183	10.882006612642451
?	200.45202261943493	-726.6848936237232	64.05357925297335	12.005601118631944	440.8268542201724	966.8501444857053	2609.176031103611	-1855.8265392840813	2.710358914653935
?	201.6039016252012	-103.59187784868732	70.5402701118932	165.28524945596038	398.17248792323215	-1018.5757479906537	1762.5048409653807	-18808.143778997666	14.489382394746888
?	195.2724287270005	-323.3688730060782	72.31784172577149	-112.97736486779836	389.898066820639	-524.7289457080335	1668.7688421537143	6930.36925739824	22.865152535407212
?	185.43545797489705	-222.49847265580425	64.8914018685032	-200.70500240216703	371.9360406378301	-1264.1606031462597	2109.0233038352976	11505.344794455037	12.13402946555257
?	184.14750509421012	17.252531877351526	62.282591605662994	-106.41820929409326	326.6900366633251	-1078.685336650296	2244.0360818764743	-7299.462420537335	7.852139165778464
?	186.29808456876464	288.93192509590835	59.57049140379846	124.18249337964718	318.00177380531454	1223.8464921776163	1744.0501828084257	-15659.708029257896	-1
?	198.59410134900574	225.55445433798317	68.49171627464544	75.58360001775617	387.88236127220677	3275.0591692005482	1461.0506804135684	2622.4322903916927	14.235075975696692
?	197.57580728566396	331.7778781381905	63.34967140468632	80.09656581495534	481.7547322653443	754.9910863740417	1875.1717973280122	4375.7870650985315	13.163808130507974
?	215.1829952559155	488.8041434261912	72.49654456539327	163.9360691389478	425.6319155909094	-943.1035615308192	1679.840033668498	-5054.327189754937	13.674591054379851
?	222.01601445697386	-22.753835685488998	71.54647486163383	-8.728519397197818	434.59955418880264	3562.3952126162435	1622.4554378402618	77.24164111585087	12.78752868486675
?	214.04530347164103	-211.1138672347168	72.06011859553337	-244.319219232683	603.7516762217241	1885.754676093017	1683.7021157242907	1731.6141257232794	13.860794833576302
?	211.46032109523787	100.51498788678173	59.3305138999995	-132.16579833215644	528.8872879934548	459.3444948623099	1709.036144126427	-3032.355091659331	5.029235459374652
?	219.0710528659802	27.625415692806033	65.45182867892545	163.9498177609911	626.7189009648399	2142.7642793226405	1532.084361141322	-7279.462932946459	5.893831157450936
?	212.8415918798782	339.5787706357723	67.52800478804917	-87.47846670873263	636.0255019595884	-332.84842534155797	1345.0629974790988	-5211.563648672422	13.564714869445362
?	236.04999139776905	1587.922386898073	61.07790534348876	151.45296831784248	610.0764796977618	-1153.7804096013197	1271.5061787076972	-471.834361659278	6.3136984482878
?	292.23771122478297	1323.4763676076398	75.1006532039414	236.2636744945771	578.3364814795216	-3686.980337281485	1321.4712793961346	7612.839881891929	16.296123782413087
?	302.223809778152	204.1391193908094	72.89108906821778	-99.72539784241377	425.7274628336849	-4311.975213313961	1652.148172802299	8640.599235769678	15.204282763400954
?	302.4446671943236	375.179381977753	70.11438331182065	-289.472575161869	362.7377208138205	277.67145841348287	1753.5012411846246	261.40311090891913	13.077126127082726
?	320.9827788770399	-6068.893343886385	58.41746031012413	-370.1382325244621	439.61103575435925	3435.666204876451	1665.2183283477452	1017.2242995534126	1.945203294469133
?	-1	-6439.655577540706	51.607471685597275	-124.3782296038193	534.5210310576455	3559.9122349956265	1804.362456162296	4781.105193845356	-1
?	-1	0	52.198548829933074	-3.219625727404559	617.6066475041431	3271.575298271022	1904.2735880400164	2062.0001873482925	-1
?	-1	0	51.446490399227045	-104.85441596888187	698.0997959711989	4112.029907777051	1907.462465529712	-8.183373221395298	-1
?	-1	0	46.955828031488906	-104.78045948820728	823.2081428929986	2732.980645680434	1903.8644193789466	2157.1656507945786	-1
?	-1	6898.498824153927	46.207467424816606	367.4164137412852	834.7488282552225	-4081.02020593354	2015.3207480694425	-16149.61698031235	-1
?	343.92494120770124	6889.556250239074	65.32664871855343	629.3489826639334	619.1571325963187	-9600.718521288702	1096.3835703633176	-6314.003755536406	1.9163774258675836
?	343.4778125119586	1186.3105423414643	77.67491655801372	296.1365625648185	354.7129021907806	-4193.74909747097	1699.6205602926177	16937.412921543146	18.72951522641442
?	403.2404683247753	1350.5503914163276	80.13347684679457	42.288532630451776	409.4696777227672	2318.034810175552	1943.254216440487	1067.3735241466313	17.801572723089315
?	411.0053320827759	-725.6583191345895	79.78934318953634	-151.8397148367883	470.61464269955985	499.0442594210967	1752.98923649995	-3336.849273712026	22.445381798844053
?	366.9575523680453	-598.8098088021496	72.54149110495504	-386.4008148751714	434.4218906938224	2067.0866489614277	1776.4117527548833	5497.401723907618	10.012568202687019
?	381.064841642668	-1587.7427535224583	60.469302445777494	-98.9681130733078	573.9689751476327	844.396270158549	2027.8593226953349	-2885.2030639907935	-1
?	287.57041469192126	-2079.3995533451985	67.59308545128958	287.6327300656232	476.64170420175043	-3460.67985817355	1632.1515995553416	-7720.904102355834	9.505527811051175
?	277.0948639754066	-71.64469516520865	74.85093894905886	-72.05152491126907	400.9349822389527	20661.493552153395	1641.8141175775377	25450.461685863527	20.03286809198026
?	283.9881799336608	-670.1193166504789	63.99050920572608	-111.38552663937999	1509.7163818094348	4388.165552867957	2904.674683848536	1078.0133253523657	2.256249525132728
?	243.5888981428822	-1596.9388858508444	69.28166261708978	230.71042987650372	620.3432598823537	-21473.1175688013	1695.7147838451567	-28442.283868338367	7.2580121117297915
?	204.14123564111742	-1079.1569946411573	75.52603069955143	-19.98660375198	436.06050336935465	-3695.8573541386204	1482.5604904315974	11213.019778902253	15.771427070117989
?	189.63104841082355	-151.94434558919295	68.28233242949077	-16.73383285825229	435.55039217542003	-621.6030001387187	2256.3657727902773	5898.3587462266205	7.321464836310559
?	196.54401836165766	116.005065570476	74.6893390566388	147.20294718869883	404.98035336241827	-875.804905043117	1777.4784277429326	-11395.444227346366	18.339610261567717
?	195.43130168934744	-144.90486983187475	75.64247978892581	25.110173624167302	391.76014692326356	226.8825637240379	1686.5935614229509	-1019.7743034684064	16.323049251513247
?	189.29877487006382	-218.3023675896081	75.94484773784718	-143.5136624765115	416.3244815486203	2929.938243908596	1726.4897125695115	-3255.3654633918213	18.419550788456657
?	184.51618330986688	-17.896416298034154	68.46679666510013	-145.48031621440393	538.2570591186955	4726.16220568897	1523.8252882533575	-3813.3375059196082	8.68135622395691
?	188.4039540551621	29.655422533683836	68.67083192712688	48.31986882113443	652.6325918330722	-1971.0044376587114	1535.8228372735284	5910.373242975964	10.816410224994081
?	185.9989544365511	10.34625739413499	70.88279010615689	24.88916471697273	439.7068372357585	-5568.64667938549	1819.3439504021599	7152.809766303347	13.552946057136253
?	188.92126692486886	270.47544339302203	69.91529016297554	-77.55010202807259	374.20025786379375	-1451.0605644638904	1893.4633255887009	7545.765447159558	18.864294438902807
?	199.52272660620238	523.9908864954583	67.0052850047532	-222.98245778342203	367.15380901256293	69.6260819351302	2196.632222760143	2355.470241824358	15.772528592156998
?	215.12081124964214	-4010.4545321239907	58.76616727380428	-337.90064313040904	377.6815619605503	887.1637113889982	2011.2368376799204	-5807.605431233427	13.62268763022475
?	-1	-4322.416224992781	50.11025284823251	-252.26335754691516	411.5119945820135	2877.3861039650433	1906.2519511984676	-3821.014462189292	-1
?	-1	3790.037228015332	46.15299939645834	332.66278657556904	521.5508671588045	3990.156111619267	1820.1861145704531	-14081.623347290624	-1
?	188.5018614007693	3713.2415082705747	66.7433921770112	307.7575773384642	611.0198001629797	423.7020752343809	1202.1707838339264	-14287.043673266922	2.0298552640651155
?	184.66207541353137	22.95271494994121	61.54087826338177	-64.57665937096785	542.7359709205239	-5132.335702435773	1105.8339309070968	-4119.67837824263	1.5840480502222596
?	189.64949714826636	231.7618828970269	63.514559208462764	137.78811381871296	354.40301504118736	-3308.1135157783815	996.186864921792	-4528.046702415176	12.172077576632521
?	196.25016955838288	1.7645750656492714	68.43028395431752	139.48919553233978	377.33029513160244	683.4937546208204	879.4315957863348	-1613.8585283991777	15.444015755308559
?	189.73772590154883	-136.20549790037535	70.48901898507985	-23.261760789550248	388.57770277222886	721.3323668875432	915.493938501832	4313.946696683454	22.408020698197006
?	189.43989466336402	353.1509729682314	67.26719591483999	-166.78244691215758	413.3969134759801	804.7279714866669	1095.1289306205106	4168.5956178922515	18.144442529514034
?	207.39527454996065	491.85129279815766	62.149896639471855	-336.6623458678851	428.8141013465628	2811.0568513424855	1123.9237193964475	4392.943484135595	14.533230686002717
?	214.03245930327225	-4167.905490999154	50.434078621445494	-340.9809163604996	553.9497560431064	5480.324042795953	1314.7761048272935	14034.540048041372	-1
?	-1	-4300.649186065384	45.100850821446635	-133.9635550485786	702.8303034863643	883.7111101929747	1825.650721798526	8928.924119589028	-1
?	-1	0	43.73590086901647	37.835845662267104	598.1353115527558	-787.0358380344853	1761.2223108067512	4098.62521521242	-1
?	-1	0	46.99264310456002	15.302461059683804	663.4785115846395	5495.161439700804	2030.58198255915	6278.40062630398	-1
?	-1	0	44.50102392200067	-91.68549824672138	872.8933835377999	-1081.9252799127007	2075.1423421219547	-500.6506621457285	-1
?	-1	0	42.40836819222388	-24.945510531421675	609.3822475890037	-7597.089002112412	2005.5494494518632	-4692.2956697949185	-1
?	-1	0	43.25374839542957	97.2724445128856	493.03893343217385	-774.7494191610148	1840.5275586322055	-1619.4835324905214	-1
?	-1	0	47.27199041786823	151.246808002289	570.6447766309524	3765.9923949200524	1924.575272827336	6582.242142033826	-1
?	-1	0	50.816088795544125	-29.212831671917183	681.3385531781792	1697.8005966484952	2169.6396657339014	-1062.2656493736972	-1
?	-1	0	45.81134883427235	-113.54937487391504	655.5348064633784	2750.010617407026	1871.4619903586504	578.7760342739157	-1
?	-1	0	45.13862005184829	-69.8038393396051	818.8390840485324	2530.5429775494013	2198.5784674475976	7077.9752587370685	-1
?	-1	0	42.321156867292046	-12.867591979710896	782.0619553408502	-3852.5405062931895	2225.360753295509	-4731.525821978908	-1
?	-1	0	44.49524045286274	43.02421078779527	626.2120587338702	-3553.099728158663	1962.0021763486488	-3884.3286705255873	-1
?	-1	0	44.47236740668184	48.94038149887693	604.4069689329145	3055.4236224733677	2031.1443197692267	1990.1259184750133	-1
?	-1	0	46.94225952780662	62.028151797733216	778.9832398575408	3670.950751869966	2061.508472272401	-141.8866301501137	-1
?	-1	0	47.573774996568545	19.542617934908158	787.9545065264155	-3107.8707374152523	2024.049988261721	-4358.4361918269515	-1
?	-1	0	47.91939042455204	19.503952203368733	623.5897029867759	249.2671392958674	1843.5866626810503	-2002.6347372186171	-1
?	-1	0	48.548972606736996	-0.12397623458497088	800.417863491209	5278.383150584818	1923.9182514007887	2796.202846451926	-1
?	-1	0	47.91319161282279	0.49562961844329584	887.5088605160206	2408.453396875559	1983.3968050036485	4849.317433595924	-1
?	-1	0	48.57375408765916	56.03628336547976	920.8405333349887	4066.1377535241186	2166.3841230805883	4074.8792984485513	-1
?	-1	0	50.71500578109682	337.6587806720524	1090.8157481922294	-3701.0433469957975	2187.140769926079	-9873.791033388367	-1
?	-1	0	65.45669312126202	342.54015762716614	735.7883659851962	7871.17138521133	1672.694571411163	5254.627788617143	11.90719062384719
?	-1	0	67.84201366245537	40.104943202736365	1484.3743174528015	9192.789209768363	2449.87215935694	9425.588184131595	-1.4220253326013075
?	-1	3570.3973036603907	67.46194028139887	-66.12663147884737	1195.4278264736208	-16667.23325937006	2143.9739806177495	-11601.533074676894	-2.4328007501284286
?	177.51986518302206	3356.4181691554927	64.53568208851296	-221.05337369446457	651.0126544842867	2986.382161315872	1869.795505623087	7291.950311496881	10.19306187868626
?	166.82090845777702	-3570.3973036603907	56.40927159667548	-142.52953451679286	1344.7469345394165	5394.426871827789	2508.5714961925987	1599.6356272466937	-1
?	-1	5718.0431640911065	57.40920536267321	359.38623159819883	920.73399807568	-17883.766989488853	1949.7772869854227	-12992.231596985199	6.257408913463038
?	452.7230666623364	8828.565357450438	74.37858317658568	100.43534089116392	450.55858506496116	-9648.063341695884	1858.9599163433295	-3201.6693442276983	7.131751598947844
?	440.4282678725282	-291.0425751574614	62.43097240723148	-275.8655017845569	438.33083099087895	32.78379000743665	1789.6938197740355	1314.212267032412	11.300315453898271
?	438.17093790446313	-8828.565357450438	60.58530808735764	134.8909281538071	452.197774565333	10328.113085389035	1924.670529694951	9400.121501791095	14.154004239835842
?	-1	-5875.064136641191	69.17551881492193	151.85389834962305	954.736485260338	3629.1375250433507	2259.699894863597	657.5664536147494	1.5282255236004854
?	144.4177310723994	2769.3421293170563	68.1780030048389	-78.0804911251548	633.6546508175031	-11667.85462392845	1957.548852375689	-10005.228924253559	3.259257005620911
?	137.46710646585478	333.065278451824	65.27149425866413	-51.37636792581316	371.3437540639073	-1745.967968255259	1759.4384486509118	-1544.9565994591565	8.786551612871678
?	161.07099499499083	463.11284834175376	65.6091846085482	81.27239928964171	546.3562524047389	2775.3401857534745	1880.30102240273	3916.739682661304	7.032957862001279
?	160.6227488829428	-3241.4198998997704	69.33511422314628	50.14640240271561	510.110763351583	2357.239601940883	1955.2754327839798	5157.981993943744	9.470009113251276
?	-1	1374.174526617017	68.11650472868402	-67.05925357393444	664.2182325017848	-673.7044437202435	2138.200122099921	2104.449371279704	1.6495411469579089
?	229.33147521379462	3829.356660171171	65.98215154444951	1.4767943610715195	476.42554116557034	-6241.280082735644	2060.4979013479665	-2015.2137840300052	5.749595837569384
?	190.46783300856126	-869.6330150187278	68.1903444467376	110.18846822668891	352.1542283649981	859.2662792402306	2037.4394328984192	-3816.1091509085923	15.061953096258836
?	185.8498244628576	-296.4647953376866	71.49157495578403	-76.71022545183153	519.3888551275825	10745.929151949733	1869.6924438025342	-3508.8805869081307	11.144722064392624
?	175.64459324167672	3288.878225194958	64.35483317414597	144.17690387054046	889.4506859624925	10021.52269518318	1861.9954035530102	10653.137624254166	6.422687592421714
?	350.29373572260783	5839.42566473759	78.70042014931116	284.6678442118974	1020.4649898867485	-860.01216896305	2402.34932501525	8830.18477284373	11.20281254063055
?	467.6158764785603	4408.224290707125	78.58822538474104	-96.68961385354128	846.4500775143393	12328.870727128922	2303.504642195203	8221.672081198978	5.947583400973078
?	570.7049502579672	2281.3570682922345	73.86593945663402	-132.67887838874015	1636.9085262432034	21216.984768828224	2813.432929075205	8961.566993640035	7.816950798807892
?	581.6837298931737	-5616.135880480098	71.95428146530394	-4.701317804243037	1907.2993159557657	-25995.56605373466	2751.582991877211	-13817.736695023863	9.547551388689316
?	289.8981562339583	-6285.955413361702	73.63087356642187	-23.591464884132684	337.13022355645194	-32363.362116645036	2122.546094324002	-19132.761214091734	6.953587410539693
?	267.3859592250841	-5817.963124679083	70.77470822109729	-127.69438604618347	289.13121012349086	2611.6924249892522	1794.9449311726107	-1630.796591240091	13.048594431544549
?	-1	-3376.138633040649	67.2461542641126	0.3989184005098366	467.7148448059164	2142.2312531429034	2041.0062647619961	-57.38267971759715	20.502070461440724
?	98.57902757304925	1894.0025989305097	70.79465414112278	27.464723027288365	396.24277278063755	-1641.674752190608	1792.0757971867308	-8002.51959114496	9.06391055323866
?	93.70012994652683	8803.564695685396	68.61939041547704	-159.34122965400235	385.63110719638485	-903.8638369260476	1640.8802852047424	-786.4329099347085	9.35802391386523
?	538.7572623573253	6497.866558318519	62.827592658422546	-63.594080025885326	351.04958093433453	47.296554916624025	1752.7541516899948	1583.682022508033	21.841048947857203
?	418.5934578624574	-2912.0792258752153	65.43968641418273	11.228381873292204	387.9959349422161	3734.3704103054215	1720.0643863301452	2752.2686001846087	19.739777905347026
?	393.1533010635625	-6038.466175475568	63.389011752087164	-8.732241244145076	537.7681014496083	12450.760357930258	1890.3675816992272	11720.501365529804	8.66862526247427
?	116.67014908867468	-5526.750723946083	65.00307435197547	228.98681242798662	1010.5339528387378	-3746.123633817341	2306.089454606644	2743.666435942061	10.511750554486529
?	116.81576486625445	-31.26421120674463	74.83835237348666	9.724497498033177	350.46191975873853	6936.015382049583	2027.5509034963322	1284.6468016868766	10.22352828512385
?	115.10693852833742	-2356.315297325056	65.48929922687714	-272.63263165490724	1357.334721941222	30759.64877033901	2370.3217946909886	12450.361803459537	8.726973151950032
?	-1	311.57443931294847	61.2067207907411	-47.66488090118717	1888.4443582757108	-653.1176329852631	2650.068993669318	3989.961836253367	-1
?	130.68566049398507	2418.1529809206395	63.106055181817744	281.6019056709706	1324.6788402919583	-30686.05928925464	2569.8198865036597	-5239.074790427201	8.001468283941001
?	119.90764904603368	-383.1542435902477	75.28681607428983	180.1124373566286	354.141393812957	-17489.3383092658	2388.115254147954	-6131.648777697377	16.93459610397464
?	111.52794831447241	-206.771845521909	72.1116770496493	-158.7107178969956	450.2119248286559	1774.1347975905578	2263.2374476187865	-12440.303660550408	11.965699682330822
?	109.56905676993809	-2250.5589662894163	67.35128017943994	-227.71793539074454	442.84813369248616	11008.456558091864	1766.100071120425	-5045.106243204915	7.728663514095091
?	-1	-2211.3811353987303	60.72578028011191	-135.5754999865312	1000.634752733257	9164.32138948745	2010.9821354585372	9358.092047145072	1.7238429400034971
?	-1	2217.104883021366	60.57250518011328	92.03312747161786	901.0642031668651	-9006.59831301089	2234.004673477685	-9398.967549206443	3.0313016565413777
?	109.85524415106987	1883.0304283670418	65.32743665369287	45.926006691772784	550.3048370827061	-5070.763608021596	1541.0337579982083	-16246.00501950749	2.1744865492323515
?	93.15152141835343	-255.99592374940448	62.868805514701954	-119.21925623813424	647.5260227657817	1763.5891360040432	1421.7044225022992	-1245.9379775927168	6.130647841881039
?	97.05544796359946	-1883.0304283670418	59.366473841786075	-45.99203534294281	638.4842938829095	3561.9511476240923	1478.7368591185716	9198.644489074733	-1
?	-1	-330.73000302602037	60.56920374755478	250.06929798976145	825.6235801469888	13530.810772505787	1881.6366469560423	17089.848586149597	26.04806849939692
?	80.51894781229821	0	71.86993874127433	141.46899885624063	1315.0248325082084	17958.14229556574	2333.2292884260637	9340.238689855014	32.60950817841659
?	-1	-1630.378956245941	67.64265369036691	-165.4846654084732	1723.5306949252886	5770.2496662051	2348.6485814487996	5666.816668776229	22.184341660390082
?	-1	0	63.59570547085055	-83.5374843681897	1603.5373158184675	-2846.852948930005	2616.570121864879	5190.440057307041	22.56353188772613
?	-1	0	63.46577947195737	-15.392440946922003	1581.1880474787863	-3796.05565831002	2608.1705843141553	-4778.884912874278	21.864425399689516
?	-1	0	62.826083423504436	-156.6642323541834	1413.7345329029638	-19321.105026162113	2377.625876221162	-16411.516534890965	22.782001473521085
?	-1	0	55.63256785424809	-122.67620106448145	615.132796170667	-2772.982784337861	1787.5947575695955	1652.0925821305484	-1
?	-1	9220.327611700657	56.692273370280276	154.39632551851014	1275.0853936860688	-157.00051567604308	2460.2305053276905	-2548.7032536806328	-1
?	460.01638058503937	6607.322601337148	63.352384130173704	309.2120763215927	607.2827703868647	-16393.156155408567	1660.159594885562	-18228.379789955066	15.497192348286852
?	329.36613006686207	-7019.83390875497	72.15287718636013	100.62402369214281	455.4275859156287	-4336.016602102986	1548.8115158299242	3334.5043313299248	8.704699494305213
?	109.02468514728585	-4386.646744254185	68.38358531478092	-54.26007569660222	390.48194028171235	-2174.2277429956184	1826.8848114520606	10193.668088892164	10.850857427203547
?	110.03379285414967	169.4254625840189	69.43987340152998	-172.16102477496958	346.71619876584623	23773.78934729115	2058.4949202745397	9809.781756359476	10.495823338424522
?	117.49595827648692	-2220.6758570829616	59.775534076032315	-200.54216044657124	1579.1714076462865	27437.153425026416	2317.3738992700414	6171.8603695966285	-1
?	-1	358.47915824189073	59.412765379201275	200.49081961542612	1718.5738700171864	-18234.47536788823	2367.0879387543755	-11055.941424770483	-1
?	135.4199161885817	2485.0968692324363	69.80007505680376	228.1603859673162	667.4476392518621	-26994.40319090815	1764.5768280315094	-14920.077382015803	4.551873555248804
?	123.2548434616236	-312.9305449450619	70.82078467756725	-105.93416336188218	368.85371047175965	8998.412185933054	1621.0840696535747	1976.5807733057218	7.604935150895261
?	119.77338894132839	14.456573339222494	64.50336688870958	31.916465576648363	1117.3682485485213	3936.9706167442505	1863.405866696797	2679.9653784626144	2.682236856439079
?	123.97767212858473	-88.24849645272013	72.41660795639969	237.44872891385714	565.702241308975	-13872.77329256583	1755.0823385767073	-816.4172318533085	6.089730966876451
?	115.36096411869232	-363.157127951641	76.3758033344026	14.172314933324882	423.72958392021997	-3403.44878129184	1822.585005104131	4405.727370159167	12.575500475954687
?	105.81981573100242	-154.6685895734553	73.12522370306594	-107.06401390654908	395.52980224438056	-980.7859501186609	1975.3687070846688	3966.9144342705276	10.789338772939363
?	107.62753464001945	276.1303597063986	71.02260263907508	-92.71990597537705	374.6902864142862	-940.5233230797503	2020.9307268176601	1980.2310258556954	10.556222779544834
?	119.62633371632255	111.94381094035106	68.48922840429702	-131.09447949438487	348.5036360903924	12263.461475754257	2074.380258377455	4816.796398881152	6.134520477697295
?	113.22472518703708	-2412.5266743264165	64.46787866435574	-192.22766547880437	987.8633602020078	24192.718661801147	2261.770546761721	1095.4273336745455	6.124532943347617
?	-1	-2284.494503740709	58.87784513035667	-81.52501650970248	1558.1395691804669	1767.0112474005282	2129.151625061183	-6537.744877920143	-1
?	-1	2305.014005356381	60.391627838870555	214.80959391355321	1076.2139225720355	-14311.256338678382	1934.8833028657093	-11669.97807966918	-1
?	114.25070026782068	1893.4245239508396	69.61832482603448	145.13998609705544	842.5767522465376	2789.3541727503057	1545.6527210777158	5032.677596275331	3.1951089750352395
?	93.67122619754332	-57.63744470908737	67.64862714372343	34.67794712275897	1215.6816312095527	-4858.5825594821445	2186.5171826794794	6522.379073718942	12.106116430482002
?	111.36882803236627	208.10595268994507	71.35222218217245	132.273053741725	599.6476242724269	-15612.958036653892	1871.7716747636675	-5188.781452856778	3.504403324285292
?	104.07652383204072	-205.98460308712552	74.26227983080977	-0.5608558577958354	435.033729376847	-3921.5131220623616	1927.0781100366369	448.6620372537691	12.510015200822854
?	101.06959787800984	-59.33165030459009	71.32417938928266	-140.6261720999575	403.57196816930605	-1745.121733063951	1894.2047766263563	-2572.4964790479726	12.7986718142885
?	101.10994131681117	-2041.3919575601678	67.2309712258118	-2.097056489076833	347.7776427236482	-1875.4514793337905	1798.4532860842364	-4291.844355834472	11.901604302210462
?	-1	-2042.1988263361945	71.21932656482882	10.226158154608097	309.7993942026152	-519.7086878450347	1679.6125588346297	-3563.998218093188	19.193677816983442
?	-1	8024.599543333455	67.74227913354221	-64.03061092368228	321.7922083313961	1286.4941991180388	1620.2533751795745	-2273.042699558145	9.606056004798015
?	400.22997716667845	7582.912470336448	68.01779601864466	-21.371997965534586	374.12410415851804	1240.1255425510924	1565.9604238567208	-1306.078007384162	14.251132913752699
?	378.14562351682775	-1356.9536096210823	66.67367923526547	-95.87556154389239	383.79848545895163	-269.39883425106547	1554.9494748103655	-1417.1139261283704	14.972277136797254
?	332.3822966856234	-7582.912470336448	63.22401794144997	-143.3938727045655	360.6541624459646	1994.8913103183065	1495.1047275503013	3278.1232721475126	24.20382805439884
?	-1	-6667.645933712372	59.50398560003709	-99.6602891190831	483.5430509748684	4845.642114794001	1718.8556384177434	7411.80000268348	21.934556659288397
?	-1	2314.866652995921	58.241003485495746	106.63570534421414	602.936268185668	-4122.872532610423	1865.6947276844805	-1761.134553634613	-1
?	114.7433326497977	2252.044467128784	64.83577086724787	215.3041885329778	277.3994243443443	-6193.326116295019	1630.7989107360115	-2143.4998473780083	23.540735250349663
?	111.6022233564408	-108.79175362640426	69.00621291214479	99.52252260014262	293.26996237091265	1470.1876687996441	1758.5197353155786	1578.7929459998306	24.411527285837174
?	109.3037449684774	-130.38726269214536	69.81189699725508	-85.64416796407917	350.90880778432756	368.3154646538917	1709.7385580360042	7142.597940183103	15.339507015002022
?	105.08286022183344	0.4376934103913692	64.72400451394077	-50.07027648376649	311.6857356036075	-986.7466928380062	2115.649632324739	9989.697296551161	11.923567315007443
?	109.32562963899697	164.73321425185298	67.30838317306672	161.47582040060823	301.57147314242656	649.2523391945109	2209.2234228635693	-5986.4945614722055	11.974866268524107
?	113.31952093442621	66.95519935303015	72.7977955339713	65.46518359694197	344.1483525633335	6766.413735203238	1816.3249042511243	-13181.282791226398	15.812912643111384
?	112.67338960664853	228.57722867893546	70.58164235291386	-146.64093100183456	639.8921599025932	9133.603084432623	1550.15928330224	-532.6558319493748	10.923068766418679
?	124.74838236837314	60.12045251539092	65.46574898387947	159.3357621143997	800.8285067849712	-3859.71876724917	1789.6921126536552	6283.577395150457	7.141904837620985
?	115.67941223241812	-284.2124174460195	78.54843045863396	205.23356627723123	446.906221540132	-7628.062207051176	1864.3381530597674	2955.9587625211307	14.612433067404492
?	110.53776149607197	-127.6404196881582	75.72742729774117	-248.3835689020312	419.42539643240696	-910.3022273074869	1937.4900507797138	4279.774827516001	16.926091046125528
?	109.29739124801011	-2230.7552299214076	66.12925201353222	-230.6680963230174	401.391110174757	4037.057891293859	2078.3268944355705	6350.754007497381	3.971897336769728
?	-1	-2205.947824960171	64.19402248159014	-43.25386827936948	621.2782909971028	16391.59090637786	2255.0277511545873	3019.894135360949	-0.27393935617811993
?	-1	2128.4265897074574	63.96655859956372	136.53831598401814	1220.9706554936615	-3371.396494799245	2229.32160120362	-18554.962694782193	0.7747949051669592
?	105.42132948537439	1955.020163758627	71.02093828079114	106.55366459239933	452.7084662571381	-15668.29456440361	1327.2796164154645	-13286.801191171855	8.105121345268163
?	96.75100818793274	-234.4785930527261	69.29424182918376	-58.440069358586605	437.55592727346993	-1183.7775524750227	1564.9815416450178	9757.767410079661	9.613218536961508
?	93.69739983273792	61.32147802931653	68.09893481286177	-102.99187078140018	393.51958863338615	-1663.3766319927215	1815.1679869194545	6112.594389659875	11.324602296572456
?	99.81708208939861	205.64937074416227	64.14464829011368	-17.611579422078343	354.3870956738327	-702.5750131773204	1870.611261128016	8821.022941623989	18.88479889289571
?	103.97986836994617	6.851442474567664	67.21835584175784	-153.8707914427544	358.3908379745196	575.0705411566387	2256.2191340006602	7656.225411074674	8.962721244210801
?	100.159654213127	33.114187803783565	56.45110871797585	-39.65221544545188	383.140622731665	2668.7726664825377	2253.422531681755	-5429.268185832889	8.35023097323032
?	105.63557776013538	1.4161803834221385	65.23574506948522	203.0219355023318	491.8294712986484	4545.415144370004	1984.755724709012	-15063.823203072992	4.510409849208449
?	100.2304632322981	-132.57611449588364	66.60220549309258	27.916055933557857	610.4113799501685	2439.003105549777	1500.2313715280948	-7721.17569604104	8.250065260997024
?	99.0067720353411	-102.58771161202328	66.63154786616313	-82.64419205806117	613.779626576139	2027.925552967691	1598.6969399069544	8484.03876602539	9.254541141382166
?	95.10107765169687	-2000.1354407067936	62.469995890189466	-125.67494882914721	711.8076575985544	14480.486773925308	1924.4333098293703	16923.31360589134	11.313236994677133
?	-1	66.0433341410529	60.34780042470568	33.49040427016386	1337.8039652724146	-2702.4048682929315	2444.8626202015334	-3784.6518831422154	-1
?	98.40324435874956	1911.1469086863556	64.14451610369768	75.04508278218374	576.687414183906	-12296.792446375728	1735.2007156722568	-7733.794179516316	11.794625051415728
?	94.55734543431913	-124.8744153987527	64.10005456381492	-54.65003687326054	722.9643429536195	-1613.1986478905478	2058.172911225712	-1735.2009090948723	16.09277319761197
?	92.15952358881184	203.8062547232763	61.41201426003462	38.398461629750805	496.0274817893774	-5496.4470558605535	1648.440670217512	-6406.451946928446	17.56161161430751
?	104.74765817048309	398.7722438118857	66.01997764530249	197.60691089418418	448.1419901605879	-1454.1658212227649	1737.8503138792853	6511.57218137558	12.499422288561655
?	112.0981357794064	211.35452809274466	71.29235980474397	131.3503236837529	423.31919072823814	93.95696334740458	1974.0192792862956	3131.4446824519573	16.52615998090471
?	115.31538457512048	-28.688821602582255	72.58749382949023	-40.78331534811126	452.8398383279582	522.4106488367016	1894.4225480018854	-3328.1714379363193	13.2358139485848
?	110.66369469927727	-183.4279314518289	69.25319403733838	-207.25816105382836	449.4397231700736	-276.18487232499723	1807.6107073894773	-1249.5464369397137	13.171400671301845
?	106.1439880025289	-2233.2738939855135	62.22458577679866	-224.6365462823159	439.03059471170815	3207.0098167872343	1831.9452261548988	2598.838169030709	13.083814570623504
?	-1	-2142.8797600505477	58.02136672322242	-184.9258950871397	609.7902140094376	3434.206032686727	1937.5526158410146	948.8323112217405	-1.541595582470578
?	-1	1958.0031753930962	52.978291022441546	136.78213815877191	610.740896346047	-609.2086803304396	1879.3868417159865	-9855.583498373528	-1
?	96.9001587696562	2021.927005928199	64.86047363116111	184.8464098443683	579.3297799929152	-635.0559858002272	1444.7734409223312	-8176.136215933081	5.566894023715831
?	100.09635029641139	177.83933197367563	62.22061151466009	37.52813654851739	578.9880970560351	-1427.8160279278043	1470.5800309193266	8218.660350267575	9.626098206822004
?	105.79212536834011	130.07464868428784	66.73688045858701	16.3356051649213	507.93897859652395	-4247.812442555059	1855.7064584357158	8051.290781481997	8.607465094133897
?	106.60008273062587	147.56590209564922	63.03739177290617	-144.67004849712703	366.5974749282792	56.09966564664239	1873.1445699934322	3546.7997336788217	12.523465366834136
?	113.17042047312268	53.3914915931994	59.503378033730556	-3.492864293852115	510.7439618788561	8271.439855167	2033.0464451196594	-533.7802627764692	-1
?	109.26965731028588	-199.97086335255915	62.86274855821356	100.2389414436422	780.1694676866351	1000.2725036519854	1846.4555568546084	-12533.415664285243	12.622569421195804
?	103.17187730549458	-258.6196525394479	64.51532510591274	2.558335815439782	560.7575870614561	582.7697371583562	1406.3756619053884	6215.6700542303615	18.442736418371187
?	96.3386746833133	-219.8013094875654	62.99066534898555	-103.60411943364193	809.3079545445534	5557.297953560047	2157.239059566131	15641.27227064791	20.270737050199877
?	92.18181183111615	-1946.7734936662384	59.33511913423057	-236.80672948254644	838.6224847394624	3055.0366829249197	2188.439275437795	-3838.027211307426	-1
?	-1	7773.951019869082	51.15032887485806	-104.53496066795815	962.0597886908015	5791.882738487748	1965.3376990007569	-3769.053553368127	-1
?	480.87936282457576	11180.64895818147	54.108371100832585	35.535099127887044	1128.2166216638539	-4394.7180758231125	1999.986597769386	-757.9742018903409	-1
?	558.0324479090814	-9637.587256491379	52.92708383125244	-31.40248349501858	742.3238848996427	-8795.183250353795	1927.4389889062393	-3327.426644830537	-1
?	-1	408.98988849822547	52.538246926081634	10.535104343351087	688.4574591461578	10665.059180358043	1833.6152655278568	4957.614418277342	-1
?	578.481942333993	11593.508940579135	53.45383904842	36.07266423187289	1275.5768439175524	5170.255621613618	2175.31970982011	6424.2551407425935	-1
?	578.675447028965	-6919.322136858246	54.341880137675304	154.24729017003295	946.9702402268424	-15961.735819019605	2154.828022564991	-4895.455280216765	-1
?	232.51583549107573	-7078.124593426762	61.16620355692176	260.97149295807526	477.49005296656077	-9742.06357011655	1930.5469458092682	-4015.133528701565	13.590051409538226
?	224.7692173576219	-217.23585176410015	67.39045478557925	76.0146835858746	459.867061721008	1563.675065031213	1954.07134612991	-3385.4775114227978	8.47962602188078
?	221.65404290287057	12.187348937221541	64.96693773621554	-20.228641057458102	555.6738062181225	4199.6302267194205	1761.273070238126	-6504.116412083829	6.862720219292323
?	225.37858480448298	62.546471262172325	66.37902273270633	52.00373754564322	669.848573056982	93.53439324613967	1628.8655255257138	-6636.822133372462	3.9823772949111187
?	224.78136646597923	1.7077144210651098	67.56712461349774	-19.710753866904728	560.3505258804296	-2727.2326145824604	1429.431963569498	4695.354412188828	10.2493961304131
?	225.46397052553624	-25.14513083270081	65.39348503936108	-89.47259589837132	533.486942327857	-16.838653967949757	1863.6332461351585	9511.457045801737	12.46974061338789
?	223.52410992434417	-2228.7430457319424	63.09349481857911	90.04535157472631	559.5085931820321	126.96924494449196	1905.0048158595916	802.9348929034381	5.02340452522346
?	114.02681823893754	-2242.727007366375	69.89575261809746	224.26485042032604	539.8354045750817	-806.8510732871799	1903.779990780331	-6204.957525335761	1.2734052508531313
?	111.38775955602384	-148.09816555806594	74.30673733959557	81.55880497276709	519.1660395176725	-83.7090296317171	1594.7569395927992	-7242.728113423602	7.252195139564473
?	106.62190996103413	285.0227849786335	73.97369286673587	34.62635025749855	535.6499530934958	-593.5261161780393	1541.6435851091458	-1672.8729941528889	10.132299538641487
?	125.63889880495572	-2132.438199220652	76.03805485247052	-1479.4738573346965	489.48973370877013	-10712.999061869765	1511.1132898851536	-30832.871702182478	3.5768285206083625
