rowLabel	avP	dP	avI	dI	f1	dF1	f2	dF2	h
?	220.3138688440367	4123.641080651044	80.24114760399846	1553.2418752554543	464.657739891488	13214.99098618238	2146.368228520351	39026.10496413171	14.687298311412889
?	206.18205403255223	-318.0175997888756	77.66209376277271	-108.88801159329091	660.7495493091191	5980.47547291709	1951.3052482065855	-9160.325946433008	11.204715972814412
?	204.41298885459292	-96.98637228507832	74.79674702433391	-45.28511456136896	763.6815135373425	1926.7714149739816	1688.3519311987004	-7245.422489469463	18.156940187331763
?	201.3327354182983	-202.0080220027467	75.39783803470426	-6.7905287864101656	757.0881200578182	1.4100388514566478	1589.0341237331122	-1733.5282413383043	20.10008436708213
?	194.3125877544556	1785.4392031044856	74.4572205850134	-139.9928169160572	763.7520154799154	-829.5692271336568	1601.6755191317852	1775.058420484052	13.822986884875675
?	290.6046955735226	4120.545477321327	68.3981971889014	-254.98339761451126	715.6096587011353	-2484.1594254616466	1677.7870447573148	3072.0259442186134	3.4039691676267703
?	400.3398616205219	-311.7278845821625	61.70805070428784	53.0230527043807	639.5440442068331	-6639.807011116294	1755.2768163427158	3963.595822034359	-1
?	275.01830134441445	-4330.8962022244195	71.04934982412044	214.1157049393218	383.6193081453207	-5441.952316006273	1875.9668358590327	5471.157351420066	8.671774022132755
?	183.79505150930098	-1907.6565428194338	72.41383595125393	-40.237531566073706	367.4464284065195	-777.0282433837988	2028.8346839137191	2981.0345492187575	20.33854100905196
?	179.63547420344278	63.78388055468919	69.03747324581676	113.59457778058274	344.7678959761308	245.85212186179098	2025.0185633199706	-5734.88706784327	17.37832403173054
?	186.98424553703543	15.252936207513685	78.09356484028307	166.4702962917248	379.73903449960903	614.1582397394149	1742.0903305215556	-9450.686855457961	17.986448185048555
?	180.39812101381847	-196.88960084052195	77.360988060403	-74.60455522857238	375.47580796310154	166.96306807066193	1552.484220547072	-5364.318631011038	24.188960787634272
?	177.13976549500933	-26.34364068550551	74.36333707885444	-75.04720763468576	388.08718790314214	3.796045537010283	1473.8743989710035	-1367.348149147914	26.211426574813668
?	179.0809389795432	16.273370247982356	73.60862767866871	-38.45958994125677	375.66561023995206	-319.1489027540658	1484.1168130896763	700.922803749126	24.78267022267554
?	177.95343400740845	-76.30713339490733	72.4403575817916	-55.93033002028813	372.12974276543883	51.807184973291626	1508.9205391584599	-104.37875930788768	25.9855387104863
?	175.26558230979782	-86.91316059905084	70.8121111776543	-25.735217147214634	378.25596948861664	17.090641575402955	1478.8978751242819	-788.6109704918765	25.469813398328803
?	173.6077759774559	36.45829931308466	71.15359672443087	34.995556774805124	372.984274844209	-181.9486783735975	1469.489990633866	814.0297427659737	27.116722879047114
?	177.08849727545206	14.049832399902572	72.56188901639456	-4.413001274549796	369.15853556993676	221.66543731540153	1519.5993622625806	1862.297410296763	25.577753496530857
?	174.31026759745103	-136.46897104735206	70.93294666070338	-142.1143475596607	384.06754670997907	1176.0931523724719	1562.6048611487042	-24.274537915007365	21.910255698734343
?	170.26504872308445	27.50679960657184	65.45617163841152	-380.5907720915726	427.9631931885604	1310.9862278578846	1518.3856353668302	1580.9902160107115	19.263773367786786
?	175.68560757777962	-3425.300974461686	51.903408056124775	-314.54864023305646	449.6168581028732	5715.8652094726	1641.6543719492397	10532.571791804585	-1
?	-1	-3533.712151555589	49.72873962675868	-51.4281878043263	713.7564536621907	6116.559618270033	2045.01422495706	9457.122917577326	-1
?	-1	0	49.33199866590846	-3.2327622599753143	755.4448390163751	-667.2098927565952	2114.5105178281065	-1302.5573442920029	-1
?	-1	0	49.567101513759916	20.070196540999614	680.3959590243609	-2656.644374144057	1979.8863577424597	-1009.236710415561	-1
?	-1	0	50.33550849295844	0.6614093877934119	622.6126203091721	3334.405543645527	2064.0486823073284	1670.5228432000542	-1
?	-1	0	49.600171983149586	-67.37699295141817	847.1162362066374	867.0663594836325	2063.4124999024625	-2027.6292756491584	-1
?	-1	0	46.96665884538753	-44.95772569034155	665.9659382833538	9284.23004928441	1962.6672185248703	2218.5717075357825	-1
?	-1	4128.942774916683	47.35228569863251	491.17458111416096	1311.3277386708583	-3238.021061170079	2174.3410852792517	1559.4019022721282	-1
?	205.44713874583437	4429.386803452779	71.5253879010956	625.7795976019066	504.0648852248497	-19862.28998524799	2040.6373136384768	-7154.904057091383	12.327818158809057
?	220.4693401726391	544.0598918181173	78.64126557872787	147.4475538088778	318.2132394084579	-1653.6455990671298	1816.5958824246823	-10900.165567899485	17.192177649375
?	232.65013333674025	214.68145599462085	78.8977655915395	-317.0929079239646	421.38260527149316	704.8666600097834	1495.6290352435021	-3362.5124773056964	18.121079439745973
?	231.20341297237016	11.875953284978767	62.786620182529624	-473.22512360866426	353.4565724089471	214.5898088843078	1648.4702585593973	2793.2309609806384	-1
?	233.2439310009892	442.2387584029646	55.23650941110626	-87.04999803454776	432.11209571570856	4686.742682024359	1635.2905832925342	8392.600420118253	-1
?	253.3153508925184	364.7024146846027	58.43412028080223	378.1082690104382	587.7937065101653	857.0939299729711	2068.1002795653103	5503.903621570089	7.056623981961464
?	251.47905173521934	-37.32662545636625	74.14192286162819	369.3924039628163	474.96679221435716	-1815.6308384407619	1910.4857643710388	-6993.666556301408	20.402337901278052
?	251.4490196197001	-264.13244033864464	76.90374047894306	108.81907540744511	497.0121645881271	757.1832352118138	1718.4169517502396	-16034.520159709264	19.296284130823533
?	238.2724297182871	-523.6117089481912	79.58287663200045	57.3101869820348	512.8259539749479	-284.13993875954	1108.759756385575	-7108.367318428648	18.630329420956958
?	225.2684341722905	-419.71741592178563	79.7692498280448	-81.64262797413407	482.8051676501501	-869.2894536284624	1362.9985858288069	8071.592311213428	20.497117276615462
?	217.2865589221978	-225.14624682430943	75.50074523329374	-282.6253244490147	469.3614812935247	193.73927981010848	1512.3393719462467	2634.165731665196	14.940935344729038
?	214.01112183107503	-4365.731178443972	65.63798360559406	-274.94298099650763	492.49213164065554	3142.1247103264714	1494.7068724120668	2561.314533292152	7.952627953990505
?	-1	-4300.222436621516	61.75359618346841	-73.02912031702118	626.4677168098477	5551.952834853289	1640.4050986108539	12098.816324747602	-1
?	-1	0	61.98652758974301	7.8188891816700155	770.089773383319	2195.986070299042	2099.6476886494447	24534.493152533723	-1
?	-1	4307.498715004189	62.14454064255191	110.37502638765685	736.2670203247994	-7689.35425699387	2867.1297562375357	5370.441086173824	-1
?	214.3749357502087	4392.210636508936	67.50527890912584	243.09504294185913	385.62206053362684	-6164.439119352316	2368.169742958135	-27687.10733081044	9.804484072828306
?	218.610531825446	-327.4880773071544	74.29929278964482	3.4341622178746554	428.04506435718474	2044.5781248632356	1482.7743896970187	-24537.052654488558	17.27684769106579
?	198.00053188485103	-831.0771012709257	67.67698702001957	-45.392181718771546	487.85096677678825	-533.1338750121605	1141.3171102337114	-1385.8804165092538	5.16285878339184
?	177.05667676189987	-505.61308674657664	72.02968370370626	168.22912440136722	401.3883706065768	-980.7761416902657	1413.4803688715563	5335.048586534163	11.385344234419552
?	172.7198775475223	-4.776246843356392	76.0884432400879	42.52506306716513	438.81215969227515	2024.4991968970207	1408.0695395604187	-7281.015208178058	9.992559518935611
?	176.81786441973205	146.0724679453977	74.1559368570645	-247.00222263927674	502.6133304514275	2326.054687579573	1049.4296084626546	-4494.529605176447	10.955440605827771
?	180.02350094479215	118.12778846130286	63.738332108124105	-40.35867827099807	555.1148940712534	1956.0978022533893	1183.3430593015971	11818.152285327302	6.949550364215648
?	182.72425384279717	-195.86657764856295	72.1380029435146	120.46036952153031	600.4182205640966	2092.528388056185	1640.3372227290176	9370.250822130462	11.189010375311351
?	170.23017206236403	-252.02145663407669	69.7613505842006	-291.9530749259859	659.7413134740623	2989.576068605344	1651.8556004081186	-2141.2638851510824	11.831340596359448
?	170.12318101109338	-21.06897437314736	57.54034919721536	-191.60684116978243	749.8970239943633	-4081.12387089729	1533.274028471464	-4406.554303884238	-1
?	169.17672334370667	-59.68385816919714	60.18100852571151	122.15350259066498	455.6851199291985	-8800.833623632248	1431.5278852139074	-1331.4619963213138	-1
?	167.13898810263353	340.0971699711875	63.64802432674859	223.8165201554393	309.8553428127524	-2015.723567460674	1466.7009286553985	4274.927099832068	-1
?	186.18158184226598	891.2414608143482	71.37183453348344	307.13529294896074	354.89894155616514	3055.2178632740383	1645.27424020551	2707.4981855936635	16.14493531704344
?	211.70106114335078	1461.0533088887423	79.00478897419657	126.28992701721376	462.61623597645377	5214.4351418567185	1602.0758379350812	-6394.474708249122	12.366211661938591
?	259.23424728670284	4039.75522803993	77.6863308843441	-65.55470866015946	615.6206986490001	4807.826852026545	1325.550504793055	-4398.220281890273	6.860813167372832
?	413.68882254534657	4923.586561692143	75.72705354118861	-323.1595137026794	703.0075785777801	1239.781341231462	1382.1648238405683	2099.6609818855113	5.019531609872006
?	505.4135753713091	-8293.77645090696	61.52835519921019	-402.5782244262379	677.609765710573	-76.28235453542656	1430.5335538873303	420.34940689885536	-1
?	-1	-10128.271507426218	55.598142319876786	-200.8227277335743	699.1934608510088	787.4234070023573	1403.182294185511	3401.524054485452	-1
?	-1	0	51.48721881253151	65.93627121365367	716.9809360606907	1711.678132312142	1600.6097566116023	21333.594746217375	-1
?	-1	0	58.89495588055946	159.48115755700528	784.7773674666156	2320.850963759541	2469.862031496376	17469.096668260154	-1
?	-1	0	59.461276690381744	-205.21443546260844	833.0234842486674	-632.4972659034734	2474.064590024607	-7856.369128745483	-1
?	-1	0	48.63423410742907	-244.7692952625238	753.152504171442	-1294.5658119447899	2077.043575059103	-13450.693863857467	-1
?	-1	0	47.2228119272556	251.57410438526387	768.2951936514281	-474.055510040543	1801.5298968317359	-9482.810880652498	-1
?	-1	4043.934657827982	61.21293932669222	480.7504994238305	729.449728669415	-3149.8465000761416	1602.90303102648	-4207.685742873738	-0.12267832321299066
?	201.19673289139837	0	71.26033689844704	101.1138823629549	610.8028686476216	-1334.4165064891333	1591.1456096880497	5438.158455007393	6.068221166379192
?	-1	393.39245377008837	66.26863344483995	-18.29802205900456	662.7289033449586	996.3466651645548	1874.8109537768487	2122.076763918634	3.2587000145109464
?	220.86635557990272	4187.621606223815	70.34543579549681	169.06011294161746	660.6202019058492	-1741.8437288098191	1697.249447883981	-7837.587587299987	3.4970387517328905
?	208.38108031119003	-559.7417155095237	74.72163909192079	-60.44031074597534	575.6367169044679	-4610.4763598117015	1482.9315744118508	-4921.139504273168	11.002698210233314
?	192.87926980442663	25.747342683492413	67.32342025819806	-9.601285465057321	430.09638391526494	-848.2989056048822	1451.1924726703235	-7792.555248502431	9.330297098197157
?	209.66844744536465	250.5094777661188	74.24157481866793	61.0289270579434	533.221771624224	5634.516921483957	1093.3038119867306	-2189.6705652297064	14.516369055165956
?	205.40474369273252	-112.17151460191229	70.37486661109521	-335.8755477549733	711.8222299894618	3619.1485579875202	1341.7089444088385	5688.517533295755	11.73510017585924
?	204.05987171526905	-4128.094873854665	57.44779743091932	-400.0821596156243	714.1791995235993	-798.7093049748256	1377.7296886515173	1338.3901525233844	-1
?	-1	449.03971998807765	50.37075863031407	230.8350991418953	671.8867647407207	-3455.9473147962294	1408.6284520350075	7354.8260264199225	-1
?	226.51185771467286	4185.196029816311	68.98955238801405	544.6432701975994	541.3818337837885	-5195.6778879592675	1745.4709899725121	7698.17517083558	5.555894251317887
?	208.25980149081482	-537.8774938121043	77.60292214019394	132.95725392454577	412.1028703427582	-2956.728164514789	1793.5372105767851	5399.908380213243	13.186051670894148
?	199.61798302406774	-90.41290573946104	75.63741508424131	32.61434380845469	393.54542555804954	-117.17520526173571	2015.4664089831733	6713.195398460435	13.161447371693189
?	203.7391562038418	-19.529553491663663	79.23363933061667	-97.48937286113068	406.24411007967143	56.04062260824341	2129.1969804998057	-2400.1664200005775	25.683481382167162
?	198.64150534948456	23.32842987522619	70.7629464411848	-110.19594534936698	396.3474566884617	16.8111401398881	1895.4580879831449	-12287.185878608841	16.10516787272997
?	204.9055776976031	519.280535225766	73.72384206314834	160.68073152827424	407.08466708666583	2105.831055889541	1514.8376865693658	-11086.727880160213	12.18804148772773
?	224.60553211077277	753.1643235597459	78.79698301759848	-6.513789495309959	501.6390094829384	1646.3512423354077	1341.1216939751362	1530.017033795185	19.373310349708884
?	242.56379387559025	272.42467108549573	73.39815258838284	-308.3760533119993	489.4022292034359	-4.20173499860313	1591.3385382591248	14244.713301844982	11.462731329093662
?	238.2267656650475	-4871.275877511823	63.378180351998566	-304.6506970926391	501.4289227330082	3559.3443453112436	2053.3573590673827	9364.54729676467	12.965324024455423
?	-1	200.9722203799096	58.16561773375094	-56.66309353393066	667.3694464689975	1911.711943359569	2059.5659030973566	-7411.777769001714	-1
?	248.27537668404295	4512.080354277548	60.54502567530204	401.6721336455565	597.0145199009863	-2798.4490617117294	1682.7684706172984	-22338.95715471395	5.904449524937973
?	224.6040177138766	-867.8362118363136	78.2492244160287	400.571815444504	527.4469933834115	-2643.1514837716923	942.618045361663	-16809.23706442305	14.425757501215656
?	204.88356609222743	-485.5843444656193	80.57361644752717	-16.368424717696314	464.8569457124022	-2137.101303525819	842.3066173961489	-2131.5037844008166	17.021503296440017
?	200.32480049059572	-60.96000107699375	77.43080318014388	-376.53562701270494	420.59192820712093	1414.0268888704968	836.0428561416226	13919.031039847843	17.222560636692545
?	201.83556603837775	6.998401997037174	61.74683509689199	-431.3054869703961	535.5582901559268	6934.155307094673	1538.2581693885386	22349.039562962513	9.614841182326558
?	200.67472059044758	-4056.7113207675693	55.865528831624154	-129.24342983395323	767.2996935618534	4870.861327515938	1953.4948342897442	12637.09615243437	-1
?	-1	-4033.494411808966	55.28466360519435	7.567847497553997	779.1013565317228	-3365.204413022173	2170.112977010255	5349.2088073116165	-1
?	-1	0	56.24392120650185	-29.01166040432425	599.0394729107453	-5592.424696832816	2220.955274655324	1911.2262258022815	-1
?	-1	4158.375838791346	53.834080584978146	63.335459911045945	499.48012169008297	-3329.1927988821844	2265.6742883003685	-1607.4312346783483	-1
?	206.91879193956655	4449.676541811233	59.41069420205414	373.71882671800086	432.5798329666367	-2376.2163473700803	2140.583712921407	-2714.193433068695	4.4322592824476
?	221.48382709056085	577.0984078281723	72.52002192087812	362.18314170623444	380.6693043215794	-392.7117470198485	2129.9646166469342	3849.1392891672103	17.565537134811894
?	235.77371233097506	7.450134238118293	77.5198512873658	-21.687488954748424	412.9442456156443	421.2102538465664	2333.0406773797667	-2287.932084428784	20.21157360455379
?	221.85633380246676	-130.86887013587034	71.4356474731407	-98.41760662782072	401.7298170139076	84.01678848287163	2015.5680124254955	-3788.858964914075	9.140779231031809
?	229.23026882418156	229.6045259343637	72.59897095597478	133.80449360694277	417.1450850397879	4161.715100910772	2143.5977291340637	1039.4085257115003	9.878183390280327
?	233.3365600991849	-292.018582346651	78.12587215348782	90.02815184205052	609.8155720594455	5636.193445919475	2067.5384387110703	-5313.14039044045	15.37423992228043
?	214.62933970684907	-547.6725010277127	77.10037854807729	-21.096656111917657	698.9547573357606	-2158.4179218235304	1877.9407096120422	-2180.7387983547083	13.356603323385087
?	205.95293504779937	-18.118552987347194	77.07103934789194	-48.47519918501962	501.8946759682693	-5015.125751145932	1958.5014987933353	3893.359414832298	11.486097848838313
?	213.7234120574817	403.0709728759629	74.67661858882632	-146.93665692876516	448.1984697784649	-750.8890339691712	2072.6086803536564	7498.016395117487	10.366337013765065
?	226.10648369159745	161.1278613558727	69.72420650145371	-284.3635035176658	464.3502242698109	966.5162796705556	2333.4023185492083	1065.6299209104184	10.78784626696682
?	221.77980512527532	366.36390708018115	60.458443412943076	-167.58013819530038	496.52428376199254	1271.9657103202019	2125.890176399177	-15016.366008292784	-1
?	244.42467904560644	-83.02341684878941	61.34519959168872	358.1197641186239	527.9485097858208	338.12846578588966	1582.5840181345718	-13944.225983214801	0.9336956475406687
?	217.62863428283586	-1036.002556161436	78.3644316188742	306.99161230827525	513.430707051287	-1318.222751274931	1428.6788772384396	2623.7044218095116	9.271003356374456
?	192.62455123753483	-613.2805977200552	76.69478020710243	-176.69804667760138	462.03737222207445	-1987.1638726933488	1713.769239225047	6626.034940570172	11.936862328328512
?	186.9646043968332	-337.68304770459685	69.52952928499417	-212.90981923604383	414.07251341661987	-2741.1844781594523	1759.980624266947	-1384.8346242331313	12.706824411495568
?	175.74039885230505	621.2101017704935	66.04928924530027	106.90969707250683	324.9781483141023	-187.93346168973991	1644.5275080133906	4179.5854966564875	11.319082791965187
?	218.02510948535777	1311.1042564447605	74.87501413861949	226.7104625279958	404.6758403321329	1126.889376989213	1968.9598990997706	5646.0950577695685	12.479464968787088
?	241.29561167454284	318.2258686203835	77.38481237170002	-34.42547206877277	381.32261716356277	-2107.6541554211058	1926.832260901868	1982.0108170246729	18.09297152899476
?	233.9364029163769	10.125660591338637	73.15374053518086	-99.34313629843707	299.293132561078	-1669.5222941661737	2068.060439951004	7427.845882658043	17.394041665379877
?	241.80189470410977	367.45132962472854	72.41765555677819	17.579914922105566	297.8465024552544	-190.6385581215677	2298.224555034769	5125.858736417267	16.630892390799175
?	252.30896939761325	-94.51838964510364	74.03273628128613	-138.66665640492008	289.76120465499963	-208.34367127223533	2324.3533767718664	-779.3330749504303	19.71489458246444
?	237.0759752218546	-5066.179387952283	65.4843227365322	-411.129975419464	287.42931889164265	697.837628295995	2259.2579012872475	-3979.6735677734573	15.603507104771564
?	-1	189.02186990696646	53.476237510313005	-152.0429715202705	324.65308606979926	6410.501188694346	2125.369698383194	-4451.094211312736	-1
?	246.5270687172029	4691.05103225271	57.88217416051871	533.8153979982875	607.9543783263588	3494.1873293560957	2036.7031907216115	-6850.5478390311255	-1.0292716275043692
?	233.55255161263466	-892.2046510116034	80.16700741022729	386.3086929821453	499.3624525376034	-567.0496311201666	1782.8423064316391	-8420.522900704189	8.86497117461666
?	201.9168361666229	-1025.3479390749433	77.1976088096259	-89.52043317779643	579.6018967703506	1182.005776134567	1615.6770456864035	-4281.600681797133	11.678272702273393
?	182.28515465888768	-542.7419929423459	75.69098575133748	-109.25325909654258	558.4627413443316	386.06536391523287	1568.7622723417833	-1805.2228757028952	9.898159839890594
?	174.7797365195057	-67.27276993818715	71.7349458547988	-139.8226313462586	598.9051649661121	1037.924229013196	1525.415901901259	-4740.075265603677	10.720622259868929
?	178.92151616197833	12.581451806365793	68.69985418402457	-278.19031242481856	610.3589527949912	-732.2995115070424	1331.7585090616003	-1000.2673600700599	11.565936948236205
?	175.40880910982398	-3598.4303232395796	57.82543023355792	-242.92220411114542	562.2901893907601	1747.9131419608182	1475.4025338977563	2418.975519415721	-1
?	-1	-55.45529610031471	56.553743978467345	168.68856910960534	697.7546098930318	5007.510710989404	1452.707285032386	2621.544798250675	-1
?	172.63604430480825	3525.209556310688	66.25985868903815	133.72983240770685	812.6657249402294	-611.5775224656612	1606.4797738102895	9722.414388690606	1.6345924663999174
?	175.2604778155338	-3472.7208860961773	63.240235598852664	-232.144586077014	667.1757337697488	-1500.3880557358373	1938.8280044669145	5295.970645201502	6.1050274889253275
?	-1	431.2634915135156	54.652629385187495	177.6998381010245	737.6463221534378	-1069.516663583385	1871.2783060703637	3160.686785367509	-0.9079036606982095
?	196.8236523912095	3848.819164016495	72.12522750390386	161.20646507420687	613.6999005905798	-3625.979799791877	2096.8623437352894	-148.4507925195845	7.8604673038121575
?	191.44095820082407	163.14313305479914	62.71295263889781	-261.65968794540413	556.3473321638446	-146.86405146528665	1863.8557664443845	-4380.2730713555975	9.039366854459276
?	204.98080904394942	63.062464553952054	59.0422431066337	153.94210735148744	606.3566980173155	-463.4264805564856	1877.8486901675103	-15643.16302510923	-0.264003723359059
?	194.59408142852166	-428.445598952769	70.41005800647216	89.44197780932558	533.1760081360204	689.8077293063195	1081.6976151889257	-7250.266557362259	8.99292135336312
?	183.55852909631105	-209.08636065755405	63.51434199709996	-77.14335183188722	640.8470844826313	3033.3499686367777	1515.3353622993986	25977.41126528037	10.081051681740327
?	184.139763395644	-114.62122169898448	66.55289041487781	158.24496749413697	684.8435065678588	-4120.793177772581	2380.5681784529397	-2593.008370449147	3.6363886561687373
?	177.82746801136184	-225.38094273646288	71.42659037180678	-39.125443117137166	434.807425594003	-1473.7643437692561	1385.6849437769417	-23768.612383565	11.207743842454786
?	172.8707162588209	-109.85938358089452	64.59661825902096	-331.4498082450085	611.1552893793962	5382.659946552254	1192.137559274694	1087.8810157034643	10.568919863031278
?	172.33449883231714	-3477.4143251764303	54.854099959556414	-308.30973828819333	703.9404229216148	2191.96865843072	1440.0789945621148	9679.959505272844	-1
?	-1	-3466.6899766463553	49.181131344611345	65.58098308939685	720.7537223009318	3402.3618330281383	1676.1355345383345	11062.57495453602	-1
?	-1	4691.8501584557525	58.133149114026246	267.1510933242318	874.0585145730211	2931.0972640721698	1993.2077422889138	2431.1761083088863	-1
?	233.5925079227868	4305.214485160849	62.538686010822886	371.6154817170051	867.3085855045398	-7876.8727337084465	1797.6943399537784	-20317.789967774577	0.22597810310964095
?	214.26072425804168	-356.8317827970692	76.71392319987643	298.19641367944166	480.21487788760015	-7843.484824710718	977.3182439001886	-17672.321287070754	12.27549749021594
?	215.7509187829334	968.1301776707227	77.44850669479492	-43.64321668137977	475.1343442690053	1004.4445114892006	914.0782756002437	1249.1984673884986	20.798312401120757
?	262.66723314157764	2947.9729404310992	74.53176236580745	8.074229250165132	530.43710346206	939.3215401720578	1039.7781672696133	-372.69474934706653	8.32269930990334
?	363.14956580448785	3868.259338740967	77.85221815730317	-101.36903890830929	522.100421277608	-830.3640503482138	895.4435381328905	825.038244161927	11.492430722124848
?	456.0802000786253	990.4105269618914	69.463310420392	-393.3473067467301	488.91890094464947	631.2284218031027	1081.0300794777095	6353.85173272102	7.874075897811755
?	412.67009215258224	-9141.604001572538	58.184852819966736	-338.9710985479693	553.661842367763	3095.4885384403506	1213.1361247689404	7629.9202863183655	-1
?	-1	-8273.401843051674	52.5147554929936	-197.13926176913546	643.6933278666664	2252.9002972653248	1462.5260937936264	10179.482370025338	-1
?	-1	0	48.32788973151	227.87849036640674	666.3068572310289	2109.86671512648	1722.1102432702055	14107.306047127437	-1
?	-1	0	63.9086800113139	84.99148852783337	749.1866636229901	41.51360443460832	2167.8913961499957	2565.0957188117172	2.573198853477826
?	-1	0	52.57746415790165	-418.4211103606828	668.3825374527593	4611.282004763109	1850.365029210791	-5732.220124824195	-1
?	-1	0	42.98762449327983	-205.61598173359175	979.7507638611447	10875.155087639023	1881.280389908787	3326.727363095204	-1
?	-1	0	42.2966650712221	-29.66370586128658	1212.1402918347085	1057.222298702174	2016.7013973655505	-4686.531650779241	-1
?	-1	0	41.50443920021551	-31.764291739077322	1032.6118787962532	-11039.276891679932	1646.9538073698257	-4872.174334206492	-1
?	-1	0	40.70845048426824	-5.266139744180852	660.1764472507139	-6827.531171905427	1773.0926806552268	2522.518973464016	-1
?	-1	0	41.241132213006466	1.2068056606166564	691.2353202009831	1345.018089597684	1773.079756043026	4126.191008940087	-1
?	-1	0	40.76879076729907	1.4226590758342235	727.4273517305978	-167.26301260482902	1979.4022311022304	1477.2361028955681	-1
?	-1	0	41.31226516679818	28.159677199195087	682.8721695707417	280.8935050866909	1846.9415611878042	-1463.583385426651	-1
?	-1	0	42.17677462725882	5.141512107302636	741.4720269849323	1786.5354241127006	1906.2230618308981	1788.252770461001	-1
?	-1	0	41.56934077216331	26.942992123544894	772.1989407763764	-278.9949168697818	1936.354199710854	-400.0993747115595	-1
?	-1	0	43.52392423343606	88.07606743029172	727.5222811414433	1722.854430225248	1886.2180930953202	1017.781725049812	-1
?	-1	0	45.973144143677956	-53.66435223018039	858.34166228764	1972.448208468799	1987.2432859633452	-3379.3833700773503	-1
?	-1	0	40.840706621927005	-5.095433121749478	826.1446915648846	-2460.189228476353	1717.2489245914503	-7776.194533738906	-1
?	-1	1717.7540912986428	45.71837248759048	515.0865715425734	735.3322008638206	-6932.08237707918	1598.4335592763944	-8288.100416229669	-1
?	84.88770456493336	1758.3383940278418	66.59503519905604	556.8936934959944	479.5405727109207	-4052.343731930811	1302.843903779961	3882.927013005137	4.018265853883794
?	86.91691970139334	1627.0587408234537	73.56305716239059	228.46726077744665	532.7150142672772	256.74857170711766	1792.579909926654	6824.700061447282	5.093948806103912
?	166.2406416061072	3411.0690031825884	78.01839823792854	53.97263511394223	492.37800129627675	376.3972131097777	1644.07890685233	-3477.2433268955915	6.325785160680484
?	257.4703698605252	3794.455669717033	76.26168891808774	37.77488225023578	551.5348749227663	-2204.675219580667	1618.717743581872	8017.5093798455055	5.690525370739855
?	355.96342509196154	2155.607067867961	79.90714235044035	-210.8803496159318	382.14424031724184	-3238.9076422045964	2044.954375844611	10025.477808826516	9.514386134977734
?	365.2507232539248	-540.9961119095194	65.717671437291	-340.149514456221	389.5894928125342	9328.67013595499	2119.991634023205	4607.147774506459	5.751356423286937
?	328.9136194964852	-4284.920932154131	62.89966662762906	144.1247281382149	848.5777471149979	4235.719831921955	2275.311764569937	-3069.0098812162087	-1
?	151.0046766462152	-3685.9606621960056	72.92390784420185	137.57931027802644	601.375484408635	-5039.182144779976	1966.5411399623922	-19497.10450232929	6.359480308090928
?	144.61558638668228	-644.5548174087041	69.77863214153048	-58.28645068301429	596.6186398759955	1448.4759370235472	1300.4565394534588	-9313.224670985464	4.386468610176706
?	118.77693577577952	-1146.6692098229616	70.0095853100511	-39.408054547531044	673.7992812598134	823.0474887727947	1500.8799064131124	4758.715117216835	2.858119448774999
?	87.28212589553338	-2395.5387155155563	67.8082294141539	-194.96010384641744	637.7710143146359	-677.1764593320967	1538.392295314304	4680.578034407351	3.550720513582551
?	-1	1104.8637683308027	60.261580117730084	-4.687694151332598	639.940458293208	-1088.0351753743234	1734.9088081334833	-890.9930128737061	-1
?	142.5253143120743	2825.6027889543443	67.57384470658727	129.3895646202526	583.3692555459189	331.14030608602417	1493.842644670618	6808.928583095375	8.626609713347385
?	140.28013944771922	-37.72072899627975	66.7310583487428	-136.04910323845266	656.4974735975095	2940.521726746298	2075.355237288257	-4789.905059706866	8.30921257009505
?	140.6392778622603	106.01332359170291	60.77138954466454	-104.44652306019998	730.3953418832359	-1544.7941667194489	1254.3473916852713	772.53808141463	-1
?	145.58080562730444	82.58228410398256	61.50873219573273	113.74939119654891	579.257765261536	-7006.945238121149	2113.982141358989	16059.468429389435	3.6173656815436677
?	144.76839206745947	-148.0028695492901	66.45885910449206	135.01285721571384	380.04807997717353	-3263.9867021647265	2057.3208131547544	-801.0662256966839	6.162448675248725
?	138.18066214983983	-243.494840436723	68.25937505651852	110.70460764282258	416.0584301532973	4043.7387197725066	2073.928830074154	-11828.442348179375	8.696541703914587
?	132.59365004562315	-114.36399106312885	71.99408948663327	-73.52062476113028	582.2350159658017	3745.7643115978285	1465.8986957457773	-9218.280228181126	11.360527403850131
?	132.4624625966833	-44.47049909847515	64.58334381846196	-140.21227856656537	603.3466457331914	6271.594370293274	1613.0148186650913	17014.317642037746	-1
?	130.37012509069936	282.13443065218706	64.9834755583049	80.94304567134513	895.8147344804698	-4916.026340088295	2316.6145778476766	9582.534641918182	5.6151898318663855
?	146.56918412929286	1887.0718981508269	68.63049610202927	243.64685155780387	357.54532872877314	-11966.229986675784	2092.1415507610072	-5433.902383860091	6.052696198697398
?	224.72371999824205	1896.9286973661817	77.16581813619527	276.92438659046167	297.5032351466721	1496.6468984014832	2044.9194586546682	-1261.6549586434578	12.168345542397814
?	241.4156189976033	708.8152965831644	82.47671543155255	15.062683714293213	432.3776736488484	3895.325265135489	2029.0588028288334	-4729.038625272679	7.2263926885499306
?	260.16448482740077	243.0482033824938	77.91895232190994	-327.1487891064767	492.26949840344935	1676.719008762683	1808.467527391031	-7657.937058777761	7.025907481191245
?	253.56802916672817	331.6339008040664	66.11927597622848	-47.33756051948962	516.2136240869837	870.6623079956593	1646.16194988994	-5357.564573310179	1.0109544337872682
?	276.7461798676043	127.38879651359856	75.55207429593543	326.21807354678384	535.8026138032329	698.7859169964091	1540.5892987255181	-1279.0445337486017	4.487939672608611
?	259.9374689924082	-719.9423758495675	82.4301796535679	54.895254278607766	551.1529199368047	548.4787153556807	1582.209723202509	-822.2059720526542	11.219974128660793
?	240.74906107512544	-408.58631097471846	78.29683700986585	-60.215446296110144	563.2265495710174	2217.7277148228045	1499.4790001228848	-6563.290610963474	1.5424826567624177
?	239.50815344367197	-121.60445257607759	79.41940733876236	-83.93475267090929	662.0393056779465	3137.103969269311	1254.0451926543305	-5699.788860689588	4.812011479752936
?	234.66883844632147	601.6762059171975	74.10009937632033	-198.89284977845793	720.0817480344851	131.0214244440594	1214.4895570884014	1499.6605179336316	2.8879439600190224
?	269.5919637395323	503.2686145023015	69.47476484983932	21.526405779449625	668.5903769001495	-634.631471455939	1329.0282185510132	3251.049229479635	3.1994250631721615
?	259.8322691714369	-493.1519786745478	75.17641966529283	118.42738356037901	688.3501744616877	-1585.3526227177533	1377.0420185623855	1287.1843680671736	5.403644270352262
?	244.93436480580453	-248.7876506920269	75.39613402785835	-186.44935549971896	589.3227457642607	-1634.9826221225812	1393.3874369543728	4756.681676893937	9.977710396278848
?	247.39288663683539	554.5925529985324	65.85395189030675	-190.21334276283326	606.6010433555575	1194.4381314260625	1614.8761024070857	6787.307750798231	1.7302339316326238
?	272.66399245573155	374.3586631059387	65.88546688971655	204.81318526795826	649.0446523355647	-5242.270681500202	1732.7528244942891	9905.931160316914	1.5815213616432287
?	266.1108197921326	-481.5887612403111	76.0946111537048	220.32243886205237	344.4875092805437	-4628.424939956552	2110.1726604229384	7840.926063664271	14.819837588133236
?	248.58455439371565	-627.6800622192823	76.90158883281933	14.165911651923947	417.6234053377338	2531.9898357160346	2124.7991276775083	-9777.571899775656	15.919511630647154
?	234.72681668116803	-540.5800707103358	76.80290673630101	-183.68440414252285	471.0870010663472	-492.18588585885055	1621.2940654341487	-9575.126283354171	17.554031595773743
?	221.55555085819847	-447.6961599484007	67.71736862569306	-208.2841258399593	393.0141110447909	-1469.1427271293135	1646.042813509793	4207.31125387529	7.830479741123723
?	212.34200868374768	-172.240100132103	66.3887004443029	-3.840453594448777	397.6298647098805	-1721.0015263903238	1831.6596281279162	10161.211997323031	9.91914981564399
?	212.9435458515932	307.07759561749657	67.52534594597061	-7.851520245425151	306.9640347252735	-440.30913046651847	2154.1034133759517	4061.6355366145276	14.481851882737464
?	227.69588846462273	386.48994813546057	65.99612443203164	224.94202704891416	375.6144081865543	4967.781923841152	2034.7414049586455	-2245.4199090558814	5.848144758836833
?	232.2680432583665	-229.5354866762706	78.77244729841648	142.4252560841151	555.3531309173346	4565.493612320433	2041.832417923156	-4976.534332791313	8.655791722094829
?	216.21911413080903	-1574.999359049446	73.11738723623749	-159.59504589935875	603.8890888025792	-1614.1367200598675	1785.9146883190763	-3118.008390589072	6.832090686078449
?	153.5180753058931	-855.9850001281993	70.79269500344843	-127.51860163466534	474.6462949143401	-2279.971333266729	1885.9319983937003	4410.195816325714	8.15810083865664
?	173.41986412439846	3640.068071651412	66.74145715450413	48.49034330494407	489.8905221392411	1392.5099114953987	2006.4244791353651	301.16072032506537	3.8091792207972017
?	335.5214788884663	3842.862574029902	73.21721216869567	236.8811120076686	544.271790489111	4838.20093373875	1900.9900344099538	-11725.609625188405	9.246691800205655
?	365.5629928258963	2179.5835627685706	78.58551275488773	83.67710377286693	731.800568826182	98.85961541561615	1420.1439978759365	-12573.63932727182	14.931247533958963
?	444.50065702689636	1080.735439182502	77.40106735733907	-175.95714609208363	549.2147712598919	-3698.5916586286335	1272.3080680463538	2130.9412736962317	6.590164013499296
?	419.59976478502216	-8910.013140537802	69.78765545028342	-263.03863030679446	546.8709858947477	2173.021998370458	1526.6910615607496	6312.728540888221	2.761971068642211
?	-1	-8411.995295700324	64.24913584199916	-175.94847589768483	657.8658711784163	1842.851079461817	1587.9444950907694	6795.062740295447	-1
?	-1	2862.2982042058543	60.99023165539906	-41.92984403090048	639.0135398678399	-549.1112676157821	1866.4441985755268	6934.956985522001	-1
?	142.11491021029474	3126.4028508007077	62.15264364045411	142.79422936279016	630.4103077976268	-4586.410369311107	1934.6923443668743	-2745.01325788108	-1
?	155.3201425400376	525.0209895196399	68.12994312353867	305.3171909534803	409.69302140228126	-2413.5783522776783	1729.1935356814708	-9816.523166331528	7.099829426415301
?	168.3659596862771	207.1384755507613	77.41850318812834	19.67745760992614	509.7313901837412	2552.5932978978153	1443.866186050291	-8334.024356873091	17.1077423151002
?	165.67706631757582	0.9364531852861413	69.11381600403499	-272.6424187220814	537.3226862971739	452.63599765756834	1312.4923178378103	142.85875023997303	5.351125797713976
?	168.41278234554142	42.41149358075287	63.786382252024076	-232.4488676942924	532.36319006662	3073.4862163416274	1451.0091235622897	13696.91352011963	-1
?	167.7976409966135	-869.1862915235874	57.4913726193202	-165.228229410772	690.9969971142574	2608.956433853629	1997.3379938438015	10696.988397783614	-1
?	124.95346776936142	3.22773284481168	55.52497078148536	91.33603544662306	662.8110117593033	-4177.493774779065	1985.858543451478	-2367.7139846377286	-1
?	167.95902763885408	2646.6141635383447	62.05817439165142	426.2741960383517	482.1223083753012	-5096.422507447484	1878.9522946119134	-634.9783852994416	2.5996068544847306
?	257.2841759462805	2294.6349999979534	76.83868058340325	338.04872605721727	407.98988638692543	-1571.3206709055014	1954.1096241865055	7766.550271601904	11.952316643603794
?	282.6907776387534	249.9127255035954	78.96061069451253	-111.05679606753894	403.556274830025	-1348.1367198481566	2267.279808192014	5028.884483500529	10.322622804481579
?	269.7798122214605	-85.48994322012156	71.28584078002622	-50.80471629234934	340.58305039451665	-1448.243166850393	2205.5538483615355	1552.867893679673	7.615860728199422
?	278.41628047774725	-2353.035229599947	76.42037487989502	161.7676877964743	331.14411648750433	6266.844840008094	2344.923202875999	-7744.732267040776	15.260109648824999
?	152.12805074146146	-2099.0029624728795	79.37422516985005	-28.65590665052979	653.9252923949258	6243.0079428493445	1818.3172350094912	-19275.582845376433	6.444004127299007
?	173.46613235410177	313.9672278167991	74.98757954736851	-6.497840175287216	643.294513629976	-2565.627587402794	1381.1440606071635	-7497.785116372227	2.0541027182022287
?	167.82641213230164	-377.2840248738735	79.04933316108568	47.96009053187663	525.6439130247843	-53.04899181594162	1443.4279791908746	-2149.3198550816182	8.141816131621035
?	154.60193111040783	-632.555073717403	77.38558407396238	-70.36718212548877	640.6420640391789	1158.8906315698632	1273.678067853081	-1029.4910950531212	14.169981449732083
?	136.19865844643104	-652.4940801199064	75.5309740548112	-77.56748580619902	583.5884446032783	-190.17712195200104	1391.9534244382178	-2714.4541673848084	5.281716707652164
?	121.97722710441205	-611.9126859706405	73.50720978365237	-110.97548481240678	631.1332079415787	2283.6186579428086	1137.9553594838387	-2161.876592693321	4.553140084401093
?	105.60302414789858	-285.32305238121404	69.98219981419078	-128.88602750158145	697.7693775004203	-1077.0599085301508	1283.8595948035502	1395.7588823206	0.36700002014661687
?	107.71107448535115	677.6109623918209	67.06290840857321	-123.95345257445422	577.2802125150704	407.2235735757396	1207.7433035998697	5776.2120579899465	1.7152984034431416
?	139.4835722674901	821.5490566411756	63.78452718546798	117.18018174731985	718.1305561792076	-1693.768376377303	1572.6701977030516	16832.578518474646	1.2778357801870817
?	148.7885273174105	145.60271858601388	72.92191749593928	234.41807726216192	492.59179369620404	-3905.8722111798684	2049.372229523614	4233.208812212532	5.961011198584996
?	146.7637081967909	-283.5031501625252	75.50543104857624	-44.14407731996812	522.8369456202114	200.93003817312194	1784.3306383136812	-4618.600772471921	6.812905460427688
?	134.61336980928405	-379.33700433938156	70.71471362994085	-73.24998143001561	502.6382956048603	-25.73821811917887	1818.4421909000146	-168.6331050139528	1.7344672278788855
?	127.79685797982155	-2712.2673961856426	71.84293197707541	-48.33479873448811	521.5500347142524	1316.2440400805424	1775.8989830629835	1645.101434060561	5.335311474772721
?	-1	1108.7219612257386	68.2979736932164	-213.07044584631663	568.4504976088883	391.34978903557237	1900.6972626030438	345.78898396265197	0.9247498957264557
?	183.23295604110928	3450.8361627888194	61.189409684759426	185.5195499704083	541.1175241660313	1639.7847793224282	1793.1884322611163	-12457.584869976577	0.31918893380146074
?	171.54180813944342	-45.91163396893356	77.57395119173695	285.2628645846368	650.4397365750109	2202.722252551908	1277.818019104206	-8116.421019624448	6.1183870212432785
?	180.93737434266257	-3450.8361627888194	75.45255291399147	-187.54510238125607	651.2536367936283	-528.8587368381279	1387.3673812798881	3501.6826538172068	5.3366922647891695
?	-1	-547.1896677682516	68.19669607267402	-98.18623797492509	623.9967997331041	-1592.3633402146197	1452.902151795069	1082.2142070045566	1.6978026497451508
?	153.5778909542496	2864.8554450223533	70.54324101524514	103.52012080067163	571.6354697828962	-41.6591640794803	1441.4780916301168	-3505.3102225475186	0.6239559232777447
?	142.2427722511197	-370.2649972747319	73.37270211270767	-8.565760960917023	621.9138415291301	1570.9760844936686	1277.6366406676905	-4030.202052090128	4.054028674503956
?	135.06464109051274	-292.59347884478456	70.11495296719929	-37.47241458991173	650.1842740075807	-639.8786832430324	1239.9679890256075	6267.20563181004	0.8623640595571622
?	127.61309830888027	-197.7825618232035	71.49908138321206	-21.956144880019195	589.919907366978	-1334.8117421692898	1590.996922258197	8181.81116095285	1.1701811691566173
?	125.17551299935242	-107.45696966404627	69.01714572319831	-155.79315361324012	583.4436868991153	3239.6681875105896	1649.0585470732558	2325.761065221967	2.751256047355917
?	122.24024982567788	109.57993876264865	63.70942370254994	-76.02568911961532	751.9033167425098	562.479743634982	1707.284975519297	-4364.347974471218	-1
?	130.65450993748493	118.131615711595	65.21586126721749	90.13835100520524	611.5676740808648	-4601.166750168675	1430.8411483496918	1846.139649666776	6.348793750490729
?	128.1468306112577	152.24122098897124	68.21634125281027	-7.8258249364889165	521.8449792340728	-1442.6700314263212	1799.591958002637	2101.254737055171	5.663814851282825
?	138.2665709869336	1077.6236488918921	64.82457002039304	-5.390538294497768	539.4341725095477	445.15060383267206	1535.9038852024519	-7421.747388831676	7.183286610309782
?	182.02801305585308	265.3837988647822	67.94681433808538	77.15591260901907	544.1025094257067	-2142.8895586806802	1428.504588561048	7753.14680328679	5.489444435604707
?	151.5357609301729	-1218.9099468129525	68.68236565084405	-115.87687494364081	432.28969457551216	-552.2279742137029	1923.5612253667969	14961.550790352254	4.4758987775209444
?	121.0825157152046	-491.01568923148375	62.15297059090325	-62.57598914892181	516.4911107150211	-647.0045968420048	2176.5821280786713	2254.1351122818332	4.275933901136571
?	126.98497646859836	-41.387574615038695	65.55356619339791	85.87308285214382	399.93946473341146	-3868.675369569531	2036.2679809808901	-4236.543672450474	5.917339414145114
?	119.01313698445263	-328.8521566119046	66.4466247335105	-30.658012765306484	323.05734223654184	603.6802820904319	1964.7549444561446	1956.1528071531843	12.526289026168195
?	110.5423686380029	-2400.2627396890184	64.02066555513257	-42.77488684089913	430.1234788379335	15366.674306983978	2134.0756213385507	11705.192250550543	6.697141032743373
?	-1	-2230.8473727600262	64.30788039146552	-23.129959559266904	1091.3910575857517	28734.472740834564	2550.01455698368	9611.176126083992	1.0125061054695865
?	-1	2424.7224795575216	62.864167577169205	-17.167148118103665	1866.8471158796822	-13199.13212452748	2614.634427642757	-8875.339971572777	1.7439419857417482
?	120.2361239778778	2135.125646971894	63.44952298556032	141.74682756909488	431.4344513593684	-28807.267874875146	2106.247558405035	-18010.402533367585	5.239629513629841
?	105.75628234859623	-455.6081123603611	69.95150895562405	-9.477427142010562	426.4837221359044	4471.72702414844	1714.114300974365	-1962.986468547578	7.816374350410776
?	97.45571835985942	-173.97246850486405	62.97565162845979	-280.77437527458244	655.0208025667936	3098.8436532667233	2008.0982349776546	4973.914136757191	5.590187783872356
?	97.0576589233529	-1969.1143671971604	55.91279019189473	-252.9490559133181	581.4259047992427	935.9135744931067	1962.8100078122282	-223.9072965692153	-1
?	-1	2739.2495233337913	50.3281988327937	322.9730997016076	701.8164812914496	-5198.395930297056	1996.9028701491936	-5474.018267171531	-1
?	234.02013509004442	4792.552578799436	72.06144517697534	560.1371469670886	321.50610828438624	-5806.152790376953	1689.1090944536477	-3043.4116927239825	14.431652242827514
?	238.62762893997518	322.6515984823396	78.33505618114853	91.24729291644924	411.5088417725978	6801.006274138658	1844.7322855129923	-4469.00613255405	17.62307046981472
?	250.15271501416163	1195.555609476661	76.62380982279787	-104.09593524610523	661.556421991324	9230.08670296136	1465.658787825942	4629.237313982801	15.84808129812827
?	298.4054094138091	746.9751417601091	73.1302594188432	-126.15385492732818	873.0131769206723	3262.9343917934	2076.1941512121357	-820.8767935753004	9.394947759688952
?	287.5014721021676	-3096.0315861566883	70.31611707643137	25.827755019457673	824.7031415809963	-6595.885004406358	1424.6149481471764	-2350.3879042942103	8.480175090052478
?	143.60383010597246	-2189.5643425929366	74.4216471698161	115.56612626811392	543.2189267003497	-8500.702153854909	1958.6747559974235	12960.351854736293	2.9324994696759696
?	178.02325497251923	2499.3190689455055	76.09442338983715	-31.398972435389233	399.66803388824485	-952.5736469715242	2072.6325408840003	3798.8728717139525	8.116259348038552
?	268.5697835532495	610.6189690468044	72.85169854804661	-12.721576190838096	495.5902443517728	2590.126735953915	2148.618399583124	-3190.364646770049	10.64933996761972
?	208.55420342485988	-2196.9189602005604	75.45834458029523	50.287902333779606	529.1743706859425	62.81756242230951	1913.1143085454955	-8879.39315712287	6.3377418924244555
?	158.72383554321993	1090.4220420131	75.36609366473563	-36.97066425721293	498.73112247288833	-1507.905432287803	1704.648741726974	-70.84655624433152	4.194966507125567
?	263.07530552551566	2493.1625108907438	73.60981136743456	-13.608337004301154	453.77909907155123	-1060.6525381384924	1909.571980733279	9135.129164975886	5.599651891882445
?	283.3819610877589	-211.2798994427639	74.68567681452056	38.08739225941369	445.69849556596296	960.8481323473689	2161.405199975775	-1454.435198862495	9.260924158068235
?	252.5113105533773	-2399.0809285123773	75.51418098040527	115.90848182825033	501.82150568892035	2273.242661297606	1836.8502207901531	-13685.613600200146	6.815131344897507
?	163.42791466213833	647.0784204209314	80.48110090593316	7.45760593861963	559.3606286308449	2280.420093563119	1477.1245199657578	-6699.736847623276	8.55477679247301
?	284.86523157442434	2359.922096885221	75.88706127733626	-213.4433551672735	615.8425103670779	-619.1204392491526	1501.8633784089845	4492.644909795117	8.851181863896198
?	281.42401950640107	-1978.898458651901	69.80893314756933	-272.52639087950905	528.4046066683868	431.08045359272023	1701.7567654555169	5249.0616072142375	8.051161208401984
?	185.9203086418279	-2711.0060280937287	62.26074173336061	-2.677083862815228	637.3965330467142	-2237.5704772458757	1764.3164587697001	1934.5218549656827	-1
?	145.8737181017127	-943.5224311372141	69.67507895442857	265.0216007369088	416.52608280609144	-3161.607745820086	1798.4828582038024	-921.663655157277	10.19772057440231
?	138.7441870849665	-608.2700348745284	75.51182177020624	112.27051113230783	479.3161457557077	1162.4900068184256	1718.2332760118356	-1891.8704243171765	2.0260905062951973
?	115.46021635798586	1157.06238022096	75.28860451104404	-166.9210570315919	474.65058314701355	-1089.389805687519	1703.8893369879422	-2465.445982775897	5.049551502831644
?	196.59730609601533	2354.649434369163	67.16576891862653	-99.82944246095286	424.84665547133096	850.2536986327134	1594.960976873039	-4154.422849783828	4.232696575029619
?	233.19268807644568	-578.2037157057406	70.29713238799633	152.46045072257328	517.1632680786498	3271.507492552762	1496.1681944987479	-7072.812838089943	8.76256647687984
?	167.6871203107279	-1247.320499280916	74.7887914547553	-2.3712209529628243	588.4220300989714	264.70589468166816	1241.3203349685368	-3069.6588112007994	9.098715255005173
?	170.826663112399	68.03476762238933	70.17857134034819	-48.58802254346772	530.3985628127334	-1452.998554327837	1342.6852539387057	2019.878677661553	8.953650379236526
?	171.0888586918474	-275.22965541837215	72.35939032758188	40.96958587051431	515.7721023825785	346.33297195189886	1342.314268851616	-2045.3637319750833	10.657165132863447
?	157.0651803414802	-292.85632861135565	72.22705063387393	-35.51235798527876	547.7152114103286	-1326.1105214728132	1240.41706733995	-884.2266196947741	9.532319328169539
?	156.44604226127942	-33.79830676072524	70.58377242831791	-39.01236565689375	449.4665763089369	-141.6589398916224	1298.1029378668766	6591.711425100768	8.86542971013834
?	155.3752650034439	22.961125968846787	70.27643235102921	-280.51517697777683	540.6322644157474	4212.573801317547	1570.0026385949932	4415.0517726265625	8.065951620803283
?	157.59409855972177	-31.667376635356963	56.558013579428874	-61.31839618609289	660.0952663748172	186.42187305906154	1518.8555264982078	-10675.422482843394	-1
?	153.79189617167603	-341.0968179523556	67.21051254172453	280.5468050531226	549.9533580687006	-3191.9129715753766	1036.2315144528159	-10717.059817200641	4.102609449450761
?	140.53925766210375	-414.2539220984705	70.5853538320852	-5.658348478895253	500.49961779604615	-750.5793566039581	983.0025356381682	29583.037379606798	12.702871662115088
?	133.0792000667522	-2830.785153242035	66.92759511777976	-139.37182128780208	512.4243902385022	448.1359556428031	2515.3833834331767	27776.439263314987	5.721240038593134
?	-1	420.3304511091031	63.616762767695	65.46152094801577	522.9064155781866	-3454.3559345349627	2371.8244988039373	-8472.720688390007	3.091832604749782
?	154.09572262220766	2589.103942840934	70.2006711651806	68.1490678376554	339.7065935117516	-4546.494099762502	2091.7473490136704	-7861.913574040097	8.786622318431267
?	128.45519714204855	-845.3431539880977	67.02421615957782	-217.52367869724952	295.5817105900583	2873.297516852896	1978.7288201019269	2062.472992894871	9.821510218088864
?	111.82856492280217	3377.0444655000897	59.32448723031796	211.07023389136214	483.3714693543984	5559.130151560541	2194.8709986584154	-1993.419344356638	-1
?	297.3074204170554	2437.5872835774107	77.57772785414608	297.34521819798334	573.5382181680893	457.80308178790995	1879.0578528840936	-7156.277336281794	8.03320079927868
?	233.70792910167444	-3551.1414640565895	74.19174814021734	-159.62390661412826	506.26162344379424	162.86432466909216	1837.0571318443206	8440.037505308823	5.644609331609765
?	119.75034721422342	314.7574341195804	69.59653252343955	5.162274492364742	581.681434401544	1285.7187088892226	2301.0597281495407	10951.221875307969	1.859120342737679
?	249.44580080765368	2051.69388770325	74.44986186483558	136.28588783476238	570.5475588882563	-1262.604860685956	2384.618225609727	-4861.7532474421605	-0.5295163126806866
?	222.33504159938738	-652.7765644110375	76.41082691517777	77.22550822223586	518.5511913672453	-3298.271333342262	2057.972065777429	-8495.22879019809	6.946333407646105
?	216.80697258710134	48.95139681464728	78.31113727594743	73.10777188274595	405.63399222114083	-1646.285874753111	1959.8567860998162	-10713.97799571416	5.160478267115641
?	224.78261144011978	547.6185589231292	80.06621550931511	-5.119539961767357	436.2368976295886	2353.1518359164584	1522.2731659917135	-10820.287339105844	4.902964256325918
?	244.1879005332582	-2443.444711656536	78.05516027785906	-86.34497412225406	523.2915840169654	3069.8740780854628	1418.8424191445163	18284.828628972024	2.8640053987695637
?	102.61037585729125	-859.0384714475235	75.74896680320235	-56.16732870500732	589.7306015338639	34.1159303432091	2436.5145974403276	17051.017435439233	7.004498618682142
?	201.2359769608814	2766.687251701928	75.24679384260865	-117.77023161216962	524.9973805341259	-2118.158967029706	2271.39329091649	-10129.111147552045	9.945135592669203
?	240.9447384423896	881.3660042964534	69.86045522259379	-83.49759773387997	483.8226531823771	505.79056766485303	1930.0590400627182	-12132.501962702969	11.18208826814899
?	245.3042771757047	60.235467668513536	71.0719139559146	63.45342970213944	550.2869089173689	2025.4526176435315	1664.768192781333	-9666.715782948826	10.523868456793366
?	243.9565118258153	-123.03244252374095	73.0331267077008	-162.35608252483883	585.0952840645551	767.5007869353162	1446.72325091527	-3299.0011579688403	14.982922674599147
?	239.15265504951756	-4899.130236516236	62.95410982967254	-334.61523185245136	588.6619482641353	1910.9240055951684	1499.8181348828887	4568.086476283869	9.759357277772388
?	-1	416.66261010673145	56.302365115078	92.43077212931765	680.6414843443149	-765.6082535763771	1675.1275747294667	-9368.144348184414	-1
?	259.9857855548537	5403.182695066076	67.57564843613832	285.20602517442404	550.3815355853172	-1430.0484911108426	1031.410917473678	-3330.603821472644	10.626559941597442
?	269.1591347533076	-220.27051687166903	70.5626663737994	72.07488267206782	609.1390597887718	1434.9847543867668	1508.5973836558321	11701.909366533935	5.936530918206705
?	248.97225971127008	-396.18861371058136	71.17939256974177	78.09878337844114	622.1307733046566	2162.736960798553	1616.506385800383	-3263.1087628035075	3.642614590864473
?	249.34970406777828	-44.25611024037715	74.46760554272152	44.84747022071922	717.275907828701	-3201.464712900375	1345.4419455156544	-2941.6687420742837	4.165460404546705
?	246.7594541992512	-472.1884430188511	73.42176608077776	24.885117955391465	462.05753765963556	-973.0065662262493	1469.4229486966667	-578.1864613096795	8.048975312681204
?	225.7402819168354	-557.3188278553465	75.7118614404911	-131.50512998590995	668.6255795173878	4032.239393567002	1316.53262245017	-3237.4370673586504	8.899000908262375
?	218.89351280648347	-176.29629181266728	66.84650958148217	-270.14369483913254	663.6695073379885	-96.21441441582738	1307.551095328732	-1618.840347509026	9.80786581473034
?	216.9254673262019	-81.07612839604029	62.204676698534286	22.482530191063255	663.8148587965964	-4983.739196700783	1235.5906050747176	2681.58761372991	9.420567075892416
?	214.8397063866814	-350.66959571812345	67.97063609103535	248.2887782644109	414.4825475029458	-4761.278327161318	1441.6304760152293	2116.204195825132	12.851924025279732
?	199.39198754029547	-596.0419095804434	74.619115611755	61.97096083066211	425.7509424385271	898.0588246014393	1341.4008148659757	-205.20267284780564	15.872915688020324
?	185.0376109076588	-337.8217698743308	71.0691841325685	-56.643056323760895	459.3854887330184	401.2984762262397	1431.3703423728389	5561.185731050535	10.932757224692253
?	182.5008990465787	-24.785282736452462	71.78696279556692	-154.05503970983867	445.81586624983936	-433.4857734889381	1619.4601014185064	4441.501043638446	8.55766297278735
?	183.79834677083616	-3670.017980931522	63.36643214707645	-271.5479026278575	437.7112000585712	1983.9933405971387	1653.4453945547643	6040.213190204014	15.247284020913591
?	-1	-3695.966935416671	58.20956766417385	-31.291658519970706	545.0155332796977	7654.089977350666	1921.4707609287113	10327.685791736647	-1
?	-1	0	61.801849221077894	220.95906160269536	820.4156989261099	8487.516658133985	2169.829684141604	7582.516445889139	-0.6289853276960975
?	-1	3799.905114257444	69.25752074430878	213.766350360739	969.391366186403	-5777.861570847826	2300.5965832231736	-6461.03904670298	-1.2790888509126581
?	188.9952557128749	3004.664564995713	72.490166739115	177.93002851681538	531.5226203837145	-10443.332285965573	1846.7777318064504	-12593.781594400656	4.729288253997984
?	149.2332282497878	-1824.3063911266315	78.15402217014967	-95.13870478931302	447.22475188811705	-2630.2526982769486	1670.907503503132	-4977.121365650825	6.806989812468723
?	97.77993615654202	-252.01037219566712	67.73323149964928	-416.7186407412318	400.0099854698652	896.2282961582034	1597.9216635239056	-209.2866097805306	0.6947603045462809
?	136.63270964000426	1010.0837614222489	57.318090133087786	-69.13951163500046	492.03616669602786	3337.3028949489917	1660.4431730141052	-1997.9273283326518	-1
?	148.28412422765518	246.12203200604247	64.2762559178992	307.7513512296267	566.8751302173172	-117.0131020493938	1498.0252971072716	-13080.559345776177	8.110226714136326
?	148.93881124030656	15.176486895317465	72.70565769456934	21.24996199999229	486.1855115935581	-2278.741603026422	1006.4152057252871	-821.9085627537035	17.06001628183331
?	149.04294857242107	98.61090112918903	65.33875401789884	35.522383670106656	452.93805006599445	1527.0881211059589	1456.9298689695859	10214.315359827553	11.521731199639841
?	153.86935629676609	-3.9947181421086384	74.4817768780747	130.8256872179895	562.5399176488571	1292.1621077798577	1517.130973716672	-6056.711613098164	10.735368728334961
?	148.84321266531563	-30.075272161608524	71.8800383787984	-97.12932175026684	517.5461554549883	-2256.203449836891	1154.0942883146733	-7859.3555185579335	10.625231929343432
?	152.36559268868564	641.0479339182803	69.62531079056129	-14.295575576039223	449.72974515701094	3325.437320847116	1124.1631977887698	-207.14601259282222	13.739015469788947
?	180.8956093612301	3279.1119010664397	71.16525959999643	-119.29139913660224	683.8180214973464	5230.125834962574	1143.736987685032	2687.8188972810794	7.973773732363446
?	316.32118774200995	-1800.8215127187875	63.66074083373109	-231.680533641272	711.2360369051434	-490.2336990393472	1258.5541426528257	1060.0989251211454	3.5597491042837177
?	90.85453372528944	-3392.6906252626954	59.58123291793267	184.93248817806952	659.3063365453787	-8127.534959847472	1196.74193394109	738.8520320741859	4.484093324029784
?	146.68665647887278	1172.6148201585415	72.9073652426347	322.143381056733	304.859288912764	-5480.119926471459	1295.4967442565355	12880.241265036291	14.850265986490118
?	149.48527473321735	36.910596647500185	75.68840197076955	-52.680122843947395	385.3003402218019	2160.3797829249525	1840.7539971929139	15776.6425426007	12.91377180298914
?	148.5321863112478	-3009.7054946643043	70.27335910043729	-349.3094805343073	412.87827805901316	6815.008622802967	2084.328871386582	5499.003589715175	12.442268299769893
?	-1	442.99652206324816	58.222927944053936	-154.94323397194188	726.0507713619551	12462.003727730144	2115.7041766786765	6716.592988508196	-1.3781382204857795
?	170.68201241441054	2992.2418887160793	62.526197401840086	233.5870721619157	1035.9784644455292	-7570.709259102561	2420.1585208119964	-2500.920132354664	0.07542636670478146
?	148.61209443580609	-3433.6402482881617	69.90228155214989	-117.9880968618227	347.51530840682165	-13268.323029914125	1990.6581700609415	-9335.24193934878	5.668797368262474
?	-1	-338.3026922495341	56.62679255874887	55.95722440720357	372.56231294981353	4041.793072006871	1953.3964238445508	-7575.013697308511	-1
?	131.69695982332914	2472.818343442536	72.7001427725101	305.02492298488653	549.6049620071681	2948.5996175124196	1611.9074851955106	-18970.482614117624	2.5681128151712596
?	122.64091717212855	-196.36428651793017	71.87803870799341	-228.4759218743267	519.9922938254366	2490.671365574902	1004.8722931386561	-1883.4415701799576	8.468677324893424
?	121.87874549743249	318.7100964806717	61.27634667879361	-214.7816364332473	674.138530285915	3513.942710384208	1517.7354066865114	18511.400267588822	4.437875079917031
?	138.57642199616237	265.9212136777165	61.138956886330895	232.37266491648452	695.6894293446495	-3761.1067484553573	1930.4423065181104	-8476.236369944556	9.280441277343874
?	135.1748061813185	138.23872066704243	72.894979924618	154.68524020191177	486.0831928631444	-5805.26528403627	1093.9235881892776	-11202.322322169734	9.502093711926129
?	145.4883580295146	644.5808279135518	68.8732188964266	59.27364734535417	405.4261651428319	1415.3375759447526	1370.3261904096157	8216.443683148184	10.18162536660937
?	167.40384757699655	587.3213159836151	75.85866229188575	9.135671445748	556.850071660383	1901.914980762821	1504.7457723466925	1096.4876696728268	8.670190682105599
?	174.85442382869576	100.42232099155314	69.330002468714	-189.35373066404892	500.5219141809743	-1824.5101646903915	1425.1505738932578	-3250.9267168609213	9.09398706014524
?	172.42496362657428	-3517.088476573865	66.39097575868317	-297.57717856541694	465.62456342586216	1463.5259690940447	1342.1994365036442	85.69046607563783	9.196381608972018
?	-1	-176.93026447833154	54.45114354044294	-145.3327138538099	573.6982126356776	1899.2105660086613	1429.4350971970398	5977.773657358982	-1
?	163.57845040265758	3182.526572879873	59.12434006599257	384.11463415377705	560.5850917262966	-1329.2380478841408	1641.0881193715975	8643.588601873998	11.308286279451112
?	158.12632864399592	-177.7425510399971	73.65687524813207	86.24017019098821	507.2363102414696	-1835.8502098716326	1861.6145272907459	3421.261136363711	11.628659521951636
?	154.6913228506576	608.8581502199343	63.43634857554204	-259.63494778235827	468.79258123271364	736.0677434502109	1812.1511761897855	-137.60519167904735	7.843769478743122
?	188.56923615499306	274.15458962047416	60.67512785901397	199.96033230215517	544.0396974139807	1522.2914175144024	1854.7342677067934	-4025.8744952368097	8.739350003319323
?	168.3990523316815	-3791.3847230998076	73.43436519064994	-23.301105251788908	544.9071521084348	419.13980452559	1610.8574514279421	-3779.760879763954	4.629403884126292
?	-1	-3387.981046633582	59.51007259642451	-354.19312637939703	564.9966876402605	1034.998539220054	1665.746223718593	3372.3518871103283	-1
?	-1	3009.1881472849846	55.72470887167984	162.50479502716584	596.6570790694383	-1127.5212548719344	1779.475045783461	-1282.60672802503	-1
?	149.45940736425138	2681.9597198098936	67.63531234778291	304.5430957927953	508.62062489666295	-1826.265684969551	1601.6158873173406	-16136.879230483937	7.43191739495141
?	133.0979859904966	-596.447670686909	70.95186366131982	-174.49030281360785	505.34379482095943	2173.2087572329374	972.6310842592526	-1321.9865797590176	10.848480692545802
?	119.6370238299055	157.86322130014472	58.9107972071024	-9.388189677221002	617.2810627583114	108.18928444363183	1535.5165583293888	12086.366618388824	-1
?	140.99114705550394	4.261291168128533	70.48245417745876	300.23719341303246	510.7532590431411	-3508.133262622405	1576.9494151787023	-1743.73121294698	4.033545102821063
?	119.85008838831193	-654.5283958979105	73.92265687775424	-10.229392453152993	441.8743996271886	-3788.568051025615	1448.3299976820385	-4330.896898206544	7.534059251175101
?	108.26472726060796	-406.2840002281736	69.9709845548011	-111.1556236444268	321.32485649185764	1718.9460438391172	1360.404570268372	1833.4621819064898	11.11974101191773
?	99.53588837690296	-325.0566144407426	68.36487569553282	-46.40846117029772	527.8217018191457	5310.091481840564	1540.0031067773643	3177.1678285699595	6.3391910149218615
?	92.0118965385706	-213.87463565308204	67.65056149628619	-43.62535621200886	586.8294305838896	-1946.5597706399144	1519.2629616968723	515.4764661217832	9.7427363941191
?	88.8421565942487	-40.3158741259358	66.18360788493234	-126.25645129082719	430.4937132871486	-4215.808305821986	1565.7769300834539	573.9225171042344	6.974443743184064
?	89.99610283227378	-56.65154513523736	61.33773893174474	-189.29443267333966	376.03901529278727	2931.5728586964465	1547.9590875520844	6469.969241172679	-1
?	86.0095793374868	-1819.9220566454496	56.718886251265225	-298.8567039523406	577.072356221973	4679.345883097954	1889.2753921420924	2232.848840038355	-1
?	-1	-1740.1915867497112	46.394903734127496	-274.216816249507	610.0063094476883	439.6230346948829	1659.6015295540037	-4676.52194030358	-1
?	-1	0	43.00804543878968	-33.13867149579703	599.0535079567175	3113.19770288333	1655.44929512691	3584.6056930105387	-1
?	-1	0	44.73797015933762	38.4666205807571	765.666194591857	3244.0851922501697	1838.8318142045332	3583.5296658556936	-1
?	-1	0	44.93137646782756	40.695091025321794	761.2577675692282	453.02915290228196	1834.6257784196973	-587.5273125546172	-1
?	-1	0	46.77272471060374	-9.570350422219184	788.3176522369714	-587.4122681136267	1809.455448576802	-2724.6311498169575	-1
?	-1	0	44.452858946716596	-89.4931422853874	731.8871541635465	1346.0012758835196	1698.3942209288475	-2085.5268951309586	-1
?	-1	2761.584249540362	42.298067596334306	-14.068745458590909	855.6177160311484	1337.4404166015042	1705.1791038202525	1845.4528291811823	-1
?	137.07921247702006	2536.857638193176	43.74942167378704	540.5916275255574	798.7591749936227	-6439.837637991543	1790.666862387908	-18811.634687676386	-1
?	125.8428819096606	-206.56302220295166	69.32764897261257	602.7546823364327	533.6258341315667	-7144.501238408481	764.5973694364199	-15781.369252210532	12.630836566957381
?	126.75106136687234	221.31361101588962	73.8871557906091	109.48110231955	441.5341130731935	-4490.649098728222	1001.5983997773701	12558.08502582687	14.284036907523193
?	136.90856246045524	528.0207378770398	74.80170408859014	41.47823203511761	309.09337919515235	-722.3732214296558	1392.5016207277722	14295.261965284486	18.450512735975003
?	153.1520982607247	637.7162543360032	75.96106739236501	62.71630463386057	405.4154520017102	3024.9071598930723	1716.3614980416046	10964.452246784556	12.756921043033156
?	168.79437517725586	657.5506796891594	77.93751932028322	-24.588433444486036	460.3387371898081	911.5684447978033	1940.7242330670078	4847.431996805389	14.355894833594084
?	186.02963224518314	361.06948523625704	74.73164572014069	-159.300302368286	450.993874241601	83.47171762635863	1958.7330978818775	876.9756982416368	14.151695853319245
?	186.84784943906897	33.95128787005214	69.9725042018688	-285.67375322927836	464.5123230711261	-464.1154620364048	1984.5730179790903	-604.875865412278	5.559199609426375
?	187.72719663868577	-61.184979258952964	60.44795805867657	-374.29022686085125	427.78810113978045	859.7846047724298	1928.4893046112632	-208.9944776122927	-1
?	183.78860047612127	-1366.7929643049013	51.25799285882597	-14.336658966461124	507.5015533097482	-1065.853935518439	1974.1232940984755	1366.3362873226595	-1
?	119.38754842343974	-1120.8337632505747	59.7311251103535	279.68003538467883	374.49540436385774	-3527.9383408590375	1996.806118977397	-3072.6407229761226	13.954435135724344
?	127.74691231359174	331.4512309686675	65.24199462806011	296.4637487305834	331.1046362667938	4743.634116429848	1820.4912579496672	-12782.682317109575	12.413669012091013
?	135.96010997187335	87.99938855671758	74.55431254688288	93.62893788530451	611.6771101853535	3235.1611076744002	1357.6720031219093	-14848.840949480693	9.298175248588208
?	132.14688174142768	-183.437938058133	69.9234415223254	-44.003708065740966	492.8626916505161	-4200.679128331122	1078.049210475622	-5636.7915298303815	12.202838197249566
?	126.78821306896657	-191.64787606699105	72.3541271435958	77.64771333715916	401.64315376879443	-2313.511224619189	1075.8324266303862	5250.933867122238	14.131599206862253
?	122.56448793807799	-189.9906373892243	73.80582718918342	64.21480782912477	377.18713041955505	591.4713614831039	1340.5959038317376	9948.617896068476	14.117130237527713
?	117.28868119950522	-92.74244955546645	75.56486753505209	-63.56741666347313	431.21672184295005	-1189.793681664834	1573.263321433817	4456.742576975339	14.954414068842055
?	117.9273654603046	132.6731613144484	70.62745635600972	-143.73235026750615	317.6974463363125	-3074.018141825215	1563.4330326805077	54.06637282011539	10.424028160546843
?	123.92233926522773	146.85884879288258	68.37825002167668	6.817789771578663	277.5158147516871	-1044.8153678024119	1575.9666400748229	-4131.795587564684	17.531496759704236
?	125.27030789994883	198.3385457776129	70.96834584458865	106.95201795385277	265.4566779461912	123.41243788018512	1356.8432533022706	2018.4466003424345	20.254730257859705
?	133.83926655410852	85.71112350010671	73.72585091936939	85.90994209777497	283.68643664569646	1120.8866386492139	1676.888970091946	16455.332795712588	21.82221907111156
?	129.55586407495423	-350.0812304075863	75.26384294947746	-66.64725395122237	321.50100987865267	1390.1725221883607	2179.6098930879116	4869.972328053817	18.928481787785937
?	116.33520503372895	-345.4783987488053	70.39348822180823	-7.009627038444435	353.1950627551155	1561.5823211227716	1920.3875864946403	-24267.57501874945	13.204834226142347
?	112.28194413751372	-123.4814154577091	74.91336159755524	116.00182368129515	399.58012593479236	1167.352913009409	966.2311421504218	-23216.498093699724	13.754362277379432
?	110.16113426084341	-103.02358571552584	76.19357940587307	-109.27857303652489	411.56270840558676	-169.02694671270282	759.5626818096378	-3385.6713233756404	21.507389550292622
?	107.13076485173735	-32.8985589514961	69.44943294572892	-434.12093530516836	391.1287785991571	5084.308155646988	796.9475759816373	29353.328277992892	14.615854033623156
?	108.51620631326858	27.753034455202116	54.48753264061434	-338.82824837890286	665.7781161879398	1386.91829093128	2227.2290957093032	22787.092910024283	-1
?	108.51841657449748	829.7628290199738	52.50802052678353	60.67395973488643	460.4746931457221	-199.7816354635114	1936.3022214828677	-7117.927418847443	-1
?	150.00434776426786	948.872086374247	57.521230627358705	431.7890874875917	655.789034414764	2172.3617579630477	1871.332724766926	-4826.623542464395	2.110756205573387
?	155.9620208932105	175.7339943021791	74.09747490116342	259.03631460921133	569.092781043876	-3168.5579243934676	1694.9710443596446	-1838.8074271024527	11.918412590993105
?	158.79104747937694	-72.2191812712789	70.47304635781946	-273.3701673407661	497.3611381950884	3071.613660851194	1779.392353411802	6230.901162518297	11.81813093762176
?	152.3510618296465	292.09165419218476	60.428966534124925	-59.04363794660925	722.6734640864379	-151.44413576599516	2006.5161024855638	2980.397311894911	-1
?	173.3956301889864	-12.513219877110764	67.52086446048895	201.01785249719907	489.78893140678855	-4582.053632387617	1928.4122190065498	-5745.152759410648	6.862138301446707
?	151.72540083579096	-643.5289382544778	70.47985915898502	-24.19381397786759	493.5707824670538	-567.6843618570341	1719.2584645150273	-4137.298493843241	8.79459334834019
?	141.21918327626204	-174.2839701258985	66.31117376159556	57.4195119602226	461.40471331393644	-2116.4976404364215	1721.5472943143848	4920.387736083065	13.447161350459535
?	143.01120232949592	56.81189070892263	73.35083475699619	190.95329663983264	387.7459004452312	-1200.0338307946936	1965.277851319184	4002.435000513144	14.980001673945846
?	144.05977781170822	-56.67799249729489	75.85883859358732	45.50638934285494	401.4030217742009	1857.636356692669	1921.6690443400448	-8957.633990919963	16.09202893597703
?	140.17730270463113	-316.3406426079371	75.62615422413897	-106.90730007659813	480.627718279866	2753.9360230418974	1517.3961517731796	-15115.215562181655	15.433070969987378
?	128.24274568131113	-479.5997937517734	70.51347358975734	-202.37347603737643	539.0998229262978	677.2354691089055	1165.9082662309513	-6386.659942320239	8.512725409518755
?	116.19731301704212	-225.68406798694062	65.50748042227	-151.23323089134982	514.4894917353117	-3425.067907759507	1198.063154657163	4565.224740113867	3.0895147196999795
?	116.95854228196394	86.17612830048918	62.95181204518974	164.2910271400458	367.84642753832	-1586.5917531663583	1394.1695032366479	7079.834621065237	23.060478176416627
?	120.50611943206664	-34.27703976461353	73.72203177927241	178.61982892964053	435.1599040769927	207.62074663892963	1552.05488571043	2108.9858629704777	11.777987139506548
?	115.24469029373324	-106.25047258819555	71.8828034916719	-30.679755146913823	378.2274648702666	2263.9391679048363	1499.6187963851733	-4774.559456481134	10.200192104928375
?	115.19359580265679	-135.29403336307644	72.1880440219267	-207.32002363193504	548.3568624722361	4445.518411752657	1313.3269128863699	-5167.014028524144	3.647989254761994
?	108.47998862557932	-51.91522740030689	61.51680231007499	-148.87481282384942	600.5033854579026	-1938.8308402139066	1241.2680949589624	-1602.4159600066014	1.3520509275022645
?	112.5978344326414	127.56113309372569	64.74430338073412	209.8660868197696	451.4153204615394	-4021.6255959315376	1233.2061148860387	-1453.0474061819198	12.467044242696554
?	114.8580452802657	-46.00142563793915	72.01010665106362	118.10019744314476	399.42210566132286	-1941.0896628370174	1168.6157246498653	9756.85601259235	13.764006042469177
?	110.29776315074442	-120.00639579902725	70.64931325289145	-57.59481265102185	354.36083731968716	-2100.0297618586533	1721.048915515663	9680.497796869708	12.439110519024883
?	108.85772549031425	-211.41691934563778	69.13036601851249	-144.34986763110254	294.4206175683887	-298.3846571138477	1652.6406144933576	5282.862637515988	18.309541358880896
?	99.72691718346238	-198.21246136087044	63.43181987133622	-105.27659180797521	339.44160446399457	1285.522446656048	1985.1920473914663	3451.9422103092993	15.7581462136042
?	98.94710242227059	14.746618449037005	63.866536428113655	163.74801005301885	358.696739901192	2492.0704905595358	1825.237725008825	-7243.586253885889	8.026165976481101
?	100.46424810591424	-175.96991987058266	71.61922037398728	-22.670116281084308	464.0451289919731	898.225802132773	1623.0127346971667	357.3607832863258	7.66546161349432
?	90.14860642874133	-2029.2849621182559	62.73303061405942	-130.54138624204924	403.6080300078313	10486.18098232769	1843.1057641731416	20900.217410057732	5.241132146261782
?	-1	-1822.9721285748008	65.09215106188472	47.369942991950076	988.3541781083651	38753.75608325717	2668.0236052000682	21897.72517112646	-3.3925181060390246
?	-1	3146.2716566840472	65.10152776365696	81.53038037575666	2341.295834170717	-3606.189401007774	2937.99202272948	-10570.435826330862	-1.9940116069688831
?	156.3135828342046	3488.586225475896	69.16867008067261	172.44781428889394	808.0447080579738	-37622.91222527057	2139.5018138835176	-34419.40984971385	9.371109557892389
?	173.42931127379728	886.6996161077639	73.72391847810178	-13.267313310637501	460.1502229071621	-2870.403556588351	1217.0215302437632	-13160.836775236425	12.572815539034453
?	200.64856363959342	981.1589815590966	68.50530441514073	-125.83945214985127	664.5245302285542	3292.617682874543	1481.459975121687	18718.108329463226	9.728609784841904
?	222.4872603517528	448.6241048022025	67.43194587060913	-310.29277307787794	624.7811070508916	1510.6502803676462	2152.926946716938	7522.979051995	12.464450025528292
?	223.07976887970386	-4469.745207034993	52.99066576124661	-280.16324377575427	740.0570442469376	1773.7503285184468	1857.6089277214423	-11639.321851205394	-1
?	-1	-4481.595377594013	53.42378368182121	0.37979714995813113	713.4686234768152	4128.823231268037	1570.96085415666	3184.363114872408	-1
?	-1	0	53.00965561874452	1.747190648076728	946.4982058103424	545.7353809236374	2016.827083465065	8228.386509946615	-1
?	-1	0	53.51114321422505	-9.523761724754685	740.7553925229975	-3010.571156081783	1982.3801796539965	-431.71780185524153	-1
?	-1	0	52.533467532506776	-96.09466956177334	795.9696480062511	418.9562794746516	1995.2411933723026	1470.0669297444592	-1
?	-1	0	48.706409736136315	-186.23215423753314	761.7032064967303	-1021.7024855700574	2055.8835261412205	511.45037134914855	-1
?	-1	2597.777814965641	43.22185982062999	369.9807668861797	744.8845237277475	-7223.390794620832	2020.8137119397604	-1174.630556605195	-1
?	128.8888907482839	2478.284495214663	67.20544808044556	582.155057695754	400.5336667656836	-7722.440969457747	1997.15199831096	-2513.689869585183	5.011733229446681
?	122.9142247607349	-49.02793702641547	72.3296127054181	-20.6955021308704	358.7624752548546	-1471.0560482515093	1895.1292184604995	-2138.2255391961976	7.643697062930743
?	126.43749389696309	123.9708354509417	66.17067297390203	57.955355904890126	326.9808643531071	3436.409390549708	1890.2407213511485	-10336.871753088111	10.397105148998785
?	129.11276653328207	-47.81576111709899	75.22738050066265	117.40271219039163	530.5829447823425	2907.1737078703377	1378.2856308060866	-17871.262036388624	5.7226570026283055
?	124.0467058411081	-229.51103472310038	72.0408085834217	-63.79258750318394	472.33954974662606	-2617.876009253206	996.6776195317046	-5142.878460353695	14.709845645791427
?	117.63721479712689	-282.618632495683	72.0377511255034	-0.7868678692039909	399.6891443196803	-2357.520582270627	1121.1417077883982	7173.377020980438	11.744419243693986
?	109.91577421632375	-281.14728676509543	72.0014651899615	44.27509305185048	354.463520633093	1538.061826403999	1355.3464705807316	7460.9290410359135	13.904466430129157
?	103.57985045887192	-134.33724079838422	74.25150577809596	-16.174941205805222	476.5922356398813	1782.405350272537	1494.1881598401992	3297.372022167759	9.348071660265116
?	103.19891217640445	-137.82393748685368	71.19271812967122	-157.46345619943017	443.58378814672113	-2474.999252611018	1520.215071689122	1366.5818566678388	8.545272849531532
?	96.68865358452914	861.2163216902491	66.37833296812434	48.47914482203708	352.84227300932866	-797.8787027885642	1562.517252673592	1524.1298673995163	4.184942595236192
?	146.2597282609175	1368.2839232893996	73.61667537077311	125.38118970624446	403.68985300729236	6444.296029642518	1596.4215650590988	-861.6630988814509	6.747156192538239
?	165.1028497490001	381.72610445728566	72.64739245343665	-265.2515137294444	675.0570744914592	5596.507379777523	1519.434097729519	-2018.1140607378607	6.231694331923885
?	165.34603348378207	-25.226032204579592	60.3540996843007	-324.63291835997745	683.5152219961725	-35.670358792701286	1495.5158620222044	-961.7390112202929	-1
?	163.8415481387711	994.9560960618937	56.41574653543755	124.46285822291182	673.2735565518241	355.9276488089444	1471.3471471685036	11859.821837004101	-1
?	215.09383828687746	505.6531632950739	66.57724259544638	264.27933741611236	701.31160443662	-6215.408351408013	2088.506953872418	15192.006604899178	0.9205977784113134
?	189.12420630352514	-788.9539149480698	69.62971340624335	-155.61522430157103	362.503138981419	-6478.036264477071	2230.9474774134733	2656.7174061498813	9.03931470167139
?	175.6461425394734	-771.3922415938804	58.796481380367716	-159.53699492698192	377.40979121276183	9509.119268654855	2221.342824179914	-1898.8471650882004	-1
?	150.55459422383058	-674.5299903642849	61.652863659894145	34.759876059856154	837.9591024141685	7071.9383669874815	2136.005119159062	-3371.0805441010575	-1
?	141.91964302125868	-3031.0918844765683	60.53447518336055	-215.4264477143895	731.0067095621409	-433.44586733239635	2052.7887969748585	-3724.2653160869686	9.872069361117879
?	-1	431.0586263822365	50.881541274174516	160.63343711391227	816.2868090475483	-2997.5622150363943	1949.7918533547108	-15489.02050506342	-1
?	163.4725743403708	3155.2562821327483	68.56614703905628	422.1140475477598	581.1285988103191	-5781.356044762358	1278.3377717216765	-21846.20995767779	4.736894110243142
?	156.76281410663967	-424.47307041198565	71.9872436515628	-50.41277492460906	527.2190068094263	1092.5657079375223	857.4813554708056	25071.169601712776	14.850863803281033
?	142.24892081977123	-3155.2562821327483	66.04550829282579	-299.464209884584	635.756884207196	4859.878017803046	2531.896251807333	38499.653665786565	4.578396666254054
?	-1	-2864.9784163953836	57.014033157333394	-30.59910501971543	770.212907699582	9286.818940116345	2782.464038760161	2475.736244144911	-1
?	-1	3214.580122308317	64.51555304184	240.1731508255277	1100.0978312130198	-8815.506649071338	2655.6830640145804	-15109.259701236537	9.076266810700432
?	159.72900611541814	2810.81855297176	69.02269069860995	-171.64020648752125	329.43757524600886	-15458.199415109173	2027.0010536983236	-12152.13078568143	8.787525879917586
?	139.54092764858999	-45.05565871002595	55.93354271746381	-12.397658462128442	327.1878604575502	9390.582308227678	2048.0765247305003	2842.142476948225	-1
?	157.47622317991681	31.603234402171672	68.40280777550352	271.48941696237057	798.9666906573995	660.1298704669372	2169.108177545737	-4637.250152984387	6.433322292492396
?	141.1210893686986	-411.95994918171533	69.50801356558253	-9.264303921071512	360.1943539808975	20778.87714698068	1816.2140170812777	11878.110167610552	12.846758689683757
?	136.87822572083076	-2842.4217873739312	67.93959257944994	-19.287272389437373	1837.9105480064484	33389.31101385222	2763.013685926273	19947.89153045697	0.7896904757202367
?	-1	644.1457899719375	68.54364994611065	54.12083741776266	2029.659904673532	-16727.08917383563	2813.6085936041404	-11313.287323591516	-1.2637739891758768
?	169.0855152194281	3128.669728684272	70.64563445033811	158.18695633680395	1001.5560893146551	-31405.987858503446	2197.349319746689	-25062.25095774117	5.5092444654720065
?	155.4334864342158	-280.383350632452	76.45299776295096	-14.582628144133954	459.3605117483375	-12792.094745463855	1560.4960457170641	-12285.648485470332	16.78940271478528
?	155.0663476878053	247.426014649884	69.9165030431314	-3.0514975136258746	361.95135204145316	29.719064260709306	1583.0668954731639	1825.6601763259428	10.020729040700004
?	167.80478716671018	326.26369670750296	76.30042288726966	124.23827924904054	460.846464961373	1981.0836456611369	1651.7790545333626	1575.4967993305813	16.087573432032197
?	171.37953252318067	-15.165873033628044	76.12841700558352	-124.49333691486453	461.0055343245114	-1765.295319236559	1661.841735439694	351.9335675237194	14.150020827825731
?	167.04649351502877	-456.69818805703676	70.07575604152635	-247.27344795313047	372.5816989995438	-1312.4420118631288	1669.3757329095488	567.1425481222296	16.265095959068812
?	148.5446231203285	-296.4302916015621	63.764744607926815	22.104544000800644	395.38343373135405	-101.19817445773576	1690.198862845806	-5971.733787782975	-1
?	152.22497893495046	-13.408697898903862	71.1809832415664	47.97253889742069	367.52179027665693	-1270.3970864289524	1370.7890435203958	-6560.808936027108	16.554205744790124
?	147.8741882253833	-3064.4995786989657	66.16337155279788	-242.0088715985899	331.8635794099055	8663.19391265112	1362.1584160444459	12498.448562398598	14.332219779690776
?	-1	28.327021756185953	59.08053966163673	-94.04855256979596	800.6814859092191	5377.250792099946	1995.7114716403346	14140.869957648965	-1
?	149.29053931319262	3011.777643214498	61.46094392430802	204.96933086587754	600.7261190149067	-7726.760069029395	2069.201913926904	-13682.009587275035	12.488390283505433
?	149.58888216072702	-28.009478525282418	69.32900620493075	230.25130471252794	414.34348245774385	-4120.843076967488	1311.6109922765731	-11139.869463094992	18.985889532048702
?	147.89006538692848	-110.50964037730309	72.97350915993458	197.48975878868126	394.68396516652933	157.2356682479631	1512.2084407721466	12143.373035294153	16.388186346822447
?	144.0634001418618	-163.92341223868124	79.20349414436495	-70.59784477988372	422.2052658701421	5.355182876097539	1918.7796440412894	6211.325148633289	21.655403323545254
?	139.6938947749943	-7.875549213348338	69.44361692094034	-422.79058244404166	394.9517243103342	-35.28227332886849	1822.7746982038154	-1102.1930001358012	16.314485338567145
?	143.66962268119437	185.41889876542902	58.06396502216257	-54.86426970376449	420.44115220369866	2831.0981675798707	1863.6699940344986	-6676.660342986171	-1
?	148.9648397132659	136.76046326418464	66.70040343575208	300.1792641196279	536.5066326893298	4566.7801727672595	1488.9416810545022	-14225.599084375388	3.133524004586974
?	150.5076458444037	313.7620813897378	73.07292822814418	42.63859611835411	648.7801608420649	2398.6107186083905	1152.390039815719	-7043.355701043429	12.343029165004726
?	164.652943782753	-3030.152916888031	68.83233324166982	-282.49740534668103	656.437168619751	524.0117257869808	1136.7738960023257	-183.89593996699398	7.892293492531235
?	-1	-3313.058875655013	58.948057960809926	-343.1578301661376	674.9807471314143	589.1612714596233	1143.1952428173693	526.7020539838557	3.5585367811269517
?	-1	3246.818391114555	51.67444173336269	-56.49835149535922	685.8952321927326	382.57109664103973	1163.1089987015189	657.8341693810396	-1
?	161.34091955573007	3399.8852966487634	56.123140386041925	474.9223385365715	694.1093019634666	-2419.945694289781	1176.0869512864217	410.1863706687423	12.253854836389417
?	168.9942648324406	405.33134743523755	75.4205586601916	389.77046157432017	564.8979474782418	-3918.384836497343	1183.6183172349563	2067.9054918616316	12.817912708067485
?	181.60748692749223	421.6590660207143	75.61166346475821	-22.935334623965062	498.19006013859666	-3014.1173572424136	1279.4822258795048	2137.8301110187126	15.177054738589396
?	190.0772181334766	101.72915109423141	74.27379192899333	-82.2368915092778	414.192079616119	-3291.242397461108	1290.5098227858934	-791.860081820994	15.361315907867397
?	186.69394448220388	-226.38148311625477	71.49981888929426	-10.865722267363497	333.62794026553894	-714.6790778417529	1239.8892217884545	-5217.519993092558	15.127857610136738
?	178.7581439776637	-348.2201821476004	73.73050581562515	131.53745849315254	378.4581257240308	1862.496078937239	1029.6338231312618	-10236.219734579907	13.663418005279075
?	169.2829353748236	-52.646632947512266	78.07669181395198	48.78467311667167	426.7527442124022	1591.5502900578329	728.0782350594519	-6896.657477243945	24.59061541917887
?	176.12581233028806	704.0506779291698	76.16973947145877	-185.70515765228456	458.0356402269236	1232.56298513275	684.8009492690596	976.693309532345	20.595461129149875
?	204.4854692712826	472.4048104395446	68.79143393133762	-343.84435076916344	488.3808934690406	438.2555984089737	776.9129005360699	8743.160954997818	9.10960544725207
?	199.74605285226562	-4109.709385425594	58.977521933000354	-342.48220326315715	479.9484201473726	4996.763048355407	1121.9589970189568	21258.026746705735	-1
?	-1	-4014.9210570452556	51.66732376817952	-184.1762006405029	738.2190458868145	4919.670563380489	1839.8142378713717	12803.150191025246	-1
?	-1	0	49.76871190097508	-103.51587427016179	725.9319483164005	40.892922258259986	1762.1165065702282	-4589.566976322429	-1
?	-1	0	46.49153005467136	-63.85155342672613	740.2636919997275	2984.304755624954	1610.335889055247	-2806.965290764575	-1
?	-1	0	46.576134229638726	5.137797901750856	875.1471860976503	1615.3020047705807	1621.7682420319975	3535.190912289904	-1
?	-1	0	46.748419949758905	-56.5919955093995	821.0287922382577	-2090.7601486135673	1787.0954346697447	3172.3804310228893	-1
?	-1	0	43.74653445416871	-148.56445743439141	770.6091786669705	2451.312981295422	1780.3872635831442	5362.182785471569	-1
?	-1	0	39.32019707803923	67.38486330871145	943.5944413030305	9154.879840592412	2055.204573943327	12250.515371312562	-1
?	-1	0	47.11577761960433	479.30726539643416	1228.3531706965975	11794.856512561753	2392.913032148781	16283.853895619719	-1
?	-1	0	63.28556034786128	458.9708229128297	1533.3372669311266	5362.954805277965	2869.3972687243245	8789.050733067044	-0.28389551463577
?	-1	0	70.06431876524614	124.67837714414934	1496.5009109604996	1726.129878154673	2832.3655688021395	-370.9000752147169	0.6897874351467018
?	-1	3354.0715110268657	69.51947920506883	-23.641878123501048	1619.6437608388615	-4799.585749585576	2850.8522649635884	-9802.067133152856	-0.2122008223724765
?	166.70357555134566	3286.069009730882	68.88222485907107	141.30293290055786	1256.5216234812174	-25791.958792048878	2342.2622121444897	-19554.828423610197	3.510961704748735
?	163.30345048654644	-84.58315376120645	76.58462585009683	169.1996773006882	330.0458212363991	-18008.921926602503	1873.1108437830646	-13505.413209022621	23.826098060690846
?	162.47441786328528	-156.18993382699108	77.3422087241056	-92.81835170106983	356.0755271510794	2437.17940085993	1666.991551693349	-7258.792018246856	23.035975981864638
?	155.49395379519677	-318.03566930813076	71.94370826504327	-223.12665479299818	451.90479127939733	1591.9401705236876	1510.1712428707167	-6567.583609082073	14.10812548097799
?	146.57263439787852	-309.3331284147702	66.18587598445554	-187.7295124357943	435.67253567726493	3558.618566278049	1338.6123712392407	6135.17260263793	11.799038507330211
?	140.02729737445804	-133.42594509803953	62.55723264325342	-80.83504971649687	629.8357195933023	8156.833318193294	1816.9298730026176	17591.129481531516	12.407344878393772
?	139.90133714297644	68.8410814145614	62.144123498630634	240.8022913631588	843.5142015869354	-3867.7729996199464	2218.168845315829	-13159.92161294303	12.734836571601926
?	143.46935144518616	-20.373609977358736	74.59734721141153	311.5579726160534	436.44706961230224	-7195.572996467214	1158.9337923554567	-19659.946071489827	16.631706148704332
?	138.8826566441085	-122.39820190300404	77.72202212943353	29.03087948169302	483.7355517635696	754.3518931180729	1235.1715417413236	3121.14366953842	21.42372275530115
?	137.34944135003587	-26.061291738834797	76.0488911854962	-31.446416531779683	474.1646642682064	-420.3872472674149	1314.99097583238	2663.7021158754746	24.982768952994206
?	137.57959205716674	712.277772991144	76.14970130284452	-12.132467873666256	462.7161894001986	139.12712268593083	1368.3566475350992	2658.6534923846316	25.295221507122797
?	172.96332999959358	6214.97864079426	75.44226779181288	-46.0422222551164	481.12102040250306	-237.6832948459435	1447.9236504516134	2426.9059602051693	11.483286178147859
?	448.32852409688417	-975.0948975499646	73.84759019008867	-67.9063006562389	450.83202465790123	-2879.431024960044	1489.7019455453594	4171.245151077933	5.4694627254078805
?	124.20858512209466	-6358.49447627399	72.04695275900089	-22.265565951700207	337.14946915449883	-3476.0214331461593	1656.485908005513	3134.0501695636167	8.212682071711104
?	130.40380028318015	347.3958937639101	72.73431189250364	37.17858970731673	277.0309530005908	185.74446661040346	1646.4044540235425	1460.0284702557904	16.620185859505767
?	141.57837981029041	926.2680060999866	73.90588224436675	119.55743045819332	346.43669248501914	3060.512807403083	1729.4873315183036	4469.298848690828	11.894975573776025
?	176.71720058818013	5854.077655050956	78.71218341541339	-136.88793533192586	430.0565933707471	1826.4987529613054	1869.869396458087	2307.015179747995	11.554327212590325
?	434.2822625628424	1938.5849597575125	67.06148547777036	-297.8594774723824	437.7616301330857	-1330.5616618925733	1844.838090505705	-425.7217939043252	6.648461478850133
?	273.64644857605714	-5976.261994041151	63.81920954179406	23.381957631617304	363.5285102761175	-2873.8889207645593	1848.5833067628705	-2466.987191087043	4.625351309960907
?	135.46916286078056	-2693.334935009002	68.23058335935124	254.6900190244943	294.0671840948557	723.8181312808104	1721.488730951351	-5456.439563911799	13.122543732476085
?	138.97970182560513	-163.58828042671172	76.55371049301895	-38.18729147882809	399.71941684015854	1130.8507833240728	1575.7613285672767	-2706.4599680386323	11.03953187419465
?	127.28974883944485	-594.7252316744779	66.32121878540981	-209.92766620834473	350.60972326106014	-1872.4641592175733	1586.1657325494175	1456.5637710640315	6.6411697507322
?	109.24344024188082	-547.9567883005162	66.05732718260157	135.6427999793636	306.09620887927855	2826.562013888741	1648.5895171204793	-2200.967841835382	6.970318898519073
?	99.89190942441866	-272.61908310300197	73.10335878437809	-160.36193427775643	491.9378239554992	4239.58773808733	1476.1173404576468	-6560.585766521492	4.601107330686097
?	95.61248608673053	-2017.8381884883445	58.03923046871363	-421.6747641421655	518.075595783648	852.0210915736894	1320.5602287944	931.846705978633	1.9824212089191853
?	-1	-1932.249721734583	52.019620577269514	-91.81459983276508	534.5388785341843	11402.559110171424	1522.7096757565791	13754.880839380621	-1
?	-1	0	53.448500477075314	135.90436753321177	1088.2035512922273	8891.27740791548	2008.3042707634409	19822.57640077859	4.1490907048920596
?	-1	0	58.8148389539302	64.14629654222176	979.1027489299646	-5029.791992170557	2513.8384957955227	4710.217498918815	-1
?	-1	0	56.65581530418645	-131.84257673668822	836.7139516836959	-6703.747687755695	2243.815145709385	-7526.062450429647	-1
?	-1	0	52.222710117095694	-140.12712446867766	643.9153645421751	-6420.559155895891	2137.535373274035	-4378.190818176897	-1
?	-1	4757.253699529619	49.649459080752465	219.08191906715032	515.6859938888968	-5020.779785282129	2024.905604800537	-195.89825269921397	-1
?	236.86268497648433	4747.409590829011	63.17680607045337	488.34645915062043	392.8763752780651	-727.487520797108	2127.740460639074	-5964.954072092452	11.604925530880987
?	236.3704795414539	27.2206774137921	74.06678203828383	198.17741530045257	479.31161784904083	1956.2353073121467	1726.6579011959102	-8905.917712604105	21.69621599125694
?	238.22371884717396	-56.358281688546064	73.08567683547614	-58.09034276940682	490.6881406436738	-148.67464583593136	1682.4445750088626	3030.948976169177	19.681163233256207
?	233.55256545702656	-234.90353751785116	71.16226489981345	-150.21901918749919	471.87788555724416	-1434.9069240612027	1878.2053500043712	4500.683944931425	17.79490959572844
?	226.47854197128123	-98.1358632124844	65.57472587610107	-32.67494579999333	418.94279444061266	-192.23511006227636	1907.478772255437	250.874797244429	11.471622037479843
?	228.64577229640227	87.27254355199126	69.52851760981376	87.51288152611312	462.2661300541302	3910.413804604175	1890.7490898665928	-1529.1291023008407	10.580914886620585
?	230.84216914888086	40.97406781175265	69.95036995240679	-120.58003744278422	614.4634846708242	1213.4370747383762	1831.0223171403939	-771.2983473724289	12.048209153634037
?	230.69447568698993	833.1358016147375	63.499515737674464	-125.46385800276632	522.9379837910499	934.6018573935752	1852.1841724979708	-4843.161578090607	10.447362954599752
?	272.4989592296183	1356.2092682154248	63.677177052268384	206.53599657298975	661.1935775405036	1545.0799184750265	1588.86423823586	-11172.735479611092	6.377370429894093
?	298.50493909776213	517.651664954987	73.8263155663241	21.925171980845562	600.1919797148023	-514.2837192045904	1293.5473985174083	-4013.977320621609	17.805492828920002
?	298.38154247736804	38.46563497302727	64.77343565131068	-293.5144430101279	635.4793915802737	385.59849210614766	1388.1653722047768	118.51235176580589	7.26322324333007
?	300.4282208464135	-501.9042098358679	59.1505934158175	-28.532619410860484	619.47190432011	-1301.8958555478114	1299.4730161056987	2146.920076857606	-1
?	273.2863319855743	-1317.3781466081289	63.34680468076763	273.8081356747575	570.3845988028822	-3097.9250447570976	1495.5113760476586	8250.82116849188	5.106791383501326
?	234.55931351600614	-1060.9347956008808	72.84100019955557	80.29213556521171	464.5756520822529	-3100.7458581900246	1712.0140745302986	6462.828558486543	12.907955127092285
?	220.2395922055295	-101.55409953397876	67.36141145902828	-12.991833241794765	415.3473058933788	90.58817886899517	1818.6528039719904	-222.55794639741137	8.32999805666825
?	229.48160853930713	416.2537938995613	72.19140853746582	103.16009967296164	469.1050610257027	3145.2008729272584	1700.8861772104278	-13156.835474119789	8.663612049105058
?	241.05228190050786	-106.93043484336575	72.51941644267643	-92.52482849726827	572.607349539744	646.735715926411	1160.8110302659916	-3648.052513695032	13.036558848624523
?	224.13508679713877	-4841.045638010089	67.56516711260234	-176.70141130610935	501.4418468220237	3068.189665493016	1518.4835515256736	16343.558584906887	8.584067227884455
?	-1	-4502.701735942712	63.68434587737084	-239.88844153035288	726.0168328143969	5754.52598521896	1977.9889595113475	7100.341619613559	-1.7922903372532304
?	-1	5416.511727615242	55.570745036084524	189.9898700562261	789.1681460829758	-6014.816092444363	1873.5006325063566	-2045.8519452498313	-1
?	269.82558638076597	4582.241061634255	73.18383938018228	283.06592281821236	425.2760281921745	-7520.035600422971	1875.6963622488545	-4284.942041039661	4.117590886286885
?	228.112053081716	-1335.8979808247152	69.72404117699534	-134.97945792401006	413.1663660618219	-702.7425764410284	1659.2535304543705	-2291.3105702708153	8.90011386282025
?	203.03068733952927	-86.37977274672372	66.43486648398168	44.254024110718085	390.1388993701226	-61.672821421340394	1761.130833735312	-5173.240414766891	4.468329065130336
?	223.79306444437975	328.41104698895424	71.93674238253128	4.902182014490892	410.08272499075485	-380.02542196519727	1400.5915097160223	637.6475313430365	17.25647726072819
?	219.4512396889772	-456.06222447227685	66.67997558470623	-84.69282391952184	371.13762827186247	-256.10811727059377	1793.0132103024644	5093.050828830774	10.056256395926102
?	200.98995322076559	-311.8253929707687	67.70210118655513	164.23499726755972	397.277319127225	1699.848187767917	1655.2440511575646	-10972.420517071976	12.465463404651134
?	203.85997004043855	-40.82391531652034	74.89172544808433	-43.685554977741624	456.1300376602595	1015.097059579164	1244.3921844488577	-7149.505077571937	20.855449298881346
?	198.94875745493954	-25.337518878031556	65.51782343766801	-73.12811956610413	448.0321721061839	58.10856086120597	1297.7687972789627	12772.217858194223	13.085178220878277
?	202.59309409653696	-239.14488699117612	71.23531946977907	80.70672216758281	459.03546570331986	-1081.7960609562128	1883.003077358578	12311.22652440599	16.063389056319288
?	186.99151310538056	-261.53674570611116	69.55315954604721	-186.86214689067958	393.9423690583725	-230.69097643379578	1913.330123499271	190.1593372141879	14.18992273122083
?	189.51625681123122	-3759.8302621075577	61.89221212524496	-208.45299547171666	447.5009168816299	6814.600639316231	1892.5110442192874	4733.889209361647	3.6605383375073623
?	-1	-19.007590272583755	59.13050977246123	169.09941799638062	734.6724010241888	1368.3398750491083	2150.0245839673566	-2101.398870160021	-1
?	188.56587729760201	3425.79844658815	70.34718302506411	285.78009427744865	515.9179106340863	-7794.4015756028075	1787.441100711285	-18394.463315004563	12.198688877431254
?	170.28992232940993	-216.39583880011946	73.41951448633387	-3.7661130113516523	344.95232224404293	-3186.328631748504	1230.3014182171155	-14030.84596056077	17.36195848044742
?	177.7460853575959	229.14338782664984	70.15887737449653	-122.28486616437036	356.6014790466588	438.3941990580746	1085.8988026832365	-1258.4287733105841	21.818744866413976
?	181.7470917207426	447.47621776383755	67.30527117811526	-51.33108738304413	366.872032196947	273.68252532836505	1167.3799795515854	3980.210524307352	21.16330184619186
?	200.11989624578808	1137.9762161190356	67.59232300534428	165.0285830148578	370.28560531307727	-2196.2570270837928	1284.9093288986069	16178.147187839584	15.376404620107047
?	238.64590252669518	925.0365786443074	75.55670032885827	171.37455788861882	257.0591808427558	-2106.1314943198336	1976.287338943576	21056.61160552648	19.086413282882262
?	246.3717251780041	-4772.918050533835	76.16105089977535	-1511.134006577144	264.9790305970841	-5141.183616855043	2337.7399091749458	-39525.74677887096	25.39341921145249
