rowLabel	avP	dP	avI	dI	f1	dF1	f2	dF2	h
?	287.32901187911557	5841.349680181526	63.05939171370123	1138.9854740480403	537.756776951333	11914.51874964711	1804.5460690441707	36422.23513086012	12.025947578473026
?	292.06748400907634	-46.92380524744863	56.94927370240202	43.33847063928914	595.7259374823556	298.878263459585	1821.111756543006	1202.79175530894	-1
?	284.98282161674314	-5861.3496801815245	65.22631524566569	198.71437949098842	552.7006901243123	16930.648589977034	1864.6856568096177	4387.373069421499	12.598926543352874
?	-1	5513.651855728485	66.88499267695144	-103.23183721289968	1442.2583669812075	7067.0103602422405	2040.4804100140811	6232.579104352082	22.722527914813945
?	560.6654144031674	0	60.064723385020706	-373.21452786732783	906.0512081364242	-14961.587849578562	2176.3146120272218	2198.133476371682	-1
?	-1	-5876.933123610877	48.22426628358505	-12.246996145315027	694.1789745022795	-8918.104042653016	2150.387083832665	-2117.013553198531	-1
?	266.81875822262356	4930.511555604665	59.452373577754955	392.80204666674916	460.1460060037735	-5260.399454390963	2070.463934367295	-3554.1685703096446	11.54161884007292
?	245.5255777802332	-494.12834794885794	67.8643686169225	270.11838393419913	431.1590017827314	-1091.2870949256765	1972.678655317183	-4015.3153796652223	14.295866796581553
?	242.11234082518067	-110.78920709703314	72.95829277446491	156.28687505727189	405.5816512574897	1617.2759640044244	1869.6981653840342	-2252.456417514541	16.70167975010864
?	239.98611742538154	-179.5164592799995	75.6787123697861	-106.6327152167074	512.0227999829526	702.6568432873536	1860.055834441456	-493.84301440872616	17.860578546201534
?	233.1365178611807	-4819.7223485076265	67.62665701362954	-244.914806663834	440.71449342185736	-882.1798946013101	1845.0060146635979	-433.74440824766185	12.867993176145736
?	-1	598.4618919495176	63.432972036594386	-88.10968346053647	467.9138052528871	2305.4296836744015	1838.368614029073	7925.403004191732	-1
?	263.0596124586566	5091.3610185974085	63.22117284060271	126.80589448823187	555.9859776055776	350.0299486496769	2241.276164873185	-7654.092291413265	5.321837682638329
?	253.56805092987065	-426.80314501359834	69.77326676100599	111.78874331190688	485.41530268537093	1380.3665102058687	1455.6639994584093	-9366.72494914627	15.755738911694234
?	241.71945520797667	80.89752263582788	68.81061000619806	59.52340681997294	625.004303115871	4888.856271552637	1772.939917415871	15014.91072630995	10.577907424845218
?	257.61292706166205	822.4070588023811	72.74943710200463	84.69652998540617	729.858116263003	1631.7244448679376	2206.4095357739075	-224.2943877612786	19.02810149111409
?	282.83980814809576	780.7499885630346	73.04543650546837	-68.19300509371226	706.590525359268	-3622.557736043904	1761.725198027807	-15590.021091867387	15.226081054034008
?	296.6504264898138	134.3178669249561	69.33978684731902	-264.60395219854496	548.7302294608077	-628.4064985611161	1426.9084811805374	10159.550748302208	11.925748866138738
?	289.55570149434357	-481.5315060154189	59.815238895541114	-158.3826971029191	675.1702004312122	-816.02148283767	2269.702735442918	4455.386906255381	0.3581002440713974
?	272.57385118904284	-814.8734132796545	61.420651992173056	198.59254006503986	507.92915531892413	-4432.177706765824	1649.6778264933066	-11344.544874971194	11.742781886992883
?	248.8120308303609	-857.4128471638821	69.7448658987931	194.96344185148072	453.56131509292123	-142.14168702240488	1702.4754916943589	571.3804540182487	13.478063191057817
?	229.7032088308487	-658.8421631820876	71.1688240847471	-5.111564462248448	500.8220709678039	788.0595799086341	1678.246849194219	-6486.273416507887	10.727513073856272
?	215.8699226712565	-506.22606756996004	69.48928767568067	-115.67081370446563	492.964294088353	1202.848013555331	1378.1618208689642	-5770.65154507215	10.674359051150146
?	204.39190545235067	-204.03229103663233	65.38528339952381	-289.18393786725306	560.9644716455705	3319.4931462179165	1389.7142719406113	12054.976578364247	15.452817525611307
?	205.66830811942486	271.3356664224691	55.030090782318005	-60.64852430640849	658.9389513992489	1166.969705965522	1980.9106497871771	1733.5042669990964	-1
?	217.95868877347414	95.31334968659385	62.35285718420339	197.4811692827458	619.3129569438466	-4446.647278311501	1476.3894852905662	-6186.115592297869	8.333930764009558
?	210.43397560375456	-297.6995290015415	64.9041492464553	-13.07269655522346	436.60658748367365	-4182.626820651551	1671.6048701722834	10767.56108174814	11.672356353890134
?	203.07371232339705	162.90195561020468	61.69922235644221	30.7477733268922	410.1816159112689	-1474.7360818347167	2014.7675393779737	558.6387241751613	-1
?	218.5790733842648	440.96822437873203	66.44153791279992	146.07919635640457	362.86978339193774	-927.8131953402184	1699.5368063810415	-12685.836015527604	16.4199274039244
?	225.12212354233367	11.616376744191246	69.00318217426245	-64.07483168139444	363.79095614425796	-97.79813173800667	1380.4757386015929	-1916.9328065074144	19.565409248796627
?	219.15989222147437	-114.62541910684355	63.23779632873019	-86.93875434463926	357.9798768050374	-1140.712114181887	1603.6901660556707	-778.6908701673558	-1
?	219.39085258699149	180.86600133647988	64.65624445703048	114.09381992557773	306.75535043516356	834.9113871947683	1341.541195093225	-6061.182813509789	-1
?	228.20319228829837	-21.955044303844016	68.94248732500908	117.64493503094248	399.72544616477586	2759.173920817632	1300.631025380181	-3985.9612749873722	15.78286588695246
?	218.29310037179928	-506.64903420426026	70.53849120857761	17.596716801725435	444.71404647604527	1213.255559547764	1142.2431313438562	5435.619273429634	15.818037886074288
?	202.87074057808533	-381.3831516410263	69.82232316509536	-191.47731057316872	460.3882241421641	-409.8822952397594	1572.4119890516629	5292.657152703432	8.575525249719771
?	199.22394278974795	2.350923473289297	60.964625679919166	-255.13999832513056	424.2199317140573	1257.6954058233423	1406.875988979028	-5684.229092385848	13.408147002074832
?	202.9882867517498	411.13831330383414	57.065323248838816	-20.008460447274086	523.2729944333313	1704.064935054541	1288.2005344323702	-6267.492914448384	-1
?	219.78085845493968	234.05849816114065	59.96420265755546	40.069253154838655	509.4231784667844	4959.268757734926	1093.5013432566086	6899.916826865909	-1
?	214.69121165980684	-4415.617169098789	59.06878590658075	-81.70743054228105	771.2364323200778	2035.030352988129	1633.196375775666	17978.003079325128	-1
?	-1	467.87028434069776	55.878831130441405	86.58955937248325	611.174696116191	-5912.685419405949	1992.4014972228658	8478.385279833608	-1
?	238.08472587684165	4509.839891412699	63.3982638752049	292.7275697127221	475.60216134978145	-3763.8746806127856	2057.115639767345	3747.074589216181	12.032239393998339
?	224.49199457063415	-520.6047925108454	70.51520961607746	18.29328757394868	422.98096208555233	-2025.0432934606026	2179.755226683674	1368.815883991497	17.86195912058873
?	212.05448625129947	-104.56705107778569	64.31292825390233	-8.269646563405816	374.3499966767517	-308.3968463814244	2125.5564339669195	-328.2640555233332	-1
?	219.26364201674488	-16.061035951301562	70.10172728790717	-35.11394275704261	407.56111976648117	599.0490246119406	2163.3420239075076	-577.7076541821518	17.363022607766275
?	211.2514344537344	-4405.272840334913	62.557231116050204	-313.1407565877977	404.3024479073486	908.9504472786675	2096.671051257812	-2249.81500431344	18.453166799787773
?	-1	639.2547732221095	54.44468945851734	174.1202493585522	453.0086421304144	3870.8639388731117	2050.851273691836	-5512.533385887838	-1
?	243.21417311483975	5255.435912797148	71.26324358397778	367.5466762147144	597.8456448510035	6528.117255131427	1821.044381963421	-9981.11144290884	7.108807112905418
?	261.77179563985646	422.50870642254006	72.822023269253	-169.72430393207847	779.4145048869846	3608.6774357151276	1551.7957015463958	-4882.839821592837	10.183620138528513
?	264.3396084359667	-2.7780403314773237	62.77702838737389	-342.70734917295835	778.2795166367592	318.6788826565487	1576.90239088378	4469.167358637889	7.402016249577983
?	261.6328936232826	-5306.792168719352	55.68665581060514	-165.03839716112498	795.3484490198119	209.11116869407198	1775.2540694782895	6436.78942420187	-1
?	-1	-5252.657872465671	54.52510852931767	5.197201450618697	788.7350750714628	-3560.89324812206	1898.7418620938724	3694.2107566701084	-1
?	-1	2507.35833863366	55.94651588313607	110.63089913669796	617.3037866137096	5707.531612211806	1959.9646073117942	10094.644598217183	-1
?	124.36791693168254	2748.481555890866	60.05665348615255	23.977613902189546	1074.111655682052	15610.305562336878	2403.4740920047298	8194.181018586534	-1
?	136.4240777945428	-2507.35833863366	57.145396578245546	-185.02941602661417	1397.8190647305507	7462.957149141829	2369.6736582411195	604.957144399334	-1
?	-1	2771.9302914129776	50.80518268482187	-8.853586769028997	1447.2595131391422	-4894.513767377106	2433.7219492246963	3722.5774228336327	-1
?	275.0205923651912	5476.257776727483	56.7027172397941	536.8078521444982	1153.0933763616963	-22485.192539840617	2555.8025293828005	-3451.5398776948255	-1
?	272.8128888363732	-141.40799933308978	77.64557529204669	437.85949753189993	322.99988614711543	-17243.95658929333	2261.1449553399557	-8201.95549185297	15.235842718563225
?	267.95019239853673	-486.56043764819685	78.59569211638902	-78.26122278414943	290.8955468970328	-105.44458155074759	2145.7047547901534	-5824.916996351615	18.2473723992524
?	248.48486695396343	-248.25832270390012	73.73251415283923	-116.88627721015577	317.7276570695781	2628.726450423359	1969.899105522376	-6723.908634310138	12.705954876370189
?	255.53727626334177	70.074339765558	72.75137825588125	-211.00698905316352	422.33186941820026	3188.96970095637	1809.5093230746477	119.42160665283197	16.505165178838926
?	251.98858394224132	-67.83474601267609	63.18216470018109	-262.4361302849372	477.176142117396	-1987.4964524979978	1975.8701858550176	4980.400219786792	16.49330762278141
?	252.14553896270797	151.50799895277484	59.629571741634436	79.95413994993612	322.9570467933007	5970.231676786826	2058.5293340639864	9813.64358434318	18.095143815918156
?	259.56398388988003	-14.516721053981934	67.17987169767788	256.65884663035547	775.6877259567362	-3.9996598006848814	2466.552365072175	4034.9292479315463	9.848701091752714
?	251.41970291000888	-382.3175823158723	72.46251407315216	-11.57606015583927	322.7570638032665	-9708.739012940865	2260.275796460563	-6623.436101981066	17.256281906087906
?	240.4481047740865	895.2215005749404	66.60106868988592	14.332328257602052	290.25077530969475	-95.90883016037003	2135.3805599731227	98.76703887503972	12.966924058984906
?	296.18077793875574	2200.7935000594616	73.17913048603226	255.94574445926645	317.961622295248	1394.5064548708017	2265.214148404315	3519.2215800085646	14.243176381677426
?	350.4877797770592	1374.7303810581925	79.3983559128492	32.91044805694139	359.9760980532346	978.2445978710827	2311.3416389735503	-6039.993644190335	20.17690715070454
?	364.9172969916651	11.713046418175322	74.82465288887933	-70.62416650650275	366.87385218880195	-124.38628802854326	1963.2144661947993	-10680.518324298857	15.726340276444423
?	351.07343209796795	-831.4681490236678	75.86714758752407	46.722550436951046	353.75678365180744	267.30942606576474	1777.3157227586094	-6742.158257891584	15.808901067492718
?	323.3438895404819	-1059.612791927107	77.16078041072687	-46.61138548999434	380.23932349209014	1473.6956113152219	1626.1065533002213	-5879.128211693258	18.63391776174138
?	298.0927925016128	-456.3697406067973	73.53657831302436	-260.2505633198789	427.44156421756827	1641.9212788698203	1483.3593121739475	-2157.4487592261753	14.510356644561217
?	300.5254025101421	-141.3670289085763	64.14825224473297	-30.501437403180315	462.33538743558086	2259.5503953936022	1518.234115338913	-4805.020953340903	4.705066114718337
?	291.024441056184	-748.5503204207274	72.01150644286535	141.8123173582881	540.419083987248	5691.267379041671	1243.1082645069032	20738.780386211583	7.159432234252474
?	263.09788648910586	-738.8675080343362	71.23886811264735	-67.74500998645546	746.8987563876634	1249.3156025558073	2555.1731346494885	17417.93309239513	13.10393425684278
?	254.08106565446732	-27.04670467632364	68.6242559435426	-174.28680340586288	602.8848641150381	-4594.737857593807	2114.0049191266567	-19397.200905704824	12.007562324867052
?	261.7455512552897	-5101.621313089365	62.52452794235424	-123.95992283410366	517.1618635079739	2458.3978087167584	1585.3130893642508	-14709.161578858786	5.505072008505861
?	-1	-252.9253755488876	62.42625980183743	154.69517746576682	725.8047545508756	1938.9022648393552	1378.54684018372	1385.0731730697594	3.5491849727489533
?	249.09928247784535	4972.337315016411	70.25928681564255	193.23071631055979	614.1069767499413	-513.3162074082493	1654.5667480177385	6740.360523364303	8.956418381943525
?	247.61686575081967	541.4734277525414	72.08779561736539	62.77680662137606	700.1389441804632	1762.8855355805554	1715.564866351934	1782.8206677372027	16.783666788970482
?	276.1729538654723	793.5058357456677	73.39812714671135	-82.67949979745113	702.2512535289687	-949.2181259986649	1743.7077814045983	-903.843973961119	10.878881241428582
?	287.2921575381029	-2660.0941362572676	67.95382062749285	-211.58376542712605	652.6780378805302	-982.6972824161602	1670.3726676538781	-398.09379898466574	12.661240214416713
?	143.16824705260942	-3392.749452407788	62.81893887535508	-76.77749720797065	653.1163894081609	-2587.0187896636776	1723.8030914553651	2396.692939025788	-1
?	117.65468491771412	-2883.3649410521984	64.11494576709433	-36.17848978259174	523.3270983973467	-255.9614473888255	1790.207314605167	-1051.7998941415626	-1
?	-1	-2373.093698354291	61.0100143862255	-125.62584569969148	640.3183170387197	6359.265538371948	1671.2130967482872	-896.269906476608	3.0334495509721737
?	-1	7793.35450738922	57.833653482109774	62.75831010377069	841.290375315943	-60.034767524396315	1745.3938192813368	2810.0211086790077	-1
?	388.6677253694596	7631.160753015352	64.14792989141402	370.83581071177156	637.3165786624999	-3947.3226330544007	1811.714152182237	-2116.3978824808314	-4.6317037447405465
?	380.55803765076627	-271.2974743211167	76.37544401769829	182.43744444238652	643.9242436632237	-4629.48624667103	1639.5739251572957	-8055.870763025988	17.531735269809747
?	375.10285165340383	-1400.8842137625304	73.26980211353332	-11.759500779496406	405.84226632894917	-5580.848030143677	1408.920614030939	-9333.43168103776	20.080629825906048
?	310.51382696264	-2415.999106944939	75.78746897872347	-54.58417603628808	364.8818421560409	275.5203554241278	1172.9023411054093	-9464.724549284807	13.982340968836862
?	254.30289630615732	-1993.7171743514566	70.54059331171892	-136.5293086630958	419.6182841001555	3706.7154024386123	935.6843865667004	2626.3423844207005	10.442688180061786
?	210.82796824506752	-745.7709375185724	68.9610035455687	25.731102421692164	550.2176122779708	5304.070725230206	1304.2194603264438	13685.764901273109	8.173061990730334
?	217.01434943022883	196.9246504369194	71.82714843280353	-39.76267285512009	684.8218203616649	1494.4081109972838	1619.9726316303534	9564.746977369352	12.530622013299837
?	220.67420076691346	2.191576320323642	66.9728699028127	-224.15020576814592	624.9380178278348	-653.9121356193073	1782.4568091949097	1171.8083219723208	8.024410044512218
?	217.12392824624501	-4433.484015338285	60.61963814439627	-144.23305806216584	652.1262135806996	1237.860809701642	1678.5630477289692	653.8254386086442	-1
?	-1	1342.6941277907174	59.76121699970444	-13.852578690624476	686.8310583129166	2412.239601687988	1815.1480811253418	8731.625506298555	-1
?	284.25863463578065	5978.910938377959	59.92700920986505	214.15381349956738	772.7381936650986	-7266.261119436013	2115.1443230438954	4647.644914942505	-1
?	297.94554691889687	1668.6162602637844	70.46890767468277	326.91883245924316	323.51800234111727	-8056.387814365065	2047.5303268724663	-3646.5637349741282	15.537047075602173
?	367.6894476489696	3196.1289179727064	76.27295083282715	42.761979778956494	369.91880294684677	2769.014566956625	1932.8161362951896	-8649.95791544621	16.23467596973179
?	457.75199281753163	1677.846185216712	72.60700666363059	-279.22830937941154	461.968730688948	2286.9195176403255	1615.0324311001573	-8310.302728148738	11.532772381982179
?	451.5817569098049	-1534.8672651988793	62.31153536385662	-273.2497487497936	484.26477882886263	1296.0791886274785	1517.3009998877542	-823.7997957647424	5.69502382740219
?	381.00862955758794	-9051.63513819613	58.944519226140955	-235.76059177875376	526.7726901203217	5454.6756447488415	1573.8424413119203	5515.3380570932195	-1
?	-1	3570.71035672716	50.52350577491897	-90.7388178523296	756.9985610663038	984.7147404265514	1793.0679027424142	-403.3225535209945	-1
?	559.5441473939453	11007.428664056533	54.40757833352449	275.9519836523817	576.0084271416491	-4124.9440896517845	1553.6763136358707	-7586.079841156238	-1
?	549.3714332028247	-744.9911463919037	64.32110495753801	126.22037230995093	550.7513565837153	-998.6715905250561	1413.7639106846036	-4531.822609885369	6.955596263971731
?	522.2945900743503	-11007.428664056533	60.718596949022015	-147.2772771256633	526.0748476153965	3589.220884345988	1327.085183141603	9513.116884413774	-1
?	-1	-2016.5919375676042	56.95724110125487	-50.13210242289052	730.212400801014	523.377638744716	1889.4197549052906	9589.491088133498	-1
?	421.4649931959704	8464.665562028964	58.2119918278775	92.79708008203447	552.2437295526322	-5693.934775815307	1806.5597375482762	-7542.5937764663095	-1
?	422.23327810144673	-320.17236493834844	61.59709510535658	-59.14797991286683	445.5156620102497	-2336.829322360267	1512.2900660819764	-4977.172546048431	-1
?	405.45637494905304	-1667.2182444402326	55.25459283223417	-45.67716579265254	435.4022634346193	-639.3135441517336	1557.7011102458555	1417.8836332551377	-1
?	338.8723658794354	-4391.594039599669	59.31323681572396	31.61105394637258	413.5499848026631	-355.1858964016038	1583.184247744733	4782.21854110045	-1
?	185.8766729690704	641.1111630659491	56.83514552955279	9.219853523760012	417.64296861453914	-272.92099424094755	1796.8120373008771	-2489.788563861011	-1
?	370.92792403273273	3284.0117059470313	59.77422949191196	157.99224136638628	399.9039350906158	-1173.2229669834278	1458.694819551683	-4559.1404323855595	-1
?	350.0772582664214	-4865.7677038887705	64.73475759787208	56.27628345013028	358.98182026536796	-969.3832204612215	1568.8550156816	7030.895599015295	-1
?	127.63953883829507	-4286.650036757121	62.588043664418464	-61.0588888882446	351.4347740675549	3333.1774725094187	1810.2395995024465	10974.217828934954	-1
?	135.7447564285661	318.7853832822742	61.681813153459856	46.396532768667264	525.6406938908383	3864.9947292446395	2117.5659071283458	3571.715307980834	-1
?	143.57880800240872	219.10958649525432	64.90787030285182	127.45030057666685	544.6845105297862	3222.093390083801	1988.8253649014875	-9254.006761247576	8.316001270554322
?	146.70023575332877	280.27252072788417	68.05432818229318	19.745278971341023	686.7453633950278	4217.502170397878	1654.8655690659687	488.1135318005881	7.6871411524273885
?	157.59243403880288	255.11929774438363	65.89513425141887	-181.80557389301265	755.5596190496793	3389.258493489247	2013.2310414915169	6036.042752922607	11.486658334805265
?	159.4562006405479	1088.1613170770247	58.964049487642576	88.01628359388192	856.2082880694895	-1950.1897675759346	1956.667706712098	-13004.100572677507	-1
?	212.00049989265392	985.6129623945135	70.29594843111295	198.71317535173034	658.0501306708829	-5931.660919725883	1363.0260128576438	-18174.523731325095	6.1061133084571635
?	208.7368487602734	2644.1963058108927	68.89970825522906	-210.63314505598387	559.6252420831964	-298.65285890713375	1047.9415201458464	-2053.6803320422114	9.471993516496763
?	344.2103151831981	-917.3976078515402	59.76429117831379	2.2055628022013787	643.1174877255263	707.6165627787284	1260.3419962555336	8158.622577049875	-1
?	162.86696836769656	-3888.072682798472	69.00998639533913	276.0203634379815	595.0060702221327	-1407.6239811958412	1455.8726489983387	2559.663238980461	1.0548947670297695
?	149.80668104327515	-470.36382164189484	73.56530935021281	40.85662536636036	572.7362886657345	35.45321496131477	1388.3251582045561	2422.54210867944	8.156569395316797
?	139.3487772856019	8525.78864924812	71.05281766365714	-66.58859642094025	596.7787309701985	800.6118596538391	1576.9997544323103	6503.806340404226	3.121893729208375
?	576.0961135056796	6294.275030799475	70.23587952916581	-97.84325192197406	612.7668816484263	3884.702333124817	1713.5154752247663	5724.499779169316	4.5277719144081505
?	454.06252882557453	-9758.213084377143	66.16065506755845	-61.31586127358383	791.0138476264386	495.2018320909378	1863.224743390775	-7364.326237501554	6.10461375923892
?	88.18545928682418	-7026.758492335467	67.17008646548663	40.33922521057249	637.5269732529731	-3422.4528471039057	1345.29916334969	-11474.425904213003	3.3193341706034687
?	102.7246042088024	9434.992700183042	68.17761632808707	-66.42597288539018	619.891205271244	-880.7387967298437	1289.503448180127	4527.251937380227	4.170837717108315
?	559.9350942959746	-2074.4920841760554	63.84878782121714	-271.99581574629815	593.4900334164811	1071.8667261920648	1571.6617602187005	5602.5537778745065	1.5949636625798966
?	-1	-8550.57347887838	54.57782554077221	-161.8325080089862	673.484541580847	-76.25752681387466	1569.6311370738513	8095.725932607367	-1
?	132.40642035205718	2446.7374925124623	55.757162420767855	315.58234095889475	589.6771570757874	-7257.228029664061	1976.4480568490674	14236.429022875569	10.281945373471764
?	121.33687462562268	-240.67082577439265	70.35694258871689	390.56999576372556	310.62314009764526	-6292.260433952088	2281.452588217627	-3124.7956862477686	11.662423682961244
?	120.37287906333759	-113.08082950962	75.28566220895407	74.49676813333467	275.0641353781841	-186.47649327586984	1820.2082725366795	-8446.986272238639	18.55092967776742
?	115.6828331501417	-146.9941810641344	74.08178099538361	-146.55830758353085	301.2993154338518	899.9365372461157	1859.1032746056967	4451.027876419136	15.493483379650474
?	113.0231700101309	215.0134173072589	67.95774682977755	-103.12909426897315	320.06096224048974	-17.194311329437884	2042.7596663576355	6205.289475592139	7.249407412806466
?	126.43350401550461	707.2648864568345	68.92532628193497	43.19700441301863	300.4395998673799	-160.4683690614894	2169.3677483853025	3784.595947082412	11.309927841539809
?	148.3864143329725	397.32538581695763	70.11759705042847	7.062816729384192	312.0375437874153	24801.804492358806	2231.9894637117554	14996.092960051927	12.089145405630624
?	146.29977330635242	-2987.7282866594605	69.27846711840418	-270.5608990225239	1540.5298244853159	3592.0201542298337	2919.1723963878962	-1013.7457554514767	-0.699056573960068
?	-1	336.52099456337174	56.589552099302324	-115.13956015463988	491.63855149890634	-10171.828476731307	2181.302175939182	-21388.284619837672	-1
?	163.12582303452095	3312.1643770505043	63.521489110672206	344.86815146629664	1031.9384006487523	1661.801902580378	1849.7581653960165	-17323.6295043407	3.5745873147037144
?	164.60821885252463	19.390720010866925	73.8329596726171	85.32257313844725	574.728646627925	-11744.046168476085	1315.1207007221499	-10047.52566399252	13.991459447571682
?	164.0953590350643	4069.139098639436	67.78761776759455	-289.23413271434475	444.73609222495026	983.5870822662686	1347.3818821963923	-1653.9940847828543	11.800342022799116
?	368.0651737844957	-777.8167705338503	59.37125303689991	30.56534555176182	623.9080007412382	858.8581958783626	1232.4209964830075	683.6347567152849	-1
?	125.20452050837191	-4989.143139643832	69.31588504518264	264.5918680897665	487.67900201886823	-3808.560747769634	1381.5636200321565	-191.8360351146846	1.8887627056409484
?	118.60801680230497	-206.71460352175603	72.60084644138819	-149.88439823169597	433.4799633527572	605.6260206901583	1222.8291947272733	8136.349270018693	15.448218124065807
?	114.86879033228415	-2392.160336046108	61.82166513359787	-247.8593160841	517.960303053376	9553.239916950965	1788.3810835330896	18626.24130964296	4.622070410290563
?	-1	8720.297773738139	60.20788063718323	84.34683659346506	911.1419592003038	6557.324136786684	2154.141260209418	5912.22880724152	-1
?	550.8836790191896	10712.56163119772	66.0390069632711	174.80229982258115	845.826509892709	-7806.581078506486	2083.9925238951646	-9759.96807050334	7.375428607432258
?	534.6280815598841	-3216.5184067881387	68.94799562831226	71.03513611426135	520.8129052749808	-6869.9446510406015	1666.1428566842526	-6471.947569444446	2.5563044404944693
?	390.0577586797832	-7180.57713427716	69.59076376898416	-15.24127577470841	502.3292773406802	-629.7086936714618	1760.3951454229434	29.36610522033344	3.3992299503213697
?	175.59922484602734	1513.7554465200228	68.18593183957684	-175.48659986145444	489.32747059140786	-28.344056048416732	1667.6111619452693	-4741.987340359255	12.418922482599436
?	465.7455310057841	6567.6386884280855	60.81643377591147	-194.6055893474316	500.9120745382594	-379.00222082696155	1523.2957784049815	-2922.423654590131	-1
?	503.9811592674305	-7812.8361233977585	58.45565237220529	78.2343250827175	470.37735955005985	14571.190121924968	1521.4899792157632	15574.754260794385	-1
?	75.10372483589752	-613.3221025401655	64.72815003004733	48.545309105410894	1229.4715806345052	10102.34966333098	2302.033491444698	11954.020677278324	17.767094994750845
?	473.3150541404223	8805.463476031886	60.88291782747583	-96.70124742039909	975.4948427166071	-9607.22348259712	2119.1910130796773	-6164.935843498796	-1
?	515.3768986374903	-12.719190263552536	59.893087659027394	-59.076513337198335	749.1104065046509	720.4103891499725	1993.7866992697593	103.9682647439262	-1
?	472.6790946272447	1277.1189117428958	57.92909216061592	-38.66200390049158	1011.5153621741056	824.799138048714	2124.3894263168736	321.1855820831454	-1
?	579.2328442246349	-9473.581892544928	57.95998746400282	-32.41648037808983	790.3503634070864	-929.7660115747145	2009.8459783739165	300.22665648005494	-1
?	-1	-11604.656884492739	56.30826814171144	-101.67693451285139	965.02706159537	-4280.199646368603	2139.4007591408763	-5045.936616056188	-1
?	-1	0	52.87614073836027	-50.32338392156176	576.3403810886571	8778.942718126598	1757.549147571108	9784.57971580068	-1
?	-1	10799.684764725884	53.79209894563331	35.39965114041585	1403.9741975017062	8727.564608336632	2628.6297449309172	6218.525711515138	-1
?	538.9842382363019	5567.297256354637	54.64612329538109	215.2352978566123	1012.7186115054949	-17921.073483985292	2068.4754331468694	-20423.084937035277	-1
?	277.3648628177358	-8382.258135049353	64.55386383846408	384.66207498170087	507.9205233024288	-10705.996436207477	1607.4754980791388	-9453.207065831355	2.8699603401741305
?	119.8713314838282	-3194.7251866269153	73.8792270444664	241.232700458182	477.4187896951134	-595.879464007772	1595.815079855295	-933.8555309005827	13.92134181133127
?	117.62860348638775	-82.65536538921903	76.61549886137335	53.938732883492065	478.1265501020398	-77.62056349529533	1560.782721534109	-608.7150749430525	19.85816599116929
?	115.73856321436719	-69.79510557895381	76.57616368864105	-0.9788626389547378	473.53776152034857	-29.84093544914416	1565.3793261081419	-488.8278894028075	21.104829698269707
?	114.13884820744	-78.84901950998285	76.56655572942562	-21.365401766881273	476.63450332958257	231.0490743088452	1536.3413270639683	-698.7340277454897	19.867088528302155
?	111.79611223886799	4231.360174976011	75.50789360029697	-74.92517704708014	485.090215235791	212.26561042514885	1530.442624720867	-22.195686739355235	13.374751623305068
?	325.70685695624354	-56.113796631335674	72.82029687707156	-84.70464627089449	487.24778385084016	-1.0081239756129745	1535.2315427270005	249.02941550349723	4.8754781552193975
?	108.99042240730117	3264.861242487049	71.27266128675218	-11.18569817788382	485.03980903701034	-124.46216997114726	1542.894095496042	968.368632144743	13.35433220790289
?	488.9499190805983	7535.61226425134	72.26101196817736	-34.55406049106025	481.0246753522827	-31.444539316266408	1583.6499743342383	1320.778590205263	2.943230801910359
?	485.7710356198735	-669.8404749168215	69.54495826219915	-83.14327406591555	483.467582071197	-489.6771554668861	1608.933025006306	307.6561355653577	4.06078505734005
?	455.45789533475676	-822.5697447610806	68.10384826488152	-85.30136952440778	456.54081757893806	-676.4396930176537	1599.0327811125064	-592.3923143215332	4.7096841824496725
?	444.64254838181887	-238.90420133722162	65.2798897859787	-193.9085689253117	449.64559742031383	11.016476456099852	1579.313409290229	386.4180974101409	3.841854190492972
?	443.5126852678955	245.68288610513483	58.4084198186158	-158.19227899038412	457.09164140174306	730.5008637585978	1618.3536859830137	5252.534821561933	-1
?	456.9266926870758	-8890.253705357784	57.37027583645938	-55.73742547861833	486.17064060824424	5940.828416158416	1841.9401503683293	8643.221773406262	-1
?	-1	-9158.533853741386	55.62154854468484	-73.72374376793198	754.1330622096681	6133.0075731786455	2050.514774653333	4059.1270234069466	-1
?	-1	0	53.684088648062726	35.67100941094743	792.8210192671809	727.8334184195329	2044.8965015386796	2667.0710989291533	-1
?	-1	0	57.40509901523224	60.50523604270196	790.5247331306453	17742.870105461887	2183.8683295997926	11612.128140970111	-1
?	-1	0	56.70935045019787	-50.29992921272167	1679.9645245402878	3362.5347525638085	2625.5029085871934	-1392.1803156050266	-1
?	-1	0	54.89010255459612	46.90044764059853	958.6514707588381	-22020.770369914902	2114.2593138195402	-17260.84620447344	-1
?	-1	0	59.05437283222783	122.23335259872994	578.9260060445271	-2587.4303388454764	1762.460598363509	-530.3707093258633	-1
?	-1	0	61.0017701845327	5.0483329825964764	829.2799538165624	11794.58930362552	2087.7407783532467	12873.622094092128	-1
?	-1	0	59.306789481357654	-70.96757630046254	1168.6554712258114	269.0867930203861	2406.1417030681246	-3617.7874817683946	-1
?	-1	0	57.453391369509525	-15.026146237402358	842.7342934675819	1697.2975606476061	1906.8514042648244	-3459.182747711089	-1
?	-1	0	58.555482169487526	182.40177352076796	1253.520349258193	-5129.171684455402	2233.1825656825677	6518.796612604709	-1
?	-1	0	66.57348004554805	143.6985177566681	586.2757092448081	6657.868405431105	2232.7912348950645	5110.502694964107	22.08660755965546
?	-1	0	65.74040805732103	-71.2493025952105	1586.413769529753	12217.970440151896	2488.7077004307766	4756.64109560898	-1
?	-1	0	63.01101491578748	4.914131338072068	1197.1742312524116	-16632.85309454612	2470.623289675517	-7889.867881406078	-1
?	-1	0	65.98611462422464	71.03282377836307	754.771114802435	1217.8967386919985	2094.214306360467	-4554.902161770241	-1
?	-1	2549.1229892839015	66.56265610470568	15.611622550129374	1258.0690681870124	17111.294948110084	2242.8781815870016	6776.753768161756	4.884629874597216
?	126.45614946419688	2389.191767706014	66.76669575173112	19.198293015128638	1610.3358622079513	-14042.731488142752	2433.05199476856	-10625.636532420174	3.5607142872407658
?	118.45958838530241	-2549.1229892839015	67.52257075546213	-155.17537662298088	555.9324937798648	-19057.722456958727	1711.5963549659853	-14298.306242545365	9.780662639268622
?	-1	-2389.191767706014	59.007926920581966	-125.80708501687758	657.4497393600014	806.9915118354037	1718.1366826412814	-486.85304691113504	14.306206735073069
?	-1	2956.8443022241245	61.23221650461816	295.7209423370785	596.2820693716355	-142.76505255099235	1687.2537026204282	-6448.210178414146	-1
?	146.84221511120833	2919.6053289845645	73.7939740374361	239.91597882079546	650.3114867324517	-1047.7814284662202	1395.7261737205695	-7456.451345543131	7.893768828410384
?	144.9802664492303	3435.911572743635	73.2280154456581	-52.682997611156104	543.8929979483238	-5632.784234468029	1314.4311353432663	-5559.5049362910395	7.209701361034707
?	318.63779374839254	6533.020166426134	71.15982415687826	-150.65891874652365	368.67227500904625	3291.697094037996	1117.7509269060135	-2056.5383377783182	-1
?	471.6312747705416	2058.937498940212	65.69506950833181	-40.54970763474045	708.4778526502259	2564.592901972786	1211.604218454349	7479.000351818989	14.056710462660194
?	421.5846686954046	-7182.54759055116	69.1323387751412	234.70961229640758	496.9019201076874	-4908.916252506274	1491.7009444969683	4283.966994725568	2.094517426932884
?	112.50389524297847	-6313.3940568644	77.43055012315236	103.6611969620767	463.0320400249088	-204.43642038096124	1425.8025681906304	-1440.90049608644	9.890536402854266
?	105.91496585218007	-155.98183496349554	74.31539862324512	-63.943051982212694	486.68009908863917	188.20975905618485	1419.6559196926453	-656.7759833883245	11.26723166452167
?	104.70480349480358	-42.9919133758474	74.23339752404168	12.521449366519839	472.44252797771816	32.59867142467055	1392.9637690212137	-102.38899651780994	10.01929394811291
?	103.76537018338767	-37.51280469630391	74.94147109157112	-6.449744519468845	488.3100326598727	395.5907528822252	1414.5364698667547	786.3584496610727	9.371437329879948
?	102.82916325998836	-69.21511225456855	73.91091029806823	-164.83082009290564	492.2220656218297	-1711.3626627473066	1432.2816915042679	-534.2392252722417	15.822310139013808
?	100.3046145706592	2662.3571818212654	66.69993008692572	-146.2324684949413	402.7418995225062	-3192.343301696726	1387.8245086031422	-1690.6505645563934	5.323546429992239
?	235.94702235105353	2808.267112287182	66.59928687332106	-115.25176001324446	332.6049005369911	-806.8174445166482	1347.749163276447	-178.6093948844311	2.496866855781756
?	240.7179701850203	-4738.940447021003	60.93734208626341	-258.3476596924922	362.4010272966732	1254.655518085695	1378.8940388589206	5558.488069009953	-1
?	-1	-4834.359403700338	53.68190388869627	-211.05806890581303	395.33767644127676	4555.864336825988	1625.6735667269486	8413.691409326442	-1
?	-1	0	50.38443864097261	6.410324374165179	590.1942441379758	11607.817773975292	1799.5786093252486	12346.680717041962	-1
?	-1	0	54.00242010740453	57.32699170066798	975.7285651400496	19682.905800630735	2243.0076025790554	16661.02637622009	-1
?	-1	0	53.25078822600605	-20.092228260269138	1574.3395341695266	9249.27866761022	2632.629928136265	2674.906647829246	-1
?	-1	0	52.99780869439106	-77.20594127439559	1438.1924985205671	-5798.894786691275	2376.7529349705196	-4790.295387514748	-1
?	-1	0	49.39049116228622	27.321735609872956	1284.3947948349587	-4065.869591668967	2393.115158760524	562.8563482532547	-1
?	-1	0	54.36389547488473	178.16527664294273	1234.899018937116	6100.712227552644	2404.8957523831828	820.3614141421323	-1
?	-1	0	58.29875499443348	109.50231340908914	1589.4304062125952	6110.510742918873	2434.1332294676313	651.8750010227813	-1
?	-1	0	59.83901114533926	11.254703044443612	1540.4245560830639	-4256.0238248676915	2437.4895024343223	-1444.2698448387432	-1
?	-1	0	58.86149014665567	-25.931465230623076	1376.6292149692076	-1149.685386754656	2361.919737225693	3270.5679035575386	-1
?	-1	0	58.54243788380809	108.07286731467389	1482.9402867453302	-4768.394191130892	2601.0178976122015	-2158.5154592245694	-1
?	-1	2362.47807228636	64.26513351238944	241.9113422151673	1138.2095054126596	-19630.21238487507	2253.993964264463	-17977.038819178557	24.969287098738057
?	117.12390361431969	2271.363185387804	70.63800499456663	187.76163374230538	501.4296675015627	-13832.511219551247	1702.165956653261	-10974.984428314878	8.11126713244858
?	112.56815926939183	-123.31045992566739	73.65321519950484	-60.7992869640526	446.58394443508746	-2420.992262695821	1705.2447428487114	-509.1335051195502	10.238798093807555
?	110.95838061803623	-19.13985262713795	67.59804064636396	-215.323504908092	380.3800543667699	-1766.9282178017454	1676.7092813972831	1065.0342070505924	6.817493668192407
?	111.61116663803492	96.00812613305158	62.88703995410009	41.10243051419842	358.23753354499894	-1072.0426039569766	1758.4964532012418	1349.407387161481	11.98119730432153
?	115.75878692468888	-2252.2233327606664	69.6531621720739	-70.22557438927592	326.7779241689203	-839.1452825981395	1744.1796507553581	826.2033762881921	9.60177982941461
?	-1	8796.776714478803	59.375761234636244	-147.14617939584176	316.28026941509137	28353.66092666634	1799.806622015652	13888.721050055194	-1
?	555.5976226486353	2635.40693359786	62.29585320228171	274.12379465086764	1744.4609705022574	7299.320803501414	2438.6157032581277	6669.349339903571	-1
?	130.77034667989489	-8770.468770727432	73.08195096717982	246.90246529125693	681.2463095901672	-28785.770112117876	2133.2740890108353	-6195.749277464413	10.419400476015875
?	117.07418411225737	-36.2123689968775	74.64097646684473	114.26843979646955	305.1724648963431	-6181.440039912245	2128.8282393849026	-11921.422049583241	11.456667687435418
?	128.95972823005098	543.3285530082852	78.79537295700338	123.51097874543592	372.1743075945506	4632.765813964798	1537.2029865316647	-11773.611901553879	9.964932784742507
?	144.24061176267202	724.1969073921591	80.81652540411662	12.294385593388991	536.8107555945863	2453.4641649895802	1540.1476443072004	3844.4273378436355	11.051965171209073
?	165.16957359965946	549.8357073731786	79.41009223667284	-50.75664616354642	494.84751584403136	-1092.172604213644	1729.4243534238492	-10623.75810821572	11.897185760505145
?	171.73239713133134	-21.776247229347778	78.27869309593926	-204.753915314817	482.20212538390336	418.8675268808592	1008.9597388964069	-5708.754781941812	11.8429337349328
?	164.08076123819205	7545.392914248737	69.17239647093184	-279.4273447219692	515.7908921880746	3079.9512813212214	1443.9866143267545	6607.976605546757	4.61440939936098
?	549.0020428437736	6526.080679412543	64.3073258598406	-100.84321256644527	636.1996894499666	3255.0060384650114	1339.3585691737494	6949.7813023343915	-1
?	490.38479520882385	-7816.239194608859	64.13023584260951	339.0201853317106	678.5411941113275	-1426.6232811108605	1791.475679443479	-550.3922018610878	0.05960259429263086
?	158.19008311332504	-6864.946599437306	81.25833512642637	268.6910297745924	564.8685253944226	-964.2299944899945	1311.8389590806946	-14270.806722988335	6.8908486369117785
?	147.1374652369537	-240.8573843860779	77.56478733133932	-149.7878118828747	630.3296943868271	1201.3710940830208	1077.9353432940522	6227.212670199399	13.091109205419837
?	146.14721389402098	-146.19033688394913	73.76894453228253	-77.81827386433182	624.9370800985745	-2443.058240599401	1623.199592590669	2331.2516084248077	13.339665667744322
?	139.82794839275613	-450.5395015014484	73.67387363812267	-123.02935355978401	508.1767823568553	-1771.592529469642	1194.4979237152943	1221.4369405992884	11.516467578538371
?	123.62023881894824	8571.31206617907	67.61747685429324	0.28269907150729123	536.3574536250911	1890.69685958055	1684.2714396206343	3400.9687753136423	4.817950730923766
?	568.3935517017158	7896.867633345718	73.68800859169804	215.57054961252624	602.7116253358842	-1175.6370925513515	1364.5463624809788	-7545.9937667628465	4.117212907458104
?	518.4636204862397	-1487.5380343628506	78.39600433491971	49.526676102496346	477.5755989975227	-2706.1626005965286	1306.9717512824866	411.83859189633364	6.485313705191548
?	494.01664998357217	-984.6269595643909	76.16434239682289	-116.41349687763244	467.4034953060558	-310.1376476678173	1385.1382920757958	3008.8728156289635	4.795947138876235
?	469.2322725080195	-1495.659803475915	72.575329491038	-84.12174081805966	462.06871661413163	-909.7422127332022	1457.415392063937	5681.011027811179	4.781606754080188
?	419.23365980977536	-6311.142691817268	71.95825535591985	-68.19406494081522	421.91638466939503	-1697.5897426493927	1669.1888434663588	6191.708680227392	4.788237599878239
?	153.67513791715155	-6278.640420210999	69.1656262439972	-96.49129134435816	377.1892294816608	-1239.3797060570155	1767.000826075311	5024.101467692236	10.708812208903062
?	105.30163879922097	-835.9157672980377	67.13369078870187	-86.19790979143792	359.9473993665434	3696.6345854673373	1920.3939168509742	11451.595461936791	14.136806194471482
?	111.87934955224907	405.79402420748943	64.85573075442524	152.270245828319	562.0209587550303	1187.6132223791071	2339.5805991721586	619.4197334614458	11.447885304739064
?	125.59134000959573	129.27728146647652	74.74720308011793	188.16384537425836	419.3280604854996	-1491.2991619350628	1951.364903524047	-11972.391086016753	7.990624922649973
?	118.34321362557299	-137.842449131839	74.26392302313829	-71.60141567498965	487.4560006582761	-2064.8585848945086	1740.9610448713124	-4975.424990885164	5.609722223741885
?	118.69921755300368	7.819797864641376	71.1671322963684	-14.809091873731933	316.0851312407727	-1335.6462824446992	1702.5936539797851	-5220.249309013155	10.646104588962748
?	118.73420351880506	-71.26439221906124	73.52346842945168	-78.23074936432053	420.6736865360402	1630.2549155554113	1479.948579420651	-4588.971388044554	10.872758216009576
?	115.13599794205057	-27.031663617175255	67.25559482815231	-246.47715070539013	397.5978770185444	329.1785373632557	1473.1450845775541	8331.208489299634	8.302703852417084
?	117.38262033794628	-141.30664995519422	61.199610894182	3.759633973326917	437.1326134042032	-484.1555095411672	1896.5090038856385	14132.700404313477	3.644009230027928
?	108.07066544429075	-323.9301028822549	67.44357652681866	27.91995231408552	373.3901015414857	-1213.9967061024172	2179.780104793238	8283.562948847144	5.887632966495531
?	101.1861151938333	-2181.413308885784	62.5956085098863	-143.2045002600237	376.4327780990815	220.4980417526454	2310.6871513280016	-992.7881416400255	5.210743231921137
?	-1	398.7570262928361	60.28335151381737	15.78606971666338	384.41500362911813	14911.37426460344	2130.140697711236	2932.28026247038	-1
?	121.12396650847539	3108.8544452274855	63.38491199571948	139.9379130230419	1122.0014913292641	-933.9157277952226	2457.3011644515227	4323.527340306993	5.317222980739597
?	154.44272226137647	1897.5724473503108	67.28024716496957	138.59939059308178	337.71921723935634	-14501.357285346765	2346.317064726589	-2184.1643801207974	8.304200860732248
?	216.00258887599227	2009.88207477616	70.31488152537366	66.24634274445205	396.93362706191556	4079.9726984203576	2348.0929454454813	1178.2994081497704	8.423827897179887
?	254.9368260001859	-4340.051777519784	70.59256430219222	-63.36960006707779	541.7178521603771	17876.183060160296	2405.232035134078	2590.7601066081947	11.149210874916047
?	-1	5778.646502222591	67.14640152201973	-155.5265596257559	1290.7427800699431	18853.30561785427	2477.630950775893	1176.4444035673127	4.5164851674288595
?	543.8691511113195	11880.416952852285	62.81623632090431	-189.92330344769414	1484.3831330531038	-1448.2097929623271	2464.0542553124446	-1986.1475468308518	7.262386233299955
?	593.0208476426227	696.8025610445435	57.65023634963489	-23.343806830186463	1218.3322904218257	-14031.003165606817	2378.323573434349	-7252.288648300716	-1
?	578.7092791635472	-11880.416952852285	61.64904597939497	364.1855953887717	782.832974772753	11593.627835551528	2101.4398228974037	8775.740193456733	-1
?	-1	-11594.185583270779	75.85951611907373	168.8780876305883	1798.0136821994104	17527.240148977995	2817.110583107192	9418.021101413053	-23.747029653683214
?	-1	10473.487896638058	70.0929503609245	-257.42113785895657	1659.1949822216652	-5033.708862754748	2572.340877968063	-6939.357201062932	21.779711451305907
?	522.6743948319104	10413.955889317558	62.98845922612572	-237.59775341547157	1546.3282390616694	-16977.91646188078	2470.1427230540403	-8464.32169948487	-1
?	519.6977944658853	-287.7470668326116	58.21306269015076	-102.25881477152097	810.2991591276142	-5580.925119339961	2149.1247929938136	-2984.6067141382932	-1
?	508.2870414902796	-10413.955889317558	57.8755184875496	-38.487618037228536	1267.2819830946673	5163.392567912712	2320.9123873471235	2843.3948859724437	-1
?	-1	-10185.740829805447	56.2886817882893	-77.39727726517661	1068.4687875232535	-14891.172179161706	2291.294537292438	-5811.621633326335	-1
?	-1	0	54.00565462429071	-32.19402149591798	522.7233741365715	600.7718965817554	2030.3313056808026	658.9676621542183	-1
?	-1	0	54.67898071349338	10.666608001695002	1098.5073823523417	15083.983734738771	2324.242920400149	10207.582198891638	-1
?	-1	11183.405035865626	54.53898502437547	-20.317254045283445	1276.9225608735208	7265.571815928589	2540.7104156253918	2851.793126869839	-1
?	558.1702517932893	10834.557223024576	53.663118011229194	196.09219925539114	1461.7859731487763	-14692.896583409536	2466.832576743643	-16962.209233105455	-1
?	540.7278611512365	-254.69867922706592	64.34359498714517	422.1025566231644	542.2777317030335	-19312.302594164543	1692.599953970107	-17763.301168417518	7.707796093314424
?	545.4353178319358	-8402.754128076384	74.76824584238771	233.38385671957676	496.17084344053535	-235.6247693682497	1578.6675183227546	-1880.6583470366518	3.120525963976545
?	120.59015474741143	-8509.451712648868	76.01278782312417	16.99872268076949	530.4964932346209	718.3174237148944	1598.567036618273	-87.74109861957516	4.800236738407375
?	119.9627321994863	-44.788149793603154	75.6181819764262	-3.3823418235354072	532.0867146262806	-406.39579614001366	1574.2804633917758	-412.93547244735106	10.183759016252381
?	118.35074725773124	-46.20132295979025	75.8436707319474	-8.51960450906136	510.1767034276199	-587.3994465068003	1577.9202629959052	-643.4489906774161	11.852790858296824
?	117.65266605149675	-61.9677691931943	75.19220175097313	-0.9712415011111237	502.71674230094015	223.68362266648796	1542.1080138579046	-2086.119409710948	15.401455066137402
?	115.25235879807148	-6.910496404010659	75.79510865689184	4.928196138085853	521.3608845609444	-226.22840798204172	1473.6142925103563	143.14455526317738	14.923404625742046
?	117.30714123129621	2762.689467554556	75.43861155787742	-66.25358302165571	491.4053219018379	-622.3886500097913	1549.2652416210635	2031.5509954449074	14.386770588691196
?	253.38683217580123	7253.355094682194	72.48242950580901	-242.4801200604733	490.24145206045444	-226.70916317978842	1575.1918422826031	1155.3486463780764	6.777730277901344
?	479.97489596541106	5007.404831242374	63.314605554853586	-342.6581374634784	480.0698637428483	577.0381126978382	1607.0326739399682	525.6316247063949	5.848395794588777
?	503.75707373792346	-9619.497919308085	55.349522632634844	-192.2981322709647	519.0933576953468	-990.3845409662399	1601.4734235179233	183.18692743688382	-1
?	-1	-10095.141474758326	53.699698941305215	-57.42176346859299	430.5506366945356	-1533.5462320947304	1616.1920203118125	2651.13992442706	-1
?	-1	0	52.478434459205154	-86.5125265978583	442.41604609060914	2275.1568074079732	1734.0304197392782	2698.1129213195736	-1
?	-1	0	49.37407261141224	-30.03295854961422	544.3084770649359	7356.6378396207965	1751.097666377793	6333.94871619908	-1
?	-1	0	50.97678653172442	64.91916793405146	810.2479380716542	6634.4290417598595	2050.7278555492367	1821.1329381797727	-1
?	-1	0	52.62003100811486	87.88864513925023	876.0299291529336	10434.294994247724	1842.154313286783	369.03865529818563	-1
?	-1	0	55.371218788686996	28.52781046019063	1331.9626877840478	5910.647227426078	2069.179788314146	2629.7018542580636	-1
?	-1	0	54.04642153112441	-138.06730307588725	1171.5622905242417	-12887.801240973415	1973.639405999688	-3548.8072595401622	-1
?	-1	0	48.467853634892535	-127.46628059572477	687.572625735368	-5313.236436778733	1891.7394253371356	-1991.369989307599	-1
?	-1	0	47.67310750133808	2.904314302260319	905.9004686853012	2647.5030631140803	1874.0709065343067	591.5999469111473	-1
?	-1	0	48.61306935000555	174.352116757239	819.9477788910739	7061.743789997747	1921.3194226826934	5011.545385155243	-1
?	-1	0	56.390713339200154	138.21590340820566	1258.9876581851936	4549.849546743695	2124.6481757920724	1966.5968900156934	-1
?	-1	0	55.523864520415934	-5.2278950441813485	1047.440256228262	-633.8730915055431	2019.6492671834794	416.26695918588075	-1
?	-1	0	56.12931858699108	61.96707678347974	1227.294003609916	3641.7777151852333	2145.4615237513667	652.1877262793075	-1
?	-1	0	58.622218359589965	-28.43865345441815	1229.5291419875261	-2585.8794861503334	2052.2586534974453	-1838.0397459097196	-1
?	-1	0	54.707385914270155	-118.94937244741017	1098.0000293023975	-2034.0434104679737	2053.5595364558794	1842.217154368401	-1
?	-1	0	52.67474973721937	-34.29323568307034	1127.826971464126	5848.71039251986	2144.3695112158666	4605.185325251776	-1
?	-1	0	52.99272413011661	-53.407898092350855	1390.4355489283946	-1906.8476293407505	2283.8188027184715	-1142.1306101024877	-1
?	-1	0	50.00435483260179	-27.192366553474766	1032.4845899970871	-2654.5092008161178	2087.2629807107414	-3363.898980152387	-1
?	-1	0	51.633105802442856	74.9795347599845	1257.7100888875868	6073.364533072095	2115.6238537108497	1413.077570591966	-1
?	-1	10823.406731086447	53.75333157060107	147.5639181283822	1336.1528166506962	-3095.686678777421	2157.9168592403407	2067.9298016771622	-1
?	540.17033655433	10593.210349598903	59.01130170886207	221.40388113036562	1102.9257549487136	-17016.24541879515	2219.0203437947093	-5283.922622259181	-1
?	528.6605174799527	-6483.220757689159	64.82352562711951	303.1331884273511	485.3405457109265	-10705.252363521522	1893.720728127378	-9651.87661540046	7.986864680149745
?	216.00929866986746	-6284.264552936176	74.16796113022984	145.98191527981263	567.6631367726299	627.8860616764441	1736.4265130246795	4648.862320973523	5.06809673747628
?	214.4472898331394	196.0062217319524	72.12262139111024	23.794452593135933	516.7348487947492	-1470.2879415146544	2126.1638441760574	5254.9848333447635	3.3024717017879794
?	225.80960975646522	-764.4426849000688	75.35768375988666	182.15933321010365	494.1487396968961	-729.8576802744263	1999.1757546919214	-3517.0004840386036	4.545803400304845
?	176.2251555881354	-9.586372299219056	81.23058805161556	48.58857087026609	480.2419647810273	53.58062100890417	1950.3138199741247	-4972.515743509995	5.678914883309273
?	225.33029114150426	1084.9011649738225	77.7871123034	-178.66076224560973	496.82777074734133	-455.4728656401338	1750.549967516418	-5335.1860576575855	9.079993390644109
?	230.4702138368273	-4526.605822830021	72.29754993933494	-57.953718576880846	457.4683214990203	-343.6490750489198	1683.5545170912417	2027.7200186795637	7.817414736468324
?	-1	-4629.40427673648	74.88942637455591	85.64725300697396	479.6453169948951	-131.19181357572228	1851.9359684503977	3033.553262248331	3.7726285252867817
?	-1	4441.393847922725	76.5799125896837	32.1401119810879	450.9087308202341	-894.0311289154156	1835.2321802036604	-594.9825162860641	2.773982547712902
?	221.06969239613943	7532.4343567002	76.49643197361033	36.27963911241556	434.9437605491237	782.0107827317818	1822.186842636094	2558.578077007096	5.759648451584228
?	375.6217178350153	5136.292637993572	78.3938945453045	-219.0001380886984	490.00926995682374	1092.6489194748335	1963.161084054017	1550.5614406068219	7.174866366098241
?	477.8843242958125	-2625.497359776418	65.54642506917564	-362.76883017312724	489.5762065228642	332.2473304228616	1899.7149146664335	-853.7360074365748	8.364279323255596
?	244.34684984619255	-4768.1109006694005	60.255453036647886	14.183128176779375	506.62163647796706	-1263.4527363044278	1920.4742836821877	-6621.190482245117	-1
?	239.47877926233912	-314.65493399605697	66.25558147801462	213.46192890013037	426.4035697076419	-2648.1800967436275	1568.655390554173	-1182.918388578461	12.134890106228003
?	228.61410314638948	-4809.575585246714	70.92854948165456	181.68256124655383	374.2126316407838	711.980009709256	1861.3283642532638	11882.189453708834	10.422007939435098
?	-1	-4592.282062927724	75.33970954034244	96.01857618705316	462.0025701931052	3341.269830318318	2162.764863239623	8357.384635884046	2.316280120118204
?	-1	4046.8032282854547	75.72947829100728	-39.684942149270064	541.276123156702	1315.4852489393359	2279.197596047472	-2034.1129333241845	2.2640083790495646
?	201.3401614142756	4206.084598314948	73.35546243287891	100.8773172025772	527.7768326400729	-1219.7434098744507	2061.0592165734124	-6918.285893114659	1.9201009227394015
?	209.30422991575043	4917.675043340836	80.77334415113621	51.30762162947645	480.28895266297866	-1558.704102224278	1933.283301391734	-3028.374577512807	9.419777607836426
?	447.2239135813209	-4206.084598314948	75.92084351435277	-169.15878099240572	449.84162752885794	-238.7870794541664	1909.64048769777	2173.5644249246943	8.34833346970177
?	-1	-8964.47827162629	72.31540510151581	-49.75243987861617	468.34959869027017	1836.7347250432795	2041.9615226379703	3427.620057819528	4.855191801441778
?	-1	3576.967247451706	73.43322152042192	6.133028107937461	541.6783637810232	-178.09555546201042	2081.0214905887487	-244.12293638888167	1.8978034651068991
?	177.84836237258784	3254.4640549218775	72.62205650691269	13.61590772509553	459.4448209171695	-2619.9134621719477	2029.755375818526	-3533.215407379953	3.5426660064361832
?	161.72320274609618	-408.9829925144214	74.11401690667671	-47.041773746799905	410.682690672424	-1578.9255724879504	1904.3607202197486	-2143.2579408502047	9.45756645787231
?	157.39921274686648	29.781978737311906	70.26996781957266	7.076052370040499	380.4985422927709	821.8089515614323	1922.5924787760143	-9944.256355121819	10.53478897457079
?	163.2123016829618	-86.0163126225182	74.46781952517874	128.09812353990583	451.7731382504962	1639.9119878296444	1407.1479024636506	-18322.21637549247	13.312786729360093
?	153.0983971157405	-468.01753640056194	76.67487399656804	-86.55882626047419	462.49414168425426	549.9026945643733	1006.4816600013778	7265.172372604407	15.467884999755881
?	139.81142486293336	-3081.9679423147663	70.13987821215497	-78.25435223001452	479.26827297871523	2959.1835032696545	1770.406521093876	29693.228343637245	3.44336400079603
?	-1	-2816.228497258627	72.76215638506726	100.60569620533214	610.4533168477391	2348.3861462032096	2491.143077183261	7517.455252231769	-1.8400356952477535
?	-1	0	75.17016302242165	28.03581163988713	596.6875802888774	5785.031208623573	2146.27928370547	-6549.133856543329	1.3006170962293864
?	-1	4775.3038893326075	74.16394696706163	-90.94348913619184	899.7048772789218	3290.341528736427	2163.68638435609	-7951.8246453353695	1.302881339996529
?	237.76519446663377	4898.887509910392	70.62298856561199	-13.773948882152158	761.204656725701	-7245.348687944235	1748.6880514386958	-17771.22544075841	1.0771956194455912
?	243.94437549552305	-193.584878234529	73.47524952295402	10.034885471374793	537.4374428817049	-4503.607323433457	1275.1251123181569	-6710.142062309596	16.671441236822794
?	228.08595055490719	-159.8639542760509	71.12473283918074	-270.9191941591699	536.024290554025	-374.1598777763321	1413.1809483232112	7589.213475380994	13.983894773655743
?	235.9511777817204	242.31390657906954	59.92928981499533	-338.20387955660567	518.729448992888	-29.52193431035952	1654.585786087212	6072.8478914327525	-1
?	240.20164588386083	-4739.0235556343405	54.21453886135021	39.597715442879895	534.548193838507	8477.269465142692	1716.823342894853	14671.822063620093	-1
?	-1	-4824.032917677148	61.90917558713935	237.87835213262684	942.5929222500287	19137.71707871626	2388.176889268227	19445.809636374044	2.820598734335127
?	-1	3131.58706649665	66.10845646798173	136.5075195515444	1491.4340477743337	-10167.769308197674	2689.113824713569	-10874.818320471222	1.4356071036660683
?	155.57935332483473	2804.9341765728127	68.73455156471667	115.98177763433887	434.20445684013777	-23235.977165701916	1844.4359732446583	-21362.31848742607	5.135846402972441
?	139.24670882864262	28.662494827592173	71.90754534969875	64.2177101520553	329.6351894892213	-1251.3935405641284	1620.9979003422504	-471.6527303848194	11.4213210340663
?	157.01247806621436	1580.2932429127416	71.94543707231948	123.03792602311115	371.63477981193046	2275.524434144216	1820.853336725417	-10512.978346645128	13.451306073931685
?	218.26137097428082	2175.847265223993	78.0594416508544	47.71338525082502	443.41141119643373	2320.7604246646506	1095.3489830099866	-17461.028777588894	11.688041457305054
?	265.80484132741555	538.1678525481138	74.33110633486076	-291.96620361903865	487.67280104516465	360.99100588764884	947.80189784596	3209.1742523043695	11.064354048546273
?	245.1697636016869	-5336.096826548235	63.461131469902256	-276.1233052877701	461.46096149081643	3727.6402555315162	1255.8076956252073	23703.827232066724	4.317040029185064
?	-1	-1051.033548832107	60.52494107047206	76.4948024114671	674.0548138217431	839.4266461678882	2132.993259449313	4343.272339834991	3.461428429526896
?	192.6180861600808	3474.9428295281655	67.28587159047567	238.185251681348	503.43229379921144	-5672.622639987145	1472.97131261696	-11621.895837208562	4.668829161605701
?	172.74714147641075	-3872.361723201561	72.43420365453963	70.94851114005435	390.4236818223818	6062.229240230187	1551.8984675888767	20163.671921408328	2.1826322769414497
?	-1	-3474.9428295281655	70.83329714747843	-68.83640737573175	806.5437558107251	11782.216096976468	2481.1549086873906	15297.657528101769	3.4388308717876583
?	-1	3870.276114571251	68.992383285753	-61.83101143698448	979.5344866712136	-4468.824313223745	2316.781343993976	-17502.2307905823	2.0163435154856257
?	192.5138057285653	3621.8096144095166	67.74174657562917	-59.67713882293908	583.1025401495347	-5964.930629155214	1606.0433691582632	-15655.846468730879	11.211062453710204
?	180.0904807204784	-3870.276114571251	66.008526344606	-184.47547288887415	681.2879552134486	2544.2515627102466	1533.9890205574209	10909.820201277884	11.91086653998719
?	-1	165.13312243661622	58.51797293118533	-136.53196549417052	710.3151182850488	-2673.849978968645	2151.534379222165	11213.444152470947	-1
?	188.34713684230934	3512.089522745926	59.181928069897374	215.73453745649863	547.5954562650145	-7005.3655212776575	2094.661228180976	2639.1142595342526	5.354895734873626
?	174.6044761372988	-587.9853852778111	69.30469980401041	135.59650728784382	360.04684222116094	-3130.3866805680204	2283.4900921988797	-1255.3424215552564	8.724830987778045
?	158.94786757841837	-309.9628868735319	65.96175343428966	-1.3421684466297088	391.07612223661124	3760.8384744946943	2031.8941071032125	-23918.70782145963	9.610995847342123
?	159.106331793622	-74.67385469220524	69.23759138167893	74.14117219442213	548.0887659458983	8396.059695614387	1087.5547011258811	-2912.3844991548044	7.145882988118222
?	155.21417484380805	-533.9397921021797	69.66881204401082	12.802957261627729	810.8791070173365	1552.7384596474105	1886.2748821454702	18244.927633373598	7.539066208688614
?	132.40934218851262	-752.9015279874046	69.87773924476032	58.97214736829456	625.72568892827	-8348.335471386818	1999.801082794574	-3209.4518083725234	3.9549295225729866
?	117.56909844443729	-387.8023146782404	72.61741941242559	11.774596287395244	393.46233344798975	-4995.249791707287	1725.8022917268418	-9181.867114644794	1.8248919706234568
?	113.01922645460033	34.77457074614115	70.46646905913009	-47.371588170225785	375.96319934290204	-2405.724472101236	1540.7077270623279	-4883.325729439029	5.379238840388592
?	119.30782698174437	402.2966022100666	70.24884000391427	48.87121802467662	273.1761098429262	-63.58769163886587	1481.6360052548869	5553.054121405974	8.231795740288222
?	133.13405656510395	205.9071687465819	72.91002996036396	-107.59893401306118	372.7838147609587	1243.7966516650436	1818.3604331326305	7986.048992925562	13.209456411771725
?	129.6031854190736	-0.5821466715923324	64.86889330326113	-325.7412158089846	335.3659424261793	2858.0851069065957	1880.9384549011706	5213.041340113195	7.104780340328859
?	133.10494923152433	-2612.063708381435	56.6229691699145	-40.21858355596194	515.6880701062905	26019.808293101443	2079.012500138294	15767.73683679718	-1
?	-1	1999.591544311785	62.857964125463006	81.30712090807533	1636.35635708127	7237.372912845834	2669.325296741041	-1730.7188950653135	1.7979692969168937
?	233.084526447115	4263.476650599684	60.68832521531832	118.3900080390062	877.5567157485874	-19433.24254176141	1992.476555385027	-22399.984039983992	5.488008048628469
?	212.1738325299872	-1454.4366752097976	68.7774645274134	150.9476311231026	664.6942299931857	-8101.37093554896	1549.3260947418253	-8092.165670941853	9.96961039443612
?	160.3626926866241	-1813.1071383605092	68.23570677147356	-85.64646507921188	472.48816897113363	-6993.913593913061	1587.8682718379287	-104.84845326229184	5.9213266112893725
?	121.51847561196045	-1016.7844262224808	64.49514127345275	-3.054534148394011	314.99855029752763	-2678.360333861381	1544.0836720787106	1739.3049822020182	-1
?	109.52347137549933	-2450.369512239174	68.08298006405386	217.67926167666135	338.57015227806266	483.46593243806973	1674.8335209480308	6391.464044642612	4.365918719312315
?	-1	7579.532793821617	75.37910435728597	75.4982530966371	339.17184691943146	8632.211845484937	1863.6568743108458	6294.429993351052	4.403847633074461
?	488.5001110665856	0	71.85789271888577	43.21044514937934	770.1807445523157	26169.440939313656	1989.5550206155879	16611.14991241429	-1
?	-1	1700.474514159989	77.53962661475497	25.818400682613774	1647.6438938851327	2577.1165924390034	2694.214369931572	-4619.295113626161	32.429265504837886
?	573.5238367745862	11210.974749798932	73.14881275301647	-46.77232036925365	899.0365741742677	-21597.41505379433	1758.5902649342765	-25730.208185537314	5.259545183140302
?	559.5487374899545	-1807.1704186304116	75.20101059629225	-81.57497421095653	567.7731411954009	-7594.620759556518	1407.703960654688	-4746.110752293549	3.8888357225194334
?	483.1653158430644	-5136.2909379199355	69.07006404246859	-93.64545941119738	519.3055361964364	-2684.089241082149	1521.2847273195957	4075.5599093640753	9.697573710360638
?	302.7341905939541	-7761.89088351327	70.51873762573231	-112.66347134799797	433.5686791412915	-1300.2812233960012	1611.4819561228946	3180.5933103187185	7.96774074394077
?	95.07077166739539	4681.464617219336	63.43689047506861	-126.13005969514538	454.2914750266354	2274.126820048396	1680.314392835534	4861.819596380227	5.87331302010802
?	536.8074214549242	-1921.4154333478805	64.21223464097496	-3.869317552289802	547.2750201437129	14299.257404748301	1854.5729359419095	14131.445011295218	9.076931001208646
?	-1	-8852.615184650587	63.243424597454116	68.7361235395092	1169.2543452640607	1085.187017911458	2386.886643400305	-7568.464168068342	-1
?	94.17666222238853	1864.355179272823	67.64904081795046	16.417105638781685	601.5343710392866	-9185.745118710922	1476.149727538487	-13529.08374179546	4.770075491163605
?	92.21775896364248	-1903.5332444477435	64.06427987939321	-140.49226705751636	709.9670893285081	-1216.582780198556	1710.4324563105222	3379.2568995881056	-1
?	-1	-1864.355179272823	60.62442746507455	-65.10940482986904	540.705232029358	-879.5456494177404	1645.1125725178947	-968.5628489892041	-1
?	-1	2174.589539782671	60.808809637899714	40.33963556045065	665.9898068576205	6078.143587786079	1662.0043138610613	12273.029378290443	-1
?	107.72947698913511	2041.4858947555988	62.64140924309711	-15.014087229502238	844.6124114186662	135.09418422589113	2258.7640414324255	5290.202229649505	-1
?	101.07429473778139	-2174.589539782671	60.05810527642459	-124.31011016741246	672.7445160689151	935.3041918312991	1926.5144253435403	-1677.5999909500604	-1
?	-1	9.772436647311483	56.4259037347264	12.274313603776331	891.3776210102318	-1864.0783833171447	2174.8840418849213	-9411.226135383415	-1
?	101.56291657014697	2039.960440095169	60.671820956613416	170.4974597694789	579.5405969030566	-4324.73595390255	1455.9531185743629	-11878.993600500356	4.257486527720931
?	100.99802200475989	-2051.2583314029102	64.95077672320046	69.32357541288484	675.1408233151012	-1850.819994652114	1580.934361859895	2493.0495063034286	-1
?	-1	-125.04527912774897	64.13799972725771	-84.81499520938591	486.99959717044953	-1516.6148916551026	1580.605593889536	13244.256886396355	-1
?	94.74575804837235	1860.508450368699	60.710026962731106	-25.63311435580025	599.310078732345	-3307.7253393720907	2243.147206179722	11210.706746911677	-1
?	92.02542251843627	-1914.9151609674198	62.856344009467676	-75.10181491467613	321.61333020184264	-107.92686706654723	2141.140931235128	-2976.8913543012363	-1
?	-1	-1860.508450368699	56.95493621699725	-222.35958268963995	593.9137353790176	5379.450035336104	2094.3026384646582	537.4569607142636	-1
?	-1	0	51.73836487498552	-74.395177539813	590.5858319686516	15483.947397513462	2168.0137792708415	3627.2605926944866	-1
?	-1	0	53.235177340006544	44.467408777336395	1368.1111052547017	3520.106669121435	2275.665668099385	594.6787986316037	-1
?	-1	0	53.96173531385237	3.6963791284930823	766.5911654247259	-7423.927193476101	2197.747719202422	1107.7032152887139	-1
?	-1	0	53.4199962964312	-34.70436288156869	996.9147455808914	4397.263768694255	2331.0508288638216	1500.773922169316	-1
?	-1	2375.9838994483985	52.22651716977391	157.99119614272374	986.4543538594418	-5149.377173124749	2272.786415310889	-2378.0136395791515	-1
?	117.79919497242162	2392.144560389495	61.3195561035675	313.7425846038685	739.4458869246503	11121.150557342888	2212.1501468848624	4365.195233021197	2.1305725689815405
?	118.60722801947644	-2375.9838994483985	67.91364639996756	-45.74363723179594	1542.511881726594	14789.221540866733	2491.046176961952	2422.778073480278	0.5829408862443536
?	-1	2559.878904021292	59.03237424197767	-150.20175927827978	1478.9069639679974	-16430.614090602514	2333.289050558878	-9810.455949006242	-3.3731019725269706
?	246.60117322054285	4878.0299076975125	60.403558436053466	331.5770913817863	720.9811771964567	-18270.26513622869	2000.5233795116328	-21159.6862658607	-1
?	242.90149538487907	-145.09330222073422	75.61122881106722	107.32214990361659	565.39370715655	-3065.602315345902	1275.304737265828	-13157.015932766075	12.119699290958739
?	239.34650810950603	-45.99794177825052	65.76966593123437	-265.07995205633	567.7010614291594	9335.242919894105	1342.6725828733197	9868.523236735024	11.339371420717633
?	240.6015982959665	-4806.930162190052	62.35723120825053	192.3504790829524	1032.155853151262	11931.102060416582	1768.7308991025861	15597.952506996713	-1.642297641079534
?	-1	-99.69761713892211	75.38718988538213	180.98770282824816	1164.256164449997	-6017.1967048649285	2122.5702082231664	1105.7211731952955	2.2710566251050013
?	235.61671743902033	4465.466655786429	71.40661634966307	-57.669050627504	731.2960179080112	-9741.107831234314	1824.0169577623517	-16733.40552519567	2.238630684983485
?	222.27333278932466	-1262.0278314843765	72.50373735400689	-50.089096642393116	677.2007728882743	-411.36880389084905	1285.899931963371	2087.8302696273317	9.25372976662492
?	172.51532586480062	-1903.0129869789744	68.90216151754338	-77.4764612898412	710.7275777134685	-1807.394900349497	1928.4084712437198	11486.996961499444	7.334303743099911
?	127.12268344037459	-1117.4957289579204	68.62991428951477	-224.69276042033238	586.8310278707982	-1490.8955472956284	1860.2497800383514	-8159.192357896994	7.337695054427267
?	116.6405394169038	-2562.4536688074554	57.6675234965266	-264.36508379428454	636.182800348686	4962.403949531237	1520.4488533488643	4506.2200691231055	-1
?	-1	-455.98536269980775	55.41166009980036	183.48787186035162	834.9512253473636	-5253.788211577346	2085.56078349451	-2861.7091191656714	-1
?	93.8412712819131	2168.159289339206	66.84191708954431	121.16870228608703	373.49338976981494	-10182.474976751857	1377.3633973905787	-7009.698906594003	5.654597321652947
?	107.40796446696184	547.4833194562123	61.470095214104795	-36.380017087177286	325.82747650976347	-1413.1162701786075	1735.0758381648047	18492.69064811581	-1
?	121.2154372547241	959.5401278067451	65.02291623518542	259.474204012772	302.83757626088357	2416.9305572464004	2301.9979297963823	4145.945252892338	12.446286735269641
?	155.38497085729978	1309.832811035778	74.44380541474358	184.72458577434077	446.6740043720852	6437.070134527729	1942.3731008094246	-12855.620479367002	8.883842740336188
?	186.70707780651392	750.9386354501608	74.25914552390259	-124.17108372409012	624.6910829872746	832.574605257907	1659.216905828023	-5495.455975100885	9.741403381518762
?	192.93190262980835	50.780472388038746	68.23525122853899	-315.5204357686264	488.30273463498116	-362.6381407283264	1667.6003020543765	86.66512081190253	7.27187447428925
?	189.2461014259159	-284.39579343572	58.48312373547105	-61.977133258546615	606.559175950858	3163.450576855543	1663.5501618686183	-10084.221905161701	-1
?	178.71211295802215	-533.1880794928654	65.13639456561161	252.0118368689813	646.4752634777606	-1269.700130055269	1163.3892067962843	2710.2475440248713	1.1690181765524859
?	162.58669745127224	-690.4837540052852	71.08371557892029	-38.390264128735815	543.0741694480937	-2161.1206311000283	1799.0625390698638	11243.063698777009	15.391415171946651
?	144.1879252577574	-3271.7339490253985	63.21688135917479	-273.4767473016577	538.4192319227576	7554.455191994515	1725.5423917351427	4713.340404924348	6.217956982157732
?	-1	8466.975800925124	57.40987821383721	-35.417000706124135	920.7969290478249	7540.239583089949	2034.7295593160845	11915.253935845034	-1
?	567.5367153040196	3637.6900517552162	61.44603132386856	209.32658843797014	915.4312110772604	-6249.768703121355	2321.305088527403	-19197.916147167194	7.538764350882707
?	180.8845025877634	-6649.52263239478	67.87620763573587	170.25715533691056	608.3084938917526	-8090.763358460839	1074.8337519577112	-26272.164823980587	7.241733030389244
?	235.06058368427585	2067.0145807271833	69.95888909071421	82.82451068510507	510.8930431542127	-3703.73994203091	1007.6968473283548	-69.23892686049742	9.310462619960502
?	284.235231624124	730.85743123087	72.01743316999118	45.34565810177376	423.1214967902045	-2179.9195633673	1071.3718056146863	549.7371619305308	16.876572668941144
?	271.6034552458199	-1099.080561859614	72.22617199580293	-87.51595552338944	401.89706498584616	-962.8841884031886	1035.1837054248817	-1716.5426350746618	16.727094324994912
?	229.28120353114255	-5452.06910491632	67.64163539382165	-113.7936015526524	374.9772873700444	5872.325019432198	985.544673860952	12136.630151697978	6.742816218045966
?	-1	-4605.624070622785	66.53649191817023	-165.63029200797834	695.5133159574602	4918.5003832279945	1642.0152130097892	9951.745497657992	-0.9910952290567905
?	-1	0	59.36012079342261	-231.07881985027402	620.9023065314476	-3520.162645816795	1483.1319487438586	-1844.5799080093377	-1
?	-1	0	54.98255092565636	-111.06736236232918	519.505183666618	-10.63001965330371	1549.786217609321	5188.480927516961	-1
?	-1	0	53.80675267530607	-14.669704652297431	620.3708055487824	13615.518149590109	1742.5559951197104	11457.053139738333	-1
?	-1	0	54.24906569304148	-14.699408976134766	1200.2810911461331	8236.416583423483	2122.638874596246	5630.727487281153	-1
?	-1	0	53.07178222649932	-64.60539553143626	1032.1916347199624	-2335.185178901705	2024.092369483772	2187.804337548874	-1
?	-1	0	51.01879591646962	-29.025689223947225	1083.5218322010462	-2859.8664563228253	2232.029091473691	4043.7130512978247	-1
?	-1	0	51.62049776530194	-32.93321646899439	889.1983119038191	-2711.1735201398687	2226.278022048666	-1789.879034675334	-1
?	-1	0	49.37213509301988	-74.55459589508998	947.9631561940508	-2294.4127904438997	2142.535139739923	-2527.3200809387076	-1
?	-1	0	47.89276797054739	4.092290024481371	774.4776723816225	-3903.293657172866	2099.912018001729	-8591.205672798329	-1
?	-1	0	49.57674959424395	-47.98695135469106	752.7984733354048	538.9538887897985	1712.9748561000006	-5475.461206113204	-1
?	-1	2945.74857198235	45.4934204028128	252.6047621347446	801.4253668211128	-3622.698657367151	1826.1389576960648	-10035.985851377525	-1
?	146.28742859911958	2742.5178906779033	62.20698770098136	490.14630964044454	571.6635404670446	-3746.780379293149	1211.1755635311172	731.4566187277557	2.8025874229479353
?	136.1258945338971	-509.40617348521175	70.00073588483538	-77.67671712678182	614.0863478564527	1493.5295884193868	1862.7117886324531	20135.298640403234	6.645594443240059
?	120.81711992485863	597.8281277270861	58.32315184464221	-21.84444921263375	646.340019888015	-3707.291806210245	2217.940495551293	-7342.321650852605	-1
?	166.01730092025184	683.792643110759	68.90851342420368	211.5974753682495	428.7217575459378	-5699.137644705855	1495.5957060898177	-14948.301460547005	7.687617921476331
?	155.00675208039706	53.1628014885943	68.90302561305484	58.05501594858103	361.38313765271823	-790.0198796967846	1470.5254225239323	9613.798817733581	7.902214272354848
?	168.6754409946816	788.1935608389086	71.81126422163277	206.5742053287561	389.220763561098	4207.070648947972	1976.2856469765036	6916.764318309158	6.795433792407472
?	194.41643012234306	686.7620548601592	79.23173587949279	58.09376431311736	571.7366701001198	2002.9719777822015	1816.3636384393951	-3270.8003258811314	12.133418063048282
?	203.01354373769004	66.83384697821585	74.71595243728868	-303.03552178091985	489.3693624502095	-424.55748546052826	1812.7456306824447	-677.1964691981242	9.571599755986322
?	197.7581224712539	-156.51700965574497	64.07995979044658	-122.15437212829411	550.5087958270931	2949.77529031298	1782.5038149794884	-9953.230960871228	3.0456483409769124
?	195.18769325490268	-368.0463343206792	68.60823383087389	198.64087979848964	636.8581269658606	-434.00504220341253	1315.0840826388762	-3365.5651715022145	-1.9252515037721023
?	179.35580575521968	-432.3991709769275	74.0120037803712	-136.83099316151447	528.8085437169221	-916.3414023796696	1614.2255564043753	10883.335183963118	13.876064770712352
?	173.567734706056	-3607.1161151043425	61.766684172798065	-346.10891432822206	591.0410568468765	4275.9895592104895	1859.2508418370398	8251.610165126509	7.159033277338684
?	-1	1632.2592476663135	56.706558063959854	-30.111534390657084	742.6080216774496	2225.6126483924913	2026.8060646607066	2532.0221140192284	-1
?	255.18069708937284	5268.879283081999	60.26110745326519	394.4499145446107	702.3216892665026	-4235.290106340953	1985.851947538003	-19051.956765071223	6.465103680800411
?	262.4439641541037	244.31812871930498	76.42905379119067	225.13567535401114	530.843516360399	-3202.086465061327	1074.2082264071319	-15034.261787491865	16.78580719972555
?	267.39660352533826	-44.941626261350436	71.51789122096591	-245.32079595819673	542.217366013434	6546.729595836048	1234.1388581633992	20278.36716096993	12.104395781535457
?	260.19688284103614	-5367.932070506689	64.16301399328066	-327.6515088041767	858.1799961522061	5625.007125174675	2088.126584455643	6706.503414706667	3.5015897164000145
?	-1	-1873.7254682314285	55.13531578075684	-1.3441333067944847	823.4677222721717	-3312.236334417692	1569.4640288987373	-11617.823623770671	2.300433492629708
?	166.5106094294634	3157.3312974078754	64.09580732794093	273.2537282039915	692.5681794313191	-1289.2690813073998	1507.235403267101	-3219.271748782616	5.40151002792131
?	156.86656487039602	-3350.21218858922	68.79800219095661	96.50343551841336	759.0042682068008	4585.975309205003	1408.5004414596042	6723.431975078302	4.867419762789612
?	-1	-3157.3312974078754	68.92097910386167	70.04810277050822	921.8669448915725	5814.188829098838	1843.4070020210208	8543.700211167636	1.180704070812868
?	-1	0	72.30040732948207	-197.99667576514497	1049.7137096617469	3708.7146066023997	1835.685452017992	-1596.2994549503992	-1.3774791278403256
?	-1	0	59.02114531560428	-304.335112547165	1107.3026752216952	9333.321753173144	1763.5920292734997	3192.754160156296	-2.9147317001809943
?	-1	3691.4114942207902	57.0836517021236	316.1898550953693	1516.3797973204107	-11273.31948781621	1995.323160025809	-3095.9555988757315	-1
?	183.57057471104213	3389.998489534703	74.83063807037297	453.65398873062713	543.6367008308766	-21629.881128676054	1608.794249329711	-11649.186061751878	11.021546720202554
?	168.49992447673756	-439.2689947266098	79.76635113865528	119.27303181660251	434.88574088659277	-1451.3721714730261	1412.863856938207	-3381.3846389759165	21.88611639350277
?	161.60712497471133	4283.926325363026	80.79428966120318	-9.492063419244381	471.0680922572243	516.7017874174195	1439.7250173809127	461.9093726325744	19.796408231158683
?	382.6962407448919	6132.088916562361	79.29174796769306	-286.4417880922942	460.7208302574641	-119.68282124062796	1435.959325569836	626.8426750588744	14.47798645605809
?	468.21157080283376	1934.8824963574325	66.47220025658827	-438.9154054849276	465.0839511951928	959.9047856035111	1471.067151133857	2495.504019239239	12.879570941260567
?	479.4403655627649	319.68783306296245	57.345977693446365	-192.95590866271408	508.71606953764035	1439.638897229246	1560.7345265317997	4358.578868065053	-1
?	484.1959624559821	360.41546097877983	56.824404823452426	-50.106717375324905	537.0658960566561	3441.171918911535	1688.9960945371126	7471.196465356436	-1
?	497.46113861170414	-9703.919249119505	54.840641824680084	-119.40387290679043	680.7746654832196	2220.8011585846502	1934.2943497996268	7936.024150867785	-1
?	-1	-9969.222772233941	50.85421117811282	-136.0943832096405	648.1059539858902	434.8890806085507	2085.7973020805075	4858.194578313195	-1
?	-1	0	48.03592266419796	-85.75320290796176	702.5191195136474	1798.2290640219044	2177.20407871529	-1072.9392078078838	-1
?	-1	0	46.56655103271467	-71.46553599254956	738.0174071869867	904.9567087493923	2032.1503416901126	-6573.503421791617	-1
?	-1	0	44.46264586457043	-6.538916196175584	747.7669549511177	-3074.0077012320576	1848.5289076257045	-3509.402779533648	-1
?	-1	3171.004688620363	46.23960522290589	521.2284662766194	584.3170221253816	-8407.909488981699	1856.6802027134277	8910.543326834304	-1
?	157.5502344310204	3133.9291816023797	70.52406917840177	463.75292013168644	327.37148050202677	-5370.946898388462	2294.056073967426	9026.953375484789	9.907295756007603
?	155.6964590801212	355.8842864999503	69.42725122949054	147.38991808761386	315.76967720595474	1036.5025335158998	2308.0278714876736	-1742.4915417882337	17.34706947470368
?	175.34444875601818	283.2940544057629	77.89356508278257	253.44524186976295	379.1966071778225	4128.344951547629	2206.931496878013	-8744.691611001252	11.357710684867769
?	169.86116180040955	-112.58140507391214	82.09951332297887	68.82626373476442	522.1869247833391	437.5321161712333	1870.7932909376048	-6334.806023647458	11.009800287913404
?	169.7153785023225	23.56476269851749	81.33487826952084	-114.66356612084958	401.0732129863845	-3184.7619941044936	1890.1911956956358	2126.4580992201372	12.892503731840245
?	171.03939993533544	-403.3032589619432	76.3663350169363	-287.142562227789	362.9488250781122	146.99514789914267	1977.1161958986131	40.100311720674995	17.532896185721523
?	149.55021555422505	54.926327612855985	66.97775015813119	-271.67116171728054	408.4229703813417	471.8991219569149	1892.1962112816695	556.551303886987	8.166635027752324
?	173.78571631597828	1500.4579542782724	62.782776931072085	157.2060126629319	386.54378117595826	-1274.2586437124567	2004.9437610929629	6602.5633606111815	3.292441671986312
?	224.57311326813974	1085.8714430787863	74.8380507912779	291.17028538562124	344.71003819571797	-456.04018084426605	2222.3243793122333	-15883.79228914757	18.282996759163993
?	228.07928846991837	-9.010203388273098	77.34129120035335	45.82555925331653	363.74177213374463	100.12041928209413	1210.754146635573	-13538.731581596083	18.534118815493887
?	224.12260309872607	116.68292094394933	77.12932875394375	15.106045485684445	349.71605915982275	-511.6695707325455	1545.3878002324195	22078.10466178796	27.540865942798764
?	233.91343451711592	106.71463250211634	78.09659347463759	0.5038570773223157	338.158293597117	1038.6451373291072	2314.6593797249866	14912.721484003774	23.738952145923026
?	229.45833472383197	-752.9226086351913	77.15452160780987	-63.71995154072233	401.64831602627885	1261.1383569465172	2291.023874432619	-1473.5629036852943	20.502850017688207
?	196.26730408535582	-1434.8870124215944	74.91059589760143	-15.07918898259227	401.21521144444375	-1403.2914635694356	2240.981234540721	-5635.89813566248	10.75326975480139
?	157.71398410275123	-1268.6973346736354	76.40056215868025	-53.931507791282144	331.48374284780607	-1324.860551062798	2009.2289676494909	-8777.245243874842	10.59534076172869
?	132.83243735167315	5937.148331595591	72.21402050803728	-135.03801110332978	334.9721838913029	3049.813404330026	1802.1189723469724	-4641.424669600448	9.493079930493519
?	454.571400682535	7387.57740977686	69.64866160351366	-248.51997941455426	483.97441306430954	3291.476920103365	1777.1577341694651	-1668.2553745201621	6.698879795524132
?	502.2113078405214	1154.8021124816564	59.78802153730939	-73.68150047236847	499.5460298964735	470.3177052886509	1718.7062036209632	-3130.522162127437	-1
?	512.3115063066186	-4405.820229422386	65.96458657989518	296.2562966522669	507.4902983287424	344.20464562244285	1620.631626063091	-2053.9477344475727	5.512795232375089
?	281.92029636939895	-7554.3902439602625	74.60083636992295	167.5704456077786	516.7562621775959	-206.0692414552084	1616.008816898583	-631.2564914453834	7.946269570793308
?	134.59199410860015	-2945.89208212397	74.34310886028423	-11.66520643801005	497.18683625598186	-788.951740885973	1589.0688014908214	-269.99354844071223	19.284659372665782
?	134.62569226319837	-66.94867703981477	74.01757604802243	-27.282260276504257	477.3086751332967	-241.06111562492626	1602.5091394765473	-949.7567994038856	15.12978503728535
?	131.24456025660936	714.5536324974621	72.978995846459	-56.66532953061681	485.1337804747354	111.71301323287662	1541.5809615206265	546.8310041921782	19.637520232901135
?	170.35337388807199	6927.606564875578	71.18430957149155	-64.34684935980323	482.8943257949406	-136.25440634724248	1629.8506896861566	1889.6001824677937	13.658604461892413
?	477.6248885003932	5164.075937333529	69.7616533784688	-65.90155588662802	478.32106015737315	-924.4166941459098	1636.0609706440175	1338.0627711053912	5.852973800453194
?	428.55717075475206	-6133.880010170521	67.8892317771601	-124.85127584510529	436.67349108764444	-2083.413995354475	1696.753828241427	1363.950980466792	5.981679106417373
?	170.9308879918628	-5554.902010587187	63.51908958621344	-84.80503337467773	374.1503603896479	-1847.1573757672468	1704.258519667358	4913.1039993309905	1.7851474002192
?	150.81207022538877	279.89392932058536	63.64898010842616	146.8612939281882	344.3156222992808	-19.913633842114393	1942.40902820798	10628.28504744059	10.663197850021561
?	184.92558445789226	727.6776267568669	70.86215428262295	182.57725232947334	373.1546786975422	448.8039019643604	2235.672772039395	-6122.876889395237	17.990275026908613
?	187.19595156323263	-36.450467435320824	72.77784272489996	47.0990957204818	366.75581739749913	-174.21939357489217	1636.2651837382139	-2128.141029794748	17.66967799994661
?	183.1030610861262	-99.36822067757505	73.21710906864708	48.34501519687495	364.44370901879745	77.23124873114334	2129.265720549656	12360.068123987578	21.954438313962072
?	182.2275405293538	-534.0948619925732	75.19509348474374	17.192126758501768	370.61737983405635	-779.8724698278139	2254.2685899376015	1569.1205935657813	18.548275225238804
?	156.39831798649715	-907.321331582685	74.07671540657218	-35.01127333053297	325.4500855274062	-1390.292806837352	2207.7217502279464	-8529.845145351015	9.657931262143851
?	136.8614739502189	-239.40862357565265	73.44452981821706	-20.234905893871368	301.10273949218777	-381.5293882488143	1827.7763326700447	-7599.737214491198	12.09522130728196
?	144.42788680771434	968.3453549524494	73.0649701118786	33.99322250028982	306.3736161149652	1433.8653460068633	1827.734889503381	-3632.487604070405	18.704643938676636
?	185.27874169784207	1664.3087755157128	75.14419094323158	130.72024439314575	372.79600679253195	3078.0696620017757	1646.1519524665218	5532.820776217917	9.808623498205591
?	227.64332558350117	938.377708361123	79.60098233153597	-147.38297996618815	460.2770992150562	2286.509440200377	2104.375928314281	9255.7831277786	14.496918792026435
?	232.19762711589888	153.8888704074362	67.77504194492207	-303.30351163917607	487.1214788025524	147.9920165962962	2108.9411088554584	902.2452460864823	14.184353249013515
?	235.3377691038731	-4663.952542317911	64.43580674957696	2.861271532748008	467.6767000448711	1593.1279041944856	2149.4881906186056	799.584599568459	7.166160992963532
?	-1	-4726.755382077395	67.91810552155947	29.321592707717212	566.7778740122778	9876.399894122264	2148.920338833882	1199.7309759651591	0.44987702958864695
?	-1	3322.2348197449455	65.90188638496284	-23.38553314733725	961.4966947509913	1164.801230952375	2209.4747394168644	-7172.047218791834	1.8168555436617941
?	165.11174098724965	3026.3657100152145	66.74882886419259	112.20755743862878	625.0179355598974	-6571.356246653199	1790.3179778942851	-14147.462943322442	2.5990426851373702
?	150.31828550076287	-311.24549066289046	71.51226425689436	73.98533938677852	632.9288824183267	235.85874774322411	1502.1015922507322	-5757.861516888261	11.830562568969363
?	149.5494664541049	539.6389157648353	70.44809583353157	-60.51483137599546	636.8108729470588	-178.04344077936068	1502.424902049868	1243.397481975749	12.736140268099728
?	177.300231289005	1066.0368561101184	68.48652268809454	-121.5898526008888	624.0267103793585	-852.2846327523249	1564.2714663495206	2823.282185724025	7.434234456904403
?	202.85130925961158	650.5535445520995	64.36860320348704	-167.21300628035993	594.1966413094419	-1602.2137020352784	1643.5890113360713	1310.664555739499	8.298168466355804
?	209.82790851661045	-4077.0261851921737	60.12587237407642	-199.48110690036586	543.9160252775935	-179.84815099505994	1629.8046941364964	-447.77223294045416	-1
?	-1	-4216.558170332149	54.394547858468606	-116.97039878591842	585.2042337596888	1640.0827937451475	1621.2003996890483	5313.128707734979	-1
?	-1	4102.056145738725	54.27735243478042	144.54813702084388	625.920164964852	5743.15639288503	1895.4611295232492	14041.150877245651	12.84880470026366
?	204.10280728693917	3452.44841985025	61.6219547095109	355.8592119156679	872.3620534039444	2680.643435890177	2323.2579435513408	12384.622303684666	0.7155514359025438
?	171.62242099251495	-4102.056145738725	72.07031303056407	298.27400240105845	759.9523367593628	21554.685791066007	2514.692244707491	6963.056402493558	8.086361354020136
?	-1	-381.4011441654313	76.53565482956404	10.667448519314311	1950.09634295726	7159.671566502758	2671.4107636760236	-6010.025643144578	-0.12270229338453786
?	152.5523637842431	2741.789393355212	72.60368545652979	-51.329717210337385	1117.9359150845057	-31493.243755256524	2214.190962550258	-18199.8160841084	0.3054220614161123
?	136.08946966776253	-148.99683562325453	73.96916896904713	-92.44597478023746	375.43415519441146	-15253.341134220113	1761.4199594705908	-7296.1502031618975	10.165194358016723
?	145.10252200308028	709.9462814129522	67.98138671751785	148.30577696054706	355.26885837348925	-522.7492652182735	1849.383452392158	5665.111049764647	8.568144968909907
?	171.58678373841065	555.0589885507857	81.38445781707459	-71.97471347444929	349.2966919334974	171.069431689733	2044.6755119588272	3652.2385949246955	18.78918562988911
?	172.85547143061996	-3451.735674768164	64.38265104379534	-542.1060691491995	363.822329957976	493.5010916652673	2031.9953821383954	-1106.9143044846785	11.002187004526833
?	-1	-51.62748668425349	54.27915435961423	-75.16160590005562	373.97174651676113	13772.307288196338	1989.3297967345925	96.51929876718758	-1
?	170.27409709640725	3276.7341195919994	60.6245707487925	357.4020917252405	1052.4376943678028	6020.642710514896	2036.8213470767548	-9128.14889250153	4.414700831282935
?	162.8367059796023	67.90775123456075	72.14925894587651	223.61036436876824	675.0038820425102	-7750.730923562959	1532.9223521095096	-10070.502408640494	11.475332076572345
?	173.66948465813533	233.2622429170835	71.80508896723107	-139.39472219517597	664.9011481896494	-800.5562131816987	1533.296226644723	1313.5952939716158	13.138910335816183
?	174.49981812545664	-3493.389693162657	65.17952283611761	-84.92348971753181	634.9760713834247	1993.8196566937756	1598.6021168080913	7157.900001198857	9.64251280215793
?	-1	-3509.996362509083	67.55891448135442	-110.46678648162825	764.5921310243396	1914.5461758594229	1891.191226704671	4679.213149601398	0.8988282557772032
?	-1	0	59.65618351203612	-343.88205911781324	730.7033801763972	-1278.8346951436529	1832.5627742881645	-3999.44861894259	1.3859069939932547
?	-1	3256.5538346240596	50.364811525463516	146.052857582085	700.650396267156	-5286.42855686136	1691.2187957575386	-9908.750314263085	-1
?	161.8276917312053	2957.7725450218536	66.95882639114048	325.3292504094879	466.38195233332544	-3309.734052017369	1337.1252585750033	-9430.972091037527	5.5919097106571805
?	146.8886272510948	-350.2430157184831	66.63127404593814	166.04936225804656	535.1636936662852	2803.6592451285546	1219.6701912056556	5337.228426902922	7.516181924189715
?	144.3155409452809	-137.3912751675002	75.26129450404292	178.48002216282853	606.5649145897552	-2062.7598787160996	1603.9866799201532	12059.377290794157	10.397032539588821
?	140.01906349271968	-170.98377672845103	75.5552751540797	27.462165246491175	432.0256997304788	-4368.910545316811	1822.639055745372	11114.745736347555	9.389567214469567
?	135.76635210885823	-118.46622334871941	76.6344027663675	-139.2108870331134	388.1193873239115	-855.1850369793446	2159.723966737539	2113.5687970081763	14.409724273792289
?	134.09575232528363	39.67259220130985	68.59473080242393	-236.17853574390443	389.26644788151094	-861.0748903855497	1928.3174955957822	-2020.8575798561274	8.344527778322602
?	137.74998171892375	641.6268053776906	64.82547597917211	47.24688244608747	345.0656428046334	-915.0021631616739	2058.681087744731	6440.550037405332	11.971798189896532
?	166.1770925941686	915.7393062080923	70.95707492472833	161.62330499757869	343.5163397234266	846.5365516564912	2250.3449974660534	6300.728448453412	12.952034472607394
?	183.536947029329	318.01854810617726	72.90664122905116	166.84697646219368	387.39247038745856	787.5758005197397	2373.717510167406	318.4071162862756	17.99290468077969
?	182.0780199994777	-397.88952691703406	79.29942374783813	-12.915743184335996	382.89512974941414	1983.3747591024533	2266.2653532803674	-10970.432313244572	15.729525036528424
?	163.64247068347703	-3661.560399989502	72.26085406983435	-353.01795946103874	486.56120834258263	4977.27192363964	1825.1958945051697	-9628.901789814463	7.733715781736614
?	-1	-3292.849413669494	61.648525774785945	-293.64929812745044	631.7587259313997	2505.7515674618307	1784.8202637896375	-960.8561729722032	5.310065023254987
?	-1	0	57.57838916346162	-146.7542648232105	611.8487867156759	528.7769770706238	1777.1530858565588	3424.0919269281417	-1
?	-1	0	54.31081253362532	228.30739455707305	658.1975747849313	5950.25461287426	1956.024860136047	4728.819675036808	-1
?	-1	2852.588981283133	68.99375889131544	356.3526722814102	909.3615173593931	345.47420173061676	2013.5940696084026	-4673.850216402363	0.9216392227458601
?	141.62944906415868	2608.2611816761396	72.12844614769608	108.14761946723894	675.4712848714623	-5710.529412377774	1722.3323493159255	-11316.147417026958	1.8944131540102345
?	129.41305908380883	-359.5297501770176	74.40113986467746	-46.13213378405922	623.8350467405004	-2961.351593053074	1447.7866987570467	-6777.073755232949	7.666309191080939
?	123.65296155530754	-186.26491783573348	69.82183945849309	-44.55666406566075	527.4037052188065	820.8113812385337	1383.4786615542732	-2823.6140800382564	6.058836517911343
?	120.09981319202203	-204.82379486937583	72.17330666139439	-153.40005391379955	664.8756158024277	2958.4500981253577	1306.6059947551319	-259.9560635707948	9.072286338012605
?	113.4117718118386	-2421.9962638404063	62.151836762803	-303.991362311241	675.3262101250765	246.5435644744786	1370.4808583757333	702.7459265722828	5.363401605058287
?	-1	-238.6475216846384	56.97373854583213	-7.528671783324832	677.2027940261518	-1056.7278604717885	1341.7432910837465	-994.2879758325985	-1
?	101.47939572760652	1822.3914988314598	61.775403173636754	113.66454544396896	622.4898171014863	-33.261114262592834	1320.7664595841027	-6003.5659976403495	7.934398021615669
?	90.11957494157429	-256.98660935031376	62.656965818030656	-54.84638121396053	675.5397383130221	1623.0496705567155	1041.5649912017248	-3591.4468479427424	6.690704944580329
?	88.63006526009065	-1822.3914988314598	59.03308411293869	-244.98623304532893	703.6423006293232	961.9626129983885	1141.194117186963	6448.723562427562	-1
?	-1	-1792.6013052017875	50.407654165764036	-303.40012189824984	723.6378689629422	1429.1686299535788	1364.0011693231074	7558.414933121841	-1
?	-1	0	43.86307801802598	-82.94328820873612	775.1007321270032	3114.232653016444	1519.1148638430604	12185.465603946477	-1
?	-1	4197.531186758493	46.26048975532717	159.46994099837795	879.3495016137666	6107.302071031033	1973.27444952044	12102.66091988984	-1
?	208.87655933792766	4089.6818471634065	51.83657506794499	238.70900397831082	1080.4658356785592	-10386.37771516424	2124.247909837561	1320.1704280147208	-1
?	203.48409235817323	-369.2536223798418	58.19593995424288	142.48897027577013	360.03061585554724	-13990.979860886451	2039.282970921177	-3124.916776925462	-1
?	190.4138782189353	-215.94939313177497	58.9610235817336	-42.251645356623264	380.91684263422667	670.2177955428097	1968.0020709912858	-872.097289263403	-1
?	192.68662270158433	501.1397823976196	56.08335768641169	55.29269500991439	393.5415056326882	126.10333949875488	1995.6781064580061	-1039.8195235050969	-1
?	215.47086733881665	363.47969590985025	61.72565833222936	61.492486972637984	387.2220096091645	2269.933098807647	1916.0110948160302	-2467.8418233486914	-1
?	210.8606074970771	-4329.417346776271	59.15798203504363	-131.3627980003832	507.03816057307216	1732.1338473922576	1872.2860152905698	-1549.4586705159015	-1
?	-1	-1707.5546038072252	55.157518432210104	147.76160070160176	473.8287019787786	4045.4151909521765	1838.538161290234	-6381.152446791884	-1
?	125.48287730671463	2717.7991591414234	66.54606207012382	374.82148274043135	709.3089201206839	813.9135250220679	1553.228392950971	-4023.3885101640517	2.182510101347926
?	134.8899579570731	258.45247350251213	73.89859256923194	209.06799919043394	514.5243782298826	-5010.710961586498	1637.3687357820286	-1542.203892075514	5.723725980641175
?	138.40550098184042	21.482296280403524	76.99946202964567	99.53299776394005	458.7733720413554	240.36148723133124	1476.1181983471943	-8109.558590218374	10.994358666461544
?	135.9640727710933	-161.71512094807778	78.87524245742901	-84.90661501091431	526.5424525914493	1269.495715567837	1231.890806271104	-7548.959702598142	20.515636394715393
?	130.31974493443641	-119.9092258470165	72.7541312790999	-350.40420059688216	522.2481578197481	1420.0423633313746	1098.6702132172818	-173.28300014753248	12.605440504520976
?	129.9686114787424	3840.1970274757296	61.35503242758465	-157.47473410341402	597.5445707580191	-196.49018630072027	1223.2266562637274	1175.0261998225794	-1
?	322.32959630822563	7966.6185308257645	64.88039457392908	-125.17541640897782	512.423648504712	-1119.2296492329638	1157.4215232084116	1931.0528831274266	4.475046041436125
?	528.2995380200363	3872.8001781907933	55.09626160713567	-230.3636822681672	541.5830882963701	984.5758962300598	1319.7793004201	6300.053126443765	-1
?	515.969605217768	-166.12431029946939	53.36221046052056	-98.9786478250757	561.6524433162157	932.1918487977499	1472.4241795306043	5685.636683296799	-1
?	519.9933225050627	-86.49498955868799	50.14732921588182	69.59565519822917	588.1926807362582	-826.0285290954263	1604.061134584944	2475.6230125580864	-1
?	511.6448557398336	-211.4639671365789	56.841993220432066	127.76460443160462	520.3510168614438	-1707.5480639859843	1596.2053301585104	758.8541248024359	-1
?	509.4201241482336	-10252.897114796526	56.53555943746214	-72.22987707900995	502.8152775369578	-1058.36874382672	1642.0038408250664	2907.8247089528754	-1
?	-1	-10208.402482964526	53.23049936648152	-47.7103287126322	467.43257967010703	-991.115735807693	1741.5965656061562	4693.229335325884	-1
?	-1	19.999999999999716	54.1500430018305	-1064.6099873296153	453.25949074657245	-9348.651593402008	1876.665307591364	-34831.93131212263	3.408721599260978
