rowLabel	avP	dP	avI	dI	f1	dF1	f2	dF2	h
?	-1	2286.9074160902105	64.26973572013941	1340.251346127741	764.5271673281154	10368.39661112181	2047.7669800953468	28154.518033273936	-1
?	114.34537080451052	2108.9598843549184	67.01256730638706	-97.93892077997029	518.4198305560906	-5162.050207611875	1407.725901663697	-7828.280769995672	6.401538635095777
?	104.44799421774593	-2306.9074160902096	59.372789681140894	-181.23063812856296	506.42465694752167	647.7610527866384	1656.3529415955632	3957.2222455502365	-1
?	-1	-2108.9598843549193	57.951035399958904	-141.78607258235377	550.8078831954225	4650.247058574969	1605.5870139412089	4020.398272874332	-1
?	-1	0	52.28348605202321	-137.1315489757875	738.93700987627	5396.012607162212	1857.3728552392797	6591.89477497194	-1
?	-1	0	51.09445795116953	-40.58083854123013	820.608513553533	-1912.298128053456	1935.1817526898058	-709.1457191872042	-1
?	-1	0	50.2544441249617	-14.883517118357194	643.3221034735973	5077.247191940741	1821.9155692799195	3118.9383271932556	-1
?	-1	0	50.35028209525167	21.425875241264695	1074.47087315057	7554.6088509281	2091.1286690494685	7636.926019528575	-1
?	-1	0	51.325737887024935	12.26512709271518	1021.0525460200022	6293.27734468605	2203.761870256348	6106.765203560936	-1
?	-1	0	50.96353844988743	-50.22018141679739	1389.1347403848724	1528.2276080689783	2396.4669292275153	-2267.948838169496	-1
?	-1	0	48.81472881618507	45.71030122243026	1097.463926423451	-11714.477910293504	2090.3644283478734	-17437.19892814371	-1
?	-1	3027.2361822604007	53.249053511008945	371.05237155085626	803.4108448701967	-9830.913789446133	1524.606982820329	-19324.13999861259	-1
?	150.36180911302017	3136.456489045381	67.3673473937279	434.20220356684786	605.918236951144	-7644.019580653695	1124.157428417243	-7450.3571919265305	6.878267159637438
?	155.8228244522692	184.552326735823	74.95916368935136	85.18723398519846	421.2098658375116	-3427.0447241326888	1152.0891232240022	96.52851107557117	15.665435392007776
?	159.58942544981133	83.11454462938109	71.62670909298782	-281.52966986077536	434.5660007445094	4796.972972181315	1128.9838539710215	14328.152359586717	11.440839150793657
?	159.97855168373826	176.31002736106535	60.88268019631258	-14.450036420255673	661.0585144465775	-952.9346563541416	1868.4967412033386	14470.786285880558	7.081375147310075
?	168.4049268178646	-165.96016529497817	70.90420727197504	334.78838147040733	386.91926792680226	-6697.723954133163	1852.5231682650501	2372.4833817771673	8.227340627844612
?	151.68054341898934	-99.96565875994284	77.62209926983296	79.2869043360593	326.1723167399191	-380.8110679046771	1987.120910292197	1279.9587376723446	14.933558451075962
?	163.40664387986746	-22.373298298242027	74.86855248877801	-25.55046472621624	367.8787145315684	3356.7275329833947	1916.5211051486674	-11936.119861083205	8.515447560000414
?	150.56187850407724	-405.435818771673	76.34457603352215	-55.89188400108476	494.008693389089	5946.516157457172	1390.3149172380363	-20127.85808325884	4.251933088046898
?	143.13485294128384	-3031.2375700815423	72.07395828872377	-155.55492456268624	665.2045224044266	4548.3259835289055	910.1282009857266	6437.849152315815	4.000269358842604
?	-1	-17.224450273406532	68.56682980538783	94.71348096326088	721.4249925655345	-68.286396589915	1712.2073748538273	5727.8834113980965	0.7457321568283577
?	142.2736304276135	2927.8932938544717	76.80963233688682	189.67027409808009	661.7902025749309	-2921.408565076933	1196.5223715556317	-11281.91610235707	0.617286483670035
?	145.39466469272372	706.6971586710052	78.05034351029184	22.75434502938024	575.3545643116877	-2540.910999844209	1148.1115697359733	1475.109866737997	8.847987046007296
?	177.6084883611638	1506.8339807798393	77.94734958835583	34.11510776184852	534.7446525827203	-1642.762648081467	1270.2778648925316	-1266.2439545188943	3.5606568731284134
?	220.73636373171576	-165.30901205403254	79.75609889838427	-6.810607190894864	493.21643190761426	2328.434897029167	1084.7993720100285	-6708.335314726126	11.879168640694783
?	169.34303775846217	-1305.4561213343914	77.60681922881109	27.606908611124343	651.1663974341788	2279.571842345413	934.861099156225	2205.4726751661774	5.57729961910033
?	155.46355766499613	-128.2149756167006	81.13644432894049	50.16470308927917	607.195024024885	-2873.7169864001858	1195.0730057683375	10588.40550771792	10.163722148416543
?	162.93228897762714	282.4778766209514	80.11505438327505	93.7246649210143	507.4805481141693	1811.188022283962	1464.2813745421215	6412.107379759008	2.9842089355586614
?	169.5874514960437	892.7117740152679	85.8226775749912	87.9583688243985	697.7544251390832	3135.585490227547	1515.6783747562881	-2598.0700064804637	9.651479350325738
?	207.56787767839057	1221.8720407006692	84.51297282449498	-142.32892419899446	664.2598226255468	122.31327678935929	1334.3778742180982	-4362.081196216169	6.529570558093671
?	230.68105353107723	328.47967338824134	78.70623136504148	-39.72599694736768	703.8700889785512	-213.50915842968996	1297.5743149454795	7126.401815113552	12.323860804542964
?	223.99186134780265	-402.3482841096287	82.5266729771266	117.91926774461918	653.5843647040623	781.3835182467408	1690.6979649737762	4482.773682753183	7.414911085815123
?	210.56363932559577	-311.3679874285421	84.60219475227244	5.512144648712075	742.9392648908882	2700.9813280450408	1521.7129990831388	-112.36522310562113	10.405121888562217
?	208.42346197637553	-183.18546004365356	82.8022802095622	56.59134189337431	788.6334311063145	-666.6557279420266	1685.079703818495	-1586.8741102451654	8.887014558692162
?	201.4043663234131	-231.69709765556073	87.43176184694116	-6.541283844305206	709.6064784937869	-3217.3852993692203	1442.3692935708805	-4799.20817287622	6.34825089348153
?	196.8386070935975	123.6306729380185	82.47521601734694	-9.085307332028654	627.7641661378533	-4133.513865937939	1445.1192951746839	8336.126142573923	7.512434981159325
?	207.58589997031402	149.60520887362676	86.97749648033972	59.886918859203554	502.93078519688976	-3604.7020682266784	1859.175600699577	9036.674363025515	12.569680770381778
?	204.31886753727883	88.47599925955925	85.46956196030712	-41.2696679830432	447.5290627265192	-1776.3116793277147	1896.95301332596	4806.1357743828785	11.304042080937368
?	212.00969993329198	-149.33127128686974	84.91401308118756	-120.06604099517958	414.11520123050394	-287.7962838428617	2099.482389418721	630.792575608009	13.52060214051535
?	196.85230397293537	-249.6220893687442	79.46625991054816	-35.144139450890876	433.1392485343762	2163.2442625127687	1928.4926421063603	-7736.461744573385	7.536502815465257
?	199.52859546485482	355.95339372720514	83.15680610864303	135.10369972450624	522.277414356142	4200.582911228076	1712.6593021900533	-13915.587236012198	5.8615921047674835
?	214.64997365929557	262.9718352202909	86.22144489677345	9.31085364086133	643.1683940957793	3111.8660478967963	1232.713280305753	-6272.209960149867	10.478046259491437
?	212.67718722586932	-309.08805121355834	83.62234879068609	-22.462910194553352	677.8707167509813	-2765.774126918304	1399.048804182561	6719.562918378534	12.545178899503309
?	199.1955710986177	-691.7479369549559	85.09829938704579	-40.43981894299591	504.87968774986456	195.9471501746459	1568.6914262246785	8838.415363486965	7.520355431343399
?	178.08979037812165	-356.47300016659597	81.6003578435363	-56.61316527243477	687.6680742597135	309.23560841052443	1840.9695723569077	5170.707561381787	6.1833645242587965
?	181.37192109028797	319.18757862115	82.26764112342406	135.16414571369884	520.3414681703907	-4849.625890937236	1827.226804293767	-791.8660384038577	6.110824809577364
?	194.0491693091791	330.3685311950017	88.35856512922122	21.311540294731305	445.18677971285257	1707.5874666015209	1801.376270436715	-3709.043848052542	14.030662882116266
?	197.890347650038	45.43094707265953	83.33321813816062	-107.29935471986447	605.7208415004665	1083.4625463403772	1641.7746118911405	2925.8965789128492	7.413435838319819
?	196.32071666281206	-239.6942597723458	82.99359739322802	-71.74366038282412	499.35990702987124	-414.3019908829607	1947.671099382357	2318.1846789381725	4.315709444110256
?	185.90563466142075	-3946.4143332562553	79.74603511901943	-91.35750775421461	585.0057419563185	337.57233780534654	1757.6838458380487	-2836.7672149044583	4.711467279899393
?	-1	-506.0938157428161	78.4257220055173	104.56438846711657	516.2385239201385	-1426.182462229986	1805.8327386371345	-398.72434990354265	6.159533016473282
?	160.60094387428003	2794.6431514432543	84.97425454237524	56.766848355290364	513.6966188448195	1002.5413194299803	1737.7476283428716	-1954.6403193638914	5.0740310342396455
?	138.7321575721622	-698.110484338575	81.26406442328181	-203.92171039740234	566.3655898916373	932.7783128844031	1708.1007226689403	76.54453028827929	5.79929374876223
?	125.69541965735141	870.5479467046015	74.77816902250515	-55.676959682092416	560.3355344890395	-627.0042519181902	1741.5748548572856	2154.6486700551063	0.9798316010026049
?	182.25955490739213	468.3478890077543	78.4802164391772	16.200322486598452	535.015377295728	-2441.874971748069	1815.8331561716952	785.7518060888043	4.5011670371916965
?	149.11281410773904	212.56570287494034	75.58818514683507	-49.591093112253084	438.24178590163643	-831.2264213874671	1780.8624451617256	-4801.223772760913	3.1291545169891544
?	192.8878400511391	925.7356028231458	76.00066178356455	136.47911454887597	493.45405622635474	4390.636846815611	1575.7719675336505	-7039.63930096673	4.666793747500261
?	195.39959424889616	-231.58895726245785	82.41214087427885	20.663437954926355	657.7736282424162	3912.8970594851903	1428.8804801133904	-2305.9959375834833	5.656050849084009
?	181.30839218801626	164.49384572327463	77.03383368131087	-33.460709009363946	689.0989092006136	-2289.5111414574185	1460.4721706544767	-1244.7177790932253	2.075233156179956
?	203.62428653505987	708.9058694309832	80.73910542381066	174.90654110398629	543.2980711695457	-1580.4534565366055	1366.6445911587293	2833.223526413509	4.354544184643103
?	216.7536856595653	-53.82818077983605	85.77916073651015	106.16730693853764	610.0762363737836	1544.299766839889	1602.1333469751517	7646.178974621757	10.300242675142409
?	200.93287749606807	-372.5927043827058	86.04747077073752	-74.33939031828514	620.5130595115398	2836.3728653522217	1748.9535398898158	-2120.793151177439	5.094601988449338
?	198.12405044043007	-4038.657549921376	82.0621912205959	-139.6094771791356	751.8948796413941	1910.2194419689476	1496.09368941628	-8806.196927647125	3.311601370650498
?	-1	-245.42928634410688	79.06699691178076	-154.06483943068648	716.0240316099869	-1226.3926578065068	1308.6436935074612	-5495.49144749361	-0.8162337014455664
?	185.85258612322477	3817.075330007185	74.35894924906161	-31.59392440469145	690.575246751069	-907.2395776421022	1221.3191170416005	3165.5619532084233	-0.3208932092503642
?	189.85376650035857	-81.28906086952526	77.4873006915462	112.0051678775452	670.6620527278819	559.0377801530209	1466.9217911678818	6379.664536050673	2.199846413159417
?	181.78813307974852	31.606894968929396	79.95920764293885	-7.138059486438263	718.52713575872	734.7630886985966	1540.302343844133	271.50723075370576	4.672058826159958
?	191.43411124880504	25.209934023913636	77.13039771722428	-59.2959477648548	707.4002071628116	-1790.9710439093255	1480.497152705567	-809.8414873385656	3.6162923601983983
?	183.0486297809442	-704.2692669162275	76.99441025469612	31.493824334744257	628.978583563254	-1438.9125866059094	1499.8102694772049	1157.2123016515975	4.0941622125161246
?	156.2206479029938	554.9632558004688	78.70508893396149	35.374102468505114	635.4545778325164	2399.8033424368436	1538.3577677881467	-6672.514975596697	2.304082051856936
?	210.79679257096754	649.7270581614373	78.76311537812137	-85.43467033888165	748.9687506850958	2815.129292423015	1166.1845206973712	-9343.783493589292	6.575582361323758
?	188.70700081106554	-566.441237675372	74.43335541701742	-2.388498025053431	776.2110424536667	-3493.7887688776627	1071.1685931086838	2016.1408442865495	3.073083901112516
?	182.47473068719904	120.23888428256143	78.6436904768687	197.1393229924699	574.2793122412132	-2266.1945192382123	1266.9915629116983	10157.79028422738	3.5745887692112897
?	194.7189450251936	391.98756909231145	84.29032156664088	53.335992520547585	662.9013164917565	1514.0259535806863	1579.058107320051	7803.404562989931	6.24805118480085
?	202.07410914181455	120.53351522923194	81.31049010289607	-154.9675029250022	649.9806099202473	-138.69400844696932	1657.1617910611935	-3135.700247512352	6.012341510701603
?	200.74562078665517	-204.36898590213463	76.5419464203908	-74.63013307905355	655.966616069408	-708.3674190603963	1422.273094944434	-2527.5844330836117	6.498190543373765
?	191.85565984670785	-360.7309955289715	77.5789834489434	29.378174379437315	614.5622389672276	-1712.107127440576	1530.7825694070134	6404.281731120204	5.3569932744408915
?	182.70907101020666	-248.2615682199432	78.01085513936266	-10.098264877254941	570.3612596973795	-1238.9882348299782	1742.487181500443	5107.265957728687	10.832248080845405
?	179.44258143571074	-64.43983199046863	77.07407020508066	-112.24654579769305	552.6128272257289	-277.27417525927746	1786.1458672934468	971.5590485195332	10.899890255517283
?	179.48707941068324	-368.60086714398295	72.39852784947803	-136.13325447291848	556.4975509344157	3478.0281318732214	1791.0651339264195	-116.54872466149796	7.96362970443393
?	161.01253807851165	-276.0226619570606	70.26740748143476	-18.41960467055265	726.5142338193894	2252.4753776840193	1780.318431060372	-14152.732706105398	2.5962014380040346
?	165.68594631283025	189.8582497991374	71.4775476159504	-1.8823552589131576	669.1213198186163	-1944.8659931441216	1083.4284986211521	-12515.7843978146	7.805855943148056
?	170.5054505684685	50.002833028985556	70.1732897184891	-192.30126766955576	629.2709341621836	-226.08357663205732	1154.5292111696442	-524.7822142553396	8.413954568759488
?	168.18608796427952	-67.52091720142711	61.862484232472646	-202.00234117480363	657.8171409870134	6018.220077949742	1057.1893879083852	26334.195433308483	-1
?	167.12940470839715	11.570694269750602	60.073172659748955	151.4599610829252	930.1819380596696	-3231.282957654985	2471.238982835064	4732.774366025099	-1
?	168.76462267776705	190.22639798190494	69.43548228661888	390.5993607860141	496.25299310426476	-6540.514400572245	1293.8281062096394	-17402.121822717196	3.4292011733146306
?	176.64072460749236	347.0479289420258	79.60314069904959	87.96071353022145	603.1562180310585	2572.0636300232377	1601.132891699207	9881.849991043076	6.833150731422924
?	186.11701912486828	520.6604953484834	73.83351796312994	22.125961967867703	624.8561746054262	-2120.0648240079076	1787.9206057617914	3623.7294014577164	2.553669858947193
?	202.67374937491644	427.0942166922769	80.70943879744297	203.73778554396708	497.15297683066353	-2338.970312823215	1782.3193617720922	2601.4426790975494	7.319153912634706
?	207.47172995948205	139.54165331954349	84.02040724032825	10.18050227116678	507.90765896426586	-36.73239267970543	1917.9927397166684	2942.4295894772617	5.726932512947397
?	209.6508320408936	115.55577623433051	81.21846391100131	-96.90710785190908	495.31635719667827	404.6389085326794	1929.4408412459547	376.10660741472793	8.564623682838583
?	213.24951877119855	578.4830936132872	79.17505184773282	0.2540087238745068	528.1396043908998	2084.27209976725	1936.7980700874048	-841.0006756113019	3.8653659296538145
?	238.57498672155785	650.7491644187019	81.23116434719503	106.50204817850305	599.5299621850404	3310.7898975678113	1887.3908074653898	-11460.635678900444	8.760500270465487
?	245.78697699213353	-1985.2875440430691	84.50015425665795	88.44213050607894	693.6790992692897	625.8516624828644	1363.7662861423846	-6507.64715654273	5.1378478700191295
?	139.31060951940475	-2595.8380258265533	85.65327087249897	-55.9722494591218	630.8225453091835	-582.3835065088495	1562.0084496382544	3376.873747039911	5.062666388077309
?	115.99507570080632	-868.9762604021936	81.70154178370187	-66.34997805587967	664.5599239438474	-1184.9472548904234	1532.6099734943796	663.6369220079565	2.696796121708478
?	95.86179649929522	-777.1628718880472	82.335771969705	68.52328791958708	571.5751825646626	-234.71101874970228	1595.1902957386521	246.56918901851074	1.8588743501204106
?	77.1369321064041	743.9987308952866	85.12770617968121	90.35609487297198	652.8243730063623	487.4395971339794	1544.938432945305	3662.8514527336297	3.598616803118386
?	133.06173304405942	789.644611070885	86.85357671335358	-10.272649522551413	595.9471624213614	-1647.4380314361124	1778.332868375333	7693.968129599275	4.523959320038076
?	116.61916265994822	-2681.234660881198	84.61407370355364	-214.86889745755482	570.452471434557	778.3003105178527	1929.6368394252675	-1179.2442512311432	1.9528255654717595
?	-1	1794.1507852396514	76.11013184047587	-104.6895672623817	634.8621779472539	-776.360520520082	1719.370655813776	-1366.0131895626957	-0.6566451811867641
?	206.32670192193046	3915.6159187206645	79.37959534043458	34.097260751379515	531.634445408553	-3787.674089127022	1861.336179947133	-2136.429712384764	2.865057284806661
?	194.78079593603252	-277.12034960246154	77.81499487804484	-128.6844549474451	445.4784734909035	-1391.39037038024	1612.5491701945382	-7496.710140649101	5.924615593473961
?	192.47068444180744	72.55779396151266	72.94537259306235	65.9214216754122	462.06492688954125	-124.19809614164977	1486.5006729146792	-783.724945770562	5.98244449777588
?	198.40868563410814	-8.330505676005403	81.11106596181544	112.08358018451787	439.26856868382106	-712.2619070622252	1573.3629229060102	3776.4464120453385	18.588139784387188
?	192.05415915800717	-96.41368990878766	78.54955160228822	-194.04232379582066	426.4518315364301	-394.71407063835187	1675.3229935169454	5640.96582277232	10.454439793550321
?	193.58800113866877	-3861.083183160157	71.40894977202444	-159.55488343849765	419.53286515190354	15053.585526919758	1855.4112140446252	11672.069536496638	2.186711108042256
?	-1	-3891.760022773389	70.57180743036336	25.876861847702152	1179.1311078824153	26418.754453140977	2258.9264703417753	18093.973546018336	-1.640013345444278
?	-1	0	72.70279286440955	9.167972744929248	1740.4705878089476	12041.362259806976	2760.109891345539	10516.353322032212	-0.22101226872195454
?	-1	0	71.03020606760983	-132.03301250701023	1781.199220872762	3763.4652166043174	2784.744136443384	2121.792477049929	-2.184604622221701
?	-1	4173.596271392373	66.10114223905906	114.07272382622536	1928.6438486391628	-19729.244618326353	2866.199515198035	-15277.71002840192	-1
?	207.6798135696179	4176.278828115931	76.73384225892107	297.417942575326	794.7369899564479	-29795.169085518475	2020.8586350232906	-26143.02720838114	9.01179177099485
?	207.81394140579582	57.237727623329626	80.9720393678253	42.336351601882576	438.8853943632443	-5980.32306532323	1559.0481547789827	-8636.162684467952	15.485184863940844
?	210.54169995078436	-453.06251432224246	78.8506598390152	-128.76853238044208	495.72083669028746	6278.0712721710015	1589.0505007998945	797.6873101019447	8.984450381228982
?	185.16081568968377	-447.79307683439515	74.53361274880322	-123.03821210270387	752.7889579717933	5589.434625194155	1598.9325202840798	-14341.128215130122	6.490122286300266
?	188.15204610906468	56.5935303683934	72.69874923388002	-66.75107240958506	775.1925679499942	-1784.1773204474425	871.994090043391	-1362.2027044327754	8.140212718704753
?	187.99049220810343	141.85128798329964	71.19605912832398	154.79171515211473	663.5800919494214	-5934.217391473534	1530.8223850624413	16267.597129153854	5.259458999184916
?	195.24461050822964	-20.23411655221544	80.43833499148573	24.875567935591878	478.48169837631855	-2717.4618267127953	1685.3739465010808	391.15666266579547	13.53015001057491
?	186.97878638049266	-162.906542449972	72.43983752510357	-250.55961555810828	527.7070006137822	1650.6744873130517	1550.380218195731	-5037.5576475143225	5.164841547838309
?	187.09928338573107	159.65892362223713	67.91035421358036	44.95252701928551	561.0154227419708	-873.7641907666576	1433.4960641253656	-3168.6407563640137	4.808720646192143
?	194.9617325616045	538.1329912226468	74.68746387606784	287.5730381594481	484.0187910754494	-1499.9020158804121	1391.948180377531	1414.5764143734964	8.552688421808574
?	214.0059329468633	39.7231712112206	82.28900612155272	32.890536612642165	486.0203219479505	-259.86163810277935	1504.2248848440402	2368.939783976561	16.843441528460055
?	196.94789112216552	-1986.0817318964712	76.33199070669994	-230.7512490405014	471.0257091703105	1462.9664943394557	1510.3951695763585	-2495.9692247986454	6.546377711601122
?	114.7018463520401	-449.1280389093872	70.75144366952769	-96.49265374122854	559.168646664923	1658.254140484104	1379.4264236041083	2750.4588810529735	4.439684900166565
?	174.49148917669623	2095.298594640077	71.50735801963853	247.05836385616922	553.9384161945154	1002.4045590741993	1647.9181136290067	8128.177637317537	1.8089095116778233
?	219.4667760840436	-17.507016104993404	83.1043618623361	143.71650938978684	609.2888746186328	2623.6830846709267	1785.8353054699837	695.9737363942011	9.742432210314451
?	173.61613837144657	-653.9761487106733	78.69318348912785	-120.33471368157521	685.1225704280613	-1599.0950599922087	1682.7168004487166	-2636.342849009216	-0.1401365321225222
?	186.76796864851005	506.4965052711831	77.08762617825737	-31.208499334927748	529.3341216190227	-5237.136795584129	1654.0181630195234	2334.8117244275127	4.378020364822875
?	198.94096363500563	370.05381691574445	77.13275852238147	27.675431660965828	423.26573064885577	-2094.5804095664475	1799.4573866700919	10797.491642284887	12.685021368887067
?	205.2706594942972	171.36914072267078	78.47139776130565	-53.43554602101212	424.60510114070064	208.36962912428208	2193.892745133766	7273.431993264424	13.365346129908977
?	207.50942067113914	-77.45189927109463	74.46098122133087	-100.417574607769	433.68421210506983	-865.9400103313802	2163.128986333312	-25.480015453158646	12.933175211265425
?	201.3980645307425	-366.07990280517146	73.45051903091722	-68.78066112138977	381.3081006241318	-909.6085479090093	2192.618744361108	-282.30672686132596	15.213707830299938
?	189.20542553088063	-222.2391282003914	71.02194816526139	42.37539082183603	388.2037847096195	2626.132193393261	2149.0136499902455	-10351.996725640383	17.609384626623456
?	190.28610812072296	-118.73513987378814	75.56928857200902	233.86803808885188	512.6147102937944	5915.375740229407	1675.0189080790906	-13800.869391231949	6.825078997776472
?	183.26866853719125	-170.25829387422166	82.71535006970395	-113.3009529060173	683.9725717210888	2651.543664762269	1458.9701804286506	-5917.764624232757	15.471227750732888
?	181.7731934270119	-30.249709136586596	69.90424092670817	-91.94877908679648	645.1918935319073	-2013.5276131351045	1379.1306768674538	-5459.223574696685	4.88626664630226
?	181.75618308036192	46.66901197022087	78.11791111536414	259.10545835066847	583.2961910643339	-541.9862572482585	1186.0090016938173	-7818.480306270251	9.022207580993896
?	184.10664402552294	165.96180026124617	82.85951384424155	71.14133945022186	618.0925806694945	425.52230746231925	988.2066615539426	-3651.5392797650175	20.752354669830744
?	190.0542730934242	220.47149692242294	81.67497808787522	-60.19150511861788	604.5723064374498	1153.1674891466305	1003.432037705567	3184.605128088092	16.240537257440444
?	195.13021887164405	-367.15509085224045	79.84993858831066	-164.32808745676485	675.7509551268258	1265.8688422339424	1147.4369179583466	21334.97498331228	11.735115088991147
?	171.69651855081224	-598.8052190788123	73.458573715037	-102.0521425490899	667.8657485491467	-3351.544299890106	2070.180786871177	16081.886792294283	3.0460969788648855
?	165.18995791770354	-163.97704162383832	74.74733146085619	81.06755286014078	508.17374013232114	-1689.7432258355766	1951.531257573058	-7307.068812277634	8.631198729662332
?	163.49766646962036	-148.93325146555807	77.51195135804403	-103.68002193303718	583.3785872573682	2716.004903649534	1704.8273462572968	-9906.298124945804	10.78416422260516
?	157.74329534442566	-86.21150369063943	69.56333036420435	-320.91894636896654	643.9739853147974	2789.5768254249433	1456.2163513257694	-1313.829824205441	5.5710127834535115
?	159.1870912850884	-3174.8659068885245	61.46600403959576	-195.53223928065887	722.8574285286148	610.1728832015373	1639.135855047025	14318.77447353263	-1
?	-1	558.914579476615	59.78671840017144	248.4502277943088	674.4826294748741	-4723.796698125921	2172.1550750023985	5912.223283921633	-1
?	187.13282025891905	3308.707156884773	73.88851542931116	179.3893554727146	486.66759362231966	-4704.529085290455	1934.7470192431056	-5536.497875537472	9.808571422451566
?	164.43535784423807	-610.0688222638881	68.75618617380714	-127.77958058978999	439.2561752103522	-2592.6145115089357	1895.3301812255258	264.4714224965365	6.061633154278997
?	156.62937914572476	-168.97758916607987	67.49953639982168	57.5991143215193	357.03686804687334	-1388.047905903989	1947.9705903679323	-3508.467783824088	14.810136286094023
?	155.9864783859341	-114.25462139530323	71.63614188988309	-36.385925117561854	369.853779915153	1208.1322412466873	1719.906792034322	-3559.9847181124314	16.70800014871518
?	150.9166480759596	-3139.7295677186935	65.68024014394359	-157.22655697453334	417.4434801092075	18277.661735540678	1769.9713544623114	15293.379274613457	11.063580832095607
?	-1	367.2665713838957	63.77481404115645	47.629890713794396	1283.7368666921836	15819.544900742332	2484.575755764992	11480.635016549108	-1
?	169.27997664515433	2946.6322876115887	68.0617346796333	133.6841890817792	1208.4207251463213	-15745.973818840113	2344.003105289765	-11426.565711007119	6.134862924780762
?	146.3316143805789	-989.2385953805147	70.45902349524539	-34.473591889267944	496.43817575018085	-14472.095227153173	1913.2474702146383	-7508.113738728665	7.099495514721006
?	119.81804687612878	-590.8852583968716	66.33805508516991	61.382242945054706	484.8159637886652	913.853067217817	1968.5974183533328	-6710.593062205713	3.0976046704669957
?	116.78735146073544	-224.76587513598668	73.52813564249811	102.83090379961104	542.1308291110715	3543.5628021693446	1577.7178171043538	-12521.846466125133	10.649863481733087
?	108.57975311932948	8697.120486280945	71.47960027515045	-137.17843491508197	661.9941038971318	1216.036957134356	1342.5050950470784	-1208.0084045152942	2.5354550742284427
?	551.6433757747811	9008.343966333994	66.66921389674404	-158.64191829105138	602.9326769677891	-177.47679646924388	1517.3173968785893	4491.118621778849	2.204944012968518
?	558.9969514360276	-8678.819285165313	63.547504360597905	27.459353518914707	653.1202640736697	-442.05209901378953	1567.06102613602	-1583.9197957419822	-1
?	117.70241151651703	-8888.101396704074	68.04218157268977	1.7927217526243766	580.8300720170997	-3107.0335122466636	1438.1214070914905	-3993.2509338463638	0.037552995438973946
?	114.5918816008176	-2374.048230330307	63.637140448229125	-154.70131660796292	497.7685884613343	1720.1121110301328	1367.398479443699	-768.795191238758	-1
?	-1	-2311.8376320163193	60.307115742291515	-128.5067896678581	666.8356775686076	1618.4177280643482	1399.681647529552	7062.633109791705	-1
?	-1	0	57.21180096483613	-10.2034572748974	578.6894748645528	-3713.380176644659	1720.5301349332892	13144.507273863692	-1
?	-1	3042.314398650267	59.79694287854664	346.9150420777409	481.166668736372	-1180.350280867498	2056.907011222746	-6816.21841824928	-1
?	151.1157199325155	2977.8169687626832	74.55755306872342	386.4768313069687	519.6719608211771	3172.1837106871913	1379.7192140208203	-14640.601442399859	7.0112239983935405
?	147.8908484381363	-200.13575033338554	79.12078444389535	81.95735050135025	639.7758542707338	1856.3109953584476	1324.8769391027427	-2878.4695526268843	18.73339525914472
?	141.10893241584608	-330.8127843933674	78.65542059379099	-21.303064758598094	612.4875105891008	516.1398872365447	1235.795736389474	-7182.904488805655	14.824538555117092
?	131.35020921846768	3671.4449640573935	78.05563120596543	-217.2240481134037	665.5828486325614	1582.1949073641306	965.7317146624548	1885.1918860843357	10.820106868938723
?	324.6811806187184	5677.354232491807	67.79421818812065	-243.2912058922812	691.5972559573085	-490.38199752523025	1330.0553306936922	8246.288541712622	3.3956274971243254
?	415.2179208430621	-2896.9946434308545	65.89107091135119	119.65185187049684	641.0637487562996	-1481.445180800012	1378.0461417480917	431.5554327577804	1.1002965916197365
?	179.83144844717359	-5863.638877450013	73.77681078164558	146.42416194340703	617.5249969173068	-1456.2901906210252	1351.6331023315815	-8649.420817196758	10.683527537056502
?	122.03597697055727	-3616.62896894342	73.21227900852165	-283.9629753103724	568.2492392252473	547.9933980948013	945.5751008882477	14384.226890990127	15.557316031480564
?	-1	-2460.7195394111104	59.578662016126756	-386.5361872230779	644.9246668220472	721.8616303462761	2070.844446881098	17546.466694627597	-1
?	-1	0	53.88546964736748	-171.94640231009754	604.3423207425616	1405.9233940497033	1822.89843561964	-5661.210685924295	-1
?	-1	0	50.98134190062176	-91.06725841077021	715.2208365245334	1947.8056921626098	1787.7839125848793	764.8421894732683	-1
?	-1	0	49.332106726828904	-93.09259343245965	701.7326053506935	1213.6507507178167	1861.140545093304	4079.5093697319194	-1
?	-1	0	46.32671222899871	3.1647981476794036	775.9033740604251	-81.59485464126757	1991.7593810714782	5791.169098802957	-1
?	-1	0	49.49034663421288	556.1718211644551	697.65286261863	16223.912989146384	2150.699000033456	16133.409870439038	-1
?	-1	0	74.13530328722186	409.1507785704198	1587.0990235177558	16292.00825846962	2798.4298745934416	8519.64838112836	-1
?	-1	0	69.94788556273416	-207.5705577868246	1512.2532755421225	-4469.871018261842	2576.68141908988	-9993.820263331703	-1
?	-1	2789.9056848558425	63.75677539788048	-135.5816513318445	1363.6054726046605	-9944.217688674065	2298.7388614268493	-13876.893322915888	-1
?	138.4952842427941	2941.8359217621933	63.168802996141835	177.92038926296232	1015.0423911084122	-18072.638114554968	1882.8367529440757	-24054.089762421405	3.49259661152512
?	146.09179608811175	2365.651844903949	72.65279486102872	137.82427114733227	459.97356687689916	-8425.623866768841	1096.034373305762	1712.248338047819	9.234235857587159
?	256.77787648799324	5101.628087815376	70.06001655350855	-34.76252130840727	593.7611977699642	-1216.5389079772158	1968.4491698464678	15691.716346044814	13.322822389231547
?	401.17320047888416	-1635.4897039322032	70.91466879560834	92.13413998478796	399.1466214780375	-3868.153731659698	1880.620190608014	-5484.143385491851	12.169226840255314
?	175.00339129138192	-4436.338266665956	74.66672355274801	-183.5300733661277	400.3535111869765	716.8868654540927	1694.2420005718714	-4258.794063567555	9.960019545455866
?	179.35628714558317	628.9650638485297	61.73816512730182	0.3726438582128769	434.99096475074265	1072.5971856254598	1667.680487429633	-4118.24003106543	-1
?	206.45164448380885	498.8734224802178	74.68535574565865	381.9550884369634	453.98337046825026	2107.7963839974072	1488.329999018597	-7462.388514571115	5.757193834880884
?	204.2999582695944	-770.4222258775501	80.83591954915026	32.81021993473739	540.3807839506145	4842.463694536657	1294.561061701072	-8224.224373453792	14.681263092428253
?	167.9305331899308	-1339.686449365071	76.32586674239555	-82.06516168409732	696.1065551950866	2505.212697822877	1077.1187803459015	-3572.322589489353	4.522682810326481
?	137.3156358013399	-799.5815682096469	76.73266146494534	-114.49030597047178	665.6414188417601	451.81114573175176	1115.9449322266018	2073.3505651950895	7.884547824403413
?	127.95145477944789	-762.6955855444728	70.60135144387188	-194.02407246788394	718.6971124816745	1986.2766635873086	1180.7863086056575	1976.4845298923765	3.2603774715465157
?	99.18085652411573	-209.57293195718606	67.031457841551	17.84877009687111	764.955252021127	173.5039771133095	1214.769158721222	1539.5446195630948	-0.8222814155079682
?	117.47280818158843	-2003.617130482286	71.49378994871545	-175.19078112203408	727.3723113373401	-1231.4548491314993	1257.7635395838133	-97.064030803293	5.861969530804455
?	-1	754.4366560522443	58.271918785449174	-157.27645948342757	703.3825095645511	-1116.1036046071217	1209.9159571810574	3318.2114507431224	-1
?	155.1946409842012	3316.484340494889	63.629966974543954	416.3605249285087	671.5671311069832	-3503.2246552998213	1423.6741121209718	12974.331201977591	2.4024100262959287
?	164.8242170247468	518.3344186112794	79.0899450318749	110.93766784772298	528.2212767995576	-1076.08161490844	1858.6325172799461	5972.21384621115	6.857869823963297
?	181.11136191476552	-3316.484340494889	69.17685036693018	-163.5765544461608	617.7630503615604	8228.57569654773	1722.2848044315335	2126.7089246476116	5.86777597021827
?	-1	942.6758064014003	70.91111730956675	-7.692681229659574	939.65006162695	11158.674582562424	1964.9679635123282	11145.257339036289	-2.8298076559206895
?	228.2451522348362	4369.786465862282	68.7922163054472	162.0813826032926	1175.6967794896896	-9138.568864211187	2279.547671383356	-12693.155672003319	-2.379221043263974
?	217.4893232931172	-464.1378848006385	79.0151864397315	171.5015949481629	482.72161841638416	-12564.24351856696	1330.3101799121532	-18239.885419090217	14.871737072731694
?	205.03825799480396	-967.337216176109	77.36729605285547	-136.68944379384845	547.4846035613326	-484.3796947953353	1367.5534004288322	3801.788379819814	16.825315098151655
?	169.12246248431106	-1566.2821719233996	72.18071425003897	-132.81493363613305	458.50263367661705	-4586.869018638638	1520.3995989031466	1045.972721325919	6.314802547119338
?	126.72414939863286	-1124.6784271193658	70.72654937104872	-192.8483436951414	318.1411526293974	-323.95903875735365	1419.852036495129	-1181.1894340885706	10.181365915534316
?	112.88854112834197	-2554.482987972621	62.53829706528177	-354.42578619202044	442.30468173874914	7011.187204946134	1461.3401271987173	9354.951515702504	11.998015257322699
?	-1	-2277.770822566807	53.005260061447444	-176.97283357808138	668.7005128767091	13438.55120756753	1887.5996122802608	12355.043777890593	-1
?	-1	0	53.689655386377574	-36.16750464379754	1114.2322421171352	7799.131148574418	2079.0923160932557	861.7139185301689	-1
?	-1	0	51.19688482925754	-81.52747865175013	1058.6570703054356	4362.630421506994	1930.6853082067698	-304.2891413351347	-1
?	-1	0	49.61328145379001	48.616194296789125	1332.363763192488	7761.76455944871	2063.8778590264988	9428.981536334775	-1
?	-1	0	53.62769454409703	35.51858558030637	1446.7452982778766	3967.503380974261	2402.1343850235153	3279.693727694056	-1
?	-1	0	51.38921073280535	-64.16708335822074	1530.7389322412039	-7043.667445480419	2227.862545411204	-6838.1626041649115	-1
?	-1	0	50.41934037618595	2.3885012673047985	1094.5619260038507	-10576.939054137736	2060.226254815265	1079.49686029808	-1
?	-1	0	51.508635796170594	65.03900645167512	1001.8919795343096	861.5746137381134	2281.8373884261086	5139.838905990064	-1
?	-1	0	53.67129069876975	-37.734330956173245	1137.640656690757	910.6237344027143	2317.2182001147717	-394.06136790323563	-1
?	-1	0	49.621919248361905	-122.55293974493323	1047.423166254446	-10519.561822805314	2262.1343200309466	-7295.850156695711	-1
?	-1	0	47.543643711523	8.78157094870149	611.6625655504838	-4210.520219628796	1952.425692279981	-2236.6256550836306	-1
?	-1	0	50.060997795796986	164.98095150222292	836.8971552730031	2513.45614526716	2150.3030372767635	-1984.9585535647966	-1
?	-1	2784.451850838609	55.792691286634266	259.94030877403077	737.3353728138436	-7219.131087508455	1853.1777646017397	-10481.061072769355	-1
?	138.22259254193244	2834.197193699222	63.05801323449871	292.03317483426514	475.9406008975753	-8124.030789399174	1626.2499836382883	-2509.9041956293113	-1
?	140.70985968496313	33.812759319778905	70.39435002834773	265.62285905674975	331.13383334387913	-1377.9346770185348	1727.6825548202723	2075.251143601206	10.44182280970636
?	139.9132305079214	89.05788275581061	76.33915618733639	-13.272694112944333	407.04386704664756	1099.2903566201837	1730.01254081835	-868.5840532725628	17.475169893449593
?	145.16275382275373	659.0957992793827	69.7307153227005	65.51746255183124	386.0983511748891	3116.668377338076	1684.2533521566436	-8361.350636830903	6.151410750426273
?	172.86802047189101	663.9603824832093	79.615029314928	94.34415276210254	562.8772859135536	2952.409987325681	1311.945008976799	-8217.682392937251	9.9116867676173
?	178.36077294691466	249.01047648293897	74.4479229608057	-91.98524769946727	533.7188505411752	-1712.7356924792475	1273.3692325097752	4673.686868985439	11.600919200059925
?	185.31854429603814	276.62880420251844	75.01576692995457	160.1571766330764	477.24050128959	735.7393929372424	1545.6293524260743	7921.550122191689	9.553582977693305
?	192.19221315704078	18.071443010954653	82.45578179245963	17.431799128915237	570.5058201880379	-884.1568827001571	1669.4467386193653	3465.7193167095247	16.298217958505784
?	186.2221164465859	-176.61768467136005	75.88735688640034	-285.00904097325326	433.0326571545815	-4812.488106646246	1718.915318261553	1779.735821970023	10.382868007178162
?	183.36132892347266	189.79207907200546	68.20532974379677	-61.29128271920505	329.8814148557222	2778.4968649699344	1758.4335297178677	4090.8719065557634	5.20670458149962
?	195.7117204001863	182.62161441459878	72.82279275044004	154.62205132798354	571.9575004030802	7256.995344759698	1923.458913589344	-13140.366044158782	7.288877986261051
?	192.49240964420272	-330.5337097337654	75.93643231019605	34.274517810465646	692.7311820937123	2855.3372887658684	1101.4152275099193	2812.1825219583307	13.257279830452362
?	179.1850349134978	-878.9724546091208	74.53651864096335	-73.42897424687872	714.7243648413756	-3222.7104310646537	2064.0680396872626	2934.711429003036	9.355175349317305
?	148.54378691374606	-977.9166465954021	72.26498359785207	-260.87880693784354	531.5956605404773	1051.0983937965452	1248.1507989600732	1337.4181286533521	5.601125024836856
?	130.289202583727	381.80741917262395	61.49257829407099	-66.4786987507724	767.2792845312036	-1577.3127774216132	2130.938946119931	21142.388620682766	-1
?	167.63415787237753	562.190943627524	68.9410486603134	238.1222567626911	452.7300216693955	-8567.130460842565	2305.2702299942266	-5533.527806901087	10.669947311135681
?	158.3987497651036	-321.7210728168112	73.39869113220571	-80.82205143807668	338.9227614890693	-2230.404122956197	1854.262555774873	-8672.846984972339	13.582357057006595
?	151.54810423153674	-202.1006247802779	64.89994608840951	-201.84198569322558	341.20981552158406	-588.2422717716584	1871.6278807456035	-708.8259600641403	-1
?	148.29371852608955	206.0978266429111	63.30659184754429	122.10068564498582	309.51064790048594	-286.66796347720197	1818.8212577716654	3720.979405900477	-1
?	161.85299556368244	286.412248753574	71.00498037065889	160.89812907544527	326.87641734772376	545.7817199763977	2057.67685104063	1297.0165096436174	13.4256809420154
?	162.61433096376845	135.0308746391412	71.35149830131667	129.81204717000665	336.7997338993062	1900.6796709885	1883.6720832538472	-10122.901059707088	12.937948252554952
?	168.6045392956396	136.1304159203812	77.49558272915931	111.1382721742727	421.9104008971501	4451.784308022592	1551.5317980552684	-13678.487354200326	11.115852799472203
?	169.4208517597876	61.137012974159276	76.90841191003038	-90.827424961234	559.388949300439	4258.716517018075	1199.7477155438212	-11185.645925361547	15.621843203285545
?	171.6613899443476	58.17063113493563	72.95421148109755	-77.38583082140313	634.8462267480569	1986.3592240007792	992.2495017871831	-7028.001373665916	17.23414519379611
?	172.32938331653443	-95.49986830910122	73.03912036896017	-121.81973387512639	658.7069105004794	210.5358789629183	848.3476468605204	-1771.6754101584636	19.334274940024336
?	166.88639652889248	-1737.6750845706576	66.86322478734114	-234.217452275716	645.373020696203	-3168.556116971214	903.6657312792587	2217.025611555578	13.475042144124593
?	85.44562908800032	-925.6522643514099	61.3282477551742	-96.29052749040986	500.2791046519164	-6405.4814770651	959.1989274383009	3486.373345793957	-1
?	120.60378331132132	762.8735143282222	62.04869841282058	95.96480054985341	325.0989468429434	-3436.1328895261045	1077.984398568959	22244.844680531543	-1
?	123.58930480441197	38.37394007235789	66.12648778266694	151.96916047333812	328.4724601756087	-634.8243602319623	2071.441161464894	19217.535575887596	18.302463006593143
?	122.52248031493924	-45.73796828478968	69.64715643648759	64.0904285394833	293.35772883134484	-534.3498624731584	2038.8611773633525	133.5429738222846	21.2555275495448
?	121.30240639017245	-72.21175194259769	69.33100920964115	-52.98192724110787	301.7549670519504	769.1299812155107	2078.118310156008	1142.4303334665658	20.731179365261937
?	118.91189271780931	-86.8710961315738	66.99806007443216	-24.918210527502467	331.8142278921209	766.0425134214795	2095.9826940366816	-2084.537625648702	20.155176890978062
?	116.9588515835937	-41.647895213657456	68.08509868326601	26.169060005357405	340.05709272302494	247.97081641452212	1973.8914288735716	-3430.370824766966	20.945981147014088
?	116.8294979571264	-7.764314721664963	68.30651307470005	5.25728141695701	344.2127687128472	105.9903477506858	1924.4641527983308	-2286.1294571264348	19.199475256300467
?	116.57063584751045	-37.18956654808015	68.34796275411387	-7.01411450295457	345.3566101105593	4.831589906336762	1859.5849560172483	-2377.4233421033596	17.407001586574665
?	114.97001962972237	-6.2215258339568	67.95580734955232	4.119219753271123	344.45434820816405	43.814148828186546	1805.5929856931612	-1461.1672996974014	19.15874778983867
?	116.2595595558126	-16.65406829730789	68.55392374177743	-3.4471900252037324	347.54731755196866	61.90574543529604	1786.5265910323772	887.8571997002665	22.200840704459043
?	114.13731621485697	-21.444816857825778	67.78344784829213	-21.754862769223823	347.5496354799289	102.93025947770242	1849.985845678175	297.57011442077817	18.976524007650724
?	115.1873187129213	-12.736076792619816	67.46618060331622	-10.228100640619143	352.69383052585385	41.94665551836292	1801.4050967534163	72.07309075869841	20.092530494542576
?	113.50051237522597	-41.16040484440644	67.27204281626116	-24.45401048886361	349.64696825584707	-86.20457363405868	1853.58950021611	739.1261309487604	-1
?	113.12929847070095	-35.51828434817174	66.24348007887302	-55.29866554225044	348.38360184415086	-99.63695205575249	1838.3614033008548	-714.3151343278431	-1
?	111.72459815781735	-2282.5859694139863	64.5071095391486	-65.0237874290729	344.6651206530594	-528.3162402635826	1817.8737434997174	-748.635842369252	-1
?	-1	-2254.4919631563153	62.99229070741933	-123.24335911847679	321.96778983097136	-1418.1536613106484	1800.9296111823917	4561.643411357731	-1
?	-1	0	58.344941583224674	-174.69986942507626	273.75743758752594	-657.8458221345748	2045.9559140676072	2853.1717049960075	-1
?	-1	2352.099435232132	54.25729723616539	20.56513368107658	289.07549872424215	928.2423588267868	1943.588196432194	339.76755120917886	-1
?	116.60497176160825	2336.286103815434	59.37319826727852	233.3094540696049	320.16955552886594	146.89017466762172	2062.9442916280664	1603.6112165693748	-1
?	115.81430519077337	-70.92030879881021	65.9227699396458	131.75658567934332	296.42000745762334	-5.315138904776329	2023.768757260664	-106.91360309163277	-1
?	113.0589563216677	-78.76601004267629	65.96102755124578	8.314582477692506	319.9037985836271	618.8559679431993	2057.5986114734847	-414.94442970106184	-1
?	111.8760046886395	9.769944724312584	66.33849906353044	8.419667666121478	327.36280585478374	265.29103550073467	2003.0215357756106	-3602.2305628228	-1
?	113.54745355788333	21.496396106672627	66.38201093455186	-37.48003308840513	333.16835035866404	393.4929274099103	1877.487083332342	-1404.1521519844246	-1
?	112.95082449397314	-31.599049878318915	64.46449740911015	-53.03102557304963	347.03745222527954	476.31009428882413	1932.8139281763883	1676.7548676900412	-1
?	111.96750106396736	3.28815229467575	63.73045965589934	-37.21965157237993	356.9838550731056	226.9483292790337	1961.3248267168453	-922.3167688495192	-1
?	113.11523210870693	-61.45209651545341	62.60351483049113	-61.27462457640389	358.3848686892314	-144.34489813934897	1886.6980897339117	-1285.6322213897784	-1
?	108.89489623819465	-89.89782506549275	60.6667284270791	-45.60247852783838	349.76661016613804	52.01407270467524	1897.0432156473555	-3700.593784398272	-1
?	108.62034085543223	12.818053656077199	60.32339090409918	-12.385310639794762	360.9855723244652	274.56261713609086	1701.6684005139955	-4065.0209208358515	-1
?	109.53579892099852	-2192.4068171086133	60.04746289508935	-72.97280560037218	363.4947410229428	-901.5248412272828	1693.79216960556	-1885.5428301479064	-1
?	-1	157.18223199768718	56.67475062408052	-43.30790929629084	315.9093302631004	2811.663209875244	1607.3912590065988	9484.082789337937	-1
?	117.39491052088299	2402.8526920702484	57.88206743027478	150.7457050521434	504.07790151670696	-683.3491295238144	2167.9963090724636	11728.404713404558	-1
?	119.14263460351413	15.882968148407658	64.21203587668779	76.16150595182268	281.7418737869092	-4904.050569010003	2193.811494676835	-2200.641342222521	-1
?	118.18905892830338	400.5220179213802	61.69014272786597	119.4304626164447	258.87537306620334	391.8527802932614	2057.964241961336	-3715.183155025122	-1
?	139.16873549958342	564.9966431132195	70.18355900751011	116.13691163638057	301.33451280157254	1251.651614879293	2008.0523369255764	-4525.992866355663	15.738650567077158
?	146.43889108396476	351.7424801737151	67.49698830968508	57.47984502357557	321.4579538101689	4489.22801098225	1831.6645986435497	-13176.943824041518	9.133736971438193
?	156.75585950826942	140.6261050192731	73.05755125868893	96.19313552260599	525.7959133506882	5181.446525140413	1349.2051457234911	-15403.490862270422	9.152693345695237
?	153.47019633492852	-340.8059391452727	72.30664508581545	-97.64734890147881	580.5302800671932	-3925.4882049465186	1061.4900555300176	-3524.698243027142	17.472784783909
?	139.71556255100555	-538.2779103287485	68.17518381361492	-80.02301920973281	329.5215031033595	-2427.6441825091033	1172.9702335721315	13327.084624513265	10.123681013135995
?	126.55630081849071	-454.0786797793692	68.30549412532875	-129.68934105518414	459.1480709417363	1856.0434817456585	1727.8442867556903	14150.117518144296	9.749647974002247
?	117.01162856203676	-2551.126016369778	61.69071676085562	-272.5215268363625	422.32367719064376	3063.0153598503043	1880.4761094793564	-206.3702868140006	10.52203770197032
?	-1	844.2516474458895	54.67941778351043	223.14391523205978	612.2988389342537	1219.704424052438	1717.5257724149901	-16793.99755441697	-1
?	159.22421093433184	3209.69960298469	72.84791252245877	374.87169658345954	483.30889839326653	-1167.2107582798974	1040.7762317584961	-19314.347543757827	10.397704371469784
?	159.48498014923678	-110.38083573274164	73.42300261268368	-30.801018575122743	553.938301020258	-248.90941961592137	751.808395227085	19296.671768933713	16.59975941994486
?	153.70516914769468	-557.8746111808988	71.30786159370261	-139.59430730723938	470.8634274124703	-3006.7280191890854	2005.6098202051955	20567.223611007812	13.608445553280916
?	131.59124959019144	-483.13161213139773	66.4432872473216	-17.819538889356213	403.6019000608016	-1700.8709662289696	1780.16957577749	-3528.412029956794	12.16087576195697
?	129.54858854112445	-68.48393610016689	70.41688464923479	67.20791690227874	385.8198791010206	-1980.4971370287549	1829.1892187073533	-791.0013351022486	12.05569089782136
?	128.16705278518305	223.4723452906453	69.80368309243559	99.68118758149103	304.57704320936244	784.5293881340788	1740.619509022377	1220.2472734554667	13.062241341504745
?	140.72220580565687	364.9750941548961	75.40094402830941	3.4042474298754626	425.0463485077251	2461.4951097198414	1890.2015823801275	3792.047569169136	9.993051174019149
?	146.4158074929281	109.33467160895661	69.97389546392937	-389.2833257389224	427.65179869535626	-454.6721412275591	1930.2218874808366	1619.963692688443	12.975909654168895
?	146.18893938610478	821.4429421353324	55.93677774136302	17.849669470043384	402.3127414463468	1297.7461708860708	1971.1997670145508	-5270.435036202137	-1
?	187.4879545996953	791.1292872654918	70.86637893743155	465.0937482518216	492.5391072396607	5244.937150652715	1666.700135670726	-11998.251585759397	4.870359439487145
?	185.74540374937993	126.5470691292892	79.19146515395443	170.77260226822162	664.5595989789863	4398.087754811231	1371.2871877265725	-6525.048982619917	17.24684680032062
?	193.81530805615986	116.4865229085371	79.40500905084275	-190.9048209545803	712.4434949802254	293.801313672739	1340.4476865397255	-839.2398374822386	18.111433822982267
?	191.56972989480687	4405.8490756715	69.64622410622528	-257.11548367175914	679.2496646626235	-2705.50482868186	1329.32519585246	764.7790383169131	11.099483050848896
?	414.107761839738	4236.996561809251	66.54923486725461	-200.5725648162057	577.1682535461305	2550.6521220867694	1378.6866384555717	5322.454906288037	11.114499831404084
?	403.41955798527243	-8302.155236794642	59.61759586541485	-294.8032050752429	806.7822707669637	4937.683183870704	1595.4479411668656	5604.914497627394	-1
?	-1	-8088.391159705334	51.80907461349226	-159.75405523114716	824.0524127396692	-651.9422412726748	1658.9323633369454	4804.274179522704	-1
?	-1	3056.0113223327457	51.62989310385738	211.33841571176956	774.1851587033295	2511.9149421077154	1835.6616501430042	11199.995070730825	-1
?	151.80056611663946	2645.8759096096337	62.375995399080885	347.750652389984	949.6481598450567	-7855.935958867458	2218.9321168734946	-264.2216233934513	-1
?	131.29379548048357	-3056.0113223327457	69.01742572335682	-117.90888394548051	381.38836075995107	-10933.109370795974	1822.4505689733314	-9990.074180366808	3.709526684896993
?	-1	106.37311977094234	56.480551201806776	135.92865365067928	402.9926913052504	4687.770174049732	1719.428407855147	-13509.44980871858	-1
?	136.61245146903076	2610.3494870701597	75.81385840589088	270.5321900195976	615.776869462441	63.398397608658804	1146.9780785373928	-5208.7601583092	6.302686865651868
?	129.51747435350984	-171.26715722592206	70.00716070278685	-39.78894505512386	406.1626111856834	-4636.776356592102	1458.9903999396834	14720.911324272605	5.478748406302196
?	128.04909360773453	-47.75750441809083	73.82441115313466	44.662744649927156	383.93805163283264	-2298.180700034059	1883.0236447510335	2131.3380389598174	14.033244200039363
?	127.12959913260526	354.54489579531077	72.24029793528324	20.05127155498826	291.2535761839788	23.512882716450697	1565.5573018876757	-15926.818077612139	17.352827790622282
?	145.77633839750033	995.9868853954956	74.82697473088409	108.26783656306407	385.1136957686552	7151.453452991646	1086.6827408704153	-13775.3604510541	12.868838538349005
?	176.92894340238075	1205.0596467103946	77.65368976343652	15.747713400030026	648.8262488335662	5595.354287588699	876.789279334961	5660.836185832306	7.491764630474227
?	206.0293207330209	-3558.5788680475644	75.6143604008856	-145.93259072123848	664.8814101480941	2298.609904479746	1369.7245501620346	28177.13072038915	9.284953174157305
?	-1	437.3333741775571	70.35706022737449	-159.85623172210524	763.7567440575551	4093.9089167855523	2285.6458153544386	18303.429688863413	2.490623753217066
?	227.89598944189908	4423.826178115362	67.62154881478023	214.58844546898527	869.5768559873746	-4706.820510267176	2284.896034605218	-26709.578924006513	2.556362534074882
?	220.19130890577125	-234.64965018203551	81.0864825008239	209.21919276069545	528.4157185441929	-4176.9117678216435	950.166869154094	-4486.465924516624	5.108048324825001
?	216.16350693279713	-392.3139640592457	78.08250845281515	-166.84643122248437	660.7312675962895	2427.1454390268327	2060.5727383793837	18746.20554461598	6.261227382869523
?	200.5756107028087	-1125.567004885741	72.74416093969957	-120.02736244104625	649.7729904955363	-2036.3705179742744	1887.4771463849063	-14219.019728300525	10.798461708005505
?	159.88515668850928	-1468.7846480288722	72.08114033076275	-101.69422137363587	558.9127416975744	-4200.8108278781	1349.6217519643474	-1181.6005800220344	7.102676666988186
?	127.13637830136665	7988.2478273965535	67.65944987101788	-209.27449231997656	439.7324491016358	391.6229301502143	1828.3971173838058	17507.38338144816	8.300018548825719
?	559.2975480583426	8447.701362098795	61.61741571476377	-247.7244146536154	578.4938882050853	2986.178148213588	2224.9909210367678	7979.974924817229	-1
?	549.5214464063124	-11205.950961166693	55.27322913833694	-209.3287043096987	589.0413565123173	3137.1927920116136	2227.395863624673	463.64685212709696	-1
?	-1	-11010.428928126092	51.15098049927869	-47.462615922457196	735.3535278056683	7892.939867797397	2248.173263643123	-4185.236192940465	-1
?	-1	0	52.900098342214044	-45.39170201483734	983.6883499021927	4826.179499212035	2018.1340539776468	-7341.62776043589	-1
?	-1	0	48.88139539853679	-174.71349784431817	976.6625027662734	-2456.4422646237645	1881.0918756213232	-2560.005539851504	-1
?	-1	0	44.16442344999801	-63.19184805132717	860.8662366710028	-10574.226093616116	1890.1337769850697	-2169.489362320538	-1
?	-1	0	45.721802995970386	122.42965236969607	447.95119808546013	7735.449400340903	1772.6174075052948	1528.7173748874975	-1
?	-1	0	50.2859060684829	37.27372459308629	1247.6387066880534	7386.05156273645	1966.5696457294457	4644.8704499710875	-1
?	-1	0	47.58548922562473	-10.205349594442193	817.2537762222879	1685.0858531796064	2004.8609300038524	12720.520088704463	-1
?	-1	0	49.775638588760785	1.2580176753446712	1331.892999347035	13821.79777378634	2602.595650164678	9676.106734667927	-1
?	-1	2571.604006719546	47.64839010939196	86.99679527983268	1508.3436649116147	-5231.3781510167455	2488.6662667372557	-7328.599094095575	-1
?	127.58020033597913	2837.532326163677	54.12547835275248	492.1124388508354	1070.324091796194	-23526.32234000389	2236.165695459894	-11424.466663713685	-1
?	140.87661630818587	241.0473856688878	72.25401205193408	332.47380319827397	332.0275479114034	-15557.29243676181	1917.4429335515633	-5207.586898459944	11.520213452476908
?	139.6325696194237	294.52577539120773	70.74916851266642	-9.559405129765402	292.45946995809237	-277.4111431621231	1975.786350536893	2706.8411065903524	13.948200403732642
?	155.60290507774647	679.2466887903282	71.7760417954458	286.9233089052473	318.15699075329707	1233.640422361263	2052.784988881083	-4415.6870013248645	7.757225798316367
?	173.59490405894059	358.77961317876156	85.09533395792899	72.93436509562194	354.1414910761564	0.097952632336272	1755.0020004706466	-3049.200693778173	23.35588080359772
?	173.5418857366848	190.8609819773939	75.42276005022696	-208.85222719733622	318.1618883849139	49.70663817665966	1900.324954192172	6838.9564429649845	15.418194186020704
?	183.13795315781041	296.13800172647393	74.65272259806203	-5.789768252411338	356.6268229849894	1360.9104988362105	2096.9498226189007	3239.341977390272	15.909869748466303
?	188.3487858230087	132.63503746322993	75.13327163760638	61.558351171469475	386.2074133267254	4088.239060661418	2062.292053061688	-4924.369758950823	17.27325173186894
?	189.769705030972	27.76802279168084	77.73064015663555	81.09129104196852	561.0387760180632	6022.522778207773	1850.731334671356	-10417.283116492643	12.896418654229388
?	189.73718696259277	-62.8656221451521	79.18783618970487	32.600378186216226	687.3335522371183	3597.5447804603723	1541.4278972370485	-10333.284511436666	18.095457956853775
?	186.62642392371436	-331.8127183708786	79.36065906594638	-96.61516416246262	740.9160150410844	88.99739956240056	1334.0671090995154	-6742.008091897487	18.53542609869262
?	173.1465510440486	-657.342639396039	74.35707798158167	-132.25254755312545	691.7834222152384	-3912.091515747419	1204.3274926421693	-3778.3603688801404	9.265359397152725
?	153.75929195391194	-735.4514820727198	72.74803168829001	-83.5625116880521	545.3114392537107	-5731.058030775096	1145.1490906555057	-398.8736221344368	8.518110812343453
?	136.3739769404121	-415.9624135908675	70.178952397179	29.926559937238864	405.2305206764795	52.8214847548558	1184.3838115354472	-1338.1145540678099	9.594486252821492
?	132.96117127436827	-227.42133510525963	74.24435968515198	-49.21228826766297	547.9525134914535	1263.0786573888988	1078.2433629521142	9004.123636304479	13.409869729978519
?	125.00291018514895	-277.11779971229794	67.71833798379582	-343.9420442127466	468.38445354592534	1614.0816138174089	1634.5899933506776	9096.686402061698	9.900816745190577
?	119.10528128875318	618.657595296522	57.0472574745144	203.93564515969723	628.6565941823251	2712.7154503378847	1533.0776830552056	-9143.341919738057	-1
?	155.9357899499755	743.0507093725453	77.91512024178083	466.35540944056237	604.0202260628215	911.9845347822827	1177.4228973637682	-6323.365556360851	8.448236755221869
?	156.25781675738097	-68.2662090796818	80.36502794654285	19.071547383427983	674.2558209214399	1182.073295525603	1216.9094052371586	626.73507891755	24.077008943634088
?	152.52247949599135	-255.50520888266453	78.86869761095224	-74.83268713962794	663.1238908391025	-2120.1737240664847	1208.7596513096462	-294.26170084080275	19.4325381305909
?	143.48255631324756	-283.47338929623044	76.6233935895614	-77.42588812261037	568.2471347181141	-4790.489190604829	1202.1963201951182	3184.360821277178	9.67867690457926
?	138.34881003117962	-345.554365259083	74.99740320482167	-7.562397856704201	423.5994313088577	-1645.0035314871234	1367.9776923735074	4343.304546283432	1.016193709362235
?	126.20483805029316	-335.2271412004206	76.24527369672619	6.514901207049114	485.9969581437568	903.7771281378044	1419.361547509293	1904.6581831991855	9.678124446716234
?	121.58745297115836	-75.13789228545996	75.32314826517413	-118.46034760912065	468.78828771574854	-3317.292784156552	1463.210601533468	-1608.98124483886	14.725465275044836
?	122.44794343602011	200.0516912502664	70.32225631627007	-47.727711225383196	320.13231893592683	-168.11606956845583	1338.9124852673488	3577.509677547295	13.73409704257092
?	131.59003753367182	157.87766149186527	72.93676270390493	22.039424078811834	460.3824842373256	1221.3035993258834	1642.0860854108353	9429.724226867354	11.185790108633757
?	130.3418265106135	-126.41339055699083	71.42422752021068	-292.35852865896175	381.19749890222187	-276.2589708490993	1810.3986966107232	4921.683073509942	9.847794355564412
?	125.26936800582219	580.1613690452839	58.31883627095664	-230.57524915197178	446.56953569487047	1100.0671723667326	1888.1702390863359	1630.1338989384744	-1
?	159.3498949628781	443.7983104514185	59.895465062611926	349.93907266833804	436.2008575205593	-716.6311898168146	1891.905391557648	-1405.874093296723	3.4812160983266853
?	147.45928352839343	-361.9404695341774	75.81578990437379	297.598027000647	410.7379762040292	176.8919687644493	1817.8765344214987	-4287.721581054837	12.801966590831146
?	141.25287148616897	-74.85597475183461	74.77536641264449	-97.23345142159876	445.0454559587819	373.64117508788394	1677.5193125049032	1642.6775697480973	13.991284492123958
?	143.71648479080164	68.1369135757048	70.95411733329378	-128.05538862398765	429.4200349584237	2881.895290087075	1900.0104129089048	7906.545912978787	15.259658336760491
?	144.65971716495426	-2894.3296958159917	68.37259698144501	-76.6663740514844	589.1402204631377	28939.695615053435	2072.846608153848	21684.781261361146	15.379061118441145
?	-1	1338.0672887398882	67.1207986307195	-75.42626120855665	1876.404815711116	5733.551951931231	2984.2494759769775	-1207.727077044134	0.6748933663438533
?	211.56308160194962	4077.318573023138	64.60128392101713	103.5281454123537	875.8178180597033	-26914.11454444422	2012.4602543016406	-28878.941732799958	10.309665059348383
?	202.8659286511598	-4251.261632038932	72.29720590133726	0.9745797145393315	530.699088488886	871.5354683057639	1540.302389336959	3987.8412788606533	15.482253018686373
?	-1	-821.7941260469555	64.6500129067441	5.896894646941094	919.3945914749921	647.7672039895446	2211.852318244676	7329.646590171847	-1
?	161.77622234881144	2486.986878751448	72.59205063368432	-75.95683335696668	563.0874486883637	-11236.762280092767	1906.7847188455567	-8318.27398603109	7.219869804441584
?	123.34934393757416	-505.67733017534033	60.85217123889571	-123.25170297861258	357.5564774703457	-1031.8009585631605	1795.9386189431157	-8787.189073462234	-1
?	136.49235584004407	109.16441941884118	66.4294654847536	254.65055822378454	511.4974007602049	4564.703882822938	1467.4252651724387	-8564.383666479831	3.7552280521190613
?	128.8075649085163	-247.43182112312599	73.58469915008512	8.17615606415063	585.7916716114959	-2384.458460655296	1367.719435619118	-3052.84581314201	9.905301674009067
?	124.1207647838876	-162.11303327003517	66.83827328796114	-51.23358620492793	392.2744777274384	-4735.113276306601	1314.782974515336	10506.562916506378	6.383321106850883
?	120.70191324501442	1.7601135518205273	71.02301983983868	86.98742022336906	349.0360077961625	-2180.519190021491	1893.0475814444444	204.81723429508457	12.466646447394877
?	124.20877046147862	395.08519798645983	71.18764429912966	62.16158930864961	283.2485182263623	1027.4999472925995	1325.0238362300904	-20486.586853118977	18.241632322075837
?	140.4561731443377	914.7697595296712	74.1310993052712	50.796159206029884	400.4110051607932	6057.653060716057	868.7182387884808	-9945.886490444846	11.216749806334906
?	169.94725843796283	655.8993322468562	73.72745225943119	-124.2317608328076	586.1311712621695	8319.696723366218	827.7295117078411	26725.63303619267	9.01193893107472
?	173.25113975668097	-3418.945168759208	67.91951126363074	-176.48133142866504	816.39584132911	7297.650432883964	2204.9998905981333	27120.22874031422	4.229081402491069
?	-1	1164.752962481346	64.90338568799781	140.77740463362431	951.0136929063729	-4390.799433106409	2183.7409487235714	-19445.50914222482	-1.4784209064221798
?	231.4887878807491	4672.365016250571	74.95838149531205	226.1899900835248	596.8558696737864	-5246.445835428411	1232.7244334868785	-6888.508475923847	14.30203901940155
?	232.61825081253187	-305.93442446479196	76.21288519217421	0.34737340244077547	688.6914011349486	1416.332091837685	1839.315524927374	8322.936267897749	22.942264272980545
?	216.1920666575093	-1538.6572038027336	74.97575016543409	-119.5821116696402	667.6724742656717	-2943.7458999381092	1648.8712468817719	4974.154271187519	15.356350358849582
?	155.6853906223941	-1521.5845740637724	70.23377960869212	-102.33352425104724	541.504106138041	-4608.745272893673	2088.0232384867536	12500.419261917286	4.8118797600794645
?	140.1128379543196	-388.92026249422787	69.85907395288166	-139.83415626000294	437.23521062098473	-1417.59558622755	2273.892209977645	-4730.853081465171	7.401330167113237
?	136.23937749768243	-2822.256759086352	63.24207179569187	-205.54956028854127	470.6243268266625	1911.0868165462105	1851.4805844134917	-6868.966796062253	10.853572630313497
?	-1	448.6630375819748	59.58159593845445	-0.6583918368644866	532.7895514482966	2909.4572699324235	1930.4438701745275	4166.790355147646	-1
?	158.67252937678148	2860.365239757277	63.209152203848646	107.07660125037567	616.0971903232858	-3309.629529231833	2059.820102170877	-117.83834114260858	3.9653664535659527
?	142.01826198786588	-770.7650026347777	64.93542600097331	-27.002271066984534	367.3080749867026	-5523.847113928818	1924.551953117397	-1582.9111993482413	6.357192638020837
?	120.13427924504205	-421.98580850284856	61.8590386504994	114.89401980321112	339.90483462684097	808.8194641300253	1980.6745422034637	2269.528388453368	-1
?	120.91897156272316	-14.967595675433145	70.68012699113395	212.5044721426674	407.74904819320443	3851.7815465594776	2038.028372540067	-1753.3720085535356	9.11889927275646
?	119.38589946127038	1815.1507299387513	72.48426225763292	80.82292235910954	532.4939119548176	1893.6333955825664	1893.0059417757857	-2156.6331327749335	3.0809751515292456
?	211.676508059662	1689.6413607543454	74.72127310908948	287.580624157295	502.4307179723341	-2245.9252807048015	1930.1967159013188	245.45185360729752	1.3827159846454165
?	203.86796749898886	-204.4993329287501	86.86329346549788	144.0805928850275	420.1976479195759	29.53997702029327	1905.2785344561507	-1014.1639820477432	12.031746573826442
?	201.45154141322436	-372.90795417645353	81.92530275334096	-251.75506303943462	503.9077168233488	3969.0566603479047	1879.488516798931	-1694.4950625020497	12.484867995653513
?	185.22256979016592	-1342.226038149107	74.27554031352597	-229.49807123145106	618.650480936974	-145.91418658828522	1820.553781331047	-2101.3895351027277	8.204638036869696
?	134.34023950576807	-370.33558719980175	70.45039919176824	77.44958126413313	496.6120074939344	2015.2494344672127	1774.419040043793	-9189.373310442308	6.061076811022852
?	166.70579043017557	758.5517082885258	78.14801937673268	197.06390140035924	719.412952660336	1585.2543465536464	1361.0851158089251	-4776.348879009697	4.381038001626885
?	172.2678249201949	421.70685334543833	80.30359426178634	-27.398854664362666	575.8747248216179	-5683.819131260448	1535.6015960933048	6378.415642574673	7.314930941858587
?	187.79113309744778	818.0831081124334	76.77807664351452	0.5531048804598903	435.2219960973096	1428.2985734338674	1680.0058979376633	-2971.1724724833707	10.715335104602506
?	213.17198032581715	753.6482695069942	80.33124950580934	89.12033096606665	647.2896534933122	5320.140390821044	1387.0429724691342	-3742.309979313865	8.30888092786183
?	225.47354657279803	188.21121756458086	81.23409319181792	-28.873550021374843	701.2290156383656	-2534.4737480698636	1492.8903989719674	1768.8301351476796	12.972879132827444
?	222.58254120404632	-132.50743146250028	78.88757200474058	0.4809666372216202	520.5659660898173	-3198.7461202720124	1475.4844792265194	2544.4571254195216	15.033075349641024
?	218.84817499967292	-140.70307970649452	81.258141523679	135.4681026105843	541.2917096247627	1543.948572469404	1620.1132552429453	3375.549116551749	6.318741176357571
?	215.5473872187215	-161.95886807153497	85.66097713526989	-1.3537372900216644	597.7633947132886	-610.3997997677418	1644.2619350541092	623.1224318380375	17.226313729012595
?	210.75023159609606	-723.436641894657	81.19045465917792	-282.9325711385115	510.77171963637517	-132.58699470766982	1651.2693768348477	7911.932722283428	12.243578065370624
?	179.37555512398814	-75.38444927634608	71.51434857834411	-137.51889861565647	591.134044977905	1265.328283730902	2039.8585711682863	1838.1018135552324	1.8676299116129769
?	206.9810091322787	813.3960628837011	74.314509728395	187.67375160943647	574.0381338229212	3931.099593586017	1743.1744675126106	-161.1468698812018	12.342811576981248
?	220.04535826817377	501.60902057427023	80.89803615881607	155.1633244396627	787.6890246572086	1903.811183020405	2031.801227674226	-8390.537763503688	17.808566278861374
?	232.06146016099257	116.45824635222658	82.07267595037824	-35.855412437774476	669.2286929739428	-5262.620475105919	1323.6475793374202	-3957.900602236662	15.071711012675497
?	225.86827058578518	-838.8889492502847	79.10526553692732	-220.1276232831887	524.5580009019089	-2237.254068967602	1833.9061975623902	15187.359947046318	12.63451274469408
?	190.11701269847774	-4537.365411715639	71.06629478621865	-335.38361399378	557.3659895255611	8777.382866551954	2083.015576689747	5240.83267788946	9.030435111398573
?	-1	-954.8027428039388	62.33608483723808	37.077381478419554	963.4271442295129	-1118.1535989167025	2095.947831456867	-17480.202308925964	-1
?	142.37687555828012	2436.9212217951863	72.92016386013965	147.40969798901264	501.45830957972515	-837.3946178516911	1209.0054612434362	-2898.4115182074397	8.173108286324515
?	120.84606108976104	-2867.5375111655617	69.70656973668882	-138.63727690752145	921.5574133369278	4532.184301446359	1951.0272555464928	18162.557189671807	5.368903555329211
?	-1	495.0269777245703	65.98830001476348	171.17513890219738	728.0675246520464	-7452.118844158912	2117.1333207270395	-11464.977987986113	-1
?	145.5974099759899	3130.580703689319	78.26532668179881	279.3986680097237	548.9514711289769	-3789.820689233876	1377.778356147179	-19895.701092270287	6.982107546096129
?	155.52903518446817	697.480100506177	79.95823341524987	-57.2425863722879	538.5764901903499	-2575.290229212445	1122.348266113511	-6690.645611554337	10.875252913608657
?	180.47141500129925	1151.3176587699038	75.40319736318438	-11.36405318451194	420.1869596683528	1046.4190332475857	1043.2460755694574	-1273.0611998313861	10.885979502237792
?	213.09491812296417	811.932956125231	79.39003075602426	86.97604436355182	590.8974418527299	4589.709188349707	1058.6952061219408	2712.247584532845	14.820933136222767
?	221.06806280756138	-231.08360132062683	79.75199958136203	-61.16964171860302	649.6724190858414	1614.2354184882877	1178.8584547961016	3156.5889709152184	20.336409196431
?	201.54073805693267	-753.6406861766268	76.33154867009407	-261.26851780814434	671.6092127771454	1178.2709538379677	1216.524654667704	269.55079234434453	11.060371654964474
?	183.3860284987295	-4050.8147611385957	66.68857369095463	-330.43078487181316	708.5859667777406	3897.5933677417256	1192.335994413319	5281.54670792632	3.191144455068674
?	-1	-685.4647063067499	59.81000942650317	-57.3415080349891	866.4888811642345	1872.0531787287116	1480.6019900640238	5557.035884239088	-1
?	149.11279318339152	2875.522768397186	63.82149828920513	296.41202712802686	802.1886257141775	-6034.86940923752	1470.1877886252773	-1955.7640920602666	0.11349302556249952
?	142.77613841986135	-141.60890507076513	74.63061078290473	176.8199732750053	564.7454107023542	-7085.527516176346	1382.813785461009	-4995.255391713451	11.349324590042839
?	142.03234792985316	28.311047829621597	72.66249695295552	-45.98331417713658	447.9122499053552	-1518.9711965926062	1220.4250190396012	-3972.2586866732927	12.313440063032036
?	144.19169081134245	26.99261122540993	72.33144507404786	-34.227163429631645	488.7968508727228	-1866.7355052060732	1184.2008511273416	1747.1252147665589	16.00648488944998
?	143.38197849112368	23.881821679498444	70.95113878147392	46.78172431031631	354.57547464505024	342.92346120820605	1307.7812797779304	8363.138526586085	15.49830922674882
?	145.3857818953174	54.15654611714709	74.67053128956371	53.33417478397602	505.94302393313336	2575.5800769678885	1602.3577774566518	6755.498244802137	13.832116612739327
?	146.08980579698107	-164.67193472934576	73.61784752067275	-188.51067340166526	483.3544784934465	1454.3835292405365	1645.556192018042	6087.846125210217	13.788451790486155
?	137.15218515885	-39.80566747516946	65.24499761948032	-122.21985850155133	578.6622003951612	-3190.8795262729154	1906.750083717167	-5896.951335086754	5.110428354019568
?	144.09952242322257	326.35961456656435	67.5068545955951	156.62934686242784	323.81050217979845	-1696.8746741166146	1350.7086252637002	-17507.69630986442	17.604322165527577
?	153.47016588717844	544.6559758595256	73.07646496260182	106.28976116246312	493.8184666893293	6885.699270411675	1031.3652682239335	-8726.26273777317	11.981575869699393
?	171.33232121619923	512.7705038287401	72.82134265371833	-56.431204144993835	668.0954657003871	3564.927164278642	914.3954883750356	-3596.8966387867786	12.18019385686403
?	179.1086910786158	42.24167261891293	70.25490475535209	-172.50049771130261	672.0648249032639	450.6307304938268	851.520436284592	861.7688106025221	13.79079859526434
?	173.4444048471449	-3602.173821572265	64.19631776815308	-335.48279634084685	690.6270022250787	2796.0109214225363	957.4839289051623	15051.764062530629	6.002254932552536
?	-1	-846.2745022148714	53.480764938309505	-123.0018129084986	811.8653709743927	-4702.301244897747	1604.1086394111342	11127.449057162352	-1
?	131.13067973640074	0	58.04622712272806	6.1217716548259755	455.51193998018806	-5100.414573974385	1513.8563817632878	-3727.8719089004035	-1
?	-1	-215.24472023023299	53.78685352105081	-10.287359495792142	556.8446422756698	-970.220519820799	1417.7150439661114	-510.0281049875339	-1
?	120.36844372488893	2449.999403443931	57.53185914793845	57.159277297294906	407.0009139891474	-2056.7264901063463	1488.3549765139107	5842.802196090874	-1
?	121.49997017219829	-2427.3688744977444	56.644817385915594	-193.0081170536294	454.008317770351	3863.4743970131985	1709.8551537706592	8487.310592443426	-1
?	-1	516.6148042038776	47.88145329525684	250.92480513114054	600.1746338398101	222.36767045178252	1912.720506136088	-9674.75338736844	-1
?	147.33071038239254	2979.346366544082	69.1910576424728	343.03754648100846	465.1267012929403	-3348.0696137185464	1226.1174844022303	-14052.053363894083	15.753229233151794
?	147.96731832720621	567.6592808873595	65.0333306193075	-66.03685739154733	432.7711531538804	3974.0253068954694	1210.1178379413739	3711.1297708856837	8.424234866293702
?	175.71367442676092	355.26800393255434	65.88921477289539	165.84842841458843	663.8279666377166	3557.3712469736092	1411.673972946517	-2996.2292483594574	5.1697917068372945
?	165.73071852383418	-519.4160320523633	73.32575204003705	23.13581099520685	610.6397155025634	1486.1507362718878	1060.3063755233989	10688.7929213628	13.53917136836208
?	149.74287282414238	-73.9238478234291	67.04600532265575	-178.368103872445	738.135503451312	1134.0841763480055	1946.1136190146647	18855.06061199244	6.07734582527487
?	162.03452613266268	9.924459208937579	64.40734684641467	118.49024262614282	667.3439243199645	-5607.655003057884	2003.0594061230343	-2635.246418953592	-1
?	150.23909578458927	-436.0021512851268	72.97051745396297	117.9304746723844	457.7527532984139	-5813.312225250254	1814.3512980669832	-8598.413080265951	9.001311902481966
?	140.23441856840603	-62.309475042423195	70.30387058003397	-82.22135446561961	376.6783130574476	-1773.7025690176038	1573.1387521097306	-10181.686324792005	9.027360175230246
?	147.12362203246806	442.8962653489179	68.85944973068193	-16.41899104812557	369.06762484753244	4353.896207811352	1305.2669818273757	-12939.900867149261	16.855191653432748
?	162.37923183585224	292.0130551778855	69.48292102762768	-39.67585298989861	594.3731234480183	6723.089754344339	926.1437087522584	4069.7571286267807	10.844782003288959
?	161.72427479136255	-3267.5846367169984	66.87565708118697	-162.96860144406733	705.2221125647542	3332.3122171922664	1508.7548382587177	21442.361406304033	11.225460159096144
?	-1	-774.9522310126612	61.3344909554242	-33.86223325139903	760.988734307634	-3215.540897565845	1998.2617790674753	2022.720209462394	-1
?	122.97666324072894	2418.406630852178	65.182545418617	-49.423287389885225	544.4450676864597	-6045.335052404313	1609.8908487318388	-10781.500859131267	-1
?	119.92033154261061	-2479.5332648145436	58.863326585929904	-234.75816776142076	458.7219816874141	-762.437823036999	1459.1867361109043	-2142.077230763731	4.564326341083984
?	-1	18.12508113750769	53.44463703054579	298.141337337804	506.32317653460916	362.0294612241656	1502.7869871936507	3337.2213033735425	-1
?	120.82658559948601	2405.424516327384	73.77039345282032	212.13833685017033	476.8234547486226	-554.3635843687413	1626.0478012795838	4276.303075564131	12.899606819997961
?	119.27122581637092	-2436.5317119896854	64.05155387305446	-425.2754806430496	478.6049973161717	8648.867924781469	1716.6021409718603	10279.371231486793	12.086103229130362
?	-1	123.55340597952073	52.50661942066753	0.31135164179942887	909.2668509877022	2476.2355848288394	2140.016362853931	-9964.278285904242	-1
?	125.44889611534704	2454.519792853374	64.06712145514443	326.0017755106846	602.4167765576154	-6991.294237645899	1218.3882266766411	226.6547145075642	9.18481159094853
?	121.72598964267044	-111.00470673402937	68.806708196202	78.42095717000322	559.7021391054024	-1860.1722072675293	2151.349098579309	13041.633502601686	16.35981736145079
?	119.89866077864549	46.28673321841196	67.98816931364465	9.083201841582008	509.40816619423765	-5756.090734478444	1870.4699018067347	-22075.62566530287	20.077015221807514
?	124.04032630359107	237.333394453693	69.2608682882811	38.799927574405345	271.8976023814761	-706.6775510936841	1047.56781531415	-17705.7066402778	22.69008370730949
?	131.7653305013303	263.87466746023557	69.92816569236494	40.061215054906825	474.07428863955295	4885.04704317531	985.1845697928321	1667.4622134688743	14.3453866696283
?	137.23405967660304	116.24757261999667	71.26392904102647	-127.77293106464856	516.1499545402451	-1076.3563193315606	1130.940925987595	773.9079649889599	18.101174619931776
?	137.57770913233023	-2764.6811935320216	63.53951913913242	-342.1381605878303	420.25647267297416	5485.462189591382	1023.8799680422807	24538.89203798889	7.667405688901407
?	-1	-2771.554182646565	54.15702101163471	-302.3285850903289	790.4230640198181	6199.312413535229	2357.885527887057	23755.90375007747	-1
?	-1	2434.1823788577253	48.42308988461576	212.93859599114808	730.22209334974	-1851.051561809389	2211.675155546171	-5472.5510506885385	-1
?	120.709118942888	2505.892243533957	64.80395081119227	441.91585322816337	697.8704859293473	-6931.970794063406	2084.257975352626	-18680.046989674574	19.10534241921237
?	124.29461217669962	98.7617604665988	70.51888254602424	137.7893261622606	383.6235536465648	-7056.240414093468	1277.6728060624291	-25911.96971764906	16.08205902894219
?	125.64720696621801	-26.644006544680014	71.6934171193054	-213.02927877111395	345.0584652246689	4023.0946850995174	788.6594894701549	14739.791367043812	14.961144618171016
?	122.9624118494656	855.2165040514616	59.867418607468394	-168.19023801148379	584.7782879015435	4653.719524037128	2014.6623744146302	21015.54504478928	-1
?	168.4080321687917	626.4712040804078	63.283905218731086	240.61737890429157	577.7444414265286	1315.0031352676224	1839.4367417096337	-18899.811729382942	2.990191929154631
?	154.28597205348643	-836.9566590920616	71.89828755268314	182.7790993785892	650.5284446649256	2283.8089484597863	1069.6717879454698	-14760.89989917984	10.869856470622627
?	126.56019921418802	-851.83732919046	72.42286018766068	-109.18476819804015	691.9348888495196	780.4283935579044	1101.3917467506312	1021.9248908526961	6.004744908791428
?	111.69410559396283	-2551.203984283724	66.43904914278106	-372.38520263714514	689.5498643428214	-204.80849164273815	1120.7680324881053	794.5595439733303	7.216967201735574
?	-1	-2253.882111879225	53.80360005580315	-360.46949712994035	681.6944642673825	5.101901721336544	1141.1197239492983	535.9612310940171	-1
?	-1	2969.2209190380736	48.415574286283785	229.40999491680685	689.8049594288882	-3585.055731229754	1147.5660940428065	10085.709577831238	-1
?	147.4610459519058	2912.6747630707805	65.27409980164366	625.6219929922937	502.44167770589223	-5323.659150799951	1645.4052028408673	16098.36490645657	3.7152497502625526
?	144.6337381535411	-162.90614651719633	79.69667393589891	181.50448770505645	423.62200188888687	-3256.957999453006	1952.4843393656465	8681.514885175779	20.164956737718533
?	139.31573862604586	-242.72466431159157	74.34932418689661	-159.85388207340833	339.5937777332396	-2716.5983146963526	2079.4809470996624	3792.2441207199067	14.745869305258225
?	132.49750493796134	-301.9378635608143	71.70397983222838	-4.527592606021294	287.7920861540673	-392.533425310943	2142.0965454016446	639.7384328730914	14.672411663750637
?	124.21884544800493	5655.26306267779	74.12294455659554	41.278706966680524	319.9671064676922	1963.4626509884486	2111.4678687433175	-1772.7037712254262	8.045209923673145
?	415.26065807185483	6115.914211373031	73.76791518056244	77.62447804401748	385.96521870349113	9136.75049732299	2053.461356840372	5365.794684525268	2.6778432578064955
?	430.01455601666083	-8325.21316143698	78.00416845879647	134.3333472223342	776.8046313338482	17633.149910233093	2379.7576029695847	9178.8471473225	3.972900484984485
?	-1	-8620.291120333095	80.48458254167925	-174.82639215536474	1267.6227142151583	21882.008703117634	2512.4037142065035	3600.469170888858	-1
?	-1	0	69.26284885102811	-282.5415522794838	1870.9050664897454	11149.536597943803	2559.78106151403	-507.03777525127595	-1
?	-1	0	66.35750492770485	-180.77097586222607	1825.0995441123564	-12909.473639452575	2487.0518254439394	-5119.903284871298	-1
?	-1	0	60.22430005791668	-130.1725977168354	1225.4313845171075	-14299.714067324932	2303.7858972704616	-2993.935825215015	-1
?	-1	2798.5351726828503	59.84887504186299	33.22233774422624	1110.1138407460996	-10887.245932020336	2337.3550341831865	131.0246900116253	-1
?	138.9267586341445	3141.0462637452642	61.885416945128014	326.2775233640861	681.0690879160829	-12987.220888161895	2310.337131771043	-21723.3230720929	-1
?	156.05231318726544	498.5706287854893	76.16275121006753	252.1817066814047	460.7527963379956	-3917.0494632552472	1251.188880578526	-24618.897130890313	12.227108496442021
?	163.85529007341933	-4.636663032144318	74.49450227919843	-348.04592291452894	485.2166147533178	4725.7523680740005	1079.3922752265098	20394.45383035086	15.124795280407517
?	155.82048003565822	-3297.1058014683395	58.76045506434083	-362.57425602505884	697.040414741699	1901.9091614680658	2270.9115720960835	18499.236921169068	-1
?	-1	89.2938830645845	56.36578947794523	173.12027515930205	580.3120728267224	-6951.958493829235	2004.3541212849764	-3324.2763217660086	-1
?	160.2851741888875	2945.2637359849396	67.41646882230606	100.28191910275709	349.4424900502323	9780.347258043204	2104.6977560077808	6807.766545336412	10.177250416933495
?	146.26318679924907	-220.76007924186257	61.37988543308315	-87.88667145860077	1069.3294357288896	7223.892324190174	2344.7424485518018	-3152.045684656919	-1
?	149.24717022679422	-201.21655561811448	63.02213524937596	246.3336912125627	710.6371062597461	-11384.260181353533	1947.0954717749325	-23719.706605606756	1.8883239602077804
?	136.2023590183432	-4.714959689011313	73.69656999371146	55.39886268747316	500.11642666120486	-4036.4658462169014	1158.757118271447	1297.6697609893652	9.259939753539033
?	149.01142224234366	699.5638647058568	65.79207838374965	175.86936602202348	508.8138139488982	-241.7439445049899	2011.9789598244017	14655.934274636522	3.762117885533827
?	171.18055225363653	692.5474953368806	82.49003829481276	235.5654073739962	488.0292294359552	-240.96679004067028	1891.5538320032836	-3849.5011529753674	11.24171446537097
?	183.63879700918818	85.74697641004028	77.57034875244963	-354.9488330985506	496.7654744468645	-171.35815284885763	1819.5039021756306	-1161.294807875958	10.04177306278625
?	175.4679010741386	67.28501280258872	64.74259663988498	-124.57337533449014	479.4613217935122	927.1622460485348	1833.4890916094848	-5003.304704885047	4.781107924391052
?	187.00304764931766	-102.35409787288827	71.34167998572504	264.58702898730786	543.1235867492919	3656.94480900796	1569.3386669313747	-10598.293388989317	4.591772897107288
?	170.35019618049412	-820.786166182149	77.97194808925056	-103.31231029530694	662.3085622439128	3424.261215247592	1303.5744221600114	-4512.106325808421	9.794943517991708
?	145.96373934020963	70.80409601343901	66.17606447095962	-393.4501794885346	714.336647511674	1048.979807080667	1343.7333506409504	2299.0635037697657	6.143563693340511
?	173.89040098116612	882.6251972580695	58.29943911482355	-89.33039393348794	714.7575525979469	-2355.8205836422785	1418.5275973485013	10002.201257237419	-1
?	190.09499920311373	502.58870509846327	61.709544774285156	255.15359550016646	596.5456183295584	-6695.406724562624	1843.8434135028285	14551.187341746574	6.90000758304293
?	199.01983623608965	287.80200645304535	71.05711888983205	292.4848704080997	379.98721636981094	-3809.6136188178584	2146.0869644358404	5365.34222561455	16.066167884081135
?	204.4850995257662	-56.56701553505547	76.33378829469035	179.73200561300615	406.0649373886627	602.4773049902302	2112.11052478356	-5611.930364870402	22.150542227212622
?	196.19148545933683	-655.3948225613826	80.04371917048249	-161.81286907141808	410.1110816193229	1084.539849409047	1865.4904461923163	-10874.072327155705	15.555232280580464
?	171.7153583976966	-734.1844266565867	68.24314484111933	-352.6105642419587	460.29192985911584	839.9178330677734	1568.406908425767	-7826.990477806597	9.20247198289784
?	159.48226412650698	-3454.307167953883	62.413190958384305	-304.125619258675	452.10697327271214	94.51289779382115	1474.140922301981	811.5930569745818	-1
?	-1	-3209.645282530094	53.036863878185365	-258.581883059273	465.01757474880696	1633.2435523284012	1608.9865612744966	4303.114144527402	-1
?	-1	0	49.48409680542047	-81.88130163767394	533.7691508891334	5505.078045612467	1689.296629528354	1212.6493300477987	-1
?	-1	0	48.94279879630161	-62.72486846931766	740.2714770294342	3606.818949738782	1669.6190277768874	-448.4050887627045	-1
?	-1	0	46.34785338195454	-28.71773049886487	714.110098376075	5288.083456275451	1666.8763750902185	5561.031116710858	-1
?	-1	2835.0355116250075	47.506912271358345	351.80307360168496	1004.6756498432105	-4199.420658146852	1947.6705836124343	8330.835327407976	-1
?	140.7517755812524	2540.3031456532517	63.93800706203904	313.86106554991824	504.1390654687295	-13798.325322375682	2083.4181414606232	212.546970766936	12.410227192464824
?	126.01515728266439	-2835.0355116250075	63.19996554885448	-136.96510875702933	314.7593837244166	3748.341078583319	1958.2979321507812	-2120.921000976734	9.706694556339169
?	-1	468.0934204085479	57.08975162418748	65.3496438607015	691.5561193978981	9735.81670892342	1977.372091411785	-1098.7400214100924	-1
?	149.41982830309212	3372.81796707043	66.4674477418896	350.14812443436085	801.5502191705945	-1495.080495867209	1903.3609310802758	-8928.186951991402	7.509269641607872
?	167.64089835352388	363.5629929396037	74.59715784590577	97.66691652861258	616.8020946045366	2842.775832999594	1530.9627438122086	719.5580846837572	9.895897438630914
?	167.59797795007256	-3372.81796707043	71.3507935683203	-140.3022130375814	943.6890108205762	2093.915194787412	1939.3388353144642	7734.047424903446	6.169541473654135
?	-1	526.3345368182518	67.5820471940266	-61.92604434674533	721.4978543439087	1969.50742767231	1917.6651150573864	7642.75063484407	-0.7614790287307307
?	193.91470479098552	4141.386713669279	68.25449135098299	100.32351228146354	1042.164382204193	-7342.360684989971	2321.476367056673	3716.0121809630773	5.021870533659579
?	206.0693356834669	677.3170055199785	72.59822280809985	5.563176745820818	354.3798200944049	-14815.301842445995	2103.465724105543	-5215.933136557022	12.332335627299113
?	227.78055506698493	-4141.386713669279	68.53265018827403	-363.3833219363222	301.3992900818828	-1849.4634147298289	2060.6797102288183	-572.9347969692399	14.33388334432862
?	-1	-4575.611101339634	54.42905671128348	-338.32551736949415	261.90664935791216	3254.207130336005	2074.8189842570805	34.25061443477667	-1
?	-1	0	51.616374319799085	-128.76893570802355	464.10964659868534	5517.171640437344	2062.392240950557	-1868.149664338667	-1
?	-1	0	47.99060992588221	-127.10404960144292	537.7652313797832	9887.187655357082	1981.4115010401458	3313.5920627103023	-1
?	-1	0	45.26117183972685	-109.84724839863631	958.4690293665465	8333.813362262483	2228.0718440860746	613.9178114192376	-1
?	-1	0	42.49824750595032	-7.069446516095225	954.4558994929133	-2544.4857014594845	2012.1073916111081	-2289.797607195682	-1
?	-1	0	44.90769951392208	54.24739644935906	831.2447442935704	-4031.5238396749733	2113.581963726289	3613.54283037081	-1
?	-1	3162.884473656939	45.21061732841831	208.04335567263553	752.8797075091618	-4644.069166033725	2192.784533129651	516.1120116276578	-1
?	157.1442236828492	2760.125608717419	55.30986729755401	422.3963035376547	599.0412859918808	-5392.886643335522	2139.387564307672	1871.2502094664621	7.389220244768282
?	137.0062804358729	-739.703793495813	66.33043250530135	46.301645488182906	483.2353753423818	19830.38083079918	2286.3470436029756	10198.489138467057	8.818066194815527
?	120.15903400805803	146.432447940198	57.624949571963185	-2.899414663196994	1590.5603275318538	2161.6981691106002	2649.3120212310323	-15120.550629115054	-1
?	144.3279028328829	329.5121098947162	66.1854617721415	237.64192962031817	591.3202837979134	-23109.631289694873	1530.3195121472122	-26139.34803017337	8.880810946913638
?	136.63463950279407	-2906.558056657617	69.50704605297926	-121.97437185380392	435.0787630470936	7832.87842289614	1342.3446197223452	16610.40729007432	10.068750040170093
?	-1	143.59119791495084	60.08674317945121	-72.93318202721007	982.9642049427259	7213.156173084194	2360.83987665094	15815.2177209756	-1
?	143.81419939854172	2780.0652932900543	65.86038695161871	100.86140823845695	795.7365717013084	-5748.263780559985	2133.1055057711364	-7452.988864129465	8.708738029391697
?	138.00326466450468	2371.5395233987533	65.12981359137413	-87.48427761372899	695.5510159147226	63.35654320039249	1988.1904334444614	-8698.146754801192	13.120000451237972
?	262.39117556848106	2387.338355775878	61.486173070932196	193.54009186135139	798.9043988613281	-3840.359680977684	1698.1981680310707	-19099.338419616997	3.4903353685228087
?	257.3701824533003	-1069.900789393885	74.80681818444184	207.57568986940203	503.53303186583565	-7727.883256199356	1033.223512463598	-13925.241765974846	16.828729944058093
?	208.89613609878606	-1894.9410319353358	71.86495756440245	-132.82379193666327	412.5102360513548	1440.3754618780465	1001.9360797323185	9651.013412456305	11.438287366685596
?	162.62313085653216	-4197.922721975661	68.16562858760858	-202.77538530631045	575.551804959739	5283.692216932111	1515.77418308642	24428.19236696445	8.962569860711355
?	-1	1058.4474674721978	61.72618829908678	-28.140319363764828	676.6948468979641	-3233.3273086394893	2223.345698080558	11978.79822216304	-1
?	215.5455042301428	4066.7511915649093	66.75861261942032	-20.055967208412397	413.88543952776223	-5746.01993694922	2114.7140941945804	-1397.138688889507	13.070547743800738
?	202.33755957824835	-1499.9287049367992	60.723389938666145	-147.8320962112325	389.393850050499	3896.2436203742577	2153.488763636082	2891.6015223047407	13.579676885167205
?	140.54906898330177	-1449.0306028167429	59.36700780885859	196.10571544195216	608.6976205464779	-576.8202013740174	2259.2941703098195	-4707.522119810761	-1
?	129.88602943741017	-428.8707918687503	70.52867571076389	44.72113006464064	360.5528399817977	-5086.484424956074	1918.1126576455404	-3519.218118341737	7.193125058399207
?	119.10552938986395	-2617.7205887481664	61.60306431209065	-241.9905019621137	354.37339929867056	512.2092516787366	2083.33326439273	5487.684891239436	-1
?	-1	268.5185796654166	58.429150612658034	249.68187700569175	386.1633025657349	1320.7962250170026	2192.496902207516	-2868.0766384556046	-1
?	132.53145837313497	2510.104968088956	74.08715816237542	213.0965227718074	420.41321054952164	4.889260315386467	1939.9294324699479	-7333.7611899407375	8.534922607836501
?	124.50524840444959	-104.57715933738676	69.08397675124856	-186.89729154740482	386.40776558150424	-900.4689563299027	1825.808842710474	-1397.0678466324655	10.88916776754317
?	127.30260040626555	101.41798946008718	64.74229358500504	88.24295375003334	375.38976273302586	403.7557634612278	1870.0760401383236	-7446.893196201708	2.1208552434859778
?	129.57614787745402	-2566.052008125275	73.49612443875029	-120.08149379450686	406.5955537545659	473.54541915741163	1453.4641829003833	-8014.995020766914	12.252903537653308
?	-1	3.656280180309698	58.738218895279616	-104.36232564115437	399.0670336908968	2398.676863559624	1469.3262890999722	-6842.071409384005	-1
?	129.7589618864695	2599.9897939459906	68.2780081566925	242.7749775609328	526.5293969325488	2829.8013471068643	1111.3606124311782	-7598.726706267572	4.3019251206259685
?	128.99948969730139	-119.59924224676882	70.87696777332643	-55.171014022815044	540.557101046242	2198.1279496489224	1089.3899537865882	15839.516575359201	10.714947069676507
?	123.77899977413098	-2599.9897939459906	65.5194574555517	-152.88414274431202	636.4357944149965	8723.497093139802	1903.3364411991495	29694.048838979703	-1
?	-1	1428.8325039724423	63.23276063611072	60.650536485286175	976.7319557032383	2972.93157767877	2574.0923957355944	4912.694568401728	-1
?	195.2206249727541	4023.8042405870046	68.55198427981605	195.71057188527922	785.0823732989371	-9022.927212220338	2148.9711696192394	-22548.39961608487	8.373543293710638
?	200.1902120293531	576.4530359944624	73.01828923037482	75.08910608184415	525.585595092215	-2137.038808361557	1446.672414931335	1994.71357772445	12.923493217328806
?	224.04327677247764	457.9384596979859	72.30643958390832	-168.39480391304068	678.2304328808577	4481.961429903824	2248.7068485054633	16505.25309972188	12.651914985949926
?	223.0871350142527	-4500.865535449489	64.59854903472267	-283.090619329057	749.6836665874095	-918.2334456632253	2271.9350699174406	-13092.832705124934	12.468653409419147
?	-1	-4481.742700284991	58.15190861745526	-171.13748167048993	632.3187605976958	-3173.5919286085054	1594.0652132492073	-11904.752346083063	-1
?	-1	0	56.04167495119805	-33.592152451858176	591.0040701569819	-677.9869664420852	1676.697452613279	5975.907665828283	-1
?	-1	0	56.47230099486233	57.53360207482633	598.4194122755911	6492.866878107899	1892.8605965406257	9594.356377584854	-1
?	-1	0	58.918355054939404	-39.847395517717246	915.6474140623815	3900.061926177913	2156.4152714925285	-82.88466789599507	-1
?	-1	0	54.47993121897644	-2.8406901712785833	793.4225085844895	-1657.0466890077923	1888.7163631458259	341.0391584510077	-1
?	-1	2600.3136444582024	58.77632054637547	351.3093566335897	832.7950796119907	-6693.641866464906	2173.467229415079	-1601.5743731138036	-1
?	129.01568222291198	2385.4484244761657	72.04539905065617	155.91051908556813	458.74041526123943	-7856.685280509544	1808.6376444901346	-14487.077337936887	2.6773839224253466
?	118.27242122380997	-299.42176259446796	66.57184650065399	-84.32661978372175	439.96081558650786	665.7870788087276	1449.1133625182244	-9252.171727843934	7.5594553754742035
?	114.04459409318837	-30.830161346897132	67.82906806147003	40.354403611298714	492.0297692016763	10.280680002523322	1346.0290580979313	-7727.861280904794	11.24944250557995
?	116.73091315646509	178.1371351596417	68.58956668121896	29.99011737501732	440.47484958663404	-3177.3008656624875	1062.7202984729793	-249.171747738702	7.8260570566481364
?	122.95145085117058	147.64934440814318	69.32857393022091	115.86492516751241	333.16472591854966	193.71002109804132	1333.570470710996	-2624.846856982662	9.970353356245633
?	124.11338037687236	-23.267867910244558	74.38281293959466	130.67978933640504	450.16035064153624	5294.163852824826	931.4779556238443	-6026.465546379924	11.63456881409653
?	121.78805745565833	-17.592953405556706	75.86256339704126	19.5694585596246	597.8729185597947	3834.566034725566	1032.2471933919956	3578.6846509789384	14.567750509159785
?	123.23373270659451	6.814258840070312	75.3612858675759	-240.87671036106443	641.8886523778173	3140.6145586577472	1110.4121881727938	9917.315121309735	16.028884216833756
?	122.12877039766185	-2484.674654131855	63.818727878987865	-391.8833711877613	754.9036464926843	2997.4752088103496	1528.1129494574893	7083.977994670749	7.49529820798788
?	-1	-2462.575407953202	55.76711730818756	-213.01127066488385	791.7624128183369	-2081.671386587493	1464.6110879063363	-6861.008197536228	-1
?	-1	0	53.16816434574352	-109.68819182399884	650.8200771633082	-2265.288135974808	1185.062539580673	-6312.833529652831	-1
?	-1	0	50.28270771698754	52.146843347606165	678.4980060195949	6680.012378630655	1148.9694114236902	25359.89102089542	-1
?	-1	0	55.775506513123865	12.366960087829392	984.8206960948456	8503.24187978553	2453.057090625462	26581.390521857655	-1
?	-1	0	50.90105572137902	-188.7685036378797	1103.6601000088774	-2663.1844803381623	2478.038937516592	-8417.693752368557	-1
?	-1	0	46.33708133122975	-56.198364120914505	851.6614720779356	-3778.4327322264935	2032.1724030070282	-7136.970940534691	-1
?	-1	0	48.09113751533325	71.58279935305711	914.73846339755	9675.73811217728	2121.1903904898522	14249.596250975672	-1
?	-1	0	49.916221298882654	87.73927198187695	1335.4483776868065	5656.61733856092	2744.652215555822	1367.9232787125682	-1
?	-1	0	52.47810111442716	-40.72604394472648	1197.5693303256	3571.8520714319166	2189.5865544254816	-9565.079257174111	-1
?	-1	0	47.8799191016463	-1.171059986196764	1514.0409812584048	9536.402623116564	2266.3982526971095	12130.45204357526	-1
?	-1	0	52.41954811511732	17.172221398340394	1674.389461481435	-1141.398388870209	2796.1091566042533	3753.680883515009	-1
?	-1	2628.603197450594	48.73853017156333	140.51817850570671	1456.9710618148936	-24229.64878747066	2454.0822968728626	-19728.556720298166	-1
?	130.43015987253156	2448.90225394601	59.44545704040276	247.87070813821717	462.9070221078848	-24054.98820974361	1809.6813205893309	-15579.551906520443	-1
?	121.44511269730225	-2628.603197450594	61.13206557847437	-175.80883164996158	254.22165132769592	10015.968380229686	1675.1047015468293	8831.141604696042	-1
?	-1	-2448.90225394601	50.655015457904554	-255.91359697351072	963.7054411193763	18205.71121998073	2251.2384008241393	19137.589298530693	-1
?	-1	19.999999999999716	48.33638572979865	-1013.1003091580767	1164.5072123267453	-19274.10882238725	2631.9841664733776	-45024.76801648214	-1
