rowLabel	avP	dP	avI	dI	f1	dF1	f2	dF2	h
?	106.23696897714304	2017.6093479323674	60.0279332259503	1356.5956321020556	399.4095462687365	8837.161153779285	2135.612720107502	41363.12571272065	4.443429909008764
?	100.88046739661837	-263.41835229054226	67.82978160510278	170.0855029211631	441.8580576889643	809.0633563800111	2068.1562856360324	-1920.0902071570727	7.442225179414592
?	93.06605136261592	-277.10944677406604	68.53220837200846	10.690853175629794	439.86271408773706	3082.9156764468976	2039.6082097496483	5180.301883489454	10.86660669571261
?	87.02499505791506	-1881.3210272523188	68.36432426388427	92.14943542457719	596.0038415113093	20764.51934694589	2327.171379810505	17798.562819112343	4.805932476273173
?	-1	-1760.4999011583016	73.13968014323731	-119.49281441287584	1478.0886814350313	27372.320173008877	2929.5363507052652	9367.657133406594	1.324120605188665
?	-1	2045.232688945774	62.38968354324048	-150.72314971911797	1964.6198501617528	-23107.59050574397	2795.554236480835	-15052.545641170895	3.4614227682781475
?	101.26163444728869	1877.8828566177217	65.60352265728142	20.598494377142917	322.709156147833	-9586.8585638743	2176.9090686467207	-1815.1188608058515	7.30788960441131
?	92.89414283088607	-2045.232688945774	63.419608262097626	-66.03833006570712	1485.2769219680379	27653.382579097088	2704.7982934405422	9027.108233587389	4.906741133710553
?	-1	-95.31230051354301	62.30160615399606	-60.771459520016165	1705.3782851026872	-20262.871025456374	2628.26448032609	-16088.448645329703	0.5860818994752091
?	88.12852780520892	1962.7437551149458	60.38103528609682	163.6575511778395	472.1333706952194	-24182.299106823313	1900.3758611740573	-15976.917319204347	5.623502726763916
?	97.13718775574726	198.71476001641395	70.48448371288804	99.68619959250239	496.2633297615219	53.244982288259685	1829.4186143658728	-3578.327987746426	14.387860874607426
?	98.06426580602962	235.37572807506032	65.36534526572194	15.072434566315835	474.7956198096324	1120.587813565244	1721.4594617867358	-2413.5642048978502	8.040372285696494
?	108.90597415950029	258.79748961013354	71.23810544120383	178.63815327328933	552.2927204397842	4595.771082991833	1708.7404041209802	-5014.547691060811	6.801181550991565
?	111.00414028653631	-34.94141330278606	74.29725292938642	29.754430369712257	704.5841739592242	1684.5744357706128	1470.732077233695	-3109.5647616951983	12.733237570386525
?	107.15890349436098	-2240.0828057307244	72.72582695968944	-298.61722586151785	636.5214422283149	-500.70478499928595	1553.2621660362202	371.4306069112532	6.279566879875405
?	-1	-2163.1780698872176	59.36639163631051	-313.87679163184174	679.5489347092599	703.526469894536	1489.3036075792577	279.4776657638656	-1
?	-1	2018.324750476045	57.03198737809734	80.33756488155497	671.6977657230417	-4329.5252745332	1567.2360493244134	-1752.323404917791	-1
?	99.91623752380234	1819.201345228083	63.38326988038826	119.83120998599792	463.07267098259973	1826.6879491771335	1401.687437333368	16976.41774951162	7.718513346467238
?	89.96006726140423	-2018.324750476045	63.02354787739724	101.03123442754344	763.0321631818985	20101.739939511863	2416.056936799995	38791.09058582177	1.3195973395035159
?	-1	-1819.2013452280871	68.43483160176544	4.044065979285	1468.1596679581937	16701.19567164547	3341.241966624458	15572.782242346568	-1.906747395635324
?	-1	2304.672538372728	63.22575117636149	-58.76656879420347	1598.0919467641709	-22542.56417111302	3194.6960489173225	-23684.60406100057	-2.688327396530069
?	114.2336269186365	2028.058596346414	65.49650316205526	62.764098677104215	341.0314594025417	-24399.626824487066	2157.0117635744286	-20826.761060477536	6.641853667989611
?	100.4029298173208	-383.1465425946336	66.3639561102167	6.836938637233907	378.1106055398165	2280.2912804022835	2153.3579958934447	-921.8545018733577	7.564059570645934
?	95.0762997889048	-161.618437399395	65.83835009391696	-89.83105793280663	455.046023422656	7081.124664566654	2110.9190384807607	-4164.495104332437	4.641414402447538
?	92.32200794735104	366.41167345279564	61.87240321357637	-65.5890269722938	732.1668387681496	2113.6891501777895	1945.1332406768227	-9845.460375428283	4.844623046969636
?	113.3968834615446	327.7013441789319	62.558898745302265	230.79366533505174	560.7304809315456	-5155.545067779848	1618.646019709346	-4847.324210177458	4.487931484595236
?	108.70707515629765	-156.38536657180325	73.41208648032897	57.37733720209756	474.3895853791569	-1875.151037787336	1702.7670301679495	496.91214223434554	15.499462181623063
?	105.57761513295443	118.60541236689404	65.42776560540715	-53.611781612283615	466.9729290421787	-670.2495072735923	1643.4916268210634	2896.8158723618326	6.511130910398474
?	114.63734577464236	135.51057100889483	70.73149739971478	117.64379348479044	440.8771100154773	-1860.4086879313656	1847.6078237860413	2308.393076257887	12.154996842497248
?	112.35314368339918	-108.7503471553804	71.30995527964667	-36.23765685183482	373.95249464561033	-2350.4503306138145	1758.9112806339579	-3662.2928845456513	8.061277684042478
?	109.19982841687333	-72.58741768593829	68.91961455712304	-11.829976506325284	323.35459348478645	-649.5658392741706	1664.4931795587586	5126.443629434461	12.290921946516642
?	108.72377279910226	-152.18126860550242	70.71845645433041	16.385597366378292	341.4742026819018	476.8568814502631	2015.2334621056812	7255.232414765822	14.715689913075568
?	101.5907649865982	-328.0488280721187	69.73889442544196	-248.1447875021795	347.1974375572996	446.8383121149357	2027.25480029705	-1311.1726430909937	12.14437181421699
?	92.32133139549632	15.795048140383571	58.31121707922142	-306.24046860213724	363.8161182876486	-389.55488202018466	1949.6748299511314	-1364.2630298528354	3.96817262101012
?	102.38051739361738	-1866.4266279099247	54.42687099533508	-155.39434271875507	327.7196934562904	4463.5666360386185	1959.0416488044082	-454.1504896058537	-1
?	-1	-2067.6103478723458	50.54149994328366	-143.76644695888973	586.9944500895797	8513.42537742808	1926.9673054708387	1970.4958727281637	-1
?	-1	0	47.23854864739059	-116.4948708557228	753.3909623276948	6694.461396231669	2057.5664424408164	3081.8016342356595	-1
?	-1	0	44.716756400497516	18.35809144178752	921.7175199011634	7461.233768445348	2081.057387182622	-409.5011756619666	-1
?	-1	0	48.156453219479964	118.06233050901018	1126.4526507499625	-1451.724506660722	2037.091383657718	-3220.0182180245174	-1
?	-1	1811.5060761035822	50.61987292594803	270.70287863093705	849.1312945681273	-14048.558931610216	1920.0564762813958	-546.6621200838218	-1
?	89.57530380517879	1746.7272082312525	61.69159715102677	301.48695964258815	424.02470416945414	-8633.224644909658	2009.758277653527	2590.5771547785434	4.236402582308319
?	86.33636041156231	-56.514328074977044	65.69422090807738	84.61004602924449	417.4700623226459	-70.43751906943751	2049.5853340203225	206.22741806168125	9.851236433047216
?	86.74958740142995	-12.021809726734077	65.92209945248898	-53.66234611695182	420.5028282159823	-96.14545666124207	2020.0696485566111	-790.68002677989	10.552074017783557
?	85.73526992522561	-1754.9917480286051	63.0111036022298	-133.78999658764704	412.6627894895838	4899.271424762	2010.0513326813282	4993.960314685405	8.115691633036828
?	-1	-1734.7053985045184	59.23259962310665	-125.54214059068657	665.4663994540814	11893.13395025732	2269.7676642908805	9325.953013381943	-0.008131829061495175
?	-1	1720.8956395776981	56.733996572695496	109.89988322088105	1007.3194870024477	-1742.5272248750223	2476.3489833504236	-10560.5929609915	-1
?	85.0447819788846	1612.063220575873	64.72759378415069	79.1345534630517	578.3400382103306	-9509.391294024628	1741.7380162413074	-14981.168145015397	5.056597347339989
?	79.60316102879337	101.92078853435284	60.69072424584807	-65.53438675178919	531.8499223012179	-2391.091582507816	1727.2905760996564	2377.732201322951	4.198509356541523
?	90.14082140560223	237.52829825249108	61.45087444656124	119.74429677336673	458.7854590849402	-2830.451168776486	1860.6246263074545	3917.902895894859	9.855374179772069
?	91.47957594141788	-78.4573099064994	66.67793908451638	35.215176352539274	390.3273638623941	-1850.2497646114157	1923.1857208943986	1604.8038578507533	11.292485809124699
?	86.21795591027727	-103.22418142243359	63.211633264188194	-252.57542755695573	366.27297085436976	-1393.066162006068	1940.8648191999919	1478.0795423756906	11.8708476896878
?	86.31836687029622	-1744.3591182055516	54.04916770666864	-269.53182335110665	320.674055762091	7326.6685675445015	1997.089698013183	2740.1702554091576	-1
?	-1	-23.324140119029916	49.73504209663291	91.64748494493414	732.6063992315935	1356.9021055477438	2077.8733319704493	-3157.3416483414417	-1
?	85.15215986434473	1645.8428272905624	58.63154195391533	169.71284868254574	388.5191610394779	-176.11031468368145	1839.2226155961114	5006.066660603174	-1
?	81.29214136452782	114.68231723833453	58.22068453076017	47.51519350584135	723.8008834974095	2620.2514864175623	2328.176665000607	5951.467546393631	-1
?	90.88627572626143	178.1532908423606	61.00730162920739	123.15425363150739	519.5317353603556	-7262.868605611882	2136.795992915792	-6549.555436434626	10.059452968150726
?	90.19980590664582	-65.45000276216706	64.37839721233551	-82.31928376339995	360.65745321681663	4060.3709667193434	2000.698893178877	-2808.3739886836074	13.298128127445988
?	87.61377558815309	251.12504290032493	56.89133744103741	69.60813992518719	722.550283696322	3116.704224097609	1996.377293481612	-16157.093775397141	-1
?	102.75605805166202	274.37057561373973	67.85880420859486	211.79377728003874	516.4926644216965	-3069.096677106424	1192.8442044090227	-15872.859343014086	7.784148112427886
?	101.33230436884003	-141.0238691829499	67.48102630503931	-52.67224621116061	569.0954498410014	-2585.1739653507	1202.7343263309106	6560.465810182387	11.575640520933035
?	95.70486459251455	-65.80524948479928	65.22519189803684	74.81748436269582	387.233966154162	-989.2936170932616	1520.867494918141	512.8421660907152	9.682919672509764
?	98.04204189460008	158.46330341217282	71.22190052317409	133.43902341394815	519.6307689863385	2851.396401189746	1228.3764346354462	-4824.664962035489	9.275555459442579
?	103.62802976312317	160.8074533715302	71.89714306873422	45.89155483802005	529.8037862136488	1160.7834775028318	1279.6342468163673	2376.471545463059	10.00974037637441
?	106.08241456317656	21.37569153701215	73.51647826507508	70.3204190548129	577.6699428614799	1220.6120228400798	1347.2000119085988	-6780.068710908255	17.614595337077116
?	104.69681433997377	-42.26168880844157	75.41316402147486	-44.27207463721929	590.8343873556526	142.70600281631738	940.6308112709558	-9617.207869970569	20.63279580299142
?	103.96933012275449	-2113.936286799483	71.30287453321412	-415.77630616817834	584.8052430022957	2328.48555391456	866.339618410072	8878.665983804904	8.53597551463333
?	-1	-2099.386602455097	54.62434871306601	-364.02060020608917	707.2586650513802	3680.873195395936	1384.5641104611993	4462.731279891247	-1
?	-1	0	53.10184452290973	17.948685376079602	768.8489027720918	-824.9736942831198	1089.4761824046336	3040.4880595681307	-1
?	-1	1725.4282556494168	55.52178298186999	118.60939176667443	666.0099803372243	-6436.661643781453	1536.5885134396053	10835.177133420155	10.986493502358744
?	85.27141278247053	1742.0223482092895	59.03231411124343	127.18175201002313	447.01582058302034	-4492.175564030486	1631.2350390756394	6213.604932900884	-1
?	86.10111741046417	-13.672423411077025	61.880870582371124	111.21987696870431	441.40120213570077	-894.4314381193292	1847.2687600846484	6549.456827506566	10.327147737355226
?	84.58779161191669	-97.70765031023137	64.59330795967863	-2.0985129008634904	402.29424867705404	29087.25233039676	1958.7078804509665	21420.527777389554	9.02641979583501
?	81.21573489495262	301.5323871376352	61.77594493732795	12.870525972252882	1895.7638186555337	-1138.8074678228857	2918.2951489541224	4876.21948515667	3.7628899175137285
?	99.66441096879839	531.4916706080745	65.23683425829127	111.0890070782757	345.35387528590996	-31863.271171600296	2202.518854708799	-12794.220367106345	5.979913732479455
?	107.79031842535625	189.9953293277913	67.33039529124172	102.13288104016905	302.6002600755245	2173.5282686640194	2278.5841305988074	-4000.047403395052	14.826153006676725
?	109.16417743518792	-18.67873879256656	70.3434783102997	-73.79115836712029	454.03028871911056	4472.689457910919	2002.5164845390473	-5036.616470131303	10.917766466924483
?	106.85638148572792	-2203.2835487037664	63.64083737288571	-403.95103866466843	526.2347329710697	7147.6215312205	2026.7533070922432	-1295.6628892278195	3.6046529870985737
?	-1	146.60115429877828	50.14592637706635	-78.12441537368585	811.4113652801343	3581.5169830227605	1937.7333400776565	-3243.150037640796	-1
?	114.18643920066681	2226.6861226242545	59.734616604201435	446.3460724800902	705.310582122207	-5680.335991948459	1864.595805210204	-11908.38085392401	8.500829103167332
?	110.33430613121233	-152.5622181368922	72.46323000107078	186.17276245952732	527.3945656827124	-4796.288728306905	1342.3142973814581	-85.92344008865014	8.892206612706952
?	106.55832829382223	5.337687415849378	69.04325472717777	68.51506757413712	465.49614570686265	1220.6003516519806	1860.2996332057714	-4360.37658352209	12.15706022020268
?	110.6011905020048	63.57944779586512	75.88898337977763	172.33785908721734	588.4245832653112	2432.977384802527	1124.2954682053544	-18443.474581162758	13.367653345301795
?	109.73730068361547	-28.90815245432957	77.6601476815386	-219.20822073142736	587.1450149469886	1310.9403931832412	938.1259041476369	11251.648309279712	18.784186850869226
?	109.15578287928832	-9.077790871250816	64.9285723432063	-479.77141313273717	653.971602924473	4377.533922575669	1686.877883669338	22672.885823283304	2.2706898530144692
?	109.28341114005293	2.2326583774577182	53.67157702490183	-107.42771772649671	806.0217110757712	69.69311306869965	2071.770195311798	7095.170266882877	-1
?	109.26741579816121	-236.6241230311499	59.55718645688148	305.93937585465665	657.456258577908	-4776.8304964831905	2041.6363970134805	-7403.169266982922	10.368203532573897
?	97.45220498849548	-196.6901152852533	68.9685458176346	114.95109310181745	567.1801862516126	-923.3967942643322	1701.6117319626533	-16792.25979623376	9.171197592700825
?	99.43291003389858	-1969.0440997699166	65.30474111197233	-345.346806756046	611.2864188646915	4982.936836768424	1202.0234072017954	7451.250370586503	8.287765749386528
?	-1	-2008.6582006779788	51.70120547983237	-147.4589936256512	816.3270280900329	26.852953031511884	2074.174250491977	9158.39641474542	14.846368717621264
?	-1	1944.7667635361347	57.9317914306898	305.93353622467555	612.6290665162671	-1729.4208297949256	1659.9432279390649	2267.3436868992567	3.3897613568095197
?	96.2383381768064	0	66.99788229106609	0.4201324985297121	729.8559866002869	4692.781536433491	2187.5414348369395	17711.004918251656	0.9621039101699159
?	-1	-1944.7667635361347	57.952798055616285	-286.8300587495949	847.2681433379408	-4535.06832900271	2545.4934738516445	-2537.4730862624983	-2.1935409615959345
?	-1	1839.8814565379398	52.656379353586395	183.12437391684207	503.1025701501522	-7974.673815032676	2060.667780523815	-13470.347406781595	-1
?	90.99407282689667	1646.2443437613845	67.10901675145836	266.5190373884931	448.5344525863084	13020.583035720474	1871.976103512567	16452.65994630388	4.959522474693182
?	81.31221718806893	-1839.8814565379398	65.982331223011	-8.3657731186145	1154.1317219361736	27415.70510567994	2883.300777839006	19193.315778878572	0.7189358271680353
?	-1	636.0103351765602	66.69072809552763	27.61029835043142	1819.3197078703004	-7434.023312442093	2831.6418924564923	-19011.657456967463	0.16471858110673593
?	113.11273394689682	2026.100643468106	67.36284614053257	62.717747324369036	782.4305563140703	-26103.483270717676	1932.7179049906363	-20578.164027720173	4.5466124548731415
?	100.30503217340494	-233.40827693522724	69.82661546174607	12.84968686819558	514.1455443344212	-8220.173125865866	1802.7336910704873	5271.123016876773	6.706598760806048
?	101.4423201001355	33.191420296211454	68.00533048394235	-3.338524961443466	371.4219000207785	-3996.7937861639125	2196.274055834474	9794.338555059752	7.7086276060045025
?	101.9646031882155	-155.2901688554695	69.6596892136739	-34.356100578509206	314.30585502622625	18553.615245831785	2292.450618823473	3703.7803362808195	8.645713273190648
?	93.67781165736206	-2059.2920637643174	66.28752545501689	-183.89762245259982	1299.1026623123644	19842.39753712882	2381.4630726485143	1927.4236812842241	0.782153560909677
?	-1	2139.0535711217635	60.46480809104394	-153.36776168662706	1306.4257318826637	-11046.51049548062	2388.821802887684	-4902.7587432583	-2.1399951318174653
?	200.63049021344986	3775.749349276876	58.619137370685564	-97.99505625655903	746.7771375383354	-16229.62365373617	2136.3251354856	-7544.627702213401	-1
?	187.78746746384311	-4032.6098042690114	55.56505527821601	-144.6123598541771	494.94454919585814	1650.3239994295054	2011.5904177770153	-1298.8706054260774	-1
?	-1	879.4566673864588	51.388519377976735	35.502224130908346	829.2933375098104	3720.4075299945835	2071.3816052142965	1301.2161418952155	-1
?	231.7603008331659	4908.882128424977	57.34016648476142	-10.474377512056813	680.9649256955867	-492.611123020069	2076.651224871776	1445.4881702822292	-1
?	244.44410642124797	-4655.206016663335	50.864800502373896	-198.65685870961116	804.662781358807	2140.8005507747985	2143.6560137284077	-772.7791875966368	-1
?	-1	-2838.7266813189476	47.407323549280896	299.27454897728546	788.0049532343262	-3639.5450600161453	2038.0122654919442	-14046.12572107114	-1
?	102.5077723553011	2102.488784726817	65.82852795123812	480.91872967920284	622.6855283580004	-1840.421888568994	1441.3497276748533	-8192.095339361715	5.358304785073245
?	104.12443923634048	-2070.1554471060294	71.45326003324095	-54.73411954239969	695.9838588058768	4900.371187487037	1628.4074985238599	16024.168081797914	5.456913098726598
?	-1	8735.402278309282	63.09182197411814	-287.5539304839356	867.7040877323514	6032.893355716152	2242.558131764746	11081.097032119918	-0.2676871656557649
?	540.894553151803	2418.206821610537	57.07556350904422	208.91957971027668	997.6285265916833	-2487.494740897361	2182.462350129854	-8716.317700503108	18.345621179153888
?	119.91034108052644	-8201.330050595641	73.53780095963194	369.22013329643823	743.3293506874837	-8400.064217890895	1806.7422467395922	-22565.243331664922	5.25194071890014
?	130.82805062202246	333.76768998983243	75.53657017386607	-38.63883477280367	577.6253156971401	1480.7524331301518	1054.2001835466117	10112.111459922926	3.9019348514357177
?	136.598725580018	8214.491880599597	71.60585922099176	-175.53578820639194	817.366972343991	5639.485541971137	2312.3478197357367	23731.925847669903	3.695905623725799
?	541.5526446520008	4673.108045296816	66.7597807635465	-52.07027689785396	859.5995927956959	-6509.819141123223	2240.7964759301026	-2156.7071502744043	3.8701527592411558
?	370.254127844858	-7561.26183603657	69.00234537609907	112.84782701040552	491.8760152878311	-10188.428687883345	2204.512462222017	-439.8243195265438	5.957550193442362
?	163.48955285017374	-4541.0807555648	72.40217211406676	107.38676010312626	350.1781584015305	-1608.2593995548507	2218.8052599537755	-4904.130556456597	11.166387030423753
?	143.20009006661877	-815.6564012274223	74.37168338125537	117.80446939155225	411.46304531008883	5162.214604459982	1959.305934399188	-11576.898294548515	7.472125528089561
?	122.70673278880277	-608.6352233333653	78.29239558364435	1.039002783062987	608.2888886245287	5730.940622470752	1639.9603452263518	-11525.252274891433	5.9611160741316755
?	112.76832889995062	-406.95343069538836	74.42363352040852	-181.6502781551359	698.0100764336254	806.7377238154774	1383.0433206546184	-312.09951724687585	6.705712226771475
?	102.35906125403342	-2275.3665779990206	69.20988167588759	-116.99384636642505	648.6257748153024	4947.676744613847	1624.355369364008	19424.303506149092	2.9563569650728683
?	-1	340.31828585441764	68.57394120208728	67.6422983333671	945.3939136643169	-1559.8433050537287	2354.2584959620694	-45.2212605154911	0.4583439070876032
?	119.37497554675424	2381.8652433063353	72.59199659255593	-129.96465960250706	570.6336095626162	-7128.735105192471	1622.0943063382335	-15222.799777560344	3.255621158065842
?	118.09326216531635	763.0699030245837	62.07570822196195	-294.71972699501754	588.9571584046946	-187.0322075610836	1593.118507084055	-1213.5463572966407	3.601991395599431
?	157.5284706979833	363.08723489654244	57.856010242805105	197.5215417833806	561.2819991845621	87.9130601433852	1561.4169884734017	-3644.108312114803	-1
?	136.2476239101434	-903.8427174195633	71.95178531113095	168.83247177607035	593.3528114118639	-3287.691227992662	1410.9130914783154	-1339.4575157489955	5.776879307718326
?	112.33633482700529	-696.2023536916324	66.2976338316086	-52.258747903902545	396.8974377849296	-2789.1268525499545	1494.4441126859522	7786.449824583619	6.422313861758344
?	101.4375062255619	-183.60597861564096	69.33884791593583	42.43082612643989	453.8964687843666	382.171218396684	1800.235582707495	7007.436503367105	6.474387860705392
?	103.15603589622327	-25.29173328399688	68.41917513793058	-116.45528883738122	416.0059987047637	-807.3500462342287	1844.8159378543062	4130.889087132178	10.953648221016556
?	100.17291956136206	391.98138996060857	63.51608347406679	56.8854478533037	413.5289664726553	-858.2963478983262	2006.7800370641032	4658.1269551324685	6.505414180256953
?	122.75510539425363	395.9336114930153	71.26344753059576	53.295442486680905	373.09118130984757	-1276.3304587116465	2077.722285610929	2712.2124009534086	9.585307064209172
?	119.96960013601276	16.53972460073283	66.18085559840083	-308.96986805069656	349.7124435370732	1855.3580470177676	2142.390657111773	657.069903935692	6.837519913684983
?	123.58209162429027	420.5781544149122	55.81495412806098	-134.5966733309546	465.8590836607356	-402.1173306399899	2110.5757808077133	2364.1089456548516	-1
?	140.9985078567583	68.32048496157877	59.45102193185312	200.4183110607076	329.6065770050738	-3301.3916073233704	2260.5961043945154	2734.474147761612	5.602662833812804
?	126.9981158723692	-413.2235950676452	65.83586968109633	117.18039576046904	300.7895032945677	-631.3857014945688	2247.2994881957934	-969.8675014871276	8.038702397276706
?	120.33732810337611	-24.195928501650968	65.31004171987655	106.49350854504387	298.0372919303455	94.74780062708112	2212.102729320159	-76.39585309222666	9.720048115921577
?	125.78831944728665	117.38188941753306	71.1605451083485	-65.13880573202906	305.5268933259217	-81.76891294689227	2243.479695541182	-204.59510940145339	15.201947703841025
?	126.20642257425274	5.849128827051422	62.05310143327511	-344.4742359695915	293.9488462830009	14851.732513942577	2201.8729738500865	-7735.646063755594	5.879137931908716
?	126.08077588863922	202.60847497122327	53.93683330986899	-27.579105298715334	1048.113519023048	11619.080383549828	1856.6973923534038	-2219.7660840853755	-1
?	136.33684632281387	98.29426470895562	60.67414616833935	442.78431197980257	874.9028654604903	-12971.456746134078	2090.884669645818	787.5331315023078	4.052087353080054
?	130.995489124087	-329.2785197048108	76.07604890885904	203.90644950754748	399.5406817163464	-9486.469666755942	1896.074048928519	-3807.8048817829267	13.216454040377798
?	119.87292033757339	-2639.909782481749	70.86946864371669	-392.81107198081355	400.5793821226949	-375.4678019337759	1900.4944255566725	-796.248773494147	6.534043592239452
?	-1	-2417.4584067514766	56.43549530981843	-331.6160972443281	380.76729161965767	5374.932056626587	1856.2616102538118	2301.934484217876	-1
?	-1	2166.984409748296	54.28866378150034	81.14667125598146	669.3259849540233	5116.870217547193	2015.5911497675659	-5435.513400286905	-1
?	107.34922048741441	1939.0143195112155	60.49282887261749	228.16588709146498	636.6108024970164	-2705.975574591701	1584.4859402394675	-6630.880693835821	1.885336869244087
?	95.95071597556043	-322.1175674974691	65.69695813607355	-50.308949372345246	534.0272062244387	-780.1430772783674	1684.047115075776	2917.6536154666715	6.9974555179363405
?	91.24334211254102	149.11832132502664	57.97738140400023	21.393009064067957	597.6036486330982	596.6635702368716	1730.3686210128005	5849.463203109311	-1
?	103.40663204181173	217.58671138133556	66.76660858927694	222.87203565562615	563.8603847362822	-2584.4202684234324	1976.5202752312405	-132.15457062187446	7.515008306506233
?	102.12267768160775	-183.13843730855788	69.1209831867815	-139.384921373258	468.382635211927	-1374.383241865535	1723.7608924817068	-1343.8288023141424	11.443736553931686
?	94.24971017638387	41.53279270947494	59.797362520614065	-133.4100141694491	495.1412226430057	5462.719474650081	1909.3288351155336	3544.3463905163835	8.766207339063254
?	104.1993173170815	193.73242658868588	62.45048247830907	260.192239026455	741.5186089444301	-1055.3046261631769	1900.9782120075254	374.4820716165863	8.422852962877464
?	103.93633150581813	-30.872844846969766	72.80697447193677	235.51863625438867	442.375991334847	-6104.636230011616	1928.0529386963628	2189.0200104471783	12.602171484776116
?	102.65567507473301	-114.30585767239548	74.22641429102846	-272.2602969070627	436.28679744385033	-141.78727165162792	2010.429212529884	1181.8688789554421	11.393491908750459
?	98.22103862219838	-2073.1135014946676	59.193959626583684	-414.55571452949516	435.28662775226564	804.4887780136065	1987.1463826441347	2970.0690599823715	2.8256941025236704
?	-1	-1984.4207724439746	53.498628564553776	-90.94260804786406	476.5112363445305	22075.338511950173	2158.932665529002	11608.459167740439	-1
?	-1	0	54.6468292241905	-23.28803289025552	1539.0535533497705	18325.544237642385	2567.5693410311546	7937.247672387385	-1
?	-1	0	52.334226920041004	-139.8371475582477	1392.7884482266466	-20014.82946101872	2555.79504914837	-11398.78635025625	-1
?	-1	0	47.65497184627814	-137.43532104382473	538.312080298838	-9992.126789554577	1997.6300235183442	-6508.173409600254	-1
?	-1	2232.64936012112	45.46246086784979	178.1632781297096	893.1821087489195	-1852.3227690085694	2230.3863786683582	1571.8588147270486	-1
?	110.6324680060556	2059.33603382359	56.563135752763586	500.9624885952216	445.6959418484099	-9071.74653720014	2076.2229642546963	-5013.0622278597975	12.963102753256148
?	101.96680169118096	-311.2261052206345	70.51058529761123	221.25422057950627	439.5947818889061	7729.947749355728	1979.7332672753648	1998.9837274720765	5.260048833379808
?	95.07116274502366	-2059.33603382359	67.62584678173906	11.053331800098206	832.1933293162018	23322.39720037912	2176.1721506283016	16284.028768279213	2.497031099236817
?	-1	-1921.4232549004457	71.06325188761615	-155.9590199151109	1605.7146419078786	19595.85572897793	2793.934705689337	12786.265697767567	1.0079590685140123
?	-1	2378.8402310671318	59.8278957859834	-22.237389429264706	1811.9861157651123	-23733.546835505593	2815.485435516689	-13689.748675194574	1.3634992424217773
?	117.94201155335827	2217.1067770910017	69.9513824161529	232.55771236151685	419.037300132582	-28258.425529390268	2109.4472719295986	-14154.994546937813	6.781803266480213
?	109.85533885455166	-122.28731909776482	71.45578140405941	74.39930856076595	399.06483929557896	-192.21245475116984	2107.7357081697883	656.4094622626997	18.390387867029567
?	111.82764559846994	37.30262388084757	73.67134784419125	113.45456125487696	409.4266773950234	821.6188089188833	2142.267745042734	-1636.1835977171081	18.17683846832295
?	111.72047004859407	-14.451340666823363	77.12850946680334	37.00486204511496	440.1457797415237	553.9370469065262	2025.9265282839317	-5333.158478063803	17.08609761152863
?	111.10507856512876	-26.60702979898351	75.52159094644702	-319.3157012614458	437.1235297403501	-183.1924283107204	1875.6098211395401	-599.6703113291511	12.401094513064558
?	110.39011855864487	-209.03043728485713	61.16272440373082	-103.46565170655334	430.98615832598756	184.76673120731982	1995.9430127174737	2215.5316237393076	6.49979722403828
?	100.65355670088576	-253.31126828941885	70.34830836111928	185.78047604424162	446.3618663007162	1022.6299970860568	1986.386402326507	71.3370836363164	7.699212718153113
?	97.72455514417375	-153.8793857646227	70.45174820594303	16.891211932947712	482.11765818029113	466.3564286849102	1999.5098668992896	-5046.535028665577	13.042639670852475
?	92.95958741265451	-148.0598592568602	71.19286895776668	-230.34207262822193	469.67968773496204	-4.430448656743175	1734.0596508932247	-6631.133102988507	13.4510918225468
?	90.32156218133063	7133.076366601318	58.934644574531774	-226.61139479121593	481.89613574745397	1008.6055728163449	1667.9532117498595	220.67498116334406	8.721225851815396
?	449.6134057427255	7069.563527285566	59.86229921820572	88.04776539956012	520.10996637578	-793.5098408570083	1745.093399951392	-648.8594869061489	2.148170525526227
?	443.799738545614	-9012.268114854382	63.33703284450984	-220.25375494712307	442.220643704603	-599.963684233972	1635.5102374045516	-612.9802022488278	7.314052927640302
?	-1	-8895.994770912153	48.84961147084941	-277.92389606075307	490.111782164081	3562.9262644617647	1714.4443898389502	7282.449879878119	-1
?	-1	2112.0542820074693	49.44083804147199	292.81676981369566	620.3669569276938	-1476.233484160094	1999.6327313984627	125.44411424151171	-1
?	104.60271410037497	1940.6530399085293	63.4904499615344	261.6359577710867	416.30010795607524	-4351.543231124225	1720.7165955510259	-9952.690787860602	8.752007808980284
?	96.03265199542784	52.94280100781246	62.52263593002651	83.80735977498867	402.78979537147944	68.59217430872165	1501.9981920054256	1666.056595209633	15.078992339052915
?	107.24985415076563	203.6285562011724	67.6808179502839	218.89510634815682	419.72971667151137	1701.4067678082617	1804.0194253115087	7599.519216608638	8.708511107056779
?	106.2140798054866	-207.11428990560893	73.4673912474345	66.38503214749582	487.86013376189374	1517.0604684023635	1881.974152835863	2829.400947707819	9.90452804631482
?	96.89413965548503	-2144.2815961097017	71.00006955765873	-358.71425864366074	495.5827400916306	611.0925307082271	1945.4894726969017	1074.1318150632908	8.649657091710068
?	-1	-1957.8827931096728	55.53167831525121	-366.8096159524163	518.4147602973055	-42.371464246622814	1935.6807435890282	959.9955635610422	-1
?	-1	0	52.65958876003766	-102.74912673471884	493.46416687929946	920.114002377448	1993.4892508749545	573.1782214924588	-1
?	-1	0	50.3942219785152	41.75668530817103	564.4204604161786	12418.02620421875	1964.3396546636516	8016.244704583319	-1
?	-1	0	54.74742302544624	234.1955328311105	1114.3654770902458	17715.052637894696	2394.301486104126	4382.4531555022595	-1
?	-1	0	62.10399862007089	-120.53745700831398	1450.173092310926	-10599.227336950762	2183.4623124387676	-10075.869728357691	22.739901230849796
?	-1	2270.841935879328	48.72055017503045	6.805568271060781	584.4041102427002	-20956.21020098831	1890.5079996862344	-3750.6568828327786	-1
?	112.54209679396801	1956.403405463595	62.44427703362393	356.503375846458	402.3625822614956	-5065.751591376639	1995.929468297126	2292.15753829761	8.138991605833837
?	96.82017027318113	-258.24265772858666	66.54571896735361	120.59174917172412	331.11653067386464	-2071.5091384958623	2005.1158766011165	2163.4776046768648	11.320511956795906
?	99.6299639075385	141.02538076903838	68.47386449221023	108.45571622791897	298.787125336701	5176.518684171653	2104.103348530971	1023.1704619397433	11.678333673877395
?	103.87143931163315	188.7622249983686	71.96850477874963	135.88381873095562	589.942464882451	3374.8169843263768	2056.2743996981044	-1413.7698026789376	9.503580840183947
?	109.06807515745706	171.0288178856173	75.2680554287581	43.910083805468446	467.52797455302226	-4434.9869367884985	2033.414858397023	1439.0382034713434	5.0690772504986485
?	112.42288020591414	58.26336850793839	74.16400896902309	21.986193670512904	368.1931180430229	-1132.035747720291	2128.2263098716726	106.10624424821557	12.795969248671097
?	111.98124358285402	-14.189305793761175	76.36736511228376	69.61049437835968	410.9261871670069	2578.5648479466017	2038.7201706094338	-5169.794774487126	10.80996772208005
?	111.71341491622607	-15.47761099049388	77.64453368794112	13.079724026101287	497.1213604403548	2636.2493557571056	1869.7365711473126	-3332.925368919048	11.68803458513625
?	111.20736303332932	5403.939011216004	77.02135131358884	-122.70106519840023	542.738654954864	1344.9779215772005	1872.073902163479	-2691.266541445955	14.43279394625057
?	381.91036547703004	9033.745191505526	71.50948042802102	-325.0178558195555	564.3702565192158	1326.6063302220361	1735.173244075013	-1608.069388442036	5.400319827985293
?	562.894622608612	-5540.980914982616	60.77045852261083	-81.49806026665458	609.0689714659668	-126.63375504202624	1791.670432741376	2212.922163424824	-1
?	104.8613197278953	-9300.84320016781	67.43457741468824	198.09397444826817	558.0385687671144	-613.5289286788683	1845.8193522462557	3381.0706631911644	3.9704800297580967
?	97.85246260021495	-233.86079376874173	70.67515724502438	59.9254678184073	578.392525032023	-269.72086588720305	1960.7239659009367	-1699.9077996238552	9.176421479307175
?	93.16828003945805	-288.1379875944468	70.43085080560864	-115.26132257597631	544.552525472754	31.64210475583514	1760.8239622650617	678.4381398097452	10.635925761502346
?	83.4455632204924	8989.17256892007	64.91209111622548	-141.5285386748357	579.9746302698147	8474.119912128432	1994.6458728914245	14227.370470041367	3.390663018300385
?	542.626908485468	8476.03673869063	63.35442387186676	94.78164005356526	968.2585210791816	-1412.079486092702	2472.19248576714	5016.617422731108	-1.9281552878790613
?	507.24740015502994	-1914.8249577211288	69.65117311890381	132.29291559283251	509.3706559651786	-12615.248437184662	2245.4767440279834	-6949.809167727782	6.847419226124372
?	446.8856605994102	-2573.544660885366	69.96906965150848	16.736108343101296	337.4960992199396	-3441.7094558124186	2124.702027380746	-3000.845408154294	3.2014864358223303
?	378.5701671107598	1716.8417960517736	70.48797853605889	22.471332488328777	337.28518317455524	10729.350460256303	2095.4344736202665	7517.586964459463	7.237091770070111
?	532.7277504020001	2931.7151369558646	71.09263627592493	-39.735057485312105	873.9636222327624	32293.88813490517	2500.5813756037246	24671.408724338184	10.122815864729885
?	525.1559239585552	-10674.55500803985	68.50122566179326	-82.58010982690304	1951.9795899198366	25730.596951972813	3329.0049098371933	16003.416133445917	2.6167753422643285
?	-1	-8271.858995190001	66.96363078457972	-103.62529357287366	2160.4934698314214	-14989.313297044015	3300.752182276032	-21195.576993710147	0.8629147223200785
?	111.56297419904924	2124.8604218853434	63.3199609831495	-15.158238221095315	1202.5139250676252	-29746.492442718267	2269.226060151671	-21431.76285845167	7.454543186890163
?	105.24302109426868	-266.126041380915	66.20571887352494	21.646672787309715	673.168847695487	-10394.354776448132	2229.164039353433	-2731.203057771952	9.69861813292855
?	98.2566721300033	-351.91454660794886	64.402294622515	-146.82189861951548	682.7961862452113	759.4060727404354	2132.6659072630714	-4586.445900406837	9.486675941495749
?	87.64729376387099	-132.60698092223078	58.864623942549066	-0.6395560248242214	711.1391513325093	-7120.152307001512	1999.841744333088	90.83980796645717	-1
?	91.62632308389166	232.4433015054832	64.37031682127379	182.69844522137345	326.78857089513065	-7482.855993241907	2137.2078976613943	2267.344492736783	6.8955530114871975
?	99.26945883914532	220.31516886159096	67.99954620361787	66.79438941018891	336.99635167040867	2161.914213293572	2113.2089689699287	2750.1023178823716	5.875125351965953
?	102.64208152697137	106.84066328046119	67.71003629178328	80.74148673849918	434.8842815598108	4589.573241388792	2274.713013555515	7556.178128915328	2.951369929495262
?	104.61149200316845	18.53354503094979	72.03662054054288	114.53253421878749	566.4750137398515	2693.101114697977	2491.0178754157005	1012.660736240836	7.1143891791392395
?	103.56875877851887	4556.115469095669	73.43666300272274	-17.57708492965154	569.5393372947116	324.57797383521205	2325.3460503675574	-15356.15253138703	9.609241679263391
?	332.4172654579551	7305.395456952821	71.1577662940603	-239.824338965023	582.7039124316124	1882.2524345011816	1723.2102488463381	5032.139370146188	10.346076759758033
?	468.83853162616515	-6668.345309159008	61.44544605447142	-150.420812748237	663.651959019772	2287.758034312612	2576.9530188748704	1742.9161137071903	-1
?	-1	-3194.127563412701	63.63672565664834	87.70421431883153	697.0918141472446	3594.3619467213366	1810.3560545316989	-12442.709677032499	1.9113400338390538
?	309.1321534555278	6081.650531461977	65.83065677041306	183.54880007050747	843.3700563558414	-7037.869260889455	1954.8175350232366	4629.199223990275	0.24649591879967314
?	303.08252657310317	-287.50615150101385	72.81416566017384	176.55737604399866	345.1983511027668	-6089.162854238375	2041.8160157312159	-11794.188604832107	15.304842247332445
?	294.75684588047693	-582.2889618973326	74.65852557261312	-43.6150166944068	538.9119136439183	1184.9228476263843	1365.1081047816228	-20642.9087316928	18.791898168531624
?	273.9680784782361	-513.183512261448	70.63341482545347	-122.99289664620086	404.4444934840869	1025.694211446054	1009.670579146561	14638.026798313214	12.256897905758091
?	269.09767026740417	224.6792006341709	68.50888074030299	70.63145740112203	590.1966242162217	249.78060461486947	2097.009444697294	20763.38233936372	3.396133781445164
?	285.2020385099448	289.14644799984944	74.16498769550962	138.74034567436755	416.9335237148305	-1238.6092398745639	2047.8396961147619	-2679.1076679424696	12.770981761612699
?	283.55499266739685	-143.91752961840916	75.44589802402146	18.43591448727468	528.2661622224927	1368.0642376492901	1963.0540613001685	1976.8582245583448	7.425546181689542
?	278.00616202902427	-228.96315432589535	75.08678341987337	-75.16485540604045	485.336735597296	-1585.72127782016	2146.6826073426805	2570.216352017069	7.773945767998316
?	272.1068349511019	-5580.123240580406	71.68765525371939	-53.67154414443869	448.98009833148353	414.0642429987074	2091.564878901024	-543.7098746305596	7.990188266950217
?	-1	-5462.13669902196	72.4032062126514	-35.48913857170425	506.0399477472317	2284.3646702147607	2119.497113611152	1326.3508362927125	3.81859369759126
?	-1	0	69.91319832513415	-256.3127039086614	563.1983318422232	7426.6406304270895	2157.8824207156604	5235.230417485052	1.9512754192875068
?	-1	0	59.587571017218146	-375.0891168989653	877.3719792685914	9666.058551405951	2381.2586344854085	-2314.1252777345644	-1.1253802041490821
?	-1	0	51.158742480185616	-250.63555025208288	1046.5012594125276	2076.063223895885	2042.1761568289305	-8625.944000375799	-1
?	-1	0	47.055793504613824	161.56117383155828	981.1751404633872	-4956.810302728923	1949.9614344666124	3151.431471950069	-1
?	-1	5001.267807106583	59.236801171763645	446.25363535467733	798.6607442760779	-4830.121968719122	2199.747730426436	9132.995336662823	-1
?	249.0633903553327	4714.072558209066	69.36847527234801	173.6009263468052	739.6690420274276	-2076.201181036022	2406.61120129976	6227.9265090789095	9.546470430290267
?	234.70362791045667	-208.4327294816096	67.91684748910403	12.121884079081836	694.8506852242754	-6273.565603468276	2511.144055880386	-22363.646000761193	12.848221872124764
?	238.64175388125207	243.26215144815075	69.97456947630211	72.41609583918103	425.99076185400935	-4294.091803034832	1288.4289012616846	-16044.460309650225	13.850843668958344
?	246.86673548286439	247.1742179029245	71.53765228106313	31.97030581091167	480.1460950725307	3968.816929885244	1708.9210403978634	9693.503127713137	16.682629043730692
?	251.00046477639847	120.55839721512028	71.57308476684771	1.9000637147140949	624.4316083482744	106.53626221662951	1773.1040576473483	5429.369940714414	20.582152457999218
?	252.89465534362049	86.98038498732662	71.63265546679884	-90.93936744956734	485.4729081833623	-3661.3071773991637	1980.389537433588	10468.552430362612	16.12244971800497
?	255.34948402576487	508.52307448026426	67.02611639436928	-4.765023301342456	441.3662494783136	-3685.059737041473	2296.5316791654864	-668.3364526442524	7.832168628212041
?	278.32080906763406	358.5412973215415	71.39440430173171	-97.06044851417151	301.219921331286	-1947.1711994814696	1946.9727148013749	-2059.3991029029785	16.44416520351384
?	273.2765488918422	196.2638723876018	62.17309396866064	-150.4087309193423	344.0076895042387	1772.9302997280874	2193.561724020336	-2908.12424171846	8.980567587940865
?	288.1340026870143	-824.1879704410777	63.87396775576449	185.10989527670168	389.86643631769164	1983.049562178625	1801.5665027154498	-20823.1535409384	0.3636572514466089
?	232.06715036978773	-1132.861761246757	71.42858873249585	-114.45203856627509	443.1601676131714	1144.9639445147643	1152.4040469734011	-6904.4877776166795	9.44406073619879
?	231.49091462467564	2.893525948480787	58.151365827450654	-206.99464539168508	447.11463354343067	2512.297106250123	1456.342113834611	11008.181124089062	2.488898736007497
?	232.21182666721177	-109.89581061695063	61.07885646291145	325.67852607121586	568.7750229256793	831.597838783236	1702.813103177862	-4240.262445987218	2.117015043196615
?	225.99612409382803	-111.46501814237025	74.43529213101168	211.638882503708	488.69452548259306	-855.0589524307535	1244.328991535247	187.96503883220527	17.933155063765376
?	226.63857576009318	186.6921787581858	71.660800588097	-37.96395076828762	526.022075304141	444.96816907569547	1712.2113551194725	11971.350043056502	21.35380284245011
?	235.33073303173745	305.76931872791613	72.53709459259727	25.239270291183896	510.94293393637815	-2500.060728497885	1842.8964936880807	4154.625906240631	17.996297775758713
?	241.9270416964892	-177.87225438120888	72.92276410265622	-1.3202187302911552	401.019038879245	-2848.0880796066176	1919.942650431507	-476.7321997207751	17.39408629402568
?	226.43712031267688	-692.0024279632285	72.47108365608271	30.424056508625334	368.53852995604524	265.82254742274324	1819.0598837020416	-2020.6425594616062	19.380873853334226
?	207.32692029832728	-694.759852966956	74.4439669280875	-28.58941631857123	414.31016625038234	1440.3504851511968	1818.9105224584252	-1480.074770393309	14.051428187339534
?	191.69912766432859	-390.75663483637936	71.04161284015413	-92.87611562547606	440.5560542136061	2562.103927001311	1745.056145182375	2182.4000811066126	8.783719968575696
?	187.78908855650803	-160.69325735102097	69.80016114681364	-8.16831868541402	542.4153626004497	-901.8984265833088	1928.0305265137574	7476.349864751249	14.202953246769837
?	183.66446479677742	-134.25234797066744	70.63319690588342	-122.83092897572782	395.46113288444	-3588.6516093093496	2118.873638419943	1425.4699554496008	15.767833001867913
?	181.07647115797457	721.2792492211526	63.65861469802716	35.691135223061174	362.9827821349797	-6.171112846527561	1999.3040242862385	1489.5191634945847	15.312066492342597
?	219.72842725783556	1053.123922036089	72.41775366703651	247.5633065098714	395.15257724211364	5552.765761994227	2193.349596594673	-1145.8524050235264	10.351656327456656
?	233.73266725977976	922.9522439300848	76.0367800235209	28.914867678991115	640.621070234695	7776.780378341411	1942.0114040350613	-10100.511128034876	13.07812840037658
?	265.87603945434046	1258.626730741271	73.86349705098608	-81.25178113287915	783.9915961591897	1331.0610271562057	1688.3240401929222	-8763.248697443827	7.250141139225467
?	296.6640037968442	719.4735222071029	71.97419096687689	-61.35556130751238	707.1741215925063	-2243.62789575099	1503.8489691628638	-6591.384272028747	10.638708494048739
?	301.8497155646961	-666.3593571052521	70.79571898561042	-135.25656802745237	671.8102013716386	-839.0580671040624	1358.7548265914802	-894.3723519852583	11.77604285195176
?	263.34603594158114	-1523.3335756589001	65.21136256550417	-17.952276940220912	665.2212182373025	-5295.595479522659	1459.1303515636002	798.9583918300718	6.240269450145793
?	225.68303678175002	-754.8009766683471	69.89810513859936	89.36514645921777	407.03042739550193	-4521.917961164394	1398.7027461829844	-1190.4237985988734	12.91477376721059
?	225.60598710816325	131.32870691933744	69.67961988846513	14.35087370271682	439.1253201790796	2021.1105955520768	1399.6091616336557	1451.3267229564028	15.690550562819471
?	232.24947212771698	-294.5520276407743	70.61564882373521	-85.13664333096322	508.0859571731072	-1753.6737358468247	1471.2690823308055	19015.73928717166	18.13226444277975
?	210.87838572612432	-710.3941848873639	65.4227877219169	-45.69643118983314	351.4416333867371	-2514.3794275907026	2350.396125992252	12656.568278013736	11.238663750196935
?	196.7297628833483	-474.9425026226698	68.33082726424352	-106.0727076348663	382.3669857935703	444.3659253444235	2104.0974962315013	-10242.343519848864	10.787280395168395
?	187.1312605949905	-116.19917358469996	60.119152340173514	-303.5369133998965	373.6599296539586	383.1635217654357	1838.2789499998016	-4170.702253622499	6.207596762068217
?	190.9198042041132	1512.9741651590741	53.153981594248485	-63.54838808929822	401.52516188184234	2199.893903356753	1895.5623835503734	-3048.0663536236557	-1
?	262.7799688529453	1483.5232888712926	56.94173293570856	338.6540915476265	483.6546248217978	4331.943293508741	1685.8756323186167	-18078.114843799667	1.3764877047447284
?	265.0959686476789	-1221.318345342938	70.08668617163005	184.40876068597328	618.1223265572825	4590.680749554252	991.6566413603772	-16806.273384966487	13.524992585165162
?	201.7140515857975	-3537.9531172822094	66.16217097000735	-146.31420666021305	713.1886622995137	-81.11891772475586	845.5619630702803	-2571.048762866551	11.277468240289629
?	88.19831278356591	521.7968497184091	62.77097583861929	-11.694694071080225	614.0663806710446	-4382.01955521987	863.1042032170478	2963.524081378076	1.2795085672167492
?	227.80389407171833	2591.311521520703	65.57743626645333	15.110699634045018	494.08768453851707	-4272.929877570586	993.7381671391862	-1842.0929544900048	10.320701948654005
?	217.7638888596029	-320.0092792669898	63.526510820321555	-229.33782297610293	400.4198867925123	2387.8277247985297	770.9995554925463	1414.4850366799942	14.544618431637845
?	211.80343010836862	204.42883436361564	54.11054511764802	110.03141917004513	613.4790707784453	1375.6643983953072	1064.462418973187	7567.738688365327	-1
?	227.98533057778383	87.99026586094544	69.02808177882389	277.9147759266259	469.2031067122786	-3206.7241368975215	1149.386489910818	651.0213766583137	9.6592193414924
?	216.20294340141595	-245.1014269386399	68.00628391397952	-62.063234903083895	453.1428639335669	-1252.9343339541247	1097.013487806103	-1707.5791932829982	18.058740485590484
?	215.73025923085166	43.113050014925946	65.92492003366965	-89.72658664572833	406.5563900145715	-3366.281453041589	1064.0075302466669	860.6372779144263	17.67161938412454
?	218.35859590216228	869.0286208876553	63.519954581693035	48.15960307639176	284.82879128148505	-2194.3132216287886	1140.045351701825	2879.4152718544046	15.85131172657238
?	259.18169027523504	1079.256259771724	68.33290018748927	165.00996264811454	296.8407289331305	-47.461796786246175	1207.9782938393892	14840.729524130991	16.866551580566618
?	272.32140889074924	-80.059079079806	71.77045271409888	-23.819531191507455	282.4557014421727	14.093125212407157	1882.081827908385	17575.76842040427	24.025839129870253
?	255.17873632124468	-1078.986264984635	67.14192362791388	-210.15928023930314	297.54538519375086	798.8884303749717	2086.766714859615	2908.1982480021766	14.888886646637161
?	218.37209564151672	-1186.398707521072	61.262488702133574	-166.25454419573165	322.40012296092186	1459.4711889564778	2027.491740308496	-3440.3779948000474	11.023811100662417
?	195.85880094519024	-4387.4419128302725	58.82919641812718	-77.39010289336325	370.5189446415758	6343.200460833153	1914.7478151196103	2358.443355522152	-1
?	-1	182.24960207595953	57.39298355746536	74.76090643966366	639.560146002584	1201.4613063581953	2145.4139080846053	-5324.603054607293	-1
?	204.97128104898835	3950.9439927968297	62.56724174011042	199.39801741598188	430.5920099594864	-4983.226673523633	1648.5176623892419	-5999.449213915919	17.116252754695047
?	196.54719963984428	-111.38804762130816	67.36288442826459	42.222980411750626	390.39881232639885	-881.0678138091453	1845.441447388805	5444.956319817011	20.28590930250323
?	199.40187866792286	124.95484002526204	64.67839076069798	-203.9836579426146	386.5386192690285	94.46648655804532	1920.7654783800963	7681.162554192288	19.60243063918883
?	202.79494164110747	-4008.0375733584	57.16370153113372	-160.67097819767952	395.1221366543012	12506.497102781399	2229.499575098425	19602.42818019106	-1
?	-1	1225.916912001855	56.64484185081389	101.37657599679925	1011.8634744081074	2152.320760571919	2900.886887389663	-12575.554837041458	-1
?	264.0907872412011	4924.987306509146	62.23253033097375	99.1421828767733	502.73817468289866	-9428.36759377622	1600.721833246343	-36841.51494651479	8.813033268943853
?	245.24936532546081	-448.8705350517596	61.601950994652626	-84.25189655433664	540.4450947192897	-1245.3794845559155	1058.8111400638973	-8046.531943034528	12.488686211611345
?	241.6472604886128	-152.2747170526277	58.01993550325686	-14.772821977042202	440.469200455102	-137.4569715446049	1198.395236094611	-46.96191600604767	-1
?	237.63562947282932	-182.07143287860302	60.863309895800505	203.6942936773786	533.5722461420594	1790.147488041094	1056.4630442635948	-2682.5631978695383	5.144454469833045
?	232.54368884468252	-49.56393350221604	68.20465018712594	29.421512125802288	529.976574857158	-430.24702401792024	1064.267076201132	24754.997386844527	20.068665305665625
?	235.15743279771849	-4670.873776893584	62.33438550209064	-296.6954319849829	512.0598949411631	1541.4390158569436	2294.212913605839	12384.073381759765	16.15384076571882
?	-1	401.2339293875448	53.36987858787658	-130.7757648333599	607.0485256500062	5232.311634870774	1683.4707452891291	-10632.816213061868	-1
?	255.219129267096	4816.501567594494	55.795597260422554	320.6511787386621	773.6754766847055	361.1560154700459	1762.5721029527379	1757.7097548085953	-1
?	239.82507837972815	-445.83640285196105	69.40243752480991	324.34798727220533	625.1063264235088	-2431.6362396079553	1771.3562330295601	2564.6914692161727	8.127116873267754
?	232.92730912449764	206.72605833358082	72.01299662403305	-19.750365412275247	652.093664704306	-1746.380548390446	1890.8066764135483	2939.775516617732	6.464084450124963
?	250.16138129640734	306.17848197476593	68.41491925419614	-259.94711283584866	537.7872990039853	-1746.6235231275643	1918.3450088604488	251.6831134757386	8.607081485207278
?	248.23623322323616	-122.38071348346463	59.015640982240434	-323.6476407991284	564.7624885479265	1950.4335587483247	1903.3908320873354	-3211.164518403666	-1
?	244.04234562223402	-4984.724664464652	52.232537214239485	-100.9271782987693	635.3089769414029	2165.0764180194287	1757.7867829402633	-92.08965445452446	-1
?	-1	-4900.846912444611	53.9692820673019	120.57462695620471	673.0163094488995	4564.793132553878	1898.7863493646091	3685.4605912504644	-1
?	-1	0	58.26126856204981	-20.505648928428137	863.5486335691	1516.1935613013895	1942.059812502789	1050.5733535631302	-1
?	-1	0	52.943999620880476	-236.63422375957174	748.8259875139701	-2862.709777079295	1951.3150170427664	363.5598515671284	-1
?	-1	0	46.42955737407105	-115.33496147364325	720.4131447151333	6918.853267690428	1960.2378050811458	8549.436577177596	-1
?	-1	0	47.17725154719823	36.7555127350369	1094.7686508984964	11828.06788350235	2378.786845901652	5499.565118440527	-1
?	-1	0	48.267333010822924	14.732405974125061	1311.8165388902592	9127.574240384436	2235.216061003176	2000.3177147621125	-1
?	-1	0	47.913871845904495	-18.492492030100912	1551.1473629177246	728.8831479696306	2478.8027316397593	665.9318528133005	-1
?	-1	0	47.342708409317865	-6.478825739666597	1348.2606962887412	-14384.37240908184	2268.5126536438415	-8768.872086183917	-1
?	-1	0	47.58993055892116	138.98007027131786	831.9287424636225	2091.8435463182254	2040.3591273305572	5379.842001208586	-1
?	-1	2185.9967845603405	54.291711922883856	325.6137005223107	1452.852873604654	-6629.508019735181	2537.5047537042747	273.5027351252133	-1
?	108.2998392280147	3077.854347328892	63.87061558503635	227.03267535906267	500.4533414768705	-20897.46916112795	2054.0342640868175	-11789.03757453937	5.732354277708555
?	152.8927173664468	1014.415534369868	65.64334569083715	19.035162032071767	407.9794155482416	-2722.8980361151457	1948.0528749772977	-2361.845730705716	7.97230767428591
?	159.02061594650883	-636.6123251114522	64.82237368663995	-88.57609932148408	364.3084396711113	-1380.3656135529159	1935.94197755153	-84.23630033913804	4.814395165881474
?	121.06210111087373	-703.2900153916446	61.214540724762884	-34.128050723901794	338.96113487059483	-1162.3438156777358	1943.8410599603408	1642.1391016625096	6.790032238546429
?	123.8561151769261	547.4226922151908	63.115971150444835	135.75304353414316	306.19124888722365	3598.330651339178	2018.0489326346567	-13762.623903504222	7.402794493044116
?	148.43323572163365	208.45101857888994	68.00219290147014	196.53935853771236	518.8776674375563	5250.636348185679	1255.7098647851199	-20304.139279179148	7.224504219001419
?	134.27866610587074	1421.966197841348	72.94293907733059	112.76311785490815	568.7230662965113	-671.2908679586958	1002.8419686756849	3448.933901031197	4.874456680470183
?	219.53154561370206	1589.9778674626477	73.64034879421563	-15.024603138066723	485.313124039621	-428.28268695524304	1428.1565598366822	12382.893047815347	4.814168777709254
?	213.77755947900425	6835.919441944641	72.19170892042725	-28.205156442007986	547.3089319487489	323.31777041047184	1621.986621066461	4498.8633425787475	2.779208195132249
?	561.327517710939	5621.56758785115	72.2300909721152	-111.6174982068078	501.47901256014484	1506.919644846695	1653.0997269656227	8350.339040930043	8.084736421068522
?	494.85593887156574	-7164.571700338263	66.61083401008678	54.98173548839965	622.6549141910847	2610.6518161089607	2039.5035731129692	-8583.135288871836	5.624196806212316
?	203.09893269402073	-6445.859102358567	74.97917774653523	109.7972456222054	632.0116033655947	-1521.8370201379491	1223.9429625220248	-10665.635797625277	5.931425035007702
?	172.56298375363278	-600.1637068739439	72.10069629119712	-20.763236985571314	546.5630631841862	-5025.631598745185	1506.2217832316978	14836.582069671935	-0.3055421833568459
?	173.0907473503231	-830.9704383584223	73.94101589725665	-14.225446626536577	380.7300234283319	-2425.9104835374146	1965.772066005632	16388.077566344113	8.520409684107845
?	131.01446183571107	-1144.3774302755141	71.38942395987029	3.5950839882476715	425.2675390073137	601.4386060757755	2325.625661548915	10857.48783541676	7.935477316780937
?	115.8718758365466	-277.7256017875894	74.12077009666903	158.806192655932	410.8019537321211	2524.373622990019	2508.6464577764777	-1997.4865080804	9.225013577864754
?	117.1281817463314	2333.671609588888	79.329733592667	18.89197608360577	551.4862201568164	3312.2395002398075	2225.7513361448937	-8612.148526323323	0.9746406637897269
?	232.55545631599264	1103.0025833998127	75.06536890084934	-232.52665806401023	576.4139287441138	2473.8840254524066	2078.0390314603055	-2769.48742091127	2.1804813395945972
?	172.27831091632282	-1784.477103383912	67.70340068946632	15.05341211263449	675.1804214294385	510.27203752882497	2087.276965099328	1681.2774844390367	3.805345372049406
?	143.33160114679578	-837.7514480189797	75.81803950648107	116.13713169213304	601.9275306205554	313.41957034132986	2162.1029056822586	-1549.3974280189066	10.1740718176964
?	130.39073851537324	1563.4707074885073	73.51025727407306	-134.0614969690092	690.8513999465052	1228.0821529781094	2009.8070936983818	-13538.698645465936	6.038789207344911
?	221.50513652122225	2243.0705188398197	69.11496465803052	-166.84561435752462	663.3316382694618	642.8495721965851	1485.167973408952	-8070.705493260997	5.631758885845238
?	242.5442644573658	-382.2014461438689	65.1679765561967	127.76755707349497	722.993878556335	-2476.8361204394537	1606.2718190353262	5582.903315027868	7.453834472546433
?	202.39506421402854	-1309.343750390415	75.50334251170536	276.0029853625787	539.4898322474874	-4328.245409035814	1764.3131391603495	2548.759745920588	8.953225585513833
?	177.07707693784414	-513.1593154576735	78.96812582432584	-250.48569470938162	506.58160810454115	-398.6290824597734	1733.7098063313574	-1199.937233075217	13.229106440700779
?	176.7370984411445	49.712244100289674	62.9790577762361	-301.4512819009798	519.5583781244984	1873.547239046862	1704.3162775065878	4057.8953093332952	-1
?	179.56268914285866	-1050.9287527238662	63.895561729276636	57.15052619111039	600.2589700568856	8358.06740017566	1936.604571798025	10117.970348611458	1.977486101870933
?	124.19066080495044	-1345.9414878728983	65.83658408579166	124.77415186708775	937.4617481332873	-3649.519294648925	2210.214794937168	-5780.9500397994	3.3591397951528004
?	112.26561474921279	-523.7557676739768	70.13426932263111	25.64802718278364	417.7830053244367	-9876.306168024305	1647.557069808051	-4043.3016021677868	6.211772040190441
?	98.00287242125123	-2265.3122949842236	67.11898544493086	-81.99017723140597	443.64643973206506	18165.34007886142	2008.0497148287757	20275.297603535048	4.409809311059189
?	-1	-1980.0574484249964	66.03476046106076	-216.2005136611072	1326.0500092675206	6801.925960551575	2661.321949984818	4182.78285221656	1.8670583660382891
?	-1	2145.5266169871625	56.30895976187534	1.699054938313769	783.7427377596487	-14986.29368627162	2217.1888574396066	-13494.034650427824	-1
?	106.27633084935964	2044.0173287298876	66.11971320797645	205.36173998030924	576.735324953929	-4842.192906050917	1986.620217463417	-9357.435816822812	6.834054717124574
?	101.20086643649583	-101.51064577929898	66.57704676089095	-119.38175336333445	541.6330924570993	-2715.4352731931613	1749.3170665984594	-8070.7059260901715	6.391345235134626
?	101.20079856039462	237.1970788995512	60.15062553980964	-25.803758685757632	440.96356129426897	-3955.561942954478	1583.0849211589027	-827.8275330755488	-1
?	113.06072038147356	341.6275886607332	65.28685882660305	212.4851407733318	343.8549953093726	-2895.82397589157	1707.9256899446814	5026.742137905104	9.167027817295573
?	118.28217799343152	90.67107967163123	70.77488257847638	124.02036584875157	296.1723624996884	-927.7415792918366	1834.4220280541615	3693.3046245701485	10.750129562052066
?	117.59427436505518	-186.64154426744508	71.48787711904072	6.733895719012441	297.4679163447801	542.1948803574585	1892.5909211731914	892.1091786033194	10.50475787020206
?	108.95010078005913	358.48300312391075	71.111577364427	-48.38583398037701	323.2821065175617	1829.7590413372702	1879.027486984328	-314.0621470108318	7.361829825247445
?	135.51842452125098	7264.384381733326	69.06858542002183	-67.48681893616227	388.95586841164493	2887.284472406045	1876.8878138226496	-1289.769508229742	3.401913371073223
?	472.16931986673063	6769.161186342523	67.73723641761885	-58.46715819332703	467.646330137866	1996.472142812529	1814.53901157284	-3813.91282655859	2.4226784436676034
?	473.97648383838197	284.9795233787034	66.14522751035544	-31.345831322716844	488.7794755522728	1255.532755766083	1686.1921724947174	-1310.6495220290294	4.012245716753367
?	486.418296035666	160.5688055388248	66.16994485148298	-41.14201975549376	530.422967926171	300.5199773990549	1749.0065354713877	2001.763943057225	6.547049556903724
?	482.0049241153233	-364.3353037272953	64.08812652258072	-88.07747547607977	503.80547442222576	-590.915008275693	1786.28036964758	155.62014502880862	5.597516326970335
?	468.201530849301	-1342.4096734381615	61.76607107767893	-100.14960929214112	500.877217512386	-995.4538860585076	1756.7875427228282	1891.956665887647	-1
?	414.8844404434143	1115.8635106872202	59.080646057973595	-84.9625171471785	454.0327801192997	5576.391645045305	1880.8782029419638	6142.275385858196	-0.62669106526977
?	523.9947063836628	2871.0039361366967	57.517945220319945	-27.534222753605242	779.6967997646552	9990.291870831874	2063.9013120157424	4790.182253229095	-1
?	558.4346372502512	-8578.166402240398	57.703934920293314	59.75953356755028	953.5473736609005	-2829.403552465004	2120.387315603422	-926.8228831041556	-1
?	95.08638627163681	-11188.692745004864	60.5059218986975	25.810958810960816	638.226622141403	-6564.191571955894	2017.560167860534	610.0247549042074	-1
?	-1	-1921.727725432709	58.99448286084137	-50.77988149264753	625.3377950631011	3551.238506152112	2150.8885533486327	4522.911571245158	-1
?	-1	2014.3241516599626	57.96692782406509	114.9172942526139	815.7885474490112	-4567.102733237153	2243.705746422795	-5491.189811921635	-1
?	99.71620758299956	1906.677406095967	64.74034757347215	35.86423278850509	396.9826584012402	-9373.047544136702	1876.329062752547	-6783.6644723294	8.794899424859143
?	94.3338703047997	-37.15884464661717	59.76013946349037	50.55193954889048	347.13617024216944	287.41807528452046	1904.5225228063202	-1773.9236972158708	-1
?	97.85826535066867	29.40327345723646	67.26794455091671	4.5720245125461	411.3535621654664	1727.7550711928375	1787.6328778917523	-3009.6055130969744	8.65658452161019
?	95.80403397766155	-1977.1653070133455	59.98874068911768	-321.71638215045317	433.52392380181254	2127.0165404269683	1754.0422471514694	156.49245683991245	8.245477000455987
?	-1	-98.8812911903375	51.18212544339382	41.26454214585335	517.7043891868163	3885.539142922955	1795.457500733748	6350.700026971609	-1
?	90.8599694181446	2216.362855557719	62.05196779641037	254.91464464912733	627.800880947963	-638.2009626087063	2071.5772485000543	-6618.182665682768	5.179616145272702
?	109.81814277788752	2935.256888247077	63.92785767585037	194.37197143243077	485.7943410563806	-4766.809270351377	1464.548367449605	4009.9917817276196	1.9851172102797037
?	237.62281383050052	2510.1192367596095	71.77056636803205	235.37539488552332	389.4604174303908	-664.5019890069951	2272.076837586438	14532.206815115616	7.757076443112764
?	235.32410461586977	-147.4920259591882	75.6966274201267	-79.99802538036619	452.56924160603035	642.0305149047113	2191.158708205396	-5269.132624271459	9.407161359822592
?	230.248212532541	-1029.819938410779	67.77066509901368	-25.118185150948804	421.5619431756268	958.8749914237485	2008.6202063728615	-1912.2062951654607	4.536812734895338
?	183.83310769533009	-327.1157978637193	74.44071816257925	111.83146799693571	500.51299117721845	708.4434979078891	2095.5483934471217	-1228.8572878381372	9.155745356349962
?	213.8924226393548	920.3348087848076	73.36223849886055	21.231252524732707	456.9841180710218	-2048.2110452243483	1947.1773419809538	-3370.057892858997	6.664058654017213
?	229.84984813457112	176.4168414379467	75.5022807888159	152.03180448400457	398.1024389159996	2908.580734528526	1927.0454988041695	-5484.829949527229	11.868446571067457
?	222.71326471125226	-1572.92061134006	80.96382872306089	64.9239889623319	602.4131547974502	3297.2635558700035	1672.9358445045884	-5265.103564480158	8.307045612956973
?	151.203817567567	792.8269426726622	78.74848023693254	-102.22806013666937	562.9656167095021	-1272.0480537680828	1663.7903205801579	-3147.4122150081266	2.3116466791628403
?	262.35461184488594	2401.2012756177933	75.85242571622734	-74.12258790803244	538.8107521090451	1150.150881712295	1515.5652337541799	-9313.177706405622	3.3369320709410806
?	271.26388134845837	274.9041988072526	75.04235084153086	-61.69434194646326	620.4731607951177	-2018.5890028290758	1198.1314352598702	-7357.663375161601	6.532503152685775
?	276.09982178524876	289.1990999860768	72.76770861890414	-33.303798787864686	437.8813019675899	521.1593882088863	1147.6820649960946	3172.4577860936465	9.889434363155829
?	285.7238363477624	-221.74815730424396	73.3771609021376	-6.172358446867375	646.5311302055624	4664.127884768157	1356.7543245645547	10692.559845066591	7.135256020829985
?	265.0124139200364	-3057.0626051111262	72.45909069656076	58.713513161282854	671.087696206001	-4320.460333219753	1682.3100572494318	6319.62358847839	5.123492549478458
?	132.87070609220393	-2957.9102984714204	76.31283656020179	-15.392986546416475	430.50811354457164	-1812.1529168907152	1672.7355039884787	4492.9346724086145	3.659697336969306
?	117.11689899646328	2762.107109183041	71.68944136923993	12.896329522758764	580.480050361464	3493.6416117867116	1906.9567908698657	2133.7754579000934	6.742846452947253
?	270.97606155135793	2861.53134436753	76.95765303633974	64.85283588415761	605.1901941339097	1886.1107881348248	1779.424276883485	-4622.353227154002	5.242530149422177
?	260.1934662148418	-2944.627742831881	74.93208316344786	-67.50420176761469	674.7855897682066	-3556.367098218395	1675.8391295121623	-2741.5793288382993	5.414507754354251
?	123.74467440976179	-368.5311411295014	73.58244294795895	-109.07744493435943	427.37183922298743	-5687.871890741728	1642.345310441568	4261.835340868336	4.333526505365694
?	241.76690915836647	2471.1265475334358	69.47821091672981	-127.31604931778311	390.39199523111614	-500.54563076681546	1888.9308965555822	5584.5699380857495	8.701459899700861
?	247.30100178643534	-223.33380497714836	67.2166404820697	-44.010643517560425	402.3445576846463	-2422.7664169556815	1921.5738073458594	-3479.2662608780033	11.019696002976877
?	230.6002189095089	-238.56786925298312	67.27767874085176	-36.01702672983129	269.25367438333035	-1416.1004676811913	1714.9675835116795	-2102.226675107324	14.838727185608345
?	235.372608323786	65.77634063214609	65.41578914557812	161.74408649256802	331.53953430058573	3681.5193560379157	1816.4624735904918	3581.6669565869133	9.338425833906396
?	233.88903594111625	-344.39156312074624	75.36488306548027	37.958178258021775	453.32964218522875	1070.5256087203277	1894.0509313410278	2874.2782740288612	18.192105967688093
?	218.15303016774845	-329.98417308378	67.31369805847923	-178.52318179053614	385.0658147366029	-1127.8334477709984	1960.1763872919369	4359.389870027405	9.099054923751679
?	217.38982728692702	226.94830544571877	66.43872397595334	182.286759825526	396.93796979667803	3015.0258726876023	2112.020424842401	1312.7157125647495	8.189034721465168
?	229.50044544003455	427.3713617714971	76.42803604975566	169.26852669623756	535.8171083709851	6307.082755133354	2025.8121729201753	-7699.6938748534285	12.322269951495038
?	238.75839537550218	812.6925836935042	74.90215031076534	-63.951291147556844	712.2921075533502	5289.653301753297	1727.0357310997242	-7943.621193003324	11.114644999235804
?	270.13507462471034	1344.8060586801685	73.23047149237777	-55.15404269556491	800.2997734586537	944.0205291421196	1628.6311132700034	-3319.3209224968705	5.83784808963546
?	305.99869830951155	684.6640152271293	72.14444817598705	-139.95743088883245	759.4931340104569	-3347.7099495191464	1561.0696849748783	-1540.5388453395617	9.432123731491323
?	304.3682753860673	-566.5127081799368	66.23259994793605	-96.08703659200165	632.914275982694	-4636.302494327213	1551.6041710030242	-208.1428953350421	6.326366315424773
?	277.6730629005143	-1250.793923659899	67.3400963463869	6.933091464756743	527.6780092940929	-5119.06815716321	1550.662540208126	3426.4771936517186	10.276338001867288
?	241.82857920307146	-796.4179768426368	66.5792545211739	-4.563139732789742	376.96086812452984	-843.1710173143546	1722.9280306856126	4779.014033794092	3.469937294226862
?	237.8521640583819	-716.4262319010902	67.11193935974741	128.95009828987514	485.5194584283746	2700.6229787218413	1789.613241897834	-5020.770364002871	9.497030628182799
?	206.00726760801643	-893.6557076461597	73.02675943566774	42.32026398188591	511.9920170606238	36.4663735352264	1471.8895124854655	-8447.99086376604	8.5998257737282
?	193.16937867607328	7470.18860071432	69.22795255884174	65.22439132939716	487.34277710513595	1327.3881388437285	1367.2136987095262	-5498.068427605998	1.4762060217992752
?	579.5166976437378	7582.3311772451725	76.28797900213765	35.87352857966698	578.3614240028112	2039.6178799823208	1196.9860911051617	-4482.851254991424	5.418877097566078
?	572.2859375383373	-7748.98655168634	71.02162898782511	-147.93043264206904	589.3236711042534	-1107.920448340208	1143.0711359599518	-1281.6356390571673	2.8189502347306297
?	192.06737005941525	-9325.292461618512	68.89145737003409	-101.43770761288407	522.9654015858	1026.3511184277618	1132.9043091523024	-5565.6151986028735	4.228828037001116
?	106.02131445740511	-1697.761313768744	65.94974360718084	-217.95473974104712	640.6412270256423	2399.477259235466	864.7903760298042	13307.796762845172	1.2595423860977568
?	107.17930437097685	714.8555305330605	57.99372038298158	-24.25081574351304	642.939264547575	2658.753345094966	1798.2941472945704	14955.894993515747	-1
?	141.76409098405864	850.3489196398909	64.73720282000517	219.87597980369912	773.5788942803924	392.02065746247524	1612.5851257056022	-8219.650557900755	3.9487498271798436
?	149.696750352972	521.3140907311794	68.98751937316669	90.88880614824929	662.5402974206991	-5991.577654533212	1387.3116193995268	-4765.061321421054	5.228061493929973
?	167.82979552061798	410.73293110872766	69.2816431274177	96.04520948515136	474.0000115537276	-1205.284436482915	1374.332059634546	9712.316507814165	7.552348610182735
?	170.23339690840868	-14.750716058228836	73.78977984742433	65.81824195932589	602.2760755965525	-1137.5220962235844	1872.927444790242	11484.295221166527	12.028109099639725
?	167.09225971770653	-197.39426492081466	72.57255522538404	-79.71387067459659	417.12390674254755	-4853.027567720559	1948.5468206928806	965.5442821153519	10.614890141348926
?	160.3636836623678	-268.4180275450338	69.80408631369444	-114.06266832154964	359.62469721052105	-1569.5189179457047	1921.2046588960102	498.68779241338615	12.036169785504121
?	153.67135834045465	-238.8264143656841	66.86942180930647	-152.03242155721992	338.6479608452612	359.61398952235925	1973.4812103135503	-2331.714309286525	12.143810451575225
?	148.42236294408343	-51.9465975986206	62.20246523583334	145.49893739923496	377.60539668663927	1589.646544680601	1804.6189434316823	-5393.357350827442	7.034762459635156
?	151.07402846052358	-231.61707903422905	74.14436867926833	185.87278423450476	418.13028807929237	437.51433736841994	1703.8133427721743	-2192.6554467486544	14.281248385611198
?	136.8415089923718	-184.21592089612568	71.49610444755871	-257.83957352552966	399.4811135550606	-123.30932901981949	1694.986171094248	31.343730464458996	6.690925696222363
?	141.86323241571716	105.24178540450258	61.25239000299166	-321.9604397742826	411.9648216283013	1639.5971508623945	1705.3805292953973	2173.9726541503805	2.9042994876440105
?	142.10359826259702	-236.55762025153825	55.39808245884435	-0.291465729457481	481.46097109818146	4363.472914028758	1803.6848038017686	5020.2503029005875	-1
?	130.03535140314008	-377.0746541664861	61.237816716518786	366.05133648792963	630.1384673297423	990.5379901884187	1956.3930444404302	-10965.939156863813	2.6515001622400907
?	123.24986555427245	-191.44707071739344	73.70064928324109	116.24590010935768	530.9878706076031	-1679.9192781862587	1255.38784595857	-3583.3493005436403	9.514007525218094
?	120.46299786727027	-66.91414083818661	67.05011172198675	-31.432241033894122	546.1425034204282	-2365.772425944594	1777.2255794132457	6676.028664157899	4.1838682930799065
?	119.90415851236307	208.54495312802146	72.12903723154636	113.06084093270935	412.6992493103717	-246.09961080771305	1589.1892791664698	-3237.2807202045574	7.53900541644514
?	130.8902455236715	696.4571736491641	72.7031537686223	18.894482271691132	533.8375228800423	2742.3965665685623	1615.3615434030155	1393.5448709250143	9.855725081972285
?	154.72701719482177	1021.4941297543654	73.07376134513093	45.964259236763695	549.8190776388018	-388.9069323008484	1658.8665227127215	-1946.269552086555	5.492485709557868
?	181.9649520113905	1027.657221979289	75.00136673046052	-36.78252316040219	514.3921762649997	-4159.0176476618835	1518.0480657986864	-4377.867345136176	8.955116680621192
?	206.10987829378695	735.3602445943003	71.2346351871108	-98.48562552889095	341.8681952557047	-2824.58368288135	1439.9731554559096	-3393.907295140877	4.311456829534049
?	218.73296424110603	333.1770144864758	70.0770854540159	-167.84588090815762	373.16299212093014	5884.5205448553415	1348.35270104164	-420.9335864012141	10.785906596828383
?	222.76872901811097	-4394.659284822058	62.842341141702796	-218.08656565202884	636.0942224984759	3651.304062092794	1418.9264761358486	656.8389739456686	2.6136228099453125
?	-1	-1890.053025405883	59.172757171414304	71.891616453029	555.7281952255725	1561.8614198433334	1381.194649738924	1824.6768265902679	-1
?	128.26607774781547	2679.438607128707	66.4369219643543	250.36819515157802	714.1872934906437	-310.79844871230546	1510.1603174653633	3122.2929968248272	4.778035947316755
?	132.97193035643727	262.4778799922361	71.69116692899338	102.22950158164164	540.188272789957	-5032.596995518714	1537.3092995801676	-775.8600440195759	5.247119636864923
?	141.38997174742747	106.50538116411856	71.54839704343645	88.71469664840946	462.55744371470445	402.1832963380586	1471.367315264384	4961.619706936842	6.4600555542097355
?	138.29719941464327	-58.824428272056664	76.12690176141392	-46.62411333839989	560.2974376068602	-133.2296949583853	1785.3902849270132	7854.688202832446	14.557626041129671
?	138.4487503338246	-7.168217542685977	69.21719137651643	-101.02301958698347	455.8959589667851	-4182.941034385911	1864.1017254060118	2850.165051872196	7.556781312665672
?	137.93878853750897	-84.86343039694809	71.07575078206467	63.30882742188488	351.15038588756164	-3127.586566034852	1927.898537520625	613.2790964445261	11.7834152796561
?	134.20557881397713	-225.62371922344502	72.38263274761071	-74.76473430553092	299.5166306650403	-1414.180666767657	1894.7656802282386	1124.1851456029485	16.601714221143528
?	126.65760257633656	-62.79450765023138	67.33751406678807	-69.7530657995948	280.4413525491778	683.2531597332132	1984.1077948007733	2490.255930801992	11.988211422690139
?	131.0658534314655	64.91170994975413	68.89497945763092	241.7580716676272	333.6792886517014	1979.1255215969934	2019.27847676834	3879.706057576331	10.098871090322884
?	129.9031880738243	-127.4164906816056	79.4254176501696	212.95272478739219	379.3976286290289	1250.989274404415	2178.0930976795926	-3407.5419182997593	17.381116919806846
?	124.69502889738514	-204.06800421078026	79.54261569700068	-30.381519804845844	396.22875237192306	676.4592620372883	1848.9013808533496	-6875.2578609764605	17.528598941668694
?	119.69978786328515	-192.58758876919853	77.90634165992729	-43.731693804430684	413.2205917308938	-101.84335086567071	1834.3302046307647	511.821470978095	15.80233270564944
?	115.06564945892508	-165.08390545730967	77.35603100677912	-139.4490893145408	391.13658482863946	-845.6328270260444	1874.4924544022547	1032.6608303778528	13.394967607261188
?	111.44559259041955	-373.4709549636257	70.93388719420015	-265.3739768015577	370.93895037959095	-1175.1902953429026	1885.963246149658	828.6511016470258	7.187548264947573
?	96.39210171074353	-409.5366137835508	64.08733216670105	-116.6911346069998	332.3770700614935	-1800.552256200679	1915.9250094846066	-618.4987426116326	5.918223933265338
?	90.96876190124172	-106.83380701371608	65.09933046385008	6.112040236202942	280.9113375695557	-1059.4351045727033	1855.038309019076	1731.7902733298142	8.921632214247962
?	91.05041136005765	-44.45932547099141	64.3929341785112	-14.635931898744238	279.4053148328576	-155.70115028090532	2002.5145231510985	3149.2569636167136	10.634075493197466
?	88.74579562769212	-29.16936198760241	64.36753386891286	79.34059797687867	273.12628005551034	2213.0863180693295	2012.501157199914	-730.8192815834296	11.626706008132384
?	89.59194326067751	-29.42060490523759	68.35996407735519	93.57444765015808	390.05963073632563	2545.5383043869565	1965.9735590719265	-2679.821788083339	10.215922809568847
?	87.27476538243022	-105.50879274168003	69.04625625142083	-38.9398267312467	400.40319527485997	-452.60608547042165	1878.510067795745	-974.754528252415	13.115763150722884
?	84.31650362359343	-88.46330171140113	66.41297274079282	-44.04316994459941	367.4293264628042	-850.5696268321337	1917.235832659305	816.9614609562743	12.790032186003149
?	82.8516002968601	694.8545867765865	66.84409775419083	-3.116351693332957	357.8747139332527	-63.98773407881458	1919.3581408435593	-1511.1643183669516	13.560055721787213
?	119.05923296242325	2060.6497982681713	66.25715515612617	-116.06940219417416	364.22993975886345	-119.47946082624584	1841.6776167409564	-897.337411515924	9.155087583619741
?	185.88409021027013	-814.4556634090436	61.040627644482036	-98.29516386714803	351.9007408919403	-1353.7325109677863	1874.4912702677625	1050.270179786729	4.5478759648289255
?	78.3364497919705	-2087.659065228124	61.3423969627687	20.338873610277087	296.54331421047317	-1914.1200478275664	1894.1911257302936	3885.243033894703	6.431110199318607
?	81.50113694886245	94.93297494760903	62.057571324995905	38.67239940765659	256.1947385005606	17.59757292023412	2068.7534219625004	1356.1580065505302	-1
?	83.08309853935101	-4.899829904034265	63.27601693315156	75.19898119414172	297.4231928564849	2258.3263083937627	1961.999026057821	-2379.727856978191	7.859938341029483
?	81.25614545366074	-82.2217696129965	65.81752038470305	18.532264244676234	369.11105392025036	1248.4835549585152	1949.7670291135892	472.78887907996034	11.08048367131831
?	78.97201005870113	-22.75572111451051	64.20263014538539	-29.20179795146667	359.84737060441154	34.46370348939873	1985.6384700118194	-470.3199281443609	9.37214006716345
?	80.1183593979352	5859.753583995839	64.35743048712969	-103.70231293261293	370.8342390947203	-291.6496682162737	1926.2510327063708	-969.4449489216412	11.597225002316767
?	371.95968925849724	6.984596547852007	59.017514498754664	-99.21213963107236	345.26488719359764	-2358.24877287258	1937.1662225657367	3431.6504766325957	-1
?	80.4675892253278	-5765.684769005572	59.396823505576	124.61901340526474	252.92180045108964	-240.22750415275254	2097.833556538003	1620.8183101841857	-1
?	83.67545080821454	-9.103582463719006	65.24846516901799	71.4004373578686	333.25351198595985	15243.864221250342	2018.2071380749471	4922.999265277297	10.12322490612614
?	80.01241010214184	-1693.5090161642665	62.96684537346948	37.600296060164204	1015.1150115136176	22736.677643876017	2343.9835198018714	16358.166313789565	3.3993758600824227
?	-1	1511.5896578172153	67.12847997202623	118.34256199358865	1470.087394179777	-4964.170818653574	2836.115453764437	-13695.343014384209	0.5339932745460984
?	155.59189299300368	2900.719843993601	68.883973473149	191.53147897900777	766.9064705809353	-21863.37556112647	1659.2163690826512	-30362.458036877855	7.163477372387721
?	144.0359921996821	-268.77818514384063	76.70505392097675	71.07118818257005	376.91861612343797	-9636.142540480654	1317.9925519205226	-423.7197466792335	10.311217219572429
?	142.15298373581146	-68.67302767619451	72.43753288227755	-0.8481905562695026	285.09934355689575	-1695.9032512495273	1638.0303817486893	12828.20824192075	8.345340329519784
?	140.60234081587234	-218.0315519729672	76.66264439316328	-40.491015881165985	292.1234535609604	25535.996209751822	1959.4029640165693	17086.110502796702	12.931679753266655
?	131.25140613716295	-2832.0468163174064	70.41298208821922	-171.6399047377193	1561.899154044505	34620.45357394466	2492.3359068885366	15210.996598225163	3.4745678765513874
?	-1	-2645.0281227432215	68.08064915627719	-69.64807733522875	2023.1461322582177	14593.765741607505	2719.9527939278382	3927.6571727222276	0.06774818174824852
?	-1	2851.4698653996456	66.93057822145774	125.93487173799664	2291.5874411248906	-24033.397822561223	2688.7187655246507	-16813.130073315057	0.5680424552465937
?	141.5734932699843	2511.9986092539666	74.37739274317711	175.80584383983143	821.4762411301394	-34342.580969655195	1879.2962902620734	-16285.557161654684	6.205073627967866
?	124.59993046270012	-483.16469263370857	75.72087041344943	16.186022105393985	574.4583926421063	-5817.499359852694	1874.440907441905	10478.390158253966	7.8594708271813305
?	117.41525863829854	-399.21891271442576	75.18669384844682	-42.07669967659709	530.6012731375006	224.70389023579082	2403.215798174779	18105.38145298398	16.18152650336011
?	104.63898482697854	-515.4327366352974	73.61703542961955	-203.865595668426	585.693587153896	2843.880492485353	2779.709980091117	-866.6334766360674	6.704960543392138
?	91.6436218065333	-2112.779696539541	64.99341406502538	-311.75734095696026	672.7952977617703	-307.1796007304012	2359.884124342975	-13561.99506619091	4.189676494102716
?	-1	-1852.8724361306397	58.02916838177131	-26.281264100969164	570.3346071173758	-1312.4845688795558	2101.610226781562	-3536.829145303604	-1
?	-1	11217.720516278458	63.6793508599769	28.598414694798485	607.1710693177915	-651.1824533014577	2183.0426670777924	-1943.0953343294047	-1
?	559.8860258139308	0	59.45908911651126	-42.169508312767164	537.7754844523024	-5059.771931777197	2004.4554600650902	-661.5924051484122	-1
?	-1	-11217.720516278458	61.57087544433851	11.60802192946972	354.1824727289281	2480.7182869237145	2149.9630468203713	13314.105642245355	-1
?	-1	0	60.03949021298475	-56.81023620459759	661.8113987984899	6341.4936422881165	2670.1607421773674	-477.7755465664928	-1
?	-1	1888.8191334152968	58.73036363410859	107.712285969715	671.2571548433384	-1259.5305180666085	2126.0742694920464	-36646.128037768656	-1
?	93.44095667076618	0	65.42510451147058	103.11424353311163	598.8348728951586	2860.0285315587216	837.8543402889086	5596.823561411259	2.1551969726046787
?	-1	8354.239462613334	63.88607581076425	-51.746197209149734	814.2585814212765	1708.0655813623077	2405.9154475626133	35700.53015765042	-1
?	511.1529298014388	0	62.837794651013056	27.798084389705796	684.2381519632752	-5393.175014899114	2622.880848171455	-15412.662602920585	1.7041159584516201
?	-1	-10243.058596028632	65.27598003024956	-96.25517937539178	544.599830676317	-340.35457992021264	1635.282317416573	-12154.024621104087	-0.5369673330480543
?	-1	11226.9196923987	58.0250356822434	-134.6999739268106	667.2204229672643	6120.124847814431	2015.179617116242	11747.869776873678	-1
?	560.345984619943	4142.167244265347	58.54098133390893	199.32173295474	850.6060730670429	-1621.902664348231	2222.6758062602653	-3587.9870748756402	-1
?	206.1083622132703	-7512.497444536384	67.99112232998054	328.89008794033873	586.1252897498516	-5492.788777590225	1835.7802633724575	-11471.579376618574	5.749710234834086
?	184.7211123931185	-202.97755073683103	74.9854857309261	-73.36936687644463	575.9666341875277	164.580143269693	1649.0968374293284	-2639.2869819149555	10.618258413824666
?	195.95948467642862	7893.819067092594	64.32265398615826	-346.4372618059834	594.3542969133364	1190.3926061809207	1703.8159142767079	1262.8719458946264	14.642051471228767
?	579.4120657477538	7275.134389871913	57.663622640626684	-141.15309890613116	635.4862644965746	-267.903307506693	1712.2404347240606	-960.8995621638906	-1
?	559.7162041700294	-2367.2433709874285	57.2649990408516	9.516175758591324	580.9591315380015	-4646.00708631041	1655.7709361685127	-15.211347403223737	12.139717137840949
?	461.0498971983807	-9092.265419538626	58.13943142855626	192.48016976878372	403.18591018105076	-3098.346162860342	1711.4798673538994	4661.336978213555	-1
?	105.10293319309172	-7210.050687878836	66.88900752929092	187.68361822436506	426.04182339498226	4935.395871729577	1888.8377850791937	-3759.8742386480594	7.086525072110058
?	100.54736280443375	-135.6356986883822	67.52361233977464	-158.03315723116614	649.9557037675331	4853.529497678995	1523.4861554214938	-1058.7850292240032	2.652476356662377
?	98.32114825867251	7029.124128505749	58.9873496677325	-189.32616646152383	668.7182982789354	4306.548784062352	1835.8985336179928	9227.961622204157	1.5040880452373975
?	452.00356922972617	4702.629424595196	58.05730401669832	51.17311317624042	865.2831429706538	4046.505423505427	1984.8842365317082	3386.80609918297	-1
?	333.45261948843563	-5781.769005406861	61.54600532654456	346.7564194894172	871.0435694542097	-8127.443223631228	2005.2388385771437	1686.9617118847361	1.112903279793827
?	162.91511895937901	-3785.404349827769	75.39512499116943	202.6119687082922	458.91098178908663	-10646.746712120374	2069.232322125946	678.6214130971706	13.13283505704025
?	144.1824019970445	-955.9662279459895	71.67660376195931	-72.0857396362315	338.70623384818333	-2491.6489692547552	2039.1699092320027	-1841.1472175573874	6.6549879048626694
?	115.11680756207886	-949.0657370472003	71.7908380093578	-29.430444753128462	334.3285333263471	710.5562186489557	1977.1749612480755	1624.994337301427	8.930131326767384
?	96.72911514468382	-495.4419108110674	70.20508152430287	-54.379690303412154	374.2340447806316	590.707964881736	2120.4196260970753	1476.512991989177	10.027048669704897
?	90.34471202152514	-231.81021594098138	69.07185349418715	-59.5206903849487	363.8639315704343	-330.6374434254233	2051.0006108475354	-383.62079155979154	12.86187872174116
?	85.13860434763458	-116.65089019272533	67.22904700505539	-70.62309758006576	357.7021726093602	-304.2175097581505	2101.2385865190854	-1200.5643248824128	10.415394681931097
?	84.51216751188879	-41.228937968865566	65.54069861518381	-135.9956850983719	348.6530560825266	-1456.3882784951838	1990.972394603414	-1691.9601834428736	11.635505893038502
?	83.07715744919128	-16.426527548086703	60.4292627501367	-55.4087859471091	284.8827586846	-376.6148557389582	2016.6405773469405	-469.378151792737	-1
?	83.69084113448444	14.81719581451195	62.77025931782832	84.26950988183643	329.8223132955784	1128.322501268551	1967.5034870137767	-1533.0479701787644	10.899850110834658
?	83.81801723991688	-45.43553205652322	64.64273824422858	-111.13352863882311	341.29888374802835	-335.3550569780598	1939.9881788380012	-1916.8269983355322	14.005178505675513
?	81.41906453165825	85.22402068073511	57.213582885887085	-122.16856273591657	313.05456044667517	2865.449278375933	1871.6621370969988	-530.0450019051157	-1
?	88.0792182739537	317.75393065726524	58.53431010743267	140.4798050896899	484.571347666827	676.4672002033439	1913.485928742745	1402.093792046151	-1
?	97.30676106452174	305.9696873185208	64.23757314037168	154.88238976699728	346.87792045684284	-2946.2511116050396	1941.7668266993073	-2746.0884205766633	5.0994768776390575
?	103.37770263987996	426.85061976487265	66.27842959578264	108.23158208182622	337.25879208657295	-421.73669381566214	1776.18150771391	-110.27186198496409	7.13441382864747
?	118.64929205276567	487.5765658440874	69.64915224446307	35.51947076212293	325.79108576605944	2226.6934630380933	1936.253233600059	-1720.2919740835414	10.143464365587924
?	127.75653093208467	2751.193906719631	68.05440313388881	-180.2544531392158	448.5934652384792	166.07519179557917	1690.1669090097316	-3993.354935468608	6.709270718172638
?	256.20898738874916	2567.078097688045	60.63642958750215	-218.29186613373724	334.0948453558385	10889.747716908716	1736.5854868266258	2125.4963253969363	-1
?	256.11043581648875	-2548.944791128091	57.139809827201795	12.714147544389608	993.0808510839228	10504.130331291324	1796.44172527958	3444.7237537580995	-1
?	128.76174783234282	-2674.258243331128	61.27213696472164	270.5487991166484	859.3013619204122	-11318.33205825344	1908.8216745145332	-22736.683644394212	20.542058636734932
?	122.39752364993043	-229.41357633952308	70.6672497830344	128.11421506519468	427.16424817124283	-11046.242310499127	659.6075430598532	4768.043421850966	11.884174771323943
?	117.2910690153665	229.25621709502437	67.67784771798146	-129.3738462357443	306.989246395448	-2676.254291106016	2147.223845607085	24591.624388685872	12.83231516484688
?	133.86033450468182	183.86442446546505	64.1985574712471	-111.5002605328331	293.3515336159401	-198.01802853742802	1889.1887624941644	-3324.478223854151	9.390588267687912
?	126.48429023863989	-288.44502244462933	62.10283469133973	258.7743540398006	297.08834496857645	2028.3171712942074	1980.999934414375	-1348.608044703641	8.77558770307789
?	119.43808338245015	-353.8433911605206	77.13727517323731	285.89140179086235	394.76739218065194	4097.265469751335	1821.7583602589814	-7967.495862108031	9.244983423269659
?	108.7921206806136	-241.6564696047436	76.39740478088305	-60.95192278499637	501.95161845614615	2802.550106202607	1582.6251413089678	-6373.502586821828	10.28744402805699
?	107.3552599022128	2935.7337712825292	74.08967903398745	-143.90712315866915	534.8948974907843	481.080966404885	1503.0832309178854	-2605.5413982863042	15.070685512759667
?	255.57880924474216	9037.842776606663	69.20204862294949	-286.93789732284705	526.0056667763907	1417.8160724333522	1452.3480713946508	-1289.1616101480256	3.7150812324273863
?	559.2473987325524	6038.067415306724	59.742784167844896	-192.92489418635296	605.7857011124529	-297.66225367989284	1438.6251504104832	2198.159032734043	-1
?	557.4821800100826	-11204.947974650888	59.555803913631706	-76.34765580231436	511.1225540923959	-1172.0627626318985	1562.2560230313545	5803.979376781289	-1
?	-1	222.71141141460842	55.92540137772912	-54.00888064591578	547.1825629808571	10649.068518360486	1728.8241192495518	14089.06494036993	-1
?	568.6177505808132	11226.227554892803	56.85535988133588	9.473902687637839	1043.5759800104277	6657.067397830157	2266.709270049861	10054.508503594887	-1
?	560.3113777446481	-11392.355011616102	56.39909651211102	-49.08241476383709	880.0359328723697	-9065.145436304823	2231.5495444293033	-6467.256161340487	-1
?	-1	-11226.227554892803	54.40123914314399	-104.27557325852086	590.3187081951801	-5867.29394215495	1943.3464619828321	-6900.444745571469	-1
?	-1	0	51.185317849184905	-135.82822599868285	586.671235764618	-206.8592895721729	1886.527307150725	-247.78043419680318	-1
?	-1	0	47.60982784320975	-82.45654664639073	579.9757437165713	911.5264885834888	1930.9574402729918	1826.426361058972	-1
?	-1	0	47.06249051686531	251.59477887723594	632.2475601937931	-4415.262826871786	1977.8486252036748	817.5040617223133	-1
?	-1	0	60.189566787071726	338.51488923610447	359.21260237297884	13378.361400525864	1971.832643359108	10329.02160917852	-1
?	-1	0	63.988234978670775	224.53720471803757	1301.1656302200959	19016.348680298317	2494.299705662608	13001.189959206451	3.752795432564313
?	-1	3253.6955766215306	71.41642702297376	152.04165069922465	1310.0300363879082	-11177.070299166982	2621.89214131944	-18052.1842794404	3.9727382472056427
?	161.68477883107883	3548.738906101453	71.59031751363212	126.3215633404021	742.3121152617388	-13032.852878342872	1591.6904916905753	-24925.552187767717	5.772049155707912
?	176.43694530507517	279.92017978754745	77.73250518999396	10.98959165332515	658.3873924707553	-1374.3766161912058	1375.6145319310363	2938.2723529178784	10.815247573667996
?	175.6807878204564	-3548.738906101453	72.13979709629838	-171.55165838618825	673.5932844521775	2415.8902790025422	1738.6041093364713	8955.297297376606	5.786129138226546
?	-1	-3533.6157564090777	69.15492227068442	-207.6375294076205	779.1819064208842	-1336.2983145168678	1823.379396799873	-31.86369108524514	5.029804289618497
?	-1	0	61.75792062591721	-266.00115158683866	606.7783687263332	-2266.409920298758	1737.010924782209	-3089.584305083887	5.755676915101104
?	-1	0	55.8548646913423	-107.4679063329322	665.8614104059446	86.44306593109255	1668.9001815456763	-813.5507146545817	-1
?	-1	2703.3788802502418	56.38452530927052	289.04065193443034	611.1005220228878	361.92198798797506	1696.3333890494794	-7629.753790799542	1.8908791707470214
?	134.168944012514	2751.958314967243	70.30689728806402	92.84660141388297	683.9575098053437	1198.9727890940196	1287.4124920056938	-102.68240172998811	6.678275331683089
?	136.5979157483641	-2703.3788802502418	61.026855379964736	-268.68089694368024	671.0491614775897	1544.439565448666	1691.1992689629799	14404.022996796215	4.429426048921789
?	-1	-210.99466640433505	56.87285244087982	203.84296425648822	761.179488077778	-5816.2795794277645	2007.6136418455148	2698.5398884039596	-1
?	126.0481824281472	2342.7853620145975	71.21900359278929	109.59984378109027	380.2351825061973	-6700.707263863148	1826.1262633831798	-547.209143440838	3.8359922797572947
?	116.13926810073153	-59.38383122454412	62.35284462993441	-278.59914663782166	426.1441248846159	9348.228085991406	1980.2531846734726	6635.563341955827	11.286772195090645
?	123.07899086691995	9225.452925650483	57.28904626089801	55.0696970866165	847.6465868057743	31814.684914641304	2157.904430480976	16870.03698190417	-1.8279108341986121
?	577.4119143832622	3413.9518225969505	65.10632948426527	230.7147065122146	2016.8783706167037	-420.4787468555159	2823.755033768693	-3538.7694876600785	4.485070850250578
?	293.7765819967699	-8432.902833139768	68.8247815865089	197.47872785897644	826.6226494629982	-30815.334863894514	1980.9659560979694	-27095.114966844314	8.893928108368275
?	155.76677272626782	-2807.1268305676276	74.98026587721424	26.66521764256932	476.11162742195614	-7278.746218522063	1468.999285426458	-4885.151394235349	12.279488899838142
?	153.4202404683865	-3135.335454525312	70.15804246863739	-298.5903034347469	462.6853385368899	9914.291453025164	1736.7083863861985	21849.111690887577	9.088479857304275
?	-1	8109.139228586178	60.05075070547668	-341.5149402413034	971.8262000732213	1610.1453328611215	2561.4548699708525	11053.901305009265	-1
?	558.8772018977012	5526.3855005045225	53.08229545657198	32.33446819783065	543.1926051799471	-8284.118410037525	2289.4034516366696	-5009.046142577792	-1
?	275.31927502523007	-9294.50853849238	61.667474115368236	178.34288528071443	557.6202795713392	12454.130285581741	2311.0025628419594	7707.994355669007	6.061021175420432
?	94.15177497307558	-5526.3855005045225	61.999439720607825	106.08103678426139	1165.899119459043	15062.376288457574	2674.8031694201254	13091.979592346439	4.8496708445628185
?	-1	-1903.0354994614845	66.97152595458138	47.35675229986146	1310.7390939942286	10615.907171016006	2965.6015424592906	3067.4718397163106	0.13065293382595936
?	-1	0	64.36727733560093	-148.58261723738198	1696.6944780098509	9824.42621038633	2828.176761405943	-4608.106188498612	-0.2736177932782063
?	-1	2525.710626727354	59.54239509271218	-5.880781023164078	1801.960404513552	-13848.72252915685	2735.1962330343567	-13492.26044763107	3.8172623899776985
?	125.28553133636949	2599.457387324746	64.07323828444272	226.66918291552497	1004.2583515519985	-26243.263682759098	2153.56373902438	-18596.639796085652	1.4283867741686598
?	128.97286936623914	5390.570989294076	70.87585423848859	2.114671603227377	489.7972203755784	-11083.34026133458	1805.364243230061	-1246.006973377153	7.490286207766687
?	394.8140808010771	7806.528723923373	64.1789718646041	-248.89471309438053	450.0913384852616	3289.807418451063	2091.2633903555216	-2794.190441023035	6.10077288605574
?	519.2993055624133	-6127.17216889315	58.43111858376938	-29.083423991497327	654.2875912981339	793.1770438912032	1665.6547211789073	-5996.458821065768	-1
?	88.45547235641524	-8681.797411139658	62.72480066502921	31.753739074015332	489.7501906798223	-6840.122788408054	1791.440449302229	4662.598027647111	2.433272276104524
?	85.20943500542428	-1789.1094471282795	60.01880553747017	-31.389725618821537	312.28145187772634	-789.9711995923918	1898.7846225612661	16537.830609301138	-1
?	-1	-1724.188700108461	61.15531438408811	-38.983423572893955	450.25163070020216	13129.740062069517	2618.3319797672975	17860.025143359035	-0.571232764788167
?	-1	2464.658750708454	58.069634358825446	97.34389163139856	968.7684549812116	3917.497710435423	2791.7858797292306	-27745.041223703938	2.526891740082624
?	122.23293753542447	2493.716275616475	66.0225089656581	181.11786281578458	646.1265162219761	-6276.626050915205	1231.0799185820808	-38172.398107934445	7.695936360390936
?	123.68581378082551	-335.91292157110905	67.1255274996148	7.057907649399808	654.9371524354468	-2273.3478959904205	883.1659743324814	-7296.441779275936	11.145850753714907
?	105.43729145686878	-682.6789442976982	66.3754043481281	-173.3858740854924	532.4591214224535	-1503.0585774645956	866.2578296182788	7600.028150653356	7.233805630695008
?	89.55186656594012	9493.307404258794	58.45623379534006	-195.27705912445631	579.784223562216	2874.9976425012346	1263.1673818651545	26916.763170137892	-1
?	580.1026616698152	4422.638153099997	56.611551391905145	95.52181632555977	676.2090035475172	-2095.0349142622417	2212.0959881251924	13717.136675426027	-1
?	310.6837742209431	-9913.913854349654	63.23232461161812	76.91507122624363	475.0324778491024	-6235.384770359029	1949.0242156364657	-5443.891974124895	0.7444194313847679
?	84.40696895232557	-6233.6754844187735	60.45730495321738	-64.94384121887144	364.43976502956133	4293.469147551207	1939.9013894189438	3158.9403007875812	4.901440380015469
?	-1	8018.3528774874885	59.9851325506745	-49.41784029399884	689.7059352266658	4383.722343966349	2106.971230675847	-4338.184132614103	-1
?	485.3246128267057	8947.325284980543	57.986412938517404	92.3803712544395	583.6258822278819	-5085.74902687718	1722.9921827882356	-11959.95104314706	-1
?	446.3662642490335	-6846.345255226475	64.60415111339654	152.01325040800737	435.41848388280323	-5506.647024076574	1508.9736785184855	2217.04350055838	3.509052794691912
?	143.0073500653771	-5073.857280400261	65.58707545891788	64.91189598475977	308.2935310240493	1011.792344035603	1833.8443578161562	15801.769895692227	5.343170183040175
?	192.6734002290169	1789.9649222656997	67.84974591263458	27.219436086892483	486.0081010845841	1457.643689653805	2299.062173303108	-21157.27611173718	8.663776425605601
?	232.50559617866335	887.7173142028328	66.94804726326252	-171.70219295434603	381.1757155067406	1106.6406517625674	775.9805522292819	-13582.673481885711	10.057177053553362
?	237.05926593915916	-4670.1119235732	59.26463626491715	-275.1117000848405	541.3401336727133	6142.020997921795	1619.9284992088128	23410.700488221013	11.02782413660892
?	-1	-4761.185318783116	53.1924622590203	-161.47645721270916	688.2767654028347	3701.55587212188	1946.5155766403493	9494.010903929358	-1
?	-1	0	51.19081340428158	-43.48359382209532	726.4179272788099	13629.974505846685	2094.6290444052875	10176.827595610126	-1
?	-1	5284.214711605013	51.018282567915506	179.5951513821474	1369.7754906951786	-8146.62361138508	2455.356956420863	-7360.285892372572	-1
?	263.2107355802544	19.999999999999716	60.170570973389076	-1020.3656513582956	319.0867467095501	-27395.509813903183	1726.6147497866536	-49107.13912841656	8.256691096916946
