rowLabel	avP	dP	avI	dI	f1	dF1	f2	dF2	h
?	157.91975214075902	4123.893509604961	60.15301760735215	1262.3064208963822	453.9718650141475	10082.485941687795	1858.8447915397721	33645.907571553544	-1
?	206.19467548024807	1150.5980503669036	63.11532104481911	340.82521375615994	504.12429708438975	5119.5304838579705	1682.2953785776772	-13627.697131687437	1.1203679544419514
?	215.4496546591042	247.70369164891738	77.19427829516015	268.19124433246134	709.948389207046	3170.5513973114603	1177.4599349554003	-12995.080914929073	11.989300367005068
?	218.57986006269394	-4328.9930931820845	76.52488326144218	-149.01741154716606	662.6518669499628	-3519.9556630058883	1032.5413328312234	-3842.1916832893485	8.113724039163177
?	-1	-1050.220866759681	69.74340771780184	-21.2924612877049	533.9506060567517	-5634.67074603575	985.3503507909329	-2494.036087218813	0.41060732762932606
?	166.0688167247099	3237.679571542341	75.46026019705694	116.74983563880463	380.91832964817536	-3184.6905502506715	907.8395284702827	3193.491800528337	8.10995439853438
?	160.883978577117	-157.45402243070376	75.58089949974207	-73.67451512011685	374.71607854421813	107.7277880054726	1145.0249408173497	21413.609276802777	15.19929759108889
?	158.19611560317472	-3237.679571542341	71.7765344410511	-99.38919305531161	386.304719048449	8820.35984527411	1978.5199923104215	19108.424343390798	1.51881095104101
?	-1	-3183.922312063495	70.6114398469765	18.160126167947514	815.7340708079236	25386.4818870374	2100.4461579868894	13838.973078547719	-2.2775937050797888
?	-1	0	72.68454074944847	-81.97668067313715	1655.6288134003187	15118.273541877454	2670.468646237807	12383.918635094928	-0.6326459521629512
?	-1	4011.940835794906	66.51260581331964	-97.64873626641068	1571.647747901796	-18375.251105794538	2719.6420897416356	-5902.432378982379	-2.147686404454181
?	199.59704178974548	3656.0161315847927	67.80210393612794	79.93464352286843	736.866258110591	-24071.376625558016	2375.347027288688	-10328.853872542659	10.053749382758879
?	181.8008065792398	-625.8981020545122	70.50933798946306	23.363446491726997	368.07891662389426	-7387.63141572574	2203.199396114502	-3203.131363955051	14.489607358704413
?	168.30213668701984	-549.9791781176743	68.97027626071429	-159.10591229481994	367.4846873243037	-184.04341882389627	2215.1904590909353	-1318.572630828811	13.03799960833916
?	154.30184767335606	-3386.042733740394	62.55404237472206	-264.2075517957108	358.87674568269944	18.642291592199154	2137.2707645730616	-1387.1629748127532	-1
?	-1	-3106.0369534671186	55.759898670928735	-191.21603730837091	368.41680190391367	860.327265682295	2145.8323103502976	-3660.2008032548897	-1
?	-1	9256.97938805424	52.993240509303504	191.44565806324704	401.8931089668142	2083.449022638677	1954.260724410317	-9288.679738467205	-1
?	461.84896940271244	9195.390372761114	65.3321815740911	85.99948032130605	472.5892530358476	1125.29558049695	1681.398323426937	-2257.8510124337145	4.880646900694658
?	458.76951863805607	-9256.97938805424	57.29321452536881	133.40167356941936	458.15788799166177	-3197.377157357457	1841.368173788631	-3556.923018475642	-1
?	-1	-9195.390372761134	72.00226525256207	266.08298515539195	312.72039516797463	4676.061222043516	1503.5521725031547	331.86602112850824	7.535609219566967
?	-1	1522.4951686968345	70.59736378313839	-57.271349208073396	691.9609490938373	9702.985789245076	1857.9614748450565	1615.8024623934975	12.241568288628939
?	75.1247584348418	2963.2183657942687	69.1386977921584	3.4035388609541397	797.8696846302289	-2813.7917636915677	1584.3422956228296	2648.8356709093	12.583679746726858
?	147.16091828971358	1372.3739432492778	70.7675407261861	35.72976794552429	551.2713609092588	-4085.7488004474008	1990.4032583905216	3688.8964209286737	3.352491039705042
?	143.74345559730574	-316.0829009582082	70.92518618943461	-181.12812345191213	593.5822446078587	4088.332716146077	1768.7871166692635	-666.130069122068	7.03680832243702
?	131.35677324180315	-2894.8691119461123	61.71113455359048	-164.10508941282387	755.6879967165628	6982.045683706025	1957.0967549344182	4071.3498984108364	-1
?	-1	426.51575569901826	62.71993171879341	203.98189454292162	942.6845287931602	-6557.083612140788	1972.3546115898055	-889.6716887934364	-1
?	152.6825610267541	2984.145477268773	71.91022928073657	190.47230157753316	427.83381610952307	-11772.908227375317	1912.6131704947463	-3102.0541009536028	6.3468179669768485
?	148.2072738634388	-99.69858349175232	72.24354679767008	48.30324071778473	354.03911742439374	445.2418684837615	1817.2519065421252	-86.81119064770876	15.579735596807254
?	147.69763185216647	-191.49412037769235	74.32539131662581	15.215665193741742	450.09590953371116	3332.844578391401	1908.272610962361	-6177.661591167929	11.211494174528816
?	138.63256784455416	-356.60284973792807	73.00433005735717	-161.6876360203743	520.6813463439639	1832.2532190287172	1508.3688269837285	-9524.99443101649	10.409457511365469
?	129.86748936527005	14.125059701923407	66.24100951560709	-292.2602948223428	541.7085704851471	4305.214487862041	1432.022889411536	8333.492434942678	6.062342773726628
?	139.33882082965033	142.21690116946422	58.39131531624001	-90.1312977942016	735.9420707370662	-182.83802315786926	1925.0434487308628	2918.554667820751	-1
?	136.97833442374326	-329.37031398769363	61.734444625897005	206.3376908543405	532.5666693272536	-7006.7801563106295	1577.9506228025737	-11557.5950294253	4.100784926058965
?	122.87030513026563	-462.3331835316144	68.70819985895705	-5.9914419781612995	385.6030629215344	-3504.3006827262802	1347.1636972595973	-2363.966923049004	8.606634478098707
?	113.86167524716252	-51.191565003215615	61.43487252698894	-65.31116297436677	357.3516351909395	409.1613339268471	1459.7522766501233	1252.929557135393	-1
?	120.31072688010485	96.10620865252534	65.4426417102387	140.36479604118585	406.06112961787676	1135.354409197778	1409.810175116367	5241.059189267021	18.179775280819044
?	118.6669856797888	-91.24994906431189	68.45311232904824	73.44271867684391	414.1193556508284	-28.863733107083338	1721.8052361134746	17698.701469267467	17.144708478520407
?	115.74822942688925	-164.49125029446222	69.1147776440809	-79.80468822360216	404.6179429625226	-439.2675007396902	2294.745248579741	1392.4345714245044	16.773433936292935
?	110.44242316506568	-147.81182241457586	64.46287791786813	-124.50646961518532	392.1559806138439	-817.1704116540939	1791.4269646847	-15827.7226199809	14.167141371546522
?	108.35763830616045	-101.01899796231727	62.88945416332163	14.590248699651676	363.75942237981786	490.17786700815185	1503.3591175806955	-4607.763810307841	-1
?	105.39147326694983	-138.57417492294834	65.19239035285071	53.96028191391613	416.6648739642514	668.4267518572825	1561.0387741693087	-416.35770714961075	17.190622395387358
?	101.42892956001306	-91.11472660574894	65.58746825901743	14.291565436279592	397.18075997268187	-484.56371705538174	1482.541232223215	-2682.6813000663246	14.479047400454693
?	100.8357369366624	-35.842639872511896	65.90696862466469	-11.189331263512127	392.4366881114824	-89.99230637968853	1426.904709165993	1203.1712790271874	15.529743662443279
?	99.63679756638747	20.718094814230103	65.02800169584182	-67.95882169011416	392.68114465369746	-492.1993181741886	1542.6997961745742	3194.3882374071404	-1
?	101.8716416773739	95.6935866378135	62.50902754015899	-22.371247505350674	367.82672220277306	-297.1811597603209	1586.6241210363494	1809.4297294865619	-1
?	104.42147689827813	25.371915182334792	63.90943932057429	1.2644582777542768	377.82208666568147	-147.5794128957926	1633.171282648902	2672.996326121393	11.601088304729604
?	103.14023743649064	226.29866080762434	62.5722504540467	-63.70750848113056	360.44775155798345	-1786.9012652333147	1720.2739373424185	5480.332644190781	10.92610817615742
?	115.7364099386593	551.1921287468692	60.72406389651778	212.32461150536642	288.47702340401605	-1235.2459786079837	1907.18791485844	9658.12464269343	11.74656930106945
?	130.699843873834	1256.656484562368	73.18848102931499	55.88620928952301	298.6854526275845	109.42105084119855	2203.1801694770884	4989.7782179075	19.04025366941294
?	178.56923416677748	2684.2673636802087	63.51837436099392	-334.4477545575311	293.94807594607596	-125.3276442729309	2156.6768257538142	-3532.9469511690004	9.64728033648068
?	264.91321205784396	5675.262456368569	56.46609330143849	-65.53733415481625	292.41907041393796	3979.222652241488	2026.532821918639	-6094.9786234317335	-1
?	462.3323569852049	4916.778195353202	60.241507653253116	107.08289362008112	492.90920855814966	5495.553600949345	1851.9278945822286	-8307.549643191025	4.021874282197252
?	510.7521218255032	-7002.1503763599385	61.82023798244253	98.42297065935007	567.1967504614042	2657.7234078284237	1611.1553397590892	-4234.552856121174	-1
?	112.22483816720924	-8116.838701142482	65.1626561862206	83.28558282071315	625.7953789495704	-363.9878546732111	1640.2002517761707	2086.970955934469	5.158364695873644
?	104.91018676838054	-128.80291560187476	65.98451712347817	44.58381618353046	548.9973577277438	854.2969426698195	1715.5038875558123	1572.7318816213267	4.569704442891338
?	105.78469238711553	87.68300450971	67.39184699539712	-13.878207548129119	668.5102260830612	-270.5418701384438	1718.8368458572368	913.8537398575305	8.900708288286635
?	109.29433699386603	-2135.693847742318	65.29060674607172	-143.92655249759125	535.4702642208216	316.1370275100387	1761.1965745486887	399.4804102011736	7.441797586727092
?	-1	1318.9973211469553	60.19551937051758	-35.64839689729111	684.3170774585631	1351.5521808977999	1738.8108663672954	-3073.9475735432343	2.789388958972638
?	175.24420305121356	3410.574158826771	63.50818690120717	194.06850196058255	603.0478732657114	-1353.1223492231472	1607.4991958715275	-11284.16824987264	8.259102260336473
?	169.52870794133796	-439.65419591683525	69.89894446854667	20.623799800472472	616.6609599974059	4305.796898796524	1174.6024538736654	5678.326455562721	13.362540902133663
?	153.26149325537187	-950.1276317746567	64.53937689123079	-155.45619094486068	818.3377182055368	-19.887850657062316	1891.4155186496625	10501.488633065315	1.5826536316641002
?	122.02232635260529	-634.851414884144	62.12613492130367	-140.1754600150735	615.6665674645528	-6469.100464224629	1699.6768855269293	-6736.646551096252	-1
?	121.51892251116479	728.8751786518109	57.53060389047714	-92.02833850523054	494.8826949943065	1342.1282948318733	1554.5831910948511	-2891.5337372731087	5.309607023799457
?	158.4660852851957	809.4100222288324	57.524717996042156	307.35452810984776	682.7729822061463	1192.4939362401014	1555.1001986632743	-2515.68049626796	-1.2818633234084338
?	161.98942362260627	-230.12182303547004	72.89833029596947	290.29965605539263	554.5073918063114	-5591.663972115051	1428.7991662814536	4956.204645687179	10.373769771786208
?	146.95999413342224	-783.4965721905817	72.03970079881174	-80.2644174200799	403.18978360039466	-3573.6284844662046	1802.9104309476324	3515.590240402938	9.536856151190259
?	122.81459501307732	-2959.1998826684553	68.88510942496549	-209.27169447481094	375.8259675830018	13634.09713318019	1604.5786783016	8763.197365209147	10.941715464581899
?	-1	-146.33173171721688	61.576116075071226	-181.02118086379727	1084.8946402594017	3825.816788516447	2241.0702992080883	9755.007646048156	-1
?	115.4980084272165	2114.6206645686775	59.83405038177566	37.6058057590562	567.1168070088235	-13162.031074694962	2092.329060604006	-5230.672351386797	-1
?	104.7310332284335	-426.6104853163615	63.45640636302403	84.54851055552085	426.79308652465596	-3365.736219945015	1979.5366816387493	-5580.785982556574	-1
?	94.1674841613985	-316.207935070164	64.06147590955169	-91.37751242284328	398.8299960115733	-1098.5487659697212	1813.2897614761782	-1208.1124095023777	9.178704367615348
?	88.92063647492536	-1903.3496832279768	58.88753074188188	-127.0788563394517	371.8656482261701	17941.271024826234	1919.1310611636306	14514.418935705458	-1
?	-1	895.1632526279428	57.707533092579126	84.8080213530301	1295.8935472528817	1430.6157625598569	2539.0107082614486	-8438.572281802924	-1
?	133.67879910632234	3005.891785778172	63.12793180953337	40.21709853136713	443.3964363541627	-18266.69577341964	1497.202447073486	-13916.101608117779	-1
?	149.29458928890807	143.0012987684949	59.718388019147476	91.93865074832833	382.5587585819031	-996.7287832937371	1843.2056278555622	544.1068760983827	-1
?	140.82886404474706	-779.0488443930408	67.72486434694977	39.83003128082018	393.559997189476	432.161703473768	1524.407790878405	-3517.0191802463964	8.546757663363277
?	110.34214706925617	-2836.5772808949514	61.70988958318848	-200.84230515365775	404.1668437555914	1874.3539842948528	1667.354668843243	-1624.0941968363597	-1
?	-1	-317.16157650975134	57.68274908926692	58.88334329001345	487.2776964042183	2541.366100295846	1443.2030810365873	-4338.916442657707	9.233422281820607
?	94.48406824376866	0	64.65405674768914	43.64868258492068	531.2351487703833	-1106.3833571800164	1450.4088467103584	7106.720330921215	6.858645516923653
?	-1	-1909.68136487538	59.865183218512946	-125.45023611967453	431.9585285452177	1334.0077607175592	1798.5390975826467	11093.334219982124	-1
?	-1	0	58.381544941705435	-95.83931168778796	597.935536806261	7874.132845878244	2005.0755577094626	7189.907090047489	-1
?	-1	0	55.073217634123566	145.67110458345192	825.6651708391285	-1425.5426175533266	2158.03445208502	1142.9618376081903	-1
?	-1	0	65.665100170878	252.06336551426523	526.6584059285949	-3767.2466392717565	2062.223649589872	-5961.8979951703	-1
?	-1	10869.684393735513	67.67638590983678	-58.66664113757117	637.3028388755413	26867.804072212326	1859.939552326506	5662.036777346677	-1
?	542.4842196867737	10294.880437053127	62.73176811399946	-143.07828482565463	1870.0486095392064	22491.435177263418	2345.3254884572048	12469.985942210236	-1
?	513.7440218526546	-2619.3104152079254	60.522471668554076	9.114543415080792	1761.8745977387082	-25811.108319222494	2483.4388494370155	-6718.767027924151	-1
?	411.5186989263779	-8611.516856501452	63.187495284753496	1.9498342407796156	579.4931935780861	-26099.477431468687	2009.3871370609984	-10760.797740610631	5.836356803328128
?	83.16817902758352	-987.2925045381181	60.619963380593056	-37.913857859234376	456.90072616527834	-572.7280016113716	1945.398962406486	-7627.181042830107	-1
?	362.1540736994722	3105.2098410093695	61.291802391791784	199.50516043756124	550.8567934975176	5743.02092011274	1628.0280849194944	-7463.870515046537	-1
?	238.42867107805142	-2057.0717705780517	70.59522140247108	168.9215242896343	744.0517721709143	5207.717490410405	1572.2054366541604	2455.869789085045	7.933278531371886
?	259.30048517056997	251.24370762384248	69.73787860627347	-125.95787345370171	811.242668018037	-947.980821373975	1750.8215743737462	1631.0067284828813	9.750266265021551
?	250.9908564592435	-716.2003680374212	64.29732772978602	-42.43949962481211	696.6527311022157	-5542.628337674111	1653.7557730783042	231.0363419188533	6.9516751228260105
?	223.49046676869904	1571.9849187676584	67.61590362503287	55.17062441909721	534.1112511343324	-3008.2645656698146	1762.3733914696888	5814.115329164195	8.230712000836178
?	329.59010239762614	3077.7444470304017	67.05585895074087	-41.30669308821624	546.2395028187256	1974.867855015689	1944.4615395365129	-3312.684731837824	9.037823264641006
?	377.3776891202186	-2621.0231104538443	65.55056897062207	51.78179209829513	632.8546438851165	-1043.1742264895095	1596.7391548777982	-12396.08368678319	-1
?	198.5389468749344	-4684.44669253653	69.64494855565562	126.97374680793916	494.08079149425026	-3120.1179146125205	1324.6573551973556	5.808364606045891	6.720492751574454
?	143.15535449339293	289.33585935938584	71.899256311019	-115.54754535220339	476.84874815449103	1218.6625942204828	1597.0295731081005	17358.672129465864	5.168146543649174
?	213.00573984290364	919.2986498447606	63.86757128804547	-70.26103713593781	555.0139212052742	688.5135577510234	2192.590961670646	5156.303577700082	-1
?	189.1202869856308	-1848.4573520421259	68.38620445422212	172.881036478253	511.2744260420421	-3610.2631453389986	1854.8447519931037	-11303.550809015427	6.436863951897487
?	120.58287224079767	-465.6537055728631	72.51162311195809	20.304878979313585	374.5007639383249	-2600.2307039448433	1627.4134212198765	1757.2761697605454	10.732804545050481
?	165.83760170698773	190.262825628577	69.4014484031878	-243.88555760184119	381.2628908448004	587.8375590885705	1942.7085604811307	6719.701469294756	8.449610047178148
?	130.09601352222649	-834.6713755189375	60.31734523186607	-47.91321272795858	403.8926418927533	789.3847058877378	1963.398494684613	-4614.531486462495	-1
?	124.104032931041	-274.65892693654735	67.00578776678988	208.3762927773056	420.73212613918713	-2147.482928133819	1711.9819861580067	-8266.745873977841	9.431865295601632
?	116.36306717539917	-130.59732235858849	70.73615987073131	-124.56332042405366	296.51849548606276	3876.3900108015923	1550.0612009857225	-2822.681199382265	10.662794428183103
?	117.5741668131116	-1.0819601208416467	60.77762174558722	-112.33293080235012	614.5516266792661	3974.205566485609	1570.847926188894	-4426.944448267402	-1
?	116.30896916935708	225.68329844434055	65.11951333061383	237.06212869021087	495.2287738103425	-3846.3206361346843	1328.7139785723532	-5382.013232610867	4.778168292223139
?	128.8583317353286	-176.20229483107585	72.63072818009772	174.19636295937045	422.23559487253254	198.5901667831429	1301.7472645583516	1602.3260320584961	6.112206417384934
?	107.49885442780332	-39.15353850790538	73.82933147858232	-92.32794351383295	505.1582821494996	1232.487892234078	1408.8302801752777	9702.427045984612	3.532899393224499
?	126.90065480993333	1629.518374222577	68.01433100440609	-150.19465575475405	483.8599894842362	2109.403699629913	1786.8686168575805	12496.602033165313	5.41333518542291
?	188.97477313893188	624.0565421149889	66.31959869084464	76.25557569318373	610.6284671309949	-886.3589592039612	2033.6603818335411	-1614.4715094050991	7.485523240706268
?	158.10348191568266	-1346.9933495729013	71.82710978906526	163.14052065849268	439.5420415240383	-4704.145597554505	1706.1450413873258	-7712.3045134619815	4.544793700283239
?	121.62510566028706	-890.8261489111209	74.47662472376925	4.312022024726915	375.42118725327043	92.71729589939729	1648.0451561604434	-1405.2271704033824	6.72945003329261
?	113.56217447012678	143.72632917326365	72.0427108903016	-70.98639548868076	444.1779063190082	1829.864536943903	1635.883682867157	1697.6947842853695	11.78171483133736
?	128.81142211895022	932.8425034357294	70.92730494933522	138.0316545290119	466.91441410046525	400.18942650826517	1732.9298953747116	6808.316259066775	1.6106132880717972
?	160.20429964191308	782.1924123842745	78.94429361675218	-31.927768217866912	464.18737764442136	-641.3416383949766	1976.2994958204945	3314.1986981979862	7.414435730041926
?	167.9210427381638	-3224.085992838273	69.33091653844188	-304.85355505123516	434.84733218071653	892.40367360043	1898.6398302846103	-2335.928297587642	7.5540437544546535
?	-1	-3378.420854763288	63.70161586419047	99.9938908168722	508.8075613244427	4916.807196738088	1859.5030809411128	-10093.628365376462	2.7819237620401696
?	-1	3449.700465713078	74.33061107928548	103.23925616600243	680.6876920176201	635.3076461105422	1393.958412015789	-7196.672993003602	1.2578662541434993
?	171.48502328565328	3255.938968501559	68.86357867249058	-81.83793629915954	540.5729436299697	-4111.43983899171	1499.669431290934	5206.145783454053	4.905061423729757
?	161.79694842507737	506.22864082612875	70.23871426432751	90.78783877178215	475.1157000680353	-2422.6791884387167	1654.2657011884908	9440.438346248822	7.510660804715047
?	196.79645532695963	-409.0857376428736	73.40297061107967	23.31142325633729	419.4389842080343	-881.6929459345952	1971.6913486033734	7005.5500551212635	4.218742253740592
?	141.34266154293377	319.21543515610495	71.40428542714437	-80.68519990374938	431.0310527713057	247.79756791422503	2004.5432039445527	5593.8740003692665	6.8845813768067945
?	212.75722708476482	6641.911200235632	69.36871061589221	122.56943441950214	431.8288626037455	966.9798278381518	2251.3850486218357	-11753.635604102765	1.937626293019983
?	473.4382215547142	-2240.9379071558715	77.53275714811946	-37.85999028282375	479.38004416321314	3358.177853510286	1416.8614237394165	-14400.706231884598	5.202944760951068
?	100.71033172697165	-9488.764431094318	67.47571110175103	-410.56415194829316	599.7377552792592	2133.645375280422	1531.3497370276084	4566.6365445720685	4.014112709472255
?	-1	-2034.20663453944	57.00454955070487	-286.41966119133417	586.0623129272339	57.80497025280304	1645.1932509680191	2034.7563369729214	-1
?	-1	0	53.154728042184374	-41.21257616977645	602.6280037918994	294.45535102555016	1633.087553876254	5771.207962949168	-1
?	-1	2112.492149472256	54.94392074221606	116.28763565241938	600.7850804785113	-2174.8835956278385	1933.7536491154765	6747.677564728061	-1
?	104.62460747361243	2046.3986797089908	58.96910982480532	52.7038353161375	493.8838240105078	-1489.6580006912843	1970.471432112656	2362.7620354328965	-1
?	101.31993398544918	-2112.492149472256	57.579112508022924	-91.9359698316588	526.3021804439474	1865.972666333822	2051.891750887121	5697.402898227217	-1
?	-1	-2046.3986797089908	54.3723113332224	-70.5792513126087	587.1824573271986	1223.969601813537	2255.341577024016	3615.0207043417813	-1
?	-1	0	54.0501499423925	44.63483289020802	587.500660534624	-1615.717129986184	2232.6427861042093	-8110.4040447437155	-1
?	-1	0	56.60405297773279	-111.92534515114286	506.39660082788964	-953.4647391176452	1849.8213747868315	-7869.650910224028	-1
?	-1	1868.2830914922429	48.45388268483538	-51.46647284066408	539.8274235787419	4711.995172580007	1839.1602405930093	6808.299037261033	-1
?	92.41415457461181	1853.9921740015297	54.0307293356996	183.75956625917576	741.9963594568892	-1102.2489374214756	2190.236326649882	-3955.9660748175615	-1
?	91.69960870007616	2535.4999773593768	57.64186099779413	134.30839404876002	484.7149767076683	-7034.7288097585415	1641.361936852132	-13959.845038493622	-1
?	219.1891534425802	2535.7968308785867	60.746149038137574	209.2500038777209	390.25991896896335	-677.6780927816038	1492.2440747252033	-3214.163384306514	-1
?	218.48945024400504	-807.9183055334653	68.10436119168014	367.03425667866856	450.83107206858824	4546.3759807965425	1480.6537676368068	-1042.4979366163907	10.954297011238959
?	178.79323816590707	-1314.3718276221996	79.09786187207094	270.0335873917892	617.5787180087897	1201.9425334421098	1440.119177894384	148.79640563897792	4.709727032455771
?	152.7708588628953	-689.6586484196356	81.60604056126955	4.03201287177383	510.9281987406935	-1026.854674271748	1488.0935879187557	-7379.570215137741	6.190773177702725
?	144.31030574492542	884.2579556813283	79.29946251565963	-156.2742445039612	566.2359842952025	873.3907444198413	1071.1406671374982	496.5989745737324	9.363942248011458
?	196.98375664696155	2090.173447977563	73.79232833607152	-116.44728118566788	554.5977359616854	1441.6716399617128	1512.9235366474422	12892.323744994115	7.4649119990255866
?	248.81897814380318	363.41064390945195	73.47709845637625	-102.56973634357232	638.3195662932878	-804.3420139180608	1715.7568543872017	3827.752025176278	5.819962577977596
?	215.15428884243408	-1802.750943872958	68.66384151889292	-5.739068686613414	514.3806352657825	-2743.2804474470963	1704.3111379062555	-1918.7234344810463	1.7720427531819944
?	158.6814309501556	-715.6918020251637	73.19014502204558	253.1099627086241	501.1555439209335	3117.985130220472	1619.8206826631497	-4466.432890562812	3.476561621230257
?	179.36969874117602	1045.948113492532	81.31933965432408	105.47887643209131	670.2798917768056	2320.6558695804815	1480.9894933781156	-4222.155851579379	4.72396542972191
?	210.97883662478202	1692.0207333194414	78.46408884365013	-84.7982931620834	617.1883373999572	-2704.114778621802	1408.7128900841815	-851.0004238135056	2.0098373510516767
?	263.9707354071478	755.2143968542133	77.07942499621993	-116.2136352834146	535.074152845716	-593.8120247281221	1438.4394721874405	2435.626203180204	4.131023524162083
?	248.73955646749255	-1241.5163529976069	72.65340707947942	40.60537081842696	587.4977361635512	1493.8464824380987	1530.4942002431912	3237.0961728020825	3.969889550684767
?	201.89491775726768	-1504.0290420764316	79.10969353714127	126.15958954850487	609.7664769676206	-499.098997848534	1600.294280827544	-2311.852449261668	7.574447170016408
?	173.53810436367124	-1976.73937961892	78.96138655690464	-97.45123184291464	562.5427862711246	-2407.4709545512083	1414.9015777801083	3715.3768241029998	8.189572122582353
?	103.05794877632202	-282.56458565501237	74.23713194499555	-41.211050125156	489.39292924006065	-2109.855881209325	1786.0631220326934	13284.413683464802	2.401039506983846
?	159.40987508092067	1804.5099072737012	76.90083405064685	-5.642448305013679	457.0499922106587	-1229.2495889125187	2079.122261953346	4792.661562991288	3.5609984631164053
?	193.28344414000676	891.8499066372582	73.95500952974487	-16.85115741599026	427.93044979443494	412.73444365895705	2025.696200182257	-9825.820147660019	12.110481216161027
?	204.00237041278342	121.53198369866672	76.05827617984734	173.0352955395876	477.68671439360645	3532.4886939931266	1587.8312545703468	-9119.684309067685	6.357548010924129
?	199.36004332494008	-21.61945517943601	82.60677430672422	-28.696155696245103	604.5548844940906	877.2926371689138	1569.7119847288743	1797.2441312228075	10.036302166366026
?	202.92139765381162	242.35121057404257	74.62346839503509	50.83028451482267	521.551346252052	-3396.7973926293366	1677.6934611314869	8951.963396418987	2.6003435287897845
?	211.47760385364217	-127.41358990081028	85.14828853246534	174.35229718301264	434.7150148626244	-2119.546841272301	2017.310154549822	4981.225341497742	14.514287146992746
?	196.55071815877113	-915.5355268691828	83.34108325418569	-165.6499880639092	415.5740041884373	951.8875168190016	1926.754728206373	-5251.266700302936	13.214281587326084
?	165.7008275101832	-878.3380733970679	76.86578912926991	-192.60147498748591	482.3093907035743	1086.8702109892063	1754.7468195346762	-3300.8438036782245	5.802232578304905
?	152.6338144889179	-441.93523119527356	73.71100950481143	95.41585120520786	469.9175147378974	-184.58537298964723	1761.7125380224625	3331.900465462775	3.0792889342378147
?	143.6040659504192	-474.9839205592628	81.63658168953037	23.554284758365846	473.0801220540918	152.92003711967948	1921.3418428078173	994.0978559617947	7.305295887166852
?	128.8846184609544	-383.05028655981596	74.88872374272974	-274.64205109858034	477.5635165938815	-862.5951463055187	1811.417430820553	-1573.0868088159882	5.20957618755188
?	124.45155162242813	176.99727245784777	67.90447913460116	-55.270316706033846	429.95036473881527	-859.4714862873778	1842.6875023670168	-1649.8095173674658	3.9405967722712165
?	137.73448208384693	538.2139848643042	72.125207907428	220.69467151496156	434.589942279512	-170.2195811275645	1728.9269549521784	-7165.253628399117	7.215018942482903
?	151.36225086564372	51.612593486184274	78.9392127103494	57.485829075282346	421.4393856824369	-1660.8733455404765	1484.4248209470559	-1254.0111785571257	16.602992264081877
?	140.31511175815618	-440.8382325124836	74.99949936119216	-58.059890803806724	351.546275002487	-71.95624039217603	1666.2263960243213	12390.672531168013	11.70718108391716
?	129.32033924001922	-419.53879355618994	76.03621817015902	-70.89753651581573	417.84157366282807	935.9293953341118	2103.9584475054653	3608.1044845661277	12.128282119412397
?	119.33817208034638	-2606.4067848003474	71.45462253540133	-276.0832874334452	398.34274476919325	-326.9003908873775	1846.6316202526302	4089.366580245811	10.460072410115995
?	-1	-2406.7634416068936	62.23205379848656	-127.4809238213597	401.49655411845896	7135.506918475877	2308.4267765177588	12802.914081271878	-1
?	-1	3921.0053602313264	65.08057634433325	58.46933695499845	755.1180906929922	11988.98490460286	2486.7773243162333	-2156.4792120415373	-2.1617330221273505
?	195.0502680115691	4052.1576853193146	65.15552064623653	167.7019500927354	1000.9457993486105	-2221.6475706889973	2200.6028159156804	-18963.793810379168	2.2023762506555427
?	201.6078842659686	204.04643552038175	73.46567384897014	160.0915983432742	644.0357121585407	-6830.0420264115	1538.5876337972613	-13100.299432686039	8.37317937584713
?	205.25258978758833	-1046.1322777522275	73.16010056340035	-17.390418487343346	659.4436980280307	-2258.6712203203656	1545.5878442813691	42.470396212192405	7.390222432022081
?	149.3012703783565	-1855.5282193881947	72.59615292460296	-84.0111350966884	531.1021511425208	-3368.1711877041867	1540.711153607871	-182.1241503049006	3.8578495199483065
?	112.47617881817729	-752.7432013161238	68.95954380856587	-163.19772608848461	491.03513864281894	-1320.6124387010634	1536.481636766124	1866.096866854519	8.389394346308336
?	111.66411031254977	-123.16926957166767	64.43626662017861	-5.067752804446498	465.0715292074667	955.2482420009745	1634.0159969505983	4774.638710321569	8.445174189996815
?	106.31771533959382	-128.25194110854358	68.70615616834354	56.27775206168484	538.7975507428683	1867.8270253443254	1775.2135722822059	450.59486888029636	6.574401854911059
?	105.2515132571225	-2146.354306791846	67.2501542232629	-115.03149236911092	558.4628804746843	2457.6631716974307	1656.5457403946134	10333.801103661488	11.465100060992976
?	-1	-2125.03026514242	62.95458154988791	-126.69950957006198	661.6807093277416	6526.267774603053	2291.9036274652876	12720.006340222973	-1
?	-1	3296.5313591277463	60.91517874475971	109.70753173854064	884.7762692048416	-4928.11897561004	2292.546057405771	-6846.68377478489	-1
?	163.82656795638965	2986.3934254588044	68.43995813681502	-21.000029538961925	415.2747605472361	6933.158578069121	1949.5694387260382	-457.84076916373385	6.317987893179693
?	148.31967127294234	-3296.5313591277463	59.865177267811596	-123.06634210936859	1231.4341981083026	22199.745848033792	2269.654018947584	8250.123599110704	-1
?	-1	-710.4715433528468	62.286641031346505	117.82746865397189	1525.2620529489416	-9990.293395211389	2362.0756186815793	-3003.1488431380267	-1
?	112.7960941052995	2038.7824437593686	65.75655070051028	89.57444502936383	731.919528347726	-23056.86976689797	2119.4965767906806	-3401.489097968858	4.562332474105257
?	100.93912218796987	-252.5878125313737	66.76536328281476	-98.62045378354226	372.4185646040265	-7284.856588687911	2192.001163783134	-3749.680576869579	9.429734694873659
?	100.16670347873064	-2038.7824437593686	60.82552801133309	-152.86998279804632	367.67669891332525	19763.363773678473	1932.012547947199	6074.651898450588	-1
?	-1	393.5470123977366	59.12186414291234	-11.778443259795043	1360.5867532879643	10487.67019661307	2495.7337587056677	8595.53991275649	-1
?	119.84405409861775	2230.5822981608108	60.23660584834333	164.53720725670033	892.0602087439862	-19314.646151491266	2361.7895435850296	-8769.932271952122	-1
?	110.52911490804213	-370.6091250880108	67.34872450574747	70.92014628116912	394.85444571338724	-8689.256523687445	2057.2371451080553	-12179.778463732191	11.996777524970229
?	101.31359784421694	-159.88272812212386	63.78261316240184	-164.6707847686667	457.59738255960775	662.1010760761973	1752.8006203984114	-2191.903355852124	11.255256232294746
?	102.53497850193583	-2046.2719568843097	59.11518526731402	-121.66593566142151	427.95949951719757	17255.45143104797	1947.6419773154475	15454.590958726374	-1
?	-1	1571.6224357220954	57.699316379330675	32.09310192518967	1320.3699541120186	6771.881156400585	2525.530168334741	-3795.772601357917	-1
?	181.1161002880417	3437.853030493001	60.719840363573525	115.43625349372498	766.5535573372316	-18733.322201521427	1757.853347247549	-21153.9486829053	-1
?	170.89265152465248	-3642.3220057607823	63.471129054017005	132.5650753301495	383.7038440359339	-7237.33246051086	1467.8327341894612	-1232.1640075543526	5.660638085134197
?	-1	-1324.488518777081	67.3480941300811	111.61864405791218	404.68693431168344	2200.4890711756393	1696.2451468698305	5232.416705514072	1.1464330858787086
?	104.66822558579749	2428.297512575913	69.0520612569127	-150.97935660944302	493.72829759471745	3193.0052947196828	1729.4535694651686	3268.4647045732745	3.313328387673412
?	120.41487562879738	-2113.36451171592	59.79912629960884	-257.57513571732665	564.3371990476699	2017.492675646407	1859.6683820984965	-4312.916303852933	-1
?	-1	1626.4113339928044	56.17330447104618	101.66906851028881	594.6029313770392	-477.63532804461425	1513.8077542725189	-4200.775310717671	-1
?	201.73544232843875	4079.2341843686245	64.88257972512335	188.8991912312493	540.4554326454388	1217.7275571041046	1649.62961656261	-2447.555907421731	7.915297996918629
?	202.96170921843412	364.72616190075763	65.61826403260878	-59.78893972097552	655.4893092322453	5434.632662582492	1391.4299589014306	4937.0306026341295	10.631428935733176
?	219.9717504234769	221.24894569751544	61.89313273907453	-112.60075774162284	812.1870657745673	-1118.8109725971208	1896.48114669432	14487.60810738503	-1
?	214.02415650331005	-4419.435008469475	59.988226145527555	-97.14363698841798	599.5487606023885	-3134.117344256882	2115.8103642706924	6260.70909122747	-1
?	-1	-4300.48313006614	57.03595088965356	-63.20663154980646	655.4811985617209	-259.434254406402	2209.516601255698	-2651.0297024316137	-1
?	-1	0	56.82789456803719	44.24347675637756	586.5770478820682	-2340.5494175228077	1983.2588791491098	-7887.4531188344845	-1
?	-1	3156.2644956692775	59.24812472747247	365.7041478583108	538.4537276855789	-4157.255888234585	1815.143945313968	-5543.220084657813	3.4765863375680994
?	156.81322478346613	4177.232741421088	75.11310196095299	376.8560718622934	378.714253470336	-1275.2666555185283	1706.0978749162152	6768.907216569886	7.604485172196196
?	207.86163707105734	4692.578363575071	78.09092832058741	-57.64158821912989	474.69039490965156	108.19803208932018	2153.589306142467	9503.630266260112	8.96566253501333
?	391.44214296222304	3998.680687279072	72.23102254999645	-138.98043213196476	384.1241550748021	-1718.7646384319994	2181.2793882292276	399.91504032127864	5.99845146367702
?	407.7956714350138	-2995.2391053784804	71.14190671398907	172.36997047350866	388.7521629880504	1052.4269226024692	2173.5850581585314	875.7297835572502	4.5243606003889445
?	241.6801876932969	-3544.4782932919106	80.84952107367201	102.53863299511887	436.7455012049263	4568.220673235142	2225.0658774070907	2401.0833401076275	12.543743531880827
?	230.57175677041573	-4853.603753865868	76.26883836374509	-85.34966051406194	617.1631966498107	919.8211442159817	2293.6392251639145	-637.4419740602843	6.952848333701537
?	-1	-4631.435135408249	76.58203804796885	-237.40274020565667	482.73655841572605	3578.301004668357	2193.193778704076	-129.72258126023732	3.9390465589626635
?	-1	9042.955925492437	64.39870135346209	-354.07059298522773	796.0782468832312	-792.2519328304078	2287.1530961009025	759.6986720249134	5.456658592594028
?	451.14779627462826	5882.402486440425	58.87850839870721	123.93525781282386	443.1239617742051	-7886.858556210315	2231.1787123053223	2501.114654892882	-1
?	293.1201243220254	-4051.044242737304	70.59546424410337	319.1803796644072	401.7353190727098	433.75183991085873	2412.2088288455484	-3793.144686513752	10.951231761627618
?	248.59558413776017	-2298.576766013146	74.8375273819278	-124.95892211765174	464.81155376974834	-183.2816581611811	2041.521477979632	-6718.524248700946	18.53999266146881
?	178.19128602136647	-1639.5969956764789	64.34751813822069	-201.5959320784469	392.5712361646506	-3109.3085435227317	2076.2826164104963	2878.934547323929	-1
?	166.61573435393507	-80.30199675302754	64.75773077800531	144.54622459900713	309.34612659360954	-609.023531982604	2185.4682053458305	980.1771939293436	13.239108009752862
?	174.17618618371503	1065.2648647730146	71.57482936817115	162.46165473887484	362.12005956551997	1891.250527224584	2125.291476106964	-12355.006998064206	12.288254574566938
?	219.87897759258655	7971.012532424065	72.88081351494917	137.88815022756015	403.9086529548401	3625.294277682803	1567.7178554426114	-7089.037775280225	13.590403921417419
?	572.726812804924	6271.891757945375	78.46923687954926	-5.247688457137013	543.3847734496627	9028.515459727776	1770.8395873429479	10950.001579553234	3.044904982187615
?	533.4735654898598	-1090.5942634948478	72.61842909209231	-237.85178065100783	855.3344259412353	9243.30960613494	2115.217934420281	13992.994222833737	4.04506274180037
?	518.1970996301808	-10689.471309797043	66.5766478469987	-17.70518423997746	1005.5502537564163	2281.7694364634503	2470.4892984846447	6399.992848741349	6.093167928657979
?	-1	-5236.571933814497	71.73316988009343	80.66263428935456	969.4228977644094	-14646.773448232185	2435.217576857353	-10461.95982020264	2.4408571755531248
?	256.3685029394522	4951.096406640616	70.60977956146648	-75.90450260447346	273.21158134479657	-13634.1142241812	1947.3913074745053	-10343.050278816107	1.0645524631005694
?	246.5548203320343	-3243.747716460552	67.9379447498697	-53.726521690096355	287.71718655533977	2261.3183118468664	1918.0650629165402	447.27890066265263	4.0190756154244855
?	94.1811171164223	-3063.8580674012787	67.92345347696163	-44.39497994854599	386.2774969371415	2829.0779476157168	1969.7552525076383	2722.845768242721	1.4916559765905202
?	93.36191696196816	44.40476398114861	65.71819575244237	-71.23570609360071	429.1710839361276	965.6365717146115	2054.207351328678	1682.7293897852894	7.937866729858726
?	96.40135531547976	54.72520354761749	64.36166817228154	-103.50739758246314	434.55932552287277	25.939159435226514	2053.891721996904	1099.1888118140039	10.128350027072031
?	96.09817713934908	-1948.0271063095674	60.54282587331914	-208.9061967732913	430.46804190788896	-33.92592599048109	2109.166791919379	1796.5877578545242	-1
?	-1	-1941.963542786954	53.91635833361683	-161.79739163624984	432.8630292233487	-528.1406754409845	2143.7211098896314	-2681.8054931705983	-1
?	-1	0	52.45295629150653	-87.66094911705497	404.06100813583936	12152.87059354401	1975.0765172608474	4387.187108108529	-1
?	-1	0	49.533310877764016	112.4404002113732	1040.5065589005578	17912.24009004077	2363.080465295061	10990.10786071852	-1
?	-1	0	58.07497630207527	104.27045199072177	1299.6730126378905	6155.72420283835	2524.581910296781	772.6082170102726	-1
?	-1	0	54.74683347730018	-60.95070833589061	1348.2927690424797	1605.008539311666	2401.710876145575	-612.4439011708913	-1
?	-1	0	55.0274408852807	-21.73651302051636	1379.923439603475	-7113.048950348829	2493.959715238236	-5293.256869556178	-1
?	-1	0	53.660007826274345	10.530060687771787	992.6403215250332	5273.0274071722515	2137.0480326677625	-980.3509589106076	-1
?	-1	3728.7690392793525	55.553943919669294	219.65754541012942	1643.5748099620912	-3140.5869677136784	2444.942167292705	2476.213577304599	-1
?	185.43845196397027	3691.1063782148435	64.64288509678097	287.32764633247103	835.610973139347	-23784.43469479029	2260.858711532994	-7277.160740217674	12.273064345808576
?	183.5553189107448	-3728.7690392793525	69.92032623629305	58.59076717153274	454.35307522255994	-344.0745818998445	2081.084130281816	-69.12360917896778	13.001364562106
?	-1	-3691.1063782148435	67.57242345535765	-216.45668650128704	818.4072440443546	7129.979358305344	2257.402531074046	-1352.7541028998974	1.0097678607857659
?	-1	0	59.097491911228545	-12.379335126110044	810.8520431378322	7461.2899013261	2013.4464251368204	-104.82993016092983	-0.5608817483191895
?	-1	3509.0188752483205	66.95345669905214	142.8128175556014	1191.4717391106649	3448.9797734283056	2252.161034565999	2783.0622022876164	-0.12418426855150971
?	174.45094376241852	3347.218492947261	66.23813278900872	18.328727053192633	983.3010318092499	-12514.375143491345	2152.599535251203	-11954.452892224894	1.3726894692019194
?	166.36092464736544	-3509.0188752483205	67.86989305171178	-220.3479154680295	565.7529819360888	-8244.245939428303	1654.438389954746	-10134.696352561888	6.701224524737559
?	-1	-3347.218492947261	55.220737015607085	-268.89952159978833	571.088734837829	1455.973937751496	1645.8647176231016	-132.3093965081834	-1
?	-1	3011.840411088668	54.424916971722176	265.8998596142805	638.5516788236646	-3307.935984820668	1647.8229201293368	-4762.213508775318	-1
?	149.59202055443555	7852.739445884013	68.5157299963213	252.27944396839004	405.6919355967932	-4189.460836590108	1407.7540421843323	-3748.638980146831	10.485781397696309
?	391.6369722942062	6682.521321022903	67.03888917014186	-108.72726604568471	429.0786369941562	1729.8606603280045	1460.3909711219926	5752.861184775534	8.013435322865798
?	483.7180866055855	-4800.955539601693	63.079366694036985	95.85862954216884	492.18496861319466	2560.8461790568435	1695.397101423113	9239.098477525036	5.410243076106437
?	151.58919531411814	-6438.415837883162	71.83182064725037	204.43843863064396	557.1209459470002	-125.91257505595811	1922.345894998251	6293.655743936672	5.953518570140005
?	161.79729471142278	7044.035964632082	73.30128862556933	-249.7952503564008	485.88933986039666	-910.8564040440701	2010.0798886199511	1411.6134334154985	9.256150144589961
?	503.79099354572725	-3255.9458942284095	59.34205812943015	-321.1513165364741	511.57812574479607	1750.3164667175101	1992.926566669027	-3018.13537274976	-1
?	-1	-10095.819870914402	57.243722798745395	-127.6056170016746	573.4051631962734	3899.7970242316096	1859.173119982461	-6505.845480356104	-1
?	-1	0	52.96177727934633	3.6503592042661572	706.5679769563793	-4020.0735663400583	1667.634292651217	1085.647000094912	-1
?	-1	2639.367038247259	57.426240758958706	304.51413053876826	372.4014848792676	-2514.050606376423	1913.4554699872074	-3780.5023244416507	-1
?	130.96835191236482	2492.249165487453	68.18748380628496	163.12396264456234	580.8654466375564	5768.596082642741	1478.6091764291318	-3683.3984924599395	5.238828391474523
?	123.61245827437442	-2639.367038247259	65.58243889118694	-230.0202619856941	660.8312890114088	2366.4426292784906	1729.2855453642078	650.2685895961121	11.201820779892119
?	-1	2121.3277701289867	56.68647070700009	24.721298708345717	699.1875781014826	-1159.6786185730043	1511.1226059089379	5828.89258855931	-1
?	229.67884678082527	4589.212470831581	66.81850382660424	405.7486551772525	602.8473580827578	-5009.421057234011	2020.7301747921774	4827.501184900452	0.06052839801665133
?	228.46062354158232	-474.5111621325777	76.973903465863	95.13659635640728	448.7165252397785	-3809.540980498287	1752.497665153964	-6788.063163664587	14.758128746697759
?	205.95328867419605	-4589.212470831581	71.57533364442467	-369.6197080942102	412.3703090578407	-469.5679222407127	1681.3270166089433	545.1048468960348	7.670220086957788
?	-1	4534.144056608643	58.49291806115223	-315.10020971459477	425.2381291277425	816.8673279618142	1779.752907498766	525.797691567979	-1
?	432.6604915046314	8833.34471707629	55.82032315869471	-5.65370125924054	453.213675455932	529.8700722860353	1707.6169011873426	-3112.4427662164558	-1
?	440.6672358538208	382.6760819209758	58.2102329981902	125.4942476080516	451.73163274204467	-209.75855574190902	1624.130769187941	-4714.329893378168	-1
?	451.79429560068047	-8833.34471707629	62.09503553909738	-104.07522046222348	442.7257476688364	1913.7679711943997	1471.9004065184308	667.141256798495	-1
?	-1	-9055.88591201348	53.00647197507895	-153.14731156522393	547.420031301766	5260.952145108988	1657.4878320278663	5680.394205286994	-1
?	-1	3652.1784735357965	54.437669960836075	259.290631292086	705.7733549242895	1342.4282226921937	1755.9201167827846	-7946.3828612179905	-1
?	181.60892367679241	3565.416307752003	65.97100353968344	193.17861443574694	614.5414424363767	-1377.9978054910962	1260.168688966961	-2653.2431766401655	8.146327295807954
?	177.27081538760268	-3652.1784735357965	64.09660068262356	-164.88977291797917	636.8734646497337	2531.540675506299	1623.2579579507744	10418.494560609759	13.464024331223198
?	-1	-315.63412302108026	57.72651489378436	83.47920535426762	741.1184762116934	-2948.5462362408157	1781.0934169974564	2022.7566172073089	-1
?	161.48910923654844	2988.466581417969	68.270560950337	152.44120316285088	489.4461528376908	-5832.335775944989	1724.3957888111413	3434.5978989510027	7.024991403179392
?	148.42332907090056	-3249.782184730923	65.34857505192701	-101.42205710084055	449.5016874144398	190.71133257159502	1952.823311945009	7270.940035991731	9.398470258392397
?	-1	-2988.466581417969	63.1994580952949	-40.110633884359146	498.9817194662707	22616.118231594344	2087.942790610733	15592.121783242275	-1
?	-1	2589.120661740175	63.34304335770903	-2.167696240573887	1580.307598994173	8644.663447081868	2732.429401107134	5564.6658887764015	-1
?	128.45603308701058	2513.788229229297	63.091073283266205	173.17595371605728	931.2148918203702	-22445.655166627144	2366.176085049557	-28228.075435270788	4.082273265578749
?	124.68941146146665	353.6155175166102	72.00184104351202	92.46667708225002	458.0248406628	-7452.744210059719	1321.0256293435743	-10653.640888865655	10.73667245012829
?	146.13680896284134	753.8045191210553	67.71440713737877	-206.89869128626248	558.577681317379	1941.1134190585128	1833.4940406062667	3144.1233936067792	7.844254032341159
?	162.37963741751994	-2942.736179256785	61.656906479198746	-285.4149662093945	555.080511615727	185.28424910818293	1478.2317990239155	-2519.2555362804437	8.4287191330264
?	-1	-3267.5927483503524	53.443658826908845	-66.2826545347888	567.8418937727882	-582.3084928160287	1707.5312637922427	6046.7954458210315	-1
?	-1	2626.1473590839905	58.34277375245926	243.71169671521864	525.9650869749252	496.64249708636567	1780.5715713149714	6406.299029750812	-1
?	130.3073679542014	0	65.62924366266995	199.01464157542776	592.6740186271069	23346.58492076905	2027.8462152797879	25029.790411027556	2.7539864556616616
?	-1	-2626.1473590839905	68.29350583123079	-136.46424766750832	1693.2943330133942	14661.148586447947	3032.061091866367	7576.63896165289	-1.458666026266773
?	-1	0	58.80603127929444	-183.804154093585	1325.7314479495146	-17943.146871391094	2406.6781633624378	-20482.495369508615	-1
?	-1	5063.48867731431	59.10329812655141	294.6816543604839	796.1369894438267	-17800.20077964407	2007.9363233909216	-18761.042438737182	-1
?	252.1744338657191	9586.450548038281	73.54011399731884	176.96813493460957	435.7214089672984	-6023.901430622002	1468.6260414255653	-13253.578049252721	7.788794488286631
?	478.3225274019209	-2043.1024494941528	67.95170487328201	-146.756887650508	494.94191791272226	2100.8771457006364	1345.2574209282761	-2152.1530593229195	5.920185454220543
?	150.01931139101	-6767.5265315469615	66.20226961479334	-111.67060189516587	540.7652662523317	-75.60610244212631	1361.0183884594178	10350.881697169738	8.890346380705584
?	139.94620082456802	-3020.3862278201573	62.36817477852364	-241.5738129381317	491.1616127906159	1707.6121853470984	1862.8015057867703	11276.763153333484	7.720400430318088
?	-1	153.7638775910086	54.12357896788658	-43.56836560940872	626.1458755196878	-431.5198882615284	1924.8565461261	-5066.577857252015	-1
?	147.63439470411856	2930.2090098917693	60.18975649805317	410.983881882521	469.58561837753916	-3013.7758823753384	1609.472612924166	-6134.874359841378	6.035575754337881
?	145.51045049459054	-120.39751397894179	74.67277306201292	202.884354816679	475.45708140091875	-251.00180376357667	1618.1128281340268	4417.950428740729	9.119067764265441
?	141.6145190051714	-97.04137160063941	70.33397423888727	-309.0735213569123	457.03552818936015	-194.60876702395532	1830.3701343612056	4077.1555270399235	12.537582489209928
?	140.6583819145585	8322.434608999147	59.21909699416709	-258.3214342745892	465.72664304972085	1041.8281920474271	1821.9706044860259	-3564.0983641611724	-1
?	557.7362494551346	-2833.1676382911296	57.41790252515762	-141.3682807106552	509.12693779173225	964.3303352707368	1652.1652161531445	-3734.3187666715826	-1
?	-1	-11174.724989102533	52.15068295863423	-118.05785821184347	513.9431598132584	8017.128428685303	1635.254666152444	9845.165593135509	-1
?	-1	3450.252333707663	51.515009614565365	171.6826147236726	909.9833592260031	6793.445839842406	2144.423495809927	-454.9924730095362	-1
?	171.5126166853856	3472.173651403812	60.73481369481798	234.34883585462012	853.6154518053835	-4389.399851947033	1612.505042501967	-11413.262941098106	0.28280487581140334
?	172.60868257019308	-3450.252333707663	63.23245140729654	-145.4285175023218	690.5133666286483	-1389.2126151896884	1573.7603487550134	-481.2273542462094	7.734165266183817
?	-1	-3472.173651403812	53.463387819701786	-116.36085276842812	784.1548210458981	-277.97115519293646	1588.4436747896561	1946.9123413997427	-1
?	-1	2948.201209507239	57.41440876887505	349.9727554355056	676.6148088690013	-7364.430552512594	1671.105965825002	875.1984649231384	0.5690181348366611
?	146.41006047536405	2652.1333236923274	70.96202559147731	267.09484642824054	415.93329342026317	-2818.5415985762993	1632.2035980358137	-2472.0951076134284	5.588784752213595
?	131.60666618461826	-523.6509164365941	70.76915109028727	-45.639909734311665	535.6877289401843	5170.67166061709	1547.5012104443288	-4520.888205702949	5.486793083039585
?	120.22751465353397	-308.19663256112466	68.6800301047617	-60.48966959529252	674.4668764511214	2407.6932999348423	1406.159187750663	-2729.9963006914254	8.648046253479246
?	116.19683455656181	-206.4737796104355	67.7446676105226	-38.61712875223278	656.0723939369282	-1983.7192122035517	1411.0013954097556	166.48386320512364	8.241295068917086
?	109.90382567301205	-79.03746104873251	66.74917366715003	-166.21566328827575	575.2809158409424	-2725.420118812333	1414.4833809109193	783.3858894705625	8.122871050936885
?	112.24496150412513	17.90228846316299	59.43388444610869	-69.0854473864397	519.8013879963096	-2779.216500750023	1450.1706898832842	3324.9660882481276	-1
?	110.79894009617021	-2264.8992300824702	63.294901297828	-139.31655571444352	436.32009080343926	889.1395526567372	1580.731685323328	3433.9115458260962	-1
?	-1	-2235.9788019233724	52.46805666038642	-254.99676607703074	564.2583656291471	5073.901898231958	1621.8662671745915	2125.6059682548557	-1
?	-1	0	50.54506299397628	-14.877242884982353	690.0151857150407	838.3491220641525	1687.0119837360724	1487.5777846881163	-1
?	-1	0	51.72419451613729	53.481387838849436	606.1758217323553	7152.44448629394	1696.2451564089984	4233.5311338302145	-1
?	-1	0	53.21913238591879	50.01294382727764	1047.6374100297428	5274.549584389627	1898.688540427586	3349.4936647079044	-1
?	-1	2266.4010360495704	54.224841707501206	160.3336879234665	869.9033009518404	-7045.312422944991	1863.719839644396	-5791.121694180679	-1
?	112.32005180248012	2288.4290643370937	61.23581678209223	88.83937260109634	695.3717888824882	-5041.23004350577	1609.132455718548	-4052.511136015902	-0.31562273646097866
?	113.4214532168563	-2266.4010360495704	58.666810337556086	-261.9276632307331	617.8417987765483	901.747510096703	1661.094282843598	283.84581054382176	-1
?	-1	-2288.4290643370937	48.13943362055539	-129.76951751979755	740.459164387324	5715.734831132514	1623.3247462457393	5225.528661084693	-1
?	-1	3803.41211335004	52.178334461566116	343.79857954397704	903.6285403331781	-1671.1610900062592	1922.3707158978364	6698.593916290829	-1
?	189.1706056675047	3522.507337242227	65.32936259775448	353.6158101705021	656.9011098870099	-11017.553182574045	1958.2544420602856	-10881.214826891974	16.60922360043832
?	175.12536686211385	-418.6018361556573	69.85912497009147	135.64643267495433	352.75088120446793	-4309.6700925793675	1378.30997455323	-16612.39607805459	16.637174335827783
?	168.24051385972228	-441.81300318416504	72.11168423150205	-44.38417920294136	441.4176052580461	1170.1839421977268	1127.6346381575738	-5358.7691226415845	12.36175624391064
?	153.03471670290529	-274.07873779974585	67.63991600994437	-112.34380089619646	411.2600783143551	-53.068185866821224	1110.371518421147	8341.827296374708	10.117144189079193
?	154.5365769697348	-75.04603278875102	66.49449418669215	15.862523088070818	438.764195964705	6862.433248221982	1544.7260029763152	28639.803786161596	11.505958282579181
?	149.28241506346768	-473.401535607493	68.43304216434792	41.75466363296235	754.381740725459	956.8604261826079	2542.361707729247	552.6881381446596	13.092436246084509
?	130.8665001893598	-621.9580618237475	68.5822273683403	-36.76463101851458	486.60721727383606	-4595.505194925543	1572.3604098835485	-5174.113590200413	10.191042876810942
?	118.18451197227986	-298.2432385339999	66.59481061342217	7.896722094267149	524.6064809791786	-3470.574458464409	2283.6560282192227	11061.700131547103	10.927508532672276
?	115.9543382626596	-126.5615147331285	68.97706347305366	-53.29136885432215	313.07849435061314	13472.035293131954	2125.4454164609115	538.898147492229	14.29675151183277
?	111.85643623562335	50.880837060510785	63.93024217070602	-112.25559403231128	1198.208245635786	25733.322774677516	2310.6009355938345	7972.053566033824	11.429500876606202
?	118.49838011568518	430.06558193181246	63.36428377143802	77.59816891305209	1599.744633084507	-17302.50332526332	2524.0480947626083	-13022.367210633758	5.842700059249426
?	133.35971533221428	355.4652367284692	67.81015061635868	128.31041288621125	333.08307937260776	-25033.536452629305	1659.4825750621374	-17808.293882145033	14.685043510096286
?	136.2716419521089	-170.35292182560383	69.77980441574867	-9.282495626656424	348.067810453024	1102.726184666366	1633.633400655344	-3071.981820248454	18.103732328880735
?	124.84206924093397	-358.1648269423769	67.34602583502586	-215.24382538061337	388.21938860592684	5759.37445385684	1505.8834840497125	2670.217337732696	11.966860099581218
?	118.36340060498979	6962.572160746048	59.01761314671785	-171.6558841245195	636.0365331458701	1700.071369056719	1767.1442675419808	-4703.044910451328	-1
?	472.9706772782413	-2387.268012099762	58.76323162879976	-86.31520836871295	473.222957058764	1280.3471258559057	1270.7312385271428	6976.4467086951945	-1
?	-1	-6620.440033154281	54.70185272828214	-7.846405009445649	700.0538894386663	-896.5265110442019	2115.9666029767454	15439.363335319034	-1
?	141.9486756205225	2910.5350798681593	58.37091137832747	343.3010687791808	428.39663150655326	-6247.877879027878	2042.6994052931054	4068.290109370452	3.2087448396933604
?	144.52675399341004	163.25288119167732	71.86690616724142	308.122703090292	387.6599954872679	-1117.9316427715946	2319.381108445271	3707.733840205894	12.308063049734805
?	150.11131968010648	-39.47002367977917	73.77704653284229	-135.3519498148629	372.50004936797274	-506.7628059492502	2228.0860973034028	-1685.4128031401285	17.996506866632938
?	142.55325280942105	-436.19211590730805	65.09930867649818	-107.7463867014389	362.32185518980504	-198.70992881623752	2235.1104682882633	-7512.436565317069	12.607174290536987
?	128.30171388474076	-451.6610761655589	68.38972719777027	111.4308418458735	362.5645529271607	426.24167283679145	1852.464269037544	-12629.47623198874	11.903489712599399
?	119.97019900114279	-186.0616056311587	70.67085076879194	47.2365197724297	383.6339388316449	2348.703738524501	1603.6366566888173	-3844.655816588079	13.861601543307652
?	118.9986336031827	-147.11594471536375	70.75155318639179	21.984898766964392	479.99973985338744	4059.547866863891	1660.2314782081373	1606.6791443005513	5.870776680196525
?	112.6144017653745	-160.41943082314816	71.77009570714017	-93.94132110365982	586.6113321748424	-1035.7427848257828	1683.970613903846	1111.6452542996537	11.74401943647178
?	110.97766206202517	-55.18252138134791	66.05448713120873	-118.25130859690975	428.21260061209756	4145.712976997938	1715.8137409231208	6240.9177910084345	15.599662745655028
?	109.85527569630706	-37.889323483660206	65.8575302772946	3.61799995983967	793.8969810247422	14007.331052177844	1996.0165034542722	11152.037515827147	13.947816957661749
?	109.08319588784214	18.777228585000802	66.23538712920072	0.06243797005168883	1128.5791532209996	-9545.791025445187	2273.415616714486	2615.6414675605483	1.6202070843614549
?	110.79413712555711	-36.35456215438614	65.86065217579719	-83.52561002698062	316.6074297524761	-14852.824307944857	2126.7985768323015	-3534.077916976107	8.059564391055316
?	107.2654677801228	-90.48052501555887	62.05910662785163	-189.79106928339164	385.9379378237462	14976.301841034647	2096.711720865678	7771.5949605286	9.95974123418559
?	106.2701108747791	-2165.3093556024255	56.37109871162747	-196.676563550944	1065.422521804219	13576.803540036162	2515.378324858737	2975.3423342274014	-1
?	-1	-2145.4022174955517	52.22527845030429	-100.65604399277204	1064.778114825564	4617.635332689118	2245.4788375770504	-1489.4470974896801	-1
?	-1	0	51.338296511988794	-57.67455697469007	1296.3042884386782	-9456.762424951605	2440.905969984252	-6079.539777349087	-1
?	-1	0	49.34155060156974	-4.246958813588375	591.939993577977	-13596.236426028832	1941.5018487095917	-9491.262835254416	-1
?	-1	0	51.12594857130937	43.73228362540838	616.492467137227	-429.0726968013981	1966.3428282215243	-776.5114185268684	-1
?	-1	0	51.52816478284019	-41.68282511206298	570.4863587379068	1326.4129082001107	1902.6762777832478	-985.3209948847413	-1
?	-1	0	49.041807315706194	-29.97690834899899	682.8131125472335	-25.714055445520987	1917.0767784772866	-2127.2547035720863	-1
?	-1	0	50.02931936539022	-31.4684893083111	569.2006559656307	7434.487984126007	1796.313542604642	5192.12767661901	-1
?	-1	0	47.46838285029062	47.47902244946932	1054.537511753539	10365.722542548934	2176.6831623082408	5873.316001895526	-1
?	-1	3615.3789870909245	52.40327048786372	344.0076471125142	1087.4867830930848	-9846.353352233566	2089.9793426994224	-14101.5373811175	-1
?	179.7689493545488	3482.83564053804	64.66876520591657	538.5658300718956	562.2198441418539	-14612.946024237845	1471.6062932523557	-27509.117264028337	16.752751301952486
?	173.14178202690448	-221.8091420594649	79.33156199145888	211.14667058471878	356.8394818811822	-1930.3107460336546	714.5234794979859	-6611.450989123661	24.1782723654252
?	168.6784922515754	-76.29823887729805	75.22609873515266	-356.49099642466683	465.70430684016975	7845.3172502642565	1141.033743796168	22733.038520640017	12.779172975369303
?	169.32687008303952	38.67728942260671	61.50701217022529	-334.291467249902	749.1053443944006	2663.012133593381	1851.175405530003	-823.093574049287	8.933742615361787
?	170.61235672270575	-598.6324642263423	58.511525372657324	58.40764087310321	598.8549135198407	-1679.825348656724	1099.879065093703	-13325.799006239373	-1
?	139.39524687172198	-779.8123037842178	64.42739421388049	233.56692448439043	665.1140769615632	-921.9594617343506	1184.8854552180248	2600.9021178413327	4.683113647901018
?	131.62174153349432	-306.23765016676447	70.18987159687701	51.402548125935944	552.7569404331225	-4027.0809240916146	1229.9241709857715	-296.63457851757846	9.675103439617212
?	124.08336436338354	-79.6962942326013	66.99752162017732	-252.93357583433274	463.76003075697963	1632.7077802797176	1170.0537262921457	-626.040775002198	8.70916876566696
?	127.6369268218642	-2501.6672872676354	57.543192805160196	-152.62249220538376	634.3923294471096	2677.7972501304366	1198.6221322356612	1319.5074226708853	-1
?	-1	61.94532634238297	59.36639700990803	170.43915211391635	597.6498932635034	-1212.9420261279083	1236.029097425691	-801.6838176243596	-1
?	130.7341931389834	2369.7352949681826	66.06515041085613	157.82473591697968	573.7452281407133	-291.2229038921127	1158.5379413544426	-1351.7365969027915	6.525000502626307
?	117.48676474841082	-608.1549250205263	67.25763380575712	-59.065254732538236	583.0887480688975	1080.6299009506465	1168.4422675805504	350.24164478017565	11.2475495452199
?	100.32644688795664	39.208321803565426	63.11188767422918	-66.01836554645635	627.7767231882464	-41.99270721375055	1176.0500235934517	-93.97881279370589	2.7420982787426302
?	119.44718083858912	352.9627014462774	63.95671552843426	95.78847035787169	580.98911270821	-1435.5239624222372	1163.743326940865	219.80729422574456	9.02254001316107
?	117.97458196027075	-118.5716980544487	67.90131119212283	-61.673437162085044	556.0005250671335	-318.1690854146973	1187.040388304739	62.81016942304542	10.691382865688702
?	113.5185959358666	-2379.4916392053815	60.87304367032996	-253.75856565380866	565.0806584374749	2529.263533214965	1166.8838354120173	10335.06597260793	8.851390278673788
?	-1	-2290.3719187172996	55.21338290943222	-26.33556127135739	682.4637017278835	2555.002037013305	1703.793686935143	29616.28330008982	-1
?	-1	2693.768553889779	59.556265606762075	361.53250027579514	692.830760288142	-2991.5132902548553	2647.6980004165293	-12365.376104149474	-1
?	133.68842769449085	2527.982029143678	73.29000792322223	126.64653357748766	532.8880372151386	-5160.147575818547	1085.5248817276604	-16993.866281822848	8.042583086552666
?	125.3991014571857	-207.35252332090528	65.88859228563655	-75.93380632350863	434.82338149721096	-577.4675045680644	1798.004686325375	14028.794702828845	3.5847235633595727
?	123.32080152844544	-56.62124423180136	69.49331760704675	166.35551017243208	504.014661986735	-181.60987029960293	1786.9646168691127	-2310.8684114970984	11.253533985665591
?	122.56803924559559	-168.25758720508833	74.20636779425827	10.60675289694088	425.7428879822307	-2426.785544677775	1682.4612657505184	-1272.624292327564	8.412369663257442
?	114.90792216819091	-199.78905347557287	70.0236552518938	-111.16057375625117	382.67538475284454	-1064.2979419348917	1723.3334022527335	-5635.85302666873	6.410807837609941
?	112.5785865718168	-33.65846222479414	68.64833910644563	-124.60856510247346	372.52799088548534	934.4671593951026	1400.6686144170778	-3173.1172059166424	6.927017617616197
?	113.22499905695118	-19.51565771001868	63.79322699677004	-106.38568440341564	429.39874272260033	10314.319244120581	1564.6775419568992	13557.689763372486	9.22415508481615
?	111.60280368631585	-39.814654771447806	63.329054886274776	86.63438486962978	888.2439530915217	5029.350092294839	2078.5531025857117	-6612.370350078429	14.711166234850948
?	111.23426631837876	-301.6701844428053	68.12494624025159	22.093977326337296	680.8662473373458	-3067.0202320325025	1234.059024452973	-17949.246158278427	7.6127755865710585
?	96.51929446417537	-385.12032560459085	64.43375375259166	-143.06751855574342	734.8929414898944	764.0340055601569	1181.0907946717775	294.9424507063353	2.3341021931319696
?	91.97825003814894	-47.9396242605269	60.971570312464316	-132.21168884664448	719.0679476153542	-1746.6209262489976	1248.80614698829	994.6667064083745	-1
?	94.122313251149	-1859.5650007629524	57.82316931025934	-164.98029318593078	647.5618951774433	3176.0461418483083	1230.824129992197	11506.166171850387	-1
?	-1	-1902.446265022953	52.72255565316766	-157.06348414238906	877.8702547077719	3002.031707750837	1824.1144555808175	11368.801079292141	-1
?	-1	0	49.96999510313977	-30.095479365674578	797.6634805649873	1180.493655489519	1799.264183956812	5259.521744310189	-1
?	-1	2257.113689038222	51.21778168488391	231.1230873409785	936.8949374822487	-4103.95572647351	2087.0905427963307	-4800.401386355434	-1
?	111.85568445191272	2231.3744479224406	61.52614947018886	227.87692298305518	592.4656942413088	3548.2947498931203	1559.244114639037	1870.9198107475738	-1
?	110.56872239612362	-2257.113689038222	62.61162783403683	-105.35813878430695	1114.3096749769072	12107.896594503258	2180.6365333337108	10355.474236418275	-2.460092285469138
?	-1	593.7499534712331	56.25824253097344	54.59145116507067	1197.8605239664803	-13150.198054042288	2077.017826459958	-8327.28451768397	-1
?	140.2562200696857	2543.412053667534	65.3412003922904	226.7674405771553	456.7997722747835	-10428.904487143667	1764.2723074495063	4752.504432989486	8.394302910279993
?	126.1706026833785	11.832316431498215	67.59661455983137	53.82203350805193	676.4152996092895	8257.263486040827	2314.6430481094358	8197.45190610975	0.6303251483512614
?	140.84783589126062	-26.12792273001096	68.03230206769304	84.0769754593017	869.6629465768307	-1610.5794509913628	2174.1449027549997	-16466.5755850175	0.1350411737866518
?	124.86420654687794	-466.5124876625656	71.80046333279651	-38.42280001557386	595.8863270597202	-6832.955448727276	1491.314268858549	-15341.653526559436	4.1386411344014835
?	117.522211508132	-171.64420166224642	66.11116206691432	-21.791131271570496	528.015174140462	1273.1897603093716	1407.062226427017	-3382.3839760613755	5.120182265916371
?	116.2819964637655	-90.64919489763624	70.71090676921797	-151.48784788969803	659.5458150751897	3446.3565563916754	1322.1950700554778	-1715.1839073512049	8.159858497952845
?	112.98975176325013	-2345.6399292752767	58.53676967242931	-354.88922090186384	700.3330019600483	1384.6948924481064	1321.3030310594556	326.0804937282045	3.0720397855504893
?	-1	-385.46060272598646	52.966445724124526	81.29079193332827	728.780559697596	-358.8093644700979	1338.4990947418883	-449.5045914770826	-1
?	93.71672162695053	1883.5348948529816	62.60130926909578	179.5445239833738	682.3925337365431	-2158.3600213621153	1298.8278014856012	-6274.951095415183	5.843700846812075
?	93.17674474265041	-7.5521253314729	61.943671923293344	-141.49847519423102	620.8625586294887	822.4372872511045	1024.7515399711247	-4511.96952069447	11.113485325812867
?	93.33911536037688	-1883.5348948529816	55.52638550938413	-261.43200602042566	723.5143980990989	4067.29210628679	1073.2293254508745	3410.0627170944804	-1
?	-1	-1886.7823072075107	48.872071622271875	-145.45838952786914	824.2271639438311	2266.787275238423	1195.254675825851	16593.331090251813	-1
?	-1	0	48.253466032990566	-25.28354062097129	836.8537618610217	-1059.560152946693	1902.895879963477	13249.613384532524	-1
?	-1	0	47.60789459122329	-49.71172010665797	771.2491562964957	-383.33624781443314	1857.7353450524868	-1502.1749208947826	-1
?	-1	0	45.76788002765763	-50.82887142579976	817.6869494702997	-3576.8950005500496	1827.7871339187368	-1485.2614769339941	-1
?	-1	0	45.06645101993327	-17.231169169178497	592.4044062689907	891.7439477347294	1783.472271205786	-1087.0842058353383	-1
?	-1	0	44.906321569198695	266.93842640884674	862.2741468570368	1223.6374682858955	1773.432923626969	-5477.629437479358	-1
?	-1	0	58.413372340375794	303.07628730204607	653.5862796832863	884.978360733313	1509.5907993318142	-6175.768185674882	3.1515782049442063
?	-1	0	60.060135934301215	130.97626797967393	906.5230648937031	10098.257757740466	1464.6445143432206	10928.37646269746	14.508502043306542
?	-1	0	64.96218573935958	-25.941634537123463	1158.4991675703168	3180.667152539468	2056.009622466695	11110.967014909153	0.8237751876401003
?	-1	0	58.76305420744502	-210.78157941341772	1065.5564225206788	-2799.1587999488856	2020.1928650886862	-1711.2963438212212	-1
?	-1	2537.612881259918	54.42310676868855	167.95212149326392	1018.5412275728705	-12228.45988401362	1970.4448052756327	-4737.481845672497	-1
?	125.8806440629977	2258.656767035205	67.16066028210834	354.6663783666596	454.1334283199891	-11725.27739702819	1783.318772805058	-6911.611180155807	6.879456909322042
?	111.93283835176186	-399.10378866080265	72.15642568702178	74.24041346353798	432.2773577214527	-494.39862312111904	1624.8642462678374	-1455.2005501650476	13.888931266291166
?	105.92545462995729	3827.2754022642735	70.87268095528529	-119.81955232913464	429.4134971639328	-279.6762287090331	1710.5587452968045	1156.290192299327	11.027467270954462
?	303.29660846497825	6328.125902537822	66.16544807056496	-202.4494004371631	418.29354628600083	4567.558610184941	1682.6787558828046	2933.414769176592	10.540525122575986
?	422.3317497568529	-3439.8928529178916	60.75021093342699	-78.07982055156248	657.7914276731831	10054.092441664188	1857.2294837556362	5445.903500725558	-1
?	131.30196581908123	-6044.622466219906	62.261457042986784	136.26775826831383	920.9981683692174	-6140.709324173627	1954.9739309190863	-7556.97280748888	19.90231268294368
?	120.10062644585334	-299.1609911186572	67.56359884684278	174.81598869209273	350.7559614644974	-8268.969483360737	1479.3808433811869	-10451.622325809996	13.631949765997357
?	116.34391626314816	-144.04214078294098	71.00225647759154	22.77652125070286	507.5496942011747	3732.4675491367298	1432.3928146285791	-2588.054493977065	9.340206151505814
?	112.89851940670619	-62.033950383238306	68.70242490937794	-256.79337542595766	537.3793389213365	584.8332080721647	1349.9781186823318	-1129.1733496763957	11.493428372630422
?	113.2422187439862	-2277.9703881340915	58.16258770629348	-203.28129570840156	536.7913546047834	3028.2165162542515	1375.9341471447585	1870.5012967281261	-1
?	-1	443.8782951891715	58.538360123957716	139.70861536238885	688.7901647340513	-1570.7259969667546	1443.5031835187394	-1169.5277715815807	-1
?	135.4361335034451	2665.202601882663	65.14801847441302	267.40359634185626	458.2550547564445	-6214.999234425394	1317.4577585656787	-17360.31886707159	13.493629046542175
?	132.26013009413506	-109.19420957661787	71.90853994105072	144.49848799059134	378.0402030127771	-2519.734840825383	575.4872401651477	-12549.132723447725	20.877200023104013
?	129.97642302461412	-218.87187455938036	72.37294287394269	-81.1788495190467	332.2683127151736	1717.3458515037482	690.0011223932835	12999.890545672355	23.13097582397759
?	121.31653636616589	-2619.5284604922454	67.84959746509833	-353.6247409441503	463.90749558796574	6448.801254362587	1225.4817674487747	27452.088005719863	13.83571417152973
?	-1	-2446.330727323283	54.691705826734925	-254.04844113588732	654.7083754333075	6657.549124435221	2062.605522679296	12571.795908484053	-1
?	-1	0	55.14717540830378	-59.42962403595232	796.7849518097315	2476.6791682935163	1854.0715628729863	-2111.9081667297833	-1
?	-1	0	51.720224624937266	-83.9723857277516	778.5423338479851	-2686.4967028905476	1957.0101143428053	-1952.3928028655378	-1
?	-1	0	50.94855612191614	-58.54242830418644	662.4601166652022	-1867.0946253455015	1756.451922729708	-4593.66336601818	-1
?	-1	0	48.7931032097279	-99.0801452308017	685.1876025807087	363.9027123652175	1727.326946041893	-881.0205407833848	-1
?	-1	10958.991935398159	45.994548860375986	258.0267202169452	680.6552522834634	-2765.853137032918	1712.4008956905382	-4027.552051570503	-1
?	546.9495967699157	3259.3284711857254	61.69443922057535	494.52089116477487	546.8949457290609	-2795.8798084818604	1525.949343463365	-4346.905098309505	5.400039137260605
?	161.9664235592886	-8748.868992088235	70.72059341861508	218.70095346885935	540.8612618593684	-156.28547959365056	1495.0556407750598	-804.3434195413169	8.752176598344772
?	109.50614716549772	-1148.874937023128	72.62948689401847	34.69053269547722	539.0806717493782	-272.7544625820276	1485.7321724862986	-458.27475421929904	12.85326683266553
?	104.52267670813137	-180.34025686743917	72.45512005338897	-42.943838195740184	527.2235387302668	-681.3889353602059	1472.1419030640945	313.3718092541586	15.466727974635614
?	100.48913432212564	-88.21949888951212	70.48229498423143	-69.33551042362852	505.01122498136743	-432.3412265572433	1501.4007629490068	384.5287479460003	14.990322339769909
?	100.1117017636557	-71.91958790260043	68.98834453220749	-54.28162796519623	505.6064774024043	-65.59412976553651	1491.3683404613948	164.61500058962196	15.605283163120149
?	96.89315492699556	-79.77598224485263	67.76821358597158	-17.110808795739317	501.73151849309056	-127.49127883379903	1509.631512978488	-826.6844279331027	12.631672614642701
?	96.12290265141301	8598.88550448652	68.13280409242051	37.92516621872184	499.2319134607143	582.2838069968551	1450.0341190647391	-5785.298153554609	12.980818425083935
?	526.8374301513277	6937.15303994756	69.6644718969077	-10.530189451394413	530.8457088429337	647.6987405845215	1220.3666053007535	-8645.609848808688	7.601019608642135
?	442.98055464879593	-8220.3986896881	67.60629461985079	12.492158479163713	531.6168504899408	-1292.9357035686937	1017.7536266242986	-4071.7667471433506	3.669072446764743
?	115.81749566691688	-6551.284999911303	70.2890798208659	90.59578982556828	466.1989236644981	-3925.285189836941	1016.778267943583	12954.84934188045	11.429399840669218
?	115.41630465322612	21.13445335022531	72.13608411112926	54.62861222722673	335.352590998091	-269.706024007448	1665.4960937183303	7530.552508747505	15.98040999969964
?	116.87421833442816	-10.931864572119553	73.02051043222727	2.738534496100403	452.71362246412554	7204.327075486098	1393.3058933809637	-5222.363238286896	10.773318217786757
?	114.86971142462014	-45.481612053312894	72.27301083593429	-45.34922648309439	695.568944772401	4322.068949437893	1404.3779318039817	-226.19292288138828	14.850170162433287
?	114.60013773176249	-98.7080798441727	70.75304910807252	-25.26327947207214	668.8170699360232	-3402.494777026597	1381.996247236894	2242.465748519444	14.208528852421532
?	109.93430743241143	-133.77429893894694	71.00984686233066	-72.52919492290185	525.4442059210687	-4572.276265288424	1516.5012192299555	3019.4413348120434	10.424677924654883
?	107.91142278481504	14.042293432907599	67.12658936192737	-112.84171382704908	440.2032566715988	-1874.5851238769235	1532.9683139774984	2038.7399183042983	12.053530017713172
?	110.63642210405682	142.4763977071947	65.36776117097813	75.8735646064057	431.7149497272212	-2306.003783742191	1618.4382151451719	-8221.03307507775	13.340605527454697
?	115.03524267017488	75.6189383883393	70.92026759224771	104.72114740079398	324.9030674844876	-2176.8596280312654	1121.916660223605	9876.772359073899	19.273152049051543
?	114.41736902347384	60.840990656388655	70.6038185410179	-60.788485118084154	322.8719683256564	4336.352804305362	2112.276833098874	9660.796938560974	20.614657966069213
?	118.07729220299436	117.13084587730098	67.88084333634346	-117.13168798143504	541.7207076997588	12478.408292452823	1604.9565071516606	11755.015721733467	2.362137919259521
?	120.27391131733897	99.03584920764389	64.74723414194607	93.14054184560216	946.7923829483063	3469.814430770749	2700.0276191855555	12227.553780908896	9.234666356877266
?	123.02908466337662	21.887573668407157	72.53787042862363	187.08383585890078	715.2114292382987	-9000.915659685712	2216.334196197114	-21086.48349629103	15.400924554777353
?	121.36829000075934	21.751074156896355	74.10142593489124	44.292870172424095	496.74659996401437	-7232.3119147904645	1645.703444370989	-18207.166968272522	17.429970068086366
?	124.11663837122146	6.129996439685128	74.75251393724487	-1.046327770544891	353.59583349877033	-142.9834094809112	1305.975847783475	-438.1809314694493	15.780487172087271
?	121.6747898227436	-49.61549880757972	74.049109546364	-88.38282892737868	489.5974294899687	4405.432115419714	1623.7943977975162	6949.885494869223	19.657972152003413
?	121.63586343084243	2.6464838304925897	70.33337249087587	-309.4776026150352	573.8674392697592	3158.1390415263268	1653.4701225269412	3001.999037436265	11.494738643630203
?	121.80711401426824	39.467748926995235	58.575229415612014	-300.7664311343383	647.5043815662873	1400.1232499945836	1773.8943496693316	7051.945733758562	-1
?	123.60925087719222	7457.637857354957	55.295050934158745	191.10579072320786	643.8736017694894	-3034.9233206380177	2006.0674092148743	3363.5192226023423	-1
?	494.6890068820214	7353.946718141663	68.13051895177254	337.43314132570407	495.75821553438425	-2699.7407316516847	1942.0703107994511	-8975.994941534467	5.153627269351682
?	491.30658678428057	-7567.981495803061	72.16670800044419	47.400440725035544	508.8865651869032	-3518.897514024842	1557.2676621381445	-8205.290479905076	4.13599266384419
?	116.28993209186297	-7430.367375603106	70.50054098802436	29.663583569377327	319.81333983313965	3034.6281015626573	1531.8057868041915	-4784.471137035985	12.279411198547802
?	119.78821800412	46.24200322223564	73.64988717891308	64.41798627086848	660.6179702650383	2946.4947965066076	1318.0441052863418	-5897.470930843054	8.73073516807543
?	118.60203225297478	17.480256419222577	73.72144030156782	37.411429929956945	467.1380796584721	-4812.095478746882	1236.9322402620346	-3746.123361353631	8.050608363129266
?	120.66223082508114	-52.15223406651501	75.52045867541095	-100.06249060559185	420.01319632769076	-131.51781079010374	1130.7379372186576	1065.8359797917803	15.497053125697798
?	115.99442054964899	16.435931581521906	68.71831577128816	-194.15589963416048	460.56218911896684	3106.75633513913	1290.2240392516244	9448.612743132488	11.245892830261193
?	121.48402740415725	71.16324388478303	65.81266369370279	50.09515050604605	575.3510130846495	2699.932385398387	1603.1685743752887	-6517.386494484734	7.932642103965099
?	119.5525827438882	-47.09754336893117	71.2230732965905	96.69908787165444	595.5588083888881	-769.5705375318726	964.3547145273831	-12536.957347079027	15.176200128328196
?	119.12915023571065	-19.266473472580696	70.64761808728558	-113.7673540325097	536.8724862080553	1123.0331623901702	976.3207070213284	14121.412648632599	17.02776686281016
?	118.58925907025915	-9.198746946812985	65.53470559496493	-249.00555007530656	651.7104665083974	6350.349145887656	1670.425346959023	16874.950417244345	12.58089741279717
?	118.66921288837	-46.38187535758666	58.197340583520074	-51.35017671985009	854.3899435024426	-4811.671245672753	1820.0682278835577	6500.57058942886	-1
?	116.27016530237978	-141.1922172750172	62.96719675897239	-62.94487686130505	411.12690422475634	-4419.6254724481	1995.4538764304707	8982.156847839346	3.7540361104367284
?	111.60960202461904	95.66357034168766	55.05009674045478	-109.45230261408484	633.4086698800345	2596.938332954928	2269.1760702755314	6591.269345855241	-1
?	121.05334381946423	24.563464266550106	57.49458162826807	240.137615756245	540.9738208725046	-6052.9088710327305	2325.0173437232374	-2159.477465403112	-1
?	112.83777523794656	-150.67388444236215	67.0569775282672	194.3725179321151	330.76322632839367	-3005.750607027556	2161.2021970053743	-16533.69811651648	10.917238474999454
?	113.51964959734602	12.686732441827465	67.21320752487397	86.30839246843485	390.68629052112465	1540.9759537241414	1498.3324378974016	-29279.73981466486	16.908055843762536
?	113.47211186003794	-74.63036215554446	71.372397151689	4.898412629206279	407.81202401460183	732.2513105445703	697.2152062721104	9083.836977586496	20.402964635201997
?	109.78813148956874	-1.5712967414023413	67.45812815633428	-42.41743087023078	427.2988560483537	-1784.2784917273395	1952.5242867767329	27026.763066341002	16.538375555191067
?	113.39354702296782	179.0759349908518	69.25152560817743	94.64227540720778	318.5980994282336	-3029.894203495312	2048.5533595891798	4247.723152193406	23.249510025755356
?	118.74192823911146	166.51498208012376	72.19024192669474	67.49888965824614	275.8041458735859	-795.648117352862	2164.910444386406	6318.955955723014	20.239292802647935
?	121.71929612697413	100.51512847250648	72.62647009108979	26.847007146723644	278.8156935605899	76.01561301811563	2364.501157375335	740.4784240184275	22.229329454920155
?	123.76768466273685	-62.90529653087158	73.53259228403094	-36.80304085620212	279.60492652449176	1166.9959308180141	2201.934365587328	-170.70098044050368	22.947994885301096
?	118.5740313004305	-252.23184033047698	70.78631804827965	-47.74135747098956	337.16549010149146	2983.4409643405133	2355.9661083533097	-18780.74784259744	19.640276230696116
?	111.15609264621283	-250.0950294021935	71.14552441048143	-16.97488184200698	428.77697474151955	2775.2133480118305	1262.8969734574428	-21033.998589383766	8.834730084529987
?	106.06927983032065	-26.695549840133783	69.93757395617929	-36.39427624686311	475.92615750208495	862.4995309421936	1304.2661788841065	2064.816967399563	7.022260149786564
?	109.82131515420612	-84.72631508300644	69.32581059813825	-117.97734180972387	471.90195128862985	7446.889478141083	1366.1378218274224	13526.825406164033	8.933008790515462
?	101.83296407617027	6.277626424362008	64.03870686569302	-67.24870656018216	848.2706314091444	4468.934286516923	1980.6074491923177	2659.1190501426386	3.1670148115448358
?	110.13519647542422	137.29534452749508	65.96337527012909	75.12277474421218	695.3486656144792	-7354.241409193354	1499.0937743345562	-11960.28085201471	7.5821512863988705
?	108.69773130254512	67.87943716774794	67.79484560290368	61.606135611582125	480.5585609494714	-5415.400918758593	1382.5934065915737	-6326.696165200793	11.22940785102269
?	113.52916833381167	130.04675014825963	69.04368205070824	48.48777974175919	424.57861967654566	3672.06086525851	1182.758966074512	1414.7861391382712	11.144195046031589
?	115.2000688099582	11.466713557170017	70.21923458999167	-149.99479532779048	664.1616042123995	7790.107488122267	1453.3327135484883	23354.017539390912	14.587607875644036
?	114.10250401167018	-2324.001376199131	61.54394228431861	-304.04150269896724	814.0839940826645	4781.074123873568	2350.459843044074	15197.16651269776	9.043284988735923
?	-1	195.94066006016766	55.01715945504309	134.67567471103501	903.2153104060814	-3096.931215717176	2213.191039183387	-7933.768646777904	-1
?	123.8995370146787	2366.9232715113203	68.27772601987046	228.51077284463744	659.2374332968035	-7395.451409565873	1953.7714107051734	-10009.721319247432	7.957420438312541
?	117.3461635755677	-175.9388054432879	66.44269809727513	-176.1222250687421	533.4427399277824	-785.7452376519361	1712.7049732210085	9206.207032117787	9.744228540595088
?	115.10259674251418	-196.89644311272195	59.47161476643323	24.0367291941771	619.9501714142061	-619.1012102644542	2414.0817623110693	4520.046413603876	-1
?	107.50134141993146	-214.1046379969175	67.644534556984	-48.65967794296497	502.4876794145593	-1617.5114308374348	1938.7072939012055	-13704.73350279252	5.353084626579963
?	104.39736484266815	-2170.0268283985984	57.038630869284944	-278.7854256817661	539.0745998723332	3555.4914707729067	1728.8450871714335	3301.165647817132	7.739762901699324
?	-1	192.37839854616976	53.70526327289549	45.0213130809437	680.2622529532072	6956.931914074484	2103.7655762920645	12479.96549601278	-1
?	114.01628476997678	2271.9502266851055	59.28969652333216	244.55493303229952	886.9211955760624	-397.8914461832631	2352.8433619720813	-17470.910659469995	3.808871976202177
?	112.5975113342569	-20.097543690375232	65.93300992451064	23.64061775968361	660.3676806440437	-4579.567213440369	1230.2200433185524	-3632.8447764733237	12.542677652141151
?	113.011407585458	-2271.9502266851055	60.47172741131636	-322.08767179376065	657.9428349040406	4272.099102041878	2171.2011231484125	17200.49347776599	-1
?	-1	-2280.228151709128	49.82862633482238	-129.44789501532497	873.9726357461407	2931.801837818363	2090.244717206864	-1061.9879420548964	-1
?	-1	2445.045244639267	53.99933266055002	289.9131448179142	804.5329267949609	-3632.541309628337	2118.101726045667	-11660.10031723801	-1
?	121.25226223196508	2381.650450132167	64.3242835757183	210.99138993657022	692.3455702647212	-2506.814141290948	1507.2397013449554	-10099.271011699819	10.639788366847684
?	118.08252250661005	-57.662258824212564	64.54890215737868	-224.69363433268578	679.1922197304117	2584.6857153458923	1613.138175460669	13195.812714027046	14.143051509955416
?	118.36914929075441	-2381.650450132167	53.08960185908385	-231.0799068682766	821.5798560320177	4805.7045607728805	2167.030337046317	11391.68139173147	-1
?	-1	-104.9400102138059	52.99490681396468	248.86607545995193	919.4774477690592	-7051.897809859948	2182.7222450472505	-17110.638339550318	-1
?	113.12214878006404	0	65.53290563208162	14.084502493406829	468.98496553901526	-8087.491620731795	1311.498420068789	-5848.910485984128	7.199270325065744
?	-1	-2282.4429756012482	53.699131938635034	-268.13076555716054	515.1028667324637	1534.7819883134478	1890.27672074804	9560.983231785345	-1
?	-1	2303.5660107994136	52.126367354223405	237.58653762423765	545.7240649546887	-2901.1924391265343	1789.547581658063	2724.4050802798233	-1
?	114.17830053997231	2252.092404709823	65.57845881984709	114.99078186542711	370.0432447761349	-2100.6504668963075	2026.496974762033	5284.455848037944	9.037901381010231
?	111.60462023549275	-8.308468157296598	57.87590644749484	13.70342167239679	440.6915416098719	1717.3471237487156	2053.770374059964	-3633.439202802254	-1
?	113.76287713210748	-91.76850743698947	66.26362990346694	153.77287326368966	455.9106009635719	-39.994383436058456	1844.8250146219177	-4347.513595417701	12.643236165035427
?	107.01619486364321	-119.80936748702305	65.56455011067943	-250.9360798351564	438.6918224380689	126.11812200279749	1836.394694289076	-850.6917785369449	11.499657296778041
?	107.77240875775624	-2160.3238972728336	53.71682591170894	-299.6803870612001	462.21650706371184	591.0031962403623	1802.2904256950699	1147.0904383908028	-1
?	-1	14.459588993499686	50.580530757619215	188.21899841545903	468.24198225008746	2446.8997575919097	1893.7492162086169	-7172.075695650763	-1
?	108.49538820743123	2101.788951896709	63.12777583248202	126.76187019599926	584.5614949433091	6586.9502739697655	1443.6866409125266	-423.9494795028471	6.668623273459707
?	104.08944759483695	-2189.9077641485937	56.91862426741927	-179.52768774174075	797.5894959485804	2537.3552904793182	1872.5517422334742	7981.196370080656	-1
?	-1	14.169231521482372	54.15139144539486	184.63899748074803	711.4292594672768	-5836.323176311696	1842.7464594165651	-1232.838643992455	-1
?	104.79790917091108	2051.506900138827	66.1505741414568	154.49487870329102	505.77333713299146	-756.7212414954662	1810.9098100338506	-6279.729103682118	5.968117913023314
?	101.57534500694281	-95.18641265979433	61.87613538055952	-103.57530838517414	673.5931973925029	1086.8167882424898	1528.7600042324548	-3969.1382844061154	7.475497754320712
?	100.0385885379213	-2051.506900138827	60.97180872219802	-236.2311383133346	560.1141765451167	1554.167672892632	1612.452895813542	2921.422127862133	10.113012492043767
?	-1	-2020.7717707583972	50.06457846489262	-110.75727217964341	751.3015810371356	7197.374799594275	1674.8311106255635	8973.156590022181	-1
?	-1	2045.9275027339186	55.43394511321577	256.3709996563408	919.9829165248356	-7886.634080717629	2061.1107253146574	4696.1259533656375	19.452736185798123
?	101.29637513669738	2060.485526362546	62.883128447709844	191.36926676796304	356.96987700124856	-10169.993240455511	1909.6374082938487	-8178.437135140131	-1
?	102.02427631812877	-176.84342505411655	65.00240845161406	-172.22044633727276	411.4832545020528	1850.798929465561	1652.188868557645	-4763.492800116979	8.360541860353727
?	92.45420388399143	-2060.485526362546	54.27210613084608	-331.33834874629656	449.50982347452793	2886.7725488019073	1671.4627682879964	2428.13290759376	-1
?	-1	-1869.084077679802	48.435491014299	-49.37579981556028	555.8218819421502	4419.922552817291	1773.5955139373348	5268.887242254421	-1
?	-1	0	51.803316140068034	86.5556536783618	670.5059511153957	6563.417368424768	1934.9071304007211	6428.1806379790805	-1
?	-1	0	52.76327369821715	54.37479491833309	883.9927503633933	-680.9162897053687	2095.0045458362933	1441.3709393335625	-1
?	-1	0	54.52205588598473	25.792818540993128	636.4601366301267	-4941.061044828925	2006.9756773674003	403.6701257322272	-1
?	-1	0	54.05291462526682	-19.316807753908176	636.9396981219435	-16.50469356296275	2115.188052122905	1448.9754329955915	-1
?	-1	0	53.556215498289305	-25.983480825424778	635.6349019519786	-1120.9796014595304	2079.424449017181	-2242.8060835812903	-1
?	-1	0	52.753740583995565	-86.67987054857254	580.8907180489662	-850.9332854701795	2003.0477479438389	-1707.886332555507	-1
?	-1	0	49.222221970860616	-85.19043541417112	593.088237678469	3665.48581156964	1994.0301323894043	1201.1858561299198	-1
?	-1	0	48.49421881328695	428.4036022806625	764.1650086274508	19024.924013475695	2063.1070407503357	9184.359139533892	-1
?	-1	4164.987478270792	70.64240208489404	522.6321582868826	1544.3344383522672	4572.599909206355	2453.2480893661054	582.1468015522268	3.775819196259001
?	207.24937391354254	4409.6748683671995	74.62582672763145	162.52019661143717	992.7950040877718	-17650.76961942034	2092.2143808279475	-21554.209626638258	3.4149304275590318
?	219.4837434183631	657.4204649360721	78.76841191546602	-24.31903045857575	661.7959573812376	-7650.147475276017	1375.5376080341773	-12255.297544660178	11.257527143938312
?	240.1203971603466	-4409.6748683671995	73.40987520470264	-97.76158653132174	610.2876303239655	4687.164462253394	1479.4495035949299	6191.377849550152	7.211405822042716
?	-1	-4822.407943206864	73.88033258889986	13.339364401195533	896.1541804939106	7471.370490460625	1685.1065005116893	9407.980081632575	1.3548252448604094
?	-1	0	74.07684342476243	-34.21505053826402	983.856154847002	1741.067412241264	1949.8485076765653	7074.908066530865	3.0088403462833764
?	-1	4553.1840995443545	72.16958006198664	25.706471536877505	983.2075511059751	-6065.070376808517	2038.8519038382376	-8120.9976665236245	2.601533857035265
?	226.65920497722095	4722.311729554202	75.36216700160632	67.74908252656036	680.6026360065719	-8412.15248217251	1543.7986243503783	-10222.187495919976	5.720267356145189
?	235.1155864777135	-4553.1840995443545	75.5570341883147	-22.82494018617111	562.5999269973436	1224.1094240819036	1527.7425290422316	953.169750525226	11.851016481117892
?	-1	-1426.5375811179235	74.22091999229775	-61.0665148481729	741.8081072106679	455.0332429933136	1591.4571118766403	4087.9031923900548	1.5151639296840675
?	163.7887074218163	2927.9882328724716	72.50370844590601	156.77466005748562	585.3515891470096	-6094.581272869468	1732.1376886617372	7328.81094268369	0.8136862512988785
?	145.39941164362565	-173.38836372171934	82.05965299517214	123.09735976727718	437.0790435671902	-4706.8255342115735	1957.89765901083	4669.166928889719	8.322030356637024
?	155.1192892357302	1050.5234579023072	78.65857643426996	-105.62738728539236	350.01031243642757	-1223.809313564253	1965.5960351062265	1365.390282534853	10.75250284990502
?	197.92558453874176	1104.105255569597	76.77828363090245	-88.55506943326178	375.88857788897667	736.0024905002056	2026.1671731375736	3479.449204387102	10.727395104861184
?	210.32455201421084	-593.0227576931237	74.23082296260681	-112.24185411485405	386.81043696143837	-163.79238269136403	2139.568495325584	13.455233165632116	13.882544898303664
?	168.27444665408515	-1236.5648876575904	71.16619092515967	42.057423935369485	367.69895875440835	1251.488582890077	2026.8399347958552	-5134.591958730375	10.125467794587465
?	148.49630763133044	-355.46841495853704	76.33369415937531	-54.08490160614812	449.3848661059431	2357.878819266978	1882.8388973890617	-1623.7847614101518	7.391499397694926
?	150.50102590615805	47.0889920351981	68.46194584485222	-58.42283063500306	485.59289971775894	132.4967303499788	1945.6506967253465	3819.7823002887485	3.6749695754900706
?	150.85075723309038	-109.22180116937072	73.41255262762512	66.7610648708153	456.00970262344214	490.8019655153633	2073.828012403502	-501.5015377457277	12.264537441071521
?	145.03993584768943	-62.223475932181856	71.79999908839304	-74.91603338448222	510.13299799352745	-1794.8098954019652	1920.5756198380598	-86.65909797485132	10.152453650715902
?	147.73958343648124	70.50225742587158	69.66675095840095	-94.27974362668928	366.2692078533426	-3370.2727430567893	2069.495057504759	3812.161491520615	10.847821243595577
?	148.56504871898306	-2974.7916687295824	67.0860119070585	-321.4676012343817	341.6193608406856	1277.9190606522616	2111.183694414093	-2761.457880338582	14.687808692059974
?	-1	-2991.3009743796188	53.59337089668164	-268.5758749469565	430.1651608859566	2831.294660500291	1931.4221634878281	-2834.8026692664284	-1
?	-1	3106.963364545871	53.65721815971049	399.24658005784227	483.18409386570215	-1098.785373393405	1969.4435609507698	2326.381676536788	-1
?	154.34816822729576	2844.7690976403824	73.55569989957404	410.74103592996096	375.22589221628556	-2291.1743633931637	2047.7412473146692	872.5128649323564	10.750476376887212
?	141.23845488202113	-619.5735394557497	74.19426995620883	-164.09636838435028	368.62537569604234	-1430.2659291907505	2013.0692041973882	-9.23784944073746	13.561637840229594
?	123.36949125450784	-402.45760323005976	65.3508814803564	-29.29563625437127	303.712595756747	-346.1395593600112	2047.2793548426323	-5115.981397128112	-1
?	121.11557472051786	-240.17916564953907	72.72948814349024	218.39890564531888	351.31839772804153	2253.197885942002	1757.270134340979	-12112.128236122286	9.090120850170841
?	111.36053297203071	-268.48308716473144	76.2708267626225	53.503666641189604	416.3724900538487	1447.6692018172173	1441.6729430365094	-7079.97799829316	18.88751505575016
?	107.6914203622811	-94.92725820777203	75.40467147554976	-85.65837623702768	423.7018578189034	124.41389869886672	1403.271234426316	555.5025779368601	18.423246361732293
?	106.61417006164204	-2173.828407245591	71.98790795077106	-229.5762567969473	422.59318498879213	-1087.5787267869275	1469.4480719333528	4059.8852261617244	13.689432035840266
?	-1	386.3850258703498	63.925858635702234	-188.1183576821414	369.32292147955627	-1974.3603566105849	1606.265495734405	10399.641479860313	5.067528736949552
?	125.93342135515981	2251.3786534962996	62.581990066663856	139.5332293381277	323.8751671582615	21.81529526174896	1989.4301459263759	-281.19225734347367	-1
?	111.56893267481658	-506.9531798465754	70.90252010260872	188.61775398914577	370.41368624264373	1419.93710129339	1592.2058828672311	-10269.220989795598	11.963956695447695
?	100.58576236283068	-248.46384387507914	72.01287776612128	-10.936487234230144	394.872022222932	458.20325921192335	1475.9690964365886	-2512.1249718608583	15.126281195478919
?	99.14574048106245	2329.7686136310595	70.3556957408972	-42.922983217021866	393.32384920324023	130.9759126090198	1466.5996342741864	-1618.7244125731193	18.584657714951998
?	217.0741930443853	6136.912841442792	69.86672860527015	-64.66772984491165	401.4208178533831	251.35654176016698	1395.0328758079315	-139.98884758533023	11.528106575138914
?	405.9913825532064	3409.397604260986	67.12230924865158	-83.82313186744761	405.89167629124876	-167.30845839351548	1459.6001918949198	1401.1020774051922	0.9624006345917574
?	387.54407325743705	-761.5004782483715	65.67557201189771	-122.4571568037997	393.0553949337072	-853.1060670526111	1465.0879796781921	3915.5785255681885	-1
?	367.9163586407873	-5440.947706266938	60.9994514084615	-122.11252128219596	363.2363729386176	-1159.3826229390045	1655.379118173332	4852.600297260787	-1
?	115.49668794408623	-5155.751296583329	59.56994594778783	162.50830977374403	335.08626378675615	79.68209322651433	1707.717994541235	3038.2448111363033	20.88416451497863
?	110.1287938116171	-128.73638585398925	69.12486689714882	187.40488330846506	367.22047759994337	-833.3078629693871	1807.2913587301493	7639.19951033714	12.208543776130368
?	109.05986865138668	-49.67589605548327	68.94019011321122	-33.24431234520186	293.4208706382862	911.6227673133467	2089.6779700580973	-10952.390819538736	14.3078738000615
?	107.6449990088429	-43.332909121411326	67.4626512798887	-78.67133309639401	412.80161596561135	2576.469339999156	1259.6718177532048	-17959.355007691873	12.232200282764396
?	106.89322319531608	-2172.8999801768273	65.00662345839146	-312.0689825464583	422.24433763824584	5355.005121805992	1191.7102196734909	8375.884671412636	14.503845532780849
?	-1	-2157.864463906291	51.859202152565565	-239.76311981887946	680.5518720559147	10207.745225452049	1678.4660513238425	15165.195139612146	-1
?	-1	0	53.018467467447316	110.74566183398572	932.6315989108555	8811.412358439287	1949.969976654109	-3363.9334988465703	-1
?	-1	2000.8017787991093	57.39648524426493	223.9074944265969	1121.1224899778854	-7114.973436485235	1510.2693763815116	-8922.680420176112	-1
?	99.04008893995689	1934.2526807827203	64.21384218877732	271.47647823404526	576.8829270865887	-12995.406678386866	1503.835955645297	-2940.0145700914154	7.179907348811785
?	95.71263403913738	-92.74584386082903	70.97030915596739	120.460934457152	471.35215605853284	-2334.758585943949	1363.2686478769388	-241.14621874725455	16.73037826832597
?	94.40279674691537	-52.404857617943996	70.236888911635	-61.89947229319441	460.14499778938955	-556.2512838627788	1491.778644707934	3636.6744447402816	19.538905155137872
?	93.09239115824015	32.82201300562643	67.87533554130762	-176.88104407967734	443.5395918653935	-184.5469612987207	1545.1023701139554	1049.2041790309563	15.849567148664907
?	96.04389739719672	-1881.8478231647762	61.392836707651014	-354.0441525928579	450.9176497244534	1241.8908727972046	1544.2388536594826	6180.520204751781	11.25209360832179
?	-1	2715.3547926876413	50.17312791166447	-25.26909522768967	505.6341355052546	1951.449875913059	1854.128380351549	1355.450875212863	-1
?	231.8116370315807	4476.419631211826	60.12938194626651	309.47305801714236	548.4901435201077	-1421.1490258986148	1612.0113974201267	-2780.808748053179	11.756819002341468
?	222.82098156059445	-4636.232740631548	65.64678081252181	-1202.587638925313	434.57668421032287	-10969.802870401998	1715.087942948888	-32240.227948402076	8.96555495116763
