rowLabel	avP	dP	avI	dI	f1	dF1	f2	dF2	h
?	140.19754243659645	2931.6454358452306	78.53620763773841	1479.4127905306689	426.83504583027843	8220.272904723304	1361.9182697322437	26735.83378334699	14.374751719366568
?	146.58227179226154	388.2562830946756	73.97063952653345	-42.01918463163878	411.01364523616525	3458.1923161172836	1336.7916891673494	-4617.45853134586	9.581789011994804
?	159.61035659133023	157.59352661259067	76.43524840615648	-150.37475070779004	599.7446616361426	5079.492856201125	1131.0453431649507	16679.96456902781	10.38888372247672
?	154.46194812289107	48.048943253247685	66.45190199114394	-283.16848563608795	664.9882880462216	1903.1717589765826	2170.78991761874	14666.465658208157	7.372007866015229
?	162.0128037539926	6.232612780989372	62.27682412435208	236.35180577704494	694.9032495849717	-2158.37003329978	1864.3686260753584	-17493.827610675133	6.242606051453566
?	154.77357876194054	-553.089073459155	78.26949227999619	305.2900975376195	557.0697863812326	-3705.7370200394857	1296.0985370849837	-5808.842504944701	8.762111291007354
?	134.35835008103487	-507.09510866266794	77.54132900123305	-144.62140036986315	509.6163985829975	-3938.7379328921847	1573.9265008281234	13232.55064627583	10.915896562161674
?	129.41882332880715	4572.156938866079	71.03842226150303	-166.01356409211806	360.1328897366234	-2295.6622269627524	1957.726069398775	4852.215608799662	11.760457138779765
?	362.9661970243388	7608.419652289045	69.24065079662715	-63.16328155094796	394.8332872348599	3091.8902864107927	1816.5372812681064	-10063.759898273976	6.8414127808783975
?	509.8398059432593	3636.700128022889	67.88025818395563	-141.4601573747247	514.727404057163	3892.3745096643993	1454.5380744850763	-14407.424640055	7.042836390842579
?	544.8012034254832	-10216.796118865177	62.16764292789092	-345.8670692426544	589.4520127180798	2788.2706352120317	1096.1660492653566	4223.08371725319	1.5284695795780536
?	-1	-10916.024068509654	50.5869047218229	-335.3156117234684	654.1409358177647	378.4475158961387	1665.692260347736	16710.779825869242	-1
?	-1	2517.6242142613687	45.40186234171748	205.79981849990216	608.3743885128868	-6870.861417683953	1931.7050405588195	7953.4027496285235	-1
?	124.88121071306855	2831.909700229338	60.876895646818014	578.5985609128516	310.5978649335667	-4135.862955471673	2063.3623978291625	-710.425404427255	-1
?	140.59548501146702	421.67177804715396	74.33179038736009	163.78149049381037	401.5812407393029	1886.1323925544748	1896.1837703374567	-994.4665995854566	13.375064301272038
?	145.96479961542627	490.31536598768594	69.06597017150854	13.864184893624826	404.90448456129053	-762.6796996461683	2013.6390678498897	-3650.2002303406484	12.361566229231936
?	165.11125331085134	606.0227727596453	75.02499963204133	223.6314167419699	363.4472557569945	-213.92159863045188	1713.6737588204242	-9088.140724396682	14.224091393113696
?	176.26593825340856	623.9136457203426	80.24754100860704	-176.85353307309225	394.2084046297679	5809.193872185813	1559.2320316300552	-7092.349541019897	17.556710571309015
?	196.3069355968685	197.3824382681742	66.18232297838671	-133.68774095958645	653.9069493662854	5288.619160992497	1359.056281769429	-7417.724289395376	5.621625455416561
?	186.13506016681728	-700.8775659771468	73.56315396062772	187.41704086072045	658.639362679393	288.3229048061075	1188.345817160286	6721.320270353322	3.1103589423864557
?	161.2630572980112	-3742.701203336342	75.55317502142272	-183.5293968392561	668.3230946065908	945.8467395284712	1695.1222952870946	-261.08293107631175	4.936247904816545
?	-1	-3245.2611459602213	64.3866841186649	-228.76505696001354	705.9316996558166	1314.2849109110114	1175.2916706064705	-1781.826402206728	-1
?	-1	2521.3823261183015	64.11492217342203	228.4143053567224	734.0373401521414	-5335.401961233092	1606.0309751767581	14848.155757003648	6.898322534615269
?	125.06911630591519	2303.8816352376225	75.80739938650103	30.012110652932876	439.16160159416177	-4670.884543121767	1917.6994584566535	5566.375948940281	5.311641405180362
?	114.19408176188122	-2521.3823261183015	65.61552770606868	-454.645417834269	500.49311299605284	4377.857295233563	1884.3497726237724	-2184.1826215498286	10.659027188910153
?	-1	-2303.8816352376225	53.07512849478756	-313.47189631585167	658.0544663558401	4330.117567046647	1808.490327379162	500.61404311484193	-1
?	-1	2742.2636230467842	49.94193289027608	146.9497861376098	716.9989913483854	-5132.549380916531	1909.3804747795145	723.5056851896109	-1
?	136.11318115233934	2574.9245282464512	60.42261780166806	261.8055873761444	401.4269973100133	-4147.692028636794	1844.6656116386425	-840.8058880728814	-1
?	127.74622641232267	-0.37547276246982586	63.03221225908331	80.71831243669926	509.6143899165455	1049.109862093492	1867.3401803758704	-592.9247824073894	-1
?	136.09440751421585	167.12061976775075	64.45853342350303	72.05319059855661	453.88249041468794	-4162.229234734755	1815.019372518273	-501.73021686711263	-1
?	136.10225740071022	475.5680855574481	66.63487178901114	73.6750666797979	301.5029281798076	-2764.7257666230607	1842.2536695325148	3098.977054516319	11.854404374564517
?	159.87281179208827	869.5176364635072	68.14228675749293	43.176240179644445	315.6462020835348	598.0660412620006	1969.9682252440891	2573.521994498699	8.173537135102984
?	179.57813922388561	948.2580801836483	68.79368379799337	117.55380105544266	331.40623024290767	3929.48547073652	1970.9297692574498	-5375.014517027303	7.600107833367022
?	207.28571580127073	720.1848417520783	74.01997681026506	300.264578684955	512.1204756203609	3176.5380834063767	1701.2174993927238	-11792.616282602898	1.4555815726928865
?	215.58738131148957	1066.849032262884	83.80691273224113	187.99493193404072	490.23313441322665	947.1428259990049	1381.2989551273045	-12170.247225560746	9.438323903157139
?	260.628167414415	1008.372947633579	83.41972340696711	-69.87787001651293	559.4776169203112	2172.8953784116757	1092.705138114686	-3527.0963282661173	12.351423989539194
?	266.00602869316856	-1018.969789014898	80.31301923141548	-173.90928604494732	598.8779033338105	680.9956913169907	1204.9441387139984	15417.27978814476	12.188165069483896
?	209.67967796367003	-1033.4527923876244	74.72425910471974	-184.25583143988501	593.5274014861608	1096.0433656908835	1863.5691275219247	17861.61307279566	4.221871478812313
?	214.3333890737873	939.7369314192682	71.10022765942122	-48.64937361825777	653.6800716183548	-3517.724029488176	2098.0247923537822	5477.700383706256	1.025436672007488
?	256.6665245346335	894.1550636901608	72.29179042380685	-75.58526020252315	417.64120001175183	-4210.5921528867775	2137.4541467072377	484.06506391158644	4.221497439622146
?	259.04114225829517	-754.6283393025316	67.32096464929508	-194.21129574534146	443.15046397401665	2929.5590137966556	2122.2280455493615	88.95205234928685	2.7824938498779233
?	218.93510756950704	-1455.9854338956195	62.581225636539806	30.31162714309101	564.1191507015841	5835.374117425551	2141.901749324702	-884.1313964970263	3.5629170092231415
?	186.24187056351445	-1405.0657421416563	68.83654600644962	131.27791115678664	734.9191698452931	1048.1728229655814	2078.0214757245103	-658.816498433364	4.459088831649092
?	148.68182046242447	-801.1368260619804	69.14512119437912	-112.19456404448391	616.527791849863	-1817.6577512412287	2108.960924403034	-6786.970146668893	2.77172381310289
?	146.18502926041558	610.988492882568	63.22681780422545	120.49810459620247	644.036282283232	1370.2259460196253	1738.672968391067	-20622.574350430517	-1
?	179.23124510655276	680.5144416574343	75.17002642418922	180.19100669909542	685.039089150844	656.5707102894022	1077.8322068815116	-7792.455832003429	13.514329149087512
?	180.21075134328717	-1158.1342670623299	72.23636813918019	-60.62749967516531	676.864817797702	-960.0403517332995	1349.0501767908968	16530.27708603441	11.809030723186748
?	121.32453175343647	249.01675999986682	72.13865144043096	-71.75553262055783	637.0370715641792	-2680.089564436469	1904.3460611832293	10224.91819006289	3.203287694583044
?	192.66158934328047	-2446.4906350687384	68.64859150815231	-221.3513881370576	542.860339575879	-211.01716503022845	1860.2960862940395	320.5515595761301	4.343830514888728
?	-1	-114.35538318974791	61.07108203357812	-201.90325054860864	626.4862133126678	621.9766715126069	1920.3736391620357	2342.192397746011	-1
?	186.9438201837931	3841.122146655879	58.55342898072191	161.17540432563544	573.9591731515093	1188.059112264468	1977.4057061813396	2088.4136688592735	-1
?	191.05610733279326	-202.07929579191799	69.12985224985987	240.76967667334586	685.889168925891	2566.77699100655	2024.794322604999	-1270.727023987779	12.435842760559018
?	176.83985539419723	-222.46552300266183	70.59191281438916	-85.6561795167366	702.2980227018363	139.19772909633187	1913.869354981951	333.8042985493815	10.201794514346322
?	179.9328311826602	220.91798163589624	64.84704327402305	-145.3438568673493	692.8490553807076	-1786.8855799183434	2041.484537532468	-3625.5458852492657	1.9143827720654425
?	187.885754475992	324.85206962287805	63.32471997102172	100.77953637820606	612.9537437059195	-433.0812573109362	1732.5920607194882	-10405.847284950578	10.257205985489328
?	196.17543466380405	270.65016191961587	69.88602009293334	114.700909004096	671.1949925151608	2911.2965088906903	1521.192173284941	-4042.951502756442	12.17914726764772
?	201.41826257197275	400.6350979612674	69.0597654212265	27.730211703906022	758.5185691504535	-131.965742827163	1530.4444855816669	204.86989511430312	8.283689182656248
?	216.20718956186735	395.06818704278515	71.27253067812863	3.5515365001035217	664.5967053738027	-3274.711010745853	1531.435668040656	-59.50487002195608	8.515696253966823
?	221.17167192411193	15.941353988657227	69.23734224623168	-85.45063782852567	594.7830186131614	-1121.90929658014	1527.469242080569	-457.09547188710695	7.958131623395518
?	217.0042572613002	-622.781443728067	66.99999878670236	-134.75859536480363	608.5012405447959	-1158.429398184755	1508.5808944463008	-74.45380563724056	8.955820040068858
?	190.0325997377087	-1352.4447279491303	62.49941247799152	-52.530620530908905	536.8615487039239	-3911.7514572743976	1523.746551798707	377.8947044167003	-1
?	149.38202086384393	-1031.7928157871015	64.37346776015693	103.41913933673675	412.91366768107673	-4604.198385967572	1527.4756296671358	2681.556294204302	11.64516266927671
?	138.4429589483538	-455.07923431591524	67.67036944482834	-46.810248663162945	306.6516294055461	-429.52243542109426	1657.8243665089217	2956.439585970594	14.417234016771868
?	126.62805914804825	-316.56536051867846	62.03295532699879	-181.45645980242898	391.4375459100221	1314.6336036769198	1675.297608965665	2835.885995506588	-1
?	122.61469092241994	-114.8518064048575	58.59754645470692	-55.76773982839845	372.38330958939184	-2751.34193069904	1799.6186662842506	2087.2249027059825	-1
?	120.8854688278054	-295.44339145355724	59.244568335578876	-32.24189414722542	253.8704493750706	-1549.5029929534312	1779.6588541009637	3125.493509535233	-1
?	107.84252134974213	-2437.7093765561167	56.98545174734566	-120.1859217079516	294.90815994172056	6425.190892433138	1955.8933417610117	8034.963633176713	-1
?	-1	232.0182451846679	53.23527225018132	107.42506484725762	575.1299939967264	4339.779511155559	2181.407035759798	4532.447672235806	-1
?	119.44343360897548	2497.7641659921633	62.35670498970852	234.87433534889914	511.8971354994977	-5937.314211750603	2182.515725372801	-971.7879684993511	-1
?	123.88820829960771	289.12629629447156	64.97898901762623	128.53715686172495	278.2642834091973	-4283.629066854531	2132.8176373348306	-4685.818317865281	-1
?	133.899748423699	906.3341536022376	68.78356283279474	118.47376143107724	297.71568215677195	4280.92931940743	1948.224809479538	-16730.550906662953	13.045952373557046
?	169.20491597971943	1173.4134989470358	70.90267708918007	12.307401695477482	492.310749379568	5427.577189059484	1296.290092001686	-11601.158286644782	6.719376732346042
?	192.5704233710506	334.61028865976124	69.39893291756862	-178.70075508946547	569.0945416097452	2081.6037286321325	1368.166895147301	1658.4626919688494	8.623410623541963
?	185.93543041270743	-3871.4084674210258	61.96763933470683	-253.94481411227238	596.3909358111742	1051.0209576148159	1379.213226600128	15910.305376288214	-1
?	-1	-30.1208856318409	56.70169221195504	-31.36065702437602	621.6455894904858	-2964.110613691479	2163.6821639617087	16225.24388507168	-1
?	184.4293861311154	3204.945939537153	60.399606483488036	221.16146950050089	448.1854051266008	-4683.4042334738215	2190.4754208537092	-6058.701599953005	9.722325162309133
?	159.2472969768571	-757.2234484578773	67.75976568698005	165.7051301162902	387.47537781679557	2847.1284579022663	1860.7470839640596	-16904.332050763405	11.711836153988738
?	146.56821370822166	-436.49414703590236	68.68486298930252	-157.87141499511407	590.5418280217136	4430.212741334096	1345.258818315542	-224.3528314216254	11.794367542529551
?	137.42258962506205	-2951.364274164444	59.86619493722437	-264.1339186014296	608.9860148834996	859.4005989802243	1849.5294423929784	12898.32585321568	-1
?	-1	612.6619218559601	55.47816705923108	61.86470628559186	633.5118579707247	-605.2767923316172	1990.1751109763236	-6331.619807551442	-1
?	168.05568571785994	3648.466203353093	62.95943025150395	343.5100241179476	578.7221752669188	-41.630320285239726	1532.9484520154074	-22015.200201445827	8.736997994993079
?	181.423310167654	282.9665814621295	72.6536682651284	27.340857050821466	631.4303419564627	1534.3725357960043	889.4151009040361	-560.1930278575057	14.086798948485932
?	182.20401479096637	25.375278354219493	64.32647310404502	-193.08039200701398	655.4408020567188	485.23264562897964	1504.9388006225322	3993.3650232560108	8.79710970239971
?	182.69207408536496	-1177.74572875053	62.99964866477774	-16.916867555695408	655.6919742379116	162.14940049005747	1089.083352066836	-5964.275804036063	14.31221283159347
?	123.31672835344008	-1427.3800696738178	63.480629726260254	58.64767113946463	663.5482720812216	-1169.2005747572007	1206.72501042073	14193.897885422375	5.172392057225953
?	111.32307060167433	-217.48749061016915	65.93203222175096	93.94003402850946	597.2319455000518	-1274.1814848215608	1798.7782463379522	12778.508060593222	2.964082812363097
?	112.44235382293166	-3.9341344371303104	68.17763142768571	-38.050437253282745	599.8391978401438	-531.6329553320062	1845.650413450389	-829.5066388533799	4.381025349147051
?	111.12636387981782	-14.680801964789277	64.02951035908683	-234.33086613526567	570.6502977334516	418.53914734012426	1757.3029143952833	-2979.950625518842	8.350932823867534
?	111.7083137246922	1387.87838797921	56.46108812092247	13.622410114423408	620.76615520715	-327.2799414953363	1696.6528821744473	-6142.351381487146	-1
?	180.52028327877807	1362.755457556016	64.710630864808	271.94650945796934	554.2863006586848	-1241.3973374177338	1450.1853453209271	2620.571106769544	9.730331054790112
?	179.84608660249276	130.8835266495429	70.05841359382089	226.20431051287534	558.6962883362635	-2246.6334535069395	1827.681437512924	7272.613265039284	6.321976853498954
?	187.0644596112552	1705.3231288514494	76.02084639045172	183.87252760504546	441.95462798333824	-1718.2184175547848	1813.81600857289	3274.21770801612	3.9139700767593673
?	265.11224304506493	1718.9251683527805	79.25203997407313	47.310562711524426	472.78536745852455	156.77818708601365	1991.3923229137295	-5157.523773955822	10.891065510789284
?	273.0107180288939	-416.7724913280174	78.38637452602794	6.24521957412528	449.7935373376389	-1417.8583152178924	1555.9398198750998	-12767.099422639212	7.183990038249087
?	244.27361847866413	-1416.652771331981	79.56430095277939	-19.2387852716039	401.8924516976302	-185.81152390865847	1353.0373517817711	9608.32718298121	11.55915094131683
?	202.1780794622951	-1369.7302669553962	77.42443526244774	-85.2090185757993	440.502961142206	-558.1655969842128	2036.3561790241586	12915.14674154283	7.586747388952034
?	175.78710513089456	-859.8193019827098	75.30385002398944	-163.85625224376042	373.98417184841963	-1394.3533377152964	1998.7946888589104	-1718.1169309780323	11.368732035992528
?	159.18711436315976	-108.88691130464547	69.23162265025975	112.39689463215637	370.78529425644143	1906.6018327079996	1950.4503324752573	-16400.095290240155	8.593285189953782
?	170.3427595656623	-274.48960574548533	80.92369475559724	115.08398276830845	469.3142634838193	3448.3866868956075	1178.7899243469055	-13494.223534780487	11.352348620633745
?	145.46263407588555	-887.0787841669105	74.98582178867515	-391.7516500608012	543.2046286012212	2919.3562170906102	1275.7391557362353	11081.196184791228	7.833625351115697
?	125.98882035731694	651.3234579154425	61.33611225255725	81.2989279289684	615.2820743383493	950.3452270901255	1732.849733586465	-5401.2208184851	-1
?	178.02880697165756	937.8661184076576	79.05076818512356	158.02127919525972	590.7218899557273	355.3748909466743	1005.6781148119812	-15110.745570151876	7.489108106750323
?	172.88212627769965	-31.600429364888328	69.23717621232021	-205.37544488316558	633.0508188856829	182.4209509749023	977.3124550788739	2283.2963840788616	8.687780737972362
?	176.44878550341315	-233.65065162176532	68.78199594096532	140.1093406048144	599.8429375044724	-1115.3482802978526	1119.842934015924	10584.93941037959	0.5589734673097191
?	161.19959369661143	-3548.9757100682755	76.2426432425609	30.96981214085599	577.2834048707905	2249.016113903896	1506.5594255978515	11106.607944902575	6.92764913745128
?	-1	357.7028949343851	70.33048654800811	-11.782572584897409	712.2937431996668	-876.3187799769261	1675.1733312610506	3409.2335156038357	0.5605194679785243
?	179.08473844333062	3441.7331939903006	75.65351461331603	186.01975694599398	533.4674658719443	-3080.934748837439	1677.0211013780427	-4255.285478147645	4.172295792205174
?	171.08665969951443	34.133697998438045	79.63147439530778	76.2626161738339	558.2470057577954	1232.5330717567065	1462.4090573536691	-1719.6257682316734	8.879950084741306
?	180.79142334325252	283.59180352113003	79.46664542200772	-261.65646317092217	595.0941194597795	2034.1701182411093	1591.0398129664593	6979.777596379215	7.4968244257544825
?	185.26624987557088	1782.947627061779	66.54865123676171	-225.92549601843695	659.9555116698505	933.4083447107206	1811.3979371726286	11070.91804517432	1.090360159955386
?	269.93880469634115	1701.690685331598	68.17037062108591	313.5520947076566	641.7645366953153	-1891.014288184906	2144.5857152251733	3111.952186539258	1.1541610430633658
?	270.3507841421505	62.99587167422623	82.22625597214449	266.6963183361518	565.4047972606055	-1993.9361841889697	1966.995546499591	-5723.222723621995	7.766853179967727
?	273.08859828005245	-555.9138103095861	81.50518653789345	-203.0378744737969	542.0677274858672	-870.5225896125384	1858.4245790440746	118.57721547117805	14.94802901271385
?	242.55509362667127	-408.75591727152346	72.07436224845468	-245.53265153954075	521.8786677799787	-539.1356959551305	1972.9244072731499	-314.12611612002934	3.291999179148834
?	252.65080241647635	27.457027751967853	69.22855396091646	-17.12517397946988	515.1109426881108	759.8885026654675	1842.7182732380732	-3613.101668245021	8.18835369922935
?	243.92794501426965	-500.42695649532055	71.21810354948119	197.40460033446809	559.873092913252	-953.1714193092262	1792.2693238608995	3912.5540177361886	11.786604716606377
?	227.6294545917104	-791.3985031559349	79.09878397763983	119.92482874637162	467.4523717226496	-1289.3579024391306	2038.3459741248819	5335.85178197619	12.352096679581939
?	204.35801985647305	-4572.589091834225	77.21434498679975	-127.57298485151028	495.4051977912957	94.90080487923399	2059.061912959708	-60.491121505993064	2.659797651443225
?	-1	-4107.160397129475	72.72013473506434	-281.7102074774688	472.1974119666113	1119.5881621580036	2035.3214180495822	175.44394718911525	-1.8813915766892042
?	-1	4732.612539927006	63.128834612926354	91.06638686016088	551.3846058991957	-1726.539112348518	2067.8341103191638	1035.9215819260035	0.321348579779804
?	235.63062699634946	4271.438510628843	77.27345407807236	258.4500591015831	385.8704563491857	-3368.100434841503	2087.117497145882	-4939.876966190781	12.975212210970362
?	212.57192553144137	-600.3907620825213	76.05133756800547	-65.67149389614707	382.9795841571211	1014.977470889942	1820.8402620096256	-9806.9982784	15.034086249298047
?	205.6110888922235	-191.51857245412612	73.98987938326502	4.767346243218372	436.6193298936826	4866.872958261768	1596.767583225884	-9253.497241353067	15.690069193080564
?	202.9959969087351	-345.00421147207715	76.28970488016638	-30.698117142819793	626.3232320702086	4101.828822521486	1358.1653999419739	7568.218706710763	15.73158864080482
?	188.3608783186197	-314.16759494244616	72.45497352612404	-331.2593991673075	641.7107710197562	2384.4406458945464	1975.1785185614208	8386.993065218114	12.98166555682538
?	187.28761716161284	814.350727273266	59.72673492180107	-124.08726609056247	745.5452643649355	425.0327264558579	1777.515053202878	-7158.416495557129	-1
?	229.07841468228287	690.9149333695731	66.25061022159593	420.3142126230663	662.962407342549	-2659.4579573288006	1617.2576937835656	-12192.305697560303	0.9716657094737025
?	221.83336383009137	-140.8501086265499	80.74244555295431	240.1407135601525	612.572366498496	-107.97623900777619	1167.8997683248651	-8743.058355106514	21.76792884439866
?	222.0359092509554	-95.86466286098391	78.25764589960352	-217.1451449131782	657.5635953921602	96.44121257456652	1180.1047760282415	-16.278296986574844	23.659552659681996
?	217.0401306870422	-18.19058897048769	69.88518830729544	-436.32495204664934	617.3944271272243	487.65106016050083	1167.0858534755364	1394.7771327960395	10.071601137264468
?	221.12637980243102	19.372506556658276	56.44139829727113	37.5717882230667	681.9461484001852	82.64216332978806	1249.8436326680433	490.1343862225048	-1
?	218.0087560148751	-320.4746255974294	71.76377771844877	300.52150916229215	621.5265352937137	1075.8043083729096	1191.5925727866615	-466.2833285207733	4.732584869157845
?	205.1026485225596	-4380.175120297517	71.46747375538568	-226.7443038647833	735.7363638188305	1646.6474955890944	1226.5294662420047	5650.278334988981	2.743030162324635
?	-1	214.20876689917313	60.42656252520964	-241.83740003371454	703.8589100731681	92.20674564430998	1474.1064895361096	8555.03636595838	-1
?	215.81308686751822	3990.956639191472	59.3756037537	186.45248617432395	740.3467011010459	-7121.8226089407535	1654.2812845399221	11917.985297367382	-1
?	198.54783195957287	-851.3226405662325	69.7491868339258	157.71696840584767	347.7677796261317	4632.832077643885	2070.0057544044766	11768.61983968615	10.283689990891336
?	173.24695483920675	83.91899899595758	67.26145217399235	-35.50974776660708	971.9883049832394	21547.699194290268	2242.7122765242275	11510.916881566049	0.7794817804618721
?	202.74378190937074	569.7049983584689	67.97369944559546	66.70187727092294	1425.1527393406411	-12176.25802065201	2645.551598482777	-1326.528057098881	-2.0791505357476856
?	201.7322047571301	-458.12356187365134	70.59654603753849	-112.1575726852397	363.17540395064094	-22628.921804132307	2176.3858736692837	-11936.582910087587	15.93236600319986
?	179.83760381568825	-29.17213342732065	62.36582081133349	-353.5329619846736	293.7066491340297	7165.398147164591	2048.7224529784	2736.783174759203	5.82348192520731
?	200.27359808576406	532.2967966152108	52.91989793830487	-31.620508585048526	721.4453113088692	3138.774778293731	2313.2250324072434	-897.621963953055	-1
?	206.4524436464487	35.31098227740314	60.78479538208107	610.3280908613848	450.6453880487157	-6296.453088621017	2003.8413547807472	-8016.0883376086085	10.793281530486281
?	202.03914719963421	-19.861989785841914	83.436302481374	454.3812532312747	406.6226568778195	-733.4649399578271	1912.4206155268143	-658.5559453581824	25.836287995331645
?	205.4593441571566	75.36960464342683	83.50385804364473	-181.71890817781	413.97214105082446	311.0096581151799	1970.9135575128382	814.0639491033454	28.550541857464935
?	205.80762743180554	-2.3614341836724946	74.35035707248353	-432.96872482012714	422.17313978357845	63.71416133326443	1953.1238129819815	-1636.1326960094461	20.643898203620903
?	205.34127244797298	-9.007423284854244	61.855421802638446	-314.8179288249378	417.1578491174877	98.25407692223543	1889.1069227123662	-1360.5413974220985	-1
?	205.35725626756283	-4126.825448959475	58.6094606312367	-235.2925632520856	427.0858436296902	7714.330510616735	1885.0967431108768	3368.7280633866276	-1
?	-1	-4127.145125351271	50.09079364003421	-204.2781160624499	802.874374648323	9620.307125138006	2057.543325881697	608.8477180938093	-1
?	-1	0	48.39555482811424	-99.26543071214361	908.1011998865888	-2134.146169808929	1915.5391290155671	-10912.330961340493	-1
?	-1	0	45.127522104427044	-151.84308785479982	696.167066157877	1697.354503043079	1511.9267778146743	-557.8262837832536	-1
?	-1	0	40.80340043537428	-111.33198948860621	992.9689250387424	7693.240154169019	1887.6478148264046	10586.416539329372	-1
?	-1	0	39.56092262999675	-24.05185416741668	1080.8290738663266	-3294.7740899226715	2041.247604781141	3300.931935203528	-1
?	-1	3164.663685953012	39.60080772700345	228.1827190044444	828.2302205426095	-4200.67167642506	2052.6944115865804	4505.4307830465295	-1
?	157.23318429765004	3071.9469981215166	50.97005858021893	707.7743632558745	870.7954900450743	-7060.065799582889	2266.5191439334667	-8673.44187575683	-1
?	152.5973499060753	-166.53053667529778	74.98952588979705	481.3621000450459	475.2269305634663	-8685.548361340525	1619.0223177987405	-17991.779343592767	14.184847153036666
?	148.90665746388518	156.277636930904	75.03816358247114	69.48180128690747	436.5180719780496	583.6965714197661	1366.9301767538316	-4019.960334572184	14.981029255093253
?	160.41123175262047	221.71537390973094	78.46361595414241	14.980067618449251	504.4117591344545	2100.8362862176996	1418.024301070132	-4161.017984483261	13.3970601528322
?	159.9924261593717	90.09412460025293	75.7871669633936	-113.93418541822695	541.5598862889342	2594.002389098138	1158.8792775296693	2657.6475658596705	13.802273142394625
?	164.9159379826331	240.55108230452646	72.76690668323109	13.661007406398985	634.1118785893609	3102.3291213486364	1550.906679363115	8126.584502256407	13.578422884681647
?	172.01998027459797	-132.33563646135784	76.47021733371355	-5.092977881413976	696.6763423563655	-660.6559760728511	1565.2085026424882	-1341.2709660468047	19.87854116236615
?	158.29915615956523	-616.6795021361819	72.51225778916039	-105.38709878743838	601.0790797857185	-5262.426003943794	1483.843131060775	1885.6044658725618	8.96326558451442
?	141.18600516778844	-297.6643048389841	71.20086239434156	125.42226492313539	433.55504215917205	-2215.5927870695773	1659.4887259361176	8170.038429107887	10.117262174830852
?	143.4159409176158	732.9600238925051	78.78337103531725	143.87106442949795	490.29944043223804	4411.3545478382475	1892.3450525161752	-4886.058791952832	4.785760022246107
?	177.83400636241421	754.8267055374266	78.39441561581656	15.935440453353126	654.1227695510876	3539.4396089466086	1415.1857863384726	-6900.65825536614	12.950112988834533
?	181.15727619448768	277.69121601891646	79.58014305798491	42.604379910975716	667.271420879571	-1741.4603235019492	1547.3121397478633	6105.497071720406	9.368322425999564
?	191.71856716336023	1649.6886764427727	80.52463461136537	-77.22794099958894	567.0497533759889	-2146.756733722765	1720.4606399244972	7062.38229202756	4.777961270820419
?	263.6417100166275	5815.29884743887	75.71874600800541	-180.2121497947499	559.9335841934312	-593.5700553205863	1900.4312543492463	740.0771797744013	5.570691586895053
?	482.48350953530786	-2546.8964445651122	71.51402712162775	-163.7926900985081	537.3712506099591	-491.5190502454605	1757.4644989132178	942.570152118665	2.4169812222115548
?	136.29688778837007	-6756.21353983787	67.52911150307989	163.2754760882093	535.3576316811578	2055.1812410558437	1947.5597619551802	-5659.106962559178	4.385569386370162
?	144.67283254340958	314.1599105584391	79.67780092603833	253.34923049661464	640.1303126627528	4.241348818663877	1474.5091507852549	-2235.5926912036057	5.44723405902158
?	152.00488331629225	299.8466103184373	80.1965730279108	61.582375557361196	535.569699122091	293.61749210590045	1835.7801273949983	8449.38450244281	1.2887137081856352
?	159.66516305933166	650.1540802628442	82.75691970390643	-4.972754739416629	654.811187268048	-513.0776901347094	1896.9783759074014	1844.526831435511	5.54539363273331
?	184.51258732943492	602.5168073052907	79.94793529093997	-123.88649771669174	509.9158146153552	-3752.3643717049517	1928.0064689667752	-560.7499295536002	4.2605989205996515
?	189.79100342459662	-207.35356284945726	76.56259481807176	81.91496875510862	467.19296868279775	-49.6274350071137	1868.940879429721	-3242.4452260865787	3.3391064361362353
?	174.1449091869619	-468.7656658912319	84.04368372869546	55.11193065077215	507.4344428649995	-4.3682856520103375	1765.884207662444	-1264.6577544595223	14.272341017774503
?	166.3527201300347	-124.74897063949236	79.3181913506104	-207.89425481115745	466.97455440019723	-1013.5865410665659	1805.707991706744	2040.5712936805849	10.836118964105626
?	167.9074606549872	-221.23939499405506	73.64897098813744	-20.202790175635524	456.75511581167046	-500.68964751969105	1867.9127723464746	-856.3571117060898	6.039128007125436
?	155.2907503803318	-3378.149213099696	78.30805184182862	-174.6351103278122	441.9400720242123	-1069.6302567856271	1762.890136121439	856.9810408683649	8.179048232060252
?	-1	-3125.8150076065913	64.9172154717467	-313.18318439704836	403.27360297238835	2982.342251172705	1910.7618243898935	6240.259641875311	2.3672159427444623
?	-1	2934.585688775385	62.648892621975975	228.8901255404342	591.0571845828497	2732.7163905159805	2074.903118215209	-15442.131724473387	-1
?	145.72928443877132	2675.5158846229547	76.36172174876857	288.5212640397042	539.9094224981893	-511.7993967409707	1138.6552381662132	-18765.643921995033	6.809731245814905
?	132.77579423114963	-431.87555627182275	77.07495582396139	-64.7818845026952	565.4672147458008	-1679.6924006653012	1136.6209221154438	7269.474250408876	10.63134597550459
?	124.13550662517987	-223.8193012982398	73.12262752363377	-112.24781962190644	455.92480246492306	-2675.256168507528	1502.1289506866622	10479.596910762817	10.246360291826603
?	121.58482916623748	455.04617638638143	71.46256484286599	-4.341644987755099	431.7044063204225	-522.2384658991467	1660.6007676535921	9144.035865808153	6.620378375030663
?	146.88781544449927	690.4627595139998	72.90554527424601	-13.636833250440167	429.81287916996536	-753.9104318278198	1959.3307439770763	4448.510927180005	4.166212625509617
?	156.10796714193796	347.7406834524165	70.78072318034397	-72.88461210036483	394.00888472903097	-1394.4057638732802	1883.0263140125955	2038.4481184828503	7.9457300865218174
?	164.27484961712034	1425.8203792419888	69.26131466922772	15.059566234386708	360.09259097630036	4680.727757015496	2061.2531499012202	-1697.3908795591828	7.088218674569989
?	227.3989861040384	1898.7894353316003	71.53370149206332	12.975090773170265	628.0452725798091	3044.553274595644	1798.1567700346352	-8737.121870611516	4.108300201556835
?	259.2143213837017	511.04649502089	69.91006920788624	-214.915031978042	512.3202547060847	1259.391239412171	1624.3970563706382	841.0027484772689	8.833397708969974
?	252.95131085508328	215.50082879954778	60.78794989316106	-124.18904510091261	691.0148345504185	694.3472504956632	1840.2069074584992	5189.527385696341	-1
?	269.98936282367924	99.8508536768432	63.70061695284052	205.74013144938226	547.0376172308684	-3590.9778272953918	1883.873425655459	-2638.2536298586356	7.654373580476251
?	257.9438535389255	-302.2395241481953	71.07495646563032	-43.47442435475083	511.4659431856464	897.8523214631364	1708.2942259655656	-3520.397769997162	12.609873761454386
?	254.87738661626926	-323.6291976017338	61.52689573510295	-231.5321485976649	591.9302333040258	1246.2484364514664	1707.8535371555984	3211.0512528554	8.51381021665366
?	241.7623936588386	-1686.7377912168695	59.49834903574691	188.72687861100107	573.7783650082206	-2645.4861977317364	1868.8467886083379	5935.375311239506	-1
?	170.5404970554246	-2252.5928447299034	70.96323966565313	262.3674772330613	459.6559234174371	-2982.405991788463	2004.622302717578	1425.6956170363653	4.122442660091856
?	129.1327514223418	1416.9920557680005	72.61672289740017	63.50875415757566	424.65806541879533	336.8238271441712	1940.1315694601572	-974.2369435281942	5.721618972572314
?	241.39009984382562	409.1170422079806	74.13867737353196	-156.77812996731353	476.4971147746459	1374.7586961783654	1955.9104555411675	3076.010414671129	3.594094902975838
?	149.58860353274113	-2211.716455918507	64.77781639903438	-63.43321851378557	493.3960002277146	-752.1403410717751	2093.932090193716	-1052.138785699634	-1
?	130.8042770478987	-1011.6522378921469	70.96701644784264	113.12274575916813	438.89009772105663	-1710.838827902357	1903.303516256185	-1297.0289556150053	6.970469970842122
?	99.00599163813307	901.5945820043222	70.43395368699287	88.60746473408726	407.8540588325955	-197.22385551503126	2029.0806424129646	-1364.9535440060697	5.046903796356569
?	175.88400614811545	2344.8324079819063	75.39738968454707	142.5425697669402	429.02890494530493	2254.515886528901	1835.0558390558806	-11212.130124466612	8.866815104933089
?	216.24761203723006	700.5537242995032	77.56108217533998	-102.6016809071984	520.5798531590422	5525.647380787478	1468.474136189626	-2327.5184557982298	7.948163404652905
?	210.9116923630911	-549.3242423548243	70.26730563918707	-41.05472610219606	705.3112739846828	-1371.6071955900074	1718.6799162659674	5667.269163143543	5.720405203816848
?	188.78139991948845	-308.0181045789796	75.50834587023014	59.05943835069765	451.9994933795408	-3229.9576952472394	1751.8375943468072	1651.1228911873006	4.3551695403694985
?	195.5107871341419	190.914272554527	73.220277556722	-197.2543633061682	543.8133892223185	2267.184162739704	1801.2360608253337	2998.9588055888253	3.6088534513831467
?	198.32711354721494	63.24327712096898	65.6456277049216	-88.52432435047903	565.3587015165276	-54.74374221681196	1901.7855346262506	-836.8691896730724	5.7644130970505065
?	198.6729509901904	-198.84945512649725	68.79406133919798	133.53324324601297	541.0762021114779	473.4481707194642	1759.3926013416794	-3174.243442216562	6.604423848541477
?	188.38464079088993	-237.56530321446692	72.32228986722234	63.3378208964856	589.0311100525012	170.4492468811894	1743.0733625154203	86.26359493044097	7.697648270117509
?	186.79468582946689	-45.11011418937521	71.9609523840223	23.471828316789022	549.5986644555375	84.64267914527106	1763.7057810882015	-2581.4993485754253	4.36096021604344
?	186.12913508142114	-3755.8937165892844	73.4958812830618	-153.09481857804067	593.2632440097648	3840.2349536292763	1613.9983950866472	4341.344733261164	5.886650437923888
?	-1	470.41994524754	64.30621145512016	-122.16421912473007	741.610412137004	777.5539223107356	1980.7730177512628	2716.513968443803	1.6423962711140623
?	209.65013234379848	3969.612337877444	67.38767032682522	170.13635049909126	632.1409401253021	-1731.7077452073027	1749.8240935088393	-2446.0338481972276	3.518828801259417
?	197.48061689387504	-1020.9458179568898	72.81302898007485	88.52435361013237	655.0250248766376	63.17483705311953	1858.4713253413997	5743.335536687891	0.9256773947883119
?	158.60284144595326	-1125.8633914955822	71.8138880073319	-81.67099870886031	635.2996819779581	-3564.229233941574	2036.990870343238	-2981.8337053726677	7.038147837973827
?	141.18744731909513	-174.48282831394616	68.72947904463177	28.35920292464169	476.8135631795564	-2143.9264225618367	1709.3796400727642	381.28183916791755	6.367006762050036
?	149.87870003025583	315.2893797297606	73.231848153564	-15.415422070540282	528.1033608498648	106.7875245526155	2056.054962301634	-4355.825525312914	4.1060985240419665
?	156.95191630558338	93.56915048309341	67.95870794110475	-178.14211323976483	482.15293940718726	-300.3287207043016	1491.5883638071155	-967.2067117769028	6.5331560731804315
?	154.55715755441057	-571.494228538022	64.32474249157563	-1.1791937970403243	513.0869248146495	970.1991216507223	2007.6946267127882	10147.946815242041	5.021822055996252
?	128.37720487868188	553.0104344875123	67.89974825125273	215.4686712005145	530.6628954897241	444.29566776914777	1998.9857045692247	-3237.690653458371	5.103723694796995
?	182.20767927878657	930.5263612629482	75.09817605160151	59.801059589541694	535.3017082031072	-2065.890644823264	1845.8100940398674	-3973.8011580843595	7.998392512239549
?	174.90352294182995	-573.128014711912	70.88980123072986	-102.21703229466354	427.3683632485594	-2599.8025374219487	1800.295646665004	-1098.538994099288	6.631275208537137
?	153.55127854319056	-499.5361799823772	69.98732443686826	7.334757329776276	405.3115813320079	1002.9624059749682	1790.8831443349022	3590.3652214170133	3.760799031605764
?	149.92671394271073	-498.75676046956215	71.25653909721868	-3.792177889982557	477.5164835473085	1862.9963376863677	1979.8139077358571	1764.5695413736962	3.975116167965897
?	128.6134405197121	-3018.5342788541716	69.79771554236913	-181.81695208395436	498.4613982163276	-1130.1925671532556	1879.1116214035883	-1224.8763336336203	3.012162758770705
?	-1	485.00086006186615	62.16569149302083	-106.9670555065439	421.0068551896449	217.56123417716285	1918.5700910541752	-1492.6564098907072	-1
?	152.86348352280575	3053.672678415251	64.44936276704186	275.0391264689967	509.3394599251859	946.7813982214263	1804.4788009090519	-966.9935875884538	0.845416979048835
?	151.68363392076472	-66.76422357462703	75.91764781647086	55.32825795535195	468.3459251007169	-707.6970416704003	1870.2204116747519	-282.99502845473904	10.869775178387327
?	149.52527234407435	-36.88154677083564	67.2157756648095	-281.28543974816637	473.9546078416654	5092.12876879437	1790.3290494863147	4702.249248878054	3.3959453206175314
?	149.8395565822229	-409.2036350802214	61.853375829062344	-40.082206539528045	722.952363540439	3497.729570632976	2105.332874118658	12785.411390484083	-1
?	129.065090590063	-576.8974059876061	65.21166533783307	179.25232342638452	648.8410863733167	-4861.600163528856	2429.599619010528	-7425.558055229416	10.093294726969553
?	120.9946862828422	-302.1575566088844	70.8159920003817	95.50831379323489	479.87235536399277	-2969.6916718332827	1734.0549713571818	-9278.287927743413	5.961429545142047
?	113.95721275961856	-2439.8937256568092	69.98708102749488	-163.7914830370864	500.3565027816504	545.5641724958948	1965.6852226233507	-6790.935644511414	8.936313769821371
?	-1	-2299.1442551923383	62.62641784852726	-178.84412779677123	507.1505639887879	1681.4603854836002	1394.5081891316063	-9525.288718194572	-1
?	-1	0	61.04487463765619	-62.48882219432058	584.4295220558316	3244.092088475056	1489.4207867136154	2880.414960093244	-1
?	-1	3641.6416657960162	59.50197673881119	210.71779374554993	669.355168412543	1340.9462757779297	1538.5289371362705	6745.325194375309	-0.5811360711712438
?	181.0820832898034	0	71.58076432493384	-19.135335208312664	651.4768358447291	-229.09476752327592	1826.6870464323856	6868.180201444091	3.5278284991717968
?	-1	-3641.6416657960162	58.54520997839554	-261.1655513686472	657.900430036379	6415.060410660687	1881.93794720848	3325.8628264405643	-1
?	-1	0	58.522486756501294	-47.08819902211904	972.229856377768	8313.079854252497	1992.9801877544162	8650.440617510167	-2.4907438940590985
?	-1	3289.986665460261	56.190800027289555	135.63413643801488	1073.5544227490097	4254.045220962936	2314.4599780839944	7374.725480039697	-1
?	163.4993332730154	3261.334038558899	65.30419357840214	425.5338204710713	1184.9321174259178	-11761.95894377584	2361.7164617564063	-11162.37458960051	4.302234041162436
?	162.06670192794726	-81.54397926710541	77.46749105084342	85.05721770983591	485.4564755602093	-14788.420311854945	1756.341248603961	-12018.520152118865	13.847543314124156
?	159.42213430966007	23.15012012227636	69.55705446389399	-309.39071178748407	445.51110183316007	-807.9482971435344	1760.7904541504545	-608.1793517492274	9.91370927871967
?	163.2242079340611	83.58995511778568	61.997955461469	-81.06297508303668	445.059060703032	-1389.8743677684304	1725.9322810164992	-1007.5372976423744	11.193288798218536
?	163.6016320655494	-123.31827920300039	65.5039057097421	190.33942007857775	376.01738344473756	3991.8220233257844	1710.413589268335	3622.771861368518	12.21992200921922
?	157.058293973911	-552.967380577344	71.51492646539802	117.86267508795706	644.650161869324	5808.502800099672	1907.0708740849277	4022.732068331695	12.014534726174714
?	135.95326303668182	-965.2133977082132	71.39703946414004	-115.25205584996122	666.4425234497253	-168.11248997245673	1911.5501926849226	1337.147667955218	6.439257162094398
?	108.79762408849965	-2739.0652607335974	65.75232367289988	-293.4086380111283	636.2445373707011	-949.8881514978986	1973.9282574826896	2900.350284558435	2.4122460463802766
?	-1	-2195.9524817699617	56.726607563583414	-220.6682555982293	618.9481158748297	-238.72696423539426	2056.5677069128465	-1862.8321513116462	-1
?	-1	2811.7567123741696	54.718910892988255	252.17853664355272	624.3081891589312	-2556.6869973227085	1880.786649917106	-19643.999559815333	-1
?	139.58783561871047	2584.7200791709347	69.33553439576123	245.16918153554377	491.11376600869244	-2437.979303241768	1074.367728922066	-1504.669552030065	13.695878477823143
?	128.23600395854857	-242.03370778543555	66.97736996976562	-143.07221598153527	502.4092239968411	-424.5922420162352	1805.5531723156016	20301.9878180997	11.515100356371235
?	127.48615022943852	6.192233713520548	62.18192359668436	-84.63959341213517	469.8841539078804	-2172.4905770094424	2089.4671198270653	3232.0319800241346	-1
?	128.5456156442246	402.11763226929344	62.7453902991588	98.7089896685926	393.7846951463674	13.805251075229794	1967.1547713168106	2470.3420540212587	-1
?	147.59203184290348	1225.4098414829748	67.11737308011406	194.38927228651275	470.5744164616419	842.6919211217427	2212.98422252813	-5873.016618443633	11.883552016089892
?	189.8161077183742	1539.2529427058967	72.46485391348458	81.63978617318858	435.91929120245516	28.266865839601277	1673.5039403946248	-2478.6410943986643	10.595658642224889
?	224.5546789781994	1067.7068768192846	71.19936238877355	-73.0266626256947	471.98775975362196	1127.2612623630016	2089.052167808195	-3836.2212433408467	13.49663737813874
?	243.2014515593392	352.02995258945816	68.81352078219979	-257.747086916896	492.28235432060603	2088.472052553766	1481.6928782275797	-3668.1157746352733	13.035313553612903
?	242.15617660767256	-4884.029031186715	58.31200804292857	-357.5958710872016	576.4113623813117	4140.497003405501	1905.6463790764287	9836.083974934942	-1
?	-1	-4863.123532153382	50.933727227839455	-7.273516243897728	699.307204490884	15958.902402310427	1973.4970769743338	17271.618083271405	-1
?	-1	0	57.948332230733676	244.7767596370725	1374.3564824968444	21409.919030743913	2769.2272832400113	19163.15122769756	-1
?	-1	0	63.17256520969325	167.12740642781486	1769.803156028095	10295.644380410495	2931.6546383592254	2347.4523863597583	-1
?	-1	3346.9531935930263	66.30470255212454	141.52009205141138	1889.1387015173764	-18646.845780924807	2886.599902558001	-17682.217773876237	-1.1862748852778693
?	166.3476596796537	3057.7448818513444	70.24856981226392	119.83928116355486	837.4608669818413	-24430.847174002858	2047.543749665401	-18104.633987189794	4.089618417339158
?	151.8872440925694	-531.8953900981727	72.29666661030237	40.08784468262547	667.596342817216	-8509.910227279888	1981.3682031984983	-12755.661719193218	9.809212891318811
?	139.7528901747447	-428.39762496319355	72.25296204639523	-20.281258997218284	411.96535561784077	-1165.6447826295055	1409.760663705731	-7082.691152727197	8.9148118775259
?	130.46736284440942	-310.12735776975217	71.28260366044144	-101.87666166250207	609.31410368574	2365.6518379341874	1627.2336455621335	6034.233691608402	8.831339361018163
?	124.24652228625686	-2629.347256888151	67.15912896327005	-224.26616237143472	530.2479475145518	-567.0173582479821	1711.4723482861555	7043.380516666798	4.13959189441477
?	-1	131.0381808936749	60.06929554186954	-99.50860436722351	580.9632357733404	-2091.2178518783253	1979.4026713954784	8271.922574075552	-1
?	130.7984313309407	2611.8413013876225	62.1836987449088	60.93089794347391	425.68705492063407	-4718.111854321499	2125.068476989939	1175.8142872871183	13.072127661994417
?	129.59206506938298	3.794385773765558	63.11584043904328	-180.3226786343147	345.05764305726217	-1808.771377672961	2038.193385759835	-1945.1046487977187	7.859591729075392
?	130.98815061962898	123.47069497824232	53.16756481319294	-24.20744622371765	335.24848603698473	3038.6776242323913	2027.8132445500516	-8986.319303766008	-1
?	135.7655998182952	-35.37075202620037	61.90546812785738	407.3813742942268	496.9915242688839	7034.999774778276	1588.8774205715283	-17134.171278491638	3.092862696545922
?	129.21961301831894	-397.8938913219293	73.53663352790457	142.34135983652533	686.9984747759036	3927.7012924299606	1171.1046806254576	-8222.092106554306	7.5236930945912395
?	115.87090525219844	-486.9460355558367	69.02253611968375	-187.59636611383274	693.3765888903847	154.83095460975855	1177.7728152438071	1373.284586541325	4.732882864326706
?	104.87231124052676	-332.77858101056563	64.1568152222128	-201.57837391882066	694.7400225063916	-309.6710409935874	1239.7689099525248	4618.077704496621	5.001831784002171
?	99.23197620166992	-2117.446224810505	58.94361742374257	-242.0354077720364	677.8930368407051	172.89475080886615	1408.6767004686415	-568.0841457757616	-1
?	-1	-2004.63952403337	52.05504483361081	-198.57124736366276	703.384760046835	1971.1628047600304	1211.3647026637364	-713.6953259531255	-1
?	-1	0	49.015055055559294	157.26691517334362	776.451177078708	157.50044330458425	1372.9919341709847	8556.996880686304	-1
?	-1	0	59.9183905922781	232.17402255399006	711.2597822120644	-2116.005626312046	1639.2145466980576	7626.77425871239	3.506849558366752
?	-1	3559.5949062194313	60.62375618325896	109.85389389607619	670.6508957631042	-4678.812529245759	1754.3306471066096	6891.178022627975	-1
?	176.9797453109741	3441.149191359266	65.41108528708199	168.49912416907688	477.3191557497731	-5611.091523926316	1983.7734478294612	5441.79525424453	13.64710891779054
?	171.05745956796574	-801.7139695753451	69.04871239171293	-86.36062975762462	390.0963195667845	-2664.6990545204626	2026.42040981884	-161.20730240733562	13.968569479286252
?	136.89404683220627	-664.2684732845734	61.093053799200696	-69.55101288155319	344.08420302374805	-980.5892573834225	1975.7130827090944	1069.9062776683315	-1
?	137.8440359037366	578.851536821691	65.57116174763522	149.8132390295089	341.06685669761265	70.78613096441599	2079.9157237022573	3874.3513726877195	8.049857967938527
?	165.83662367329123	1332.3549978358503	68.58371575067625	50.319859694047146	347.6235095719689	742.1063885554471	2169.430651343483	3034.7744414212525	6.726210543677321
?	204.46178579553006	1251.4877285788718	68.08715473233761	-135.01408094794348	378.17217612538553	-188.7672214266293	2231.654445773322	239.82493165848268	6.204096009869937
?	228.4110101022357	-4109.235715910543	61.83301170327898	-312.98057954121515	338.1851485006373	-790.140166035966	2181.4218979264074	599.5093811936755	11.771525693462198
?	-1	-4588.220202044649	52.43812575527663	-178.0804843890313	338.66516782358667	3250.2194480242274	2261.6299148330063	-3390.14548848065	-1
?	-1	0	52.928987483827285	213.07447488343664	500.696120901851	14067.74839282296	2011.9146235023725	698.3055831997073	-1
?	-1	0	63.091849499448614	339.00345789433516	1042.0525874647446	466.8231342741628	2296.545193992992	-8758.697424999158	6.926173283365022
?	-1	0	69.87916037854429	-141.1877344537832	524.0372776155595	-10519.55595002927	1573.9797522524084	-14107.397039953288	1.4312555353381196
?	-1	0	56.03246277675935	-348.87071929246036	516.0747899632737	618.4773621745925	1591.1753419953177	3186.166855530264	-1
?	-1	0	52.43562441392102	-64.85671632313462	554.9611457242895	2132.315172996006	1733.2880950289239	2956.5860449274023	-1
?	-1	0	52.789626960602575	-117.57157243571984	622.6905486130755	-195.74424869164835	1739.00464424169	-1216.5832457078532	-1
?	-1	2735.860574370016	46.55704579213494	-36.2332886852119	545.173933289707	-909.4666126082741	1672.4589327435303	-238.20113803206485	-1
?	135.79302871850274	2613.6676178351468	50.977962526341955	516.356180252053	577.2172179826612	-2939.0998411801756	1727.0945873400865	-3296.734604437423	-1
?	129.68338089175919	-170.71834613393278	72.37485480473796	169.47006344886645	398.2189412306961	-3764.2829676675033	1507.6222025216568	-5016.3492120014525	7.432539931717757
?	127.25711141180598	764.7161791144804	59.4514656987854	-116.46697974012147	389.0030695992833	3165.877566121014	1476.2771267400103	2967.9196493446066	-1
?	167.91918984748375	957.2831623393021	66.55150581773181	255.56017320273446	556.512819536749	1649.2496575364787	1656.0181849888893	7795.609956202396	4.040074189490059
?	175.12126952877176	256.03523175454916	72.2294743589223	73.19557098335774	471.4655524761084	-3522.96188777491	1866.0576245501356	-1802.583273531997	12.503094648574205
?	180.7209514352114	-293.8069958095734	70.21128436689975	-118.39542623308151	380.364725148001	-2719.3479112771092	1565.8890213122882	-2148.4528110076612	13.274189004326487
?	160.43091973829289	-314.79355724056694	66.30970304726814	-12.142511132469847	335.49815691225103	-746.8560847922637	1758.634983999751	11393.068498399982	10.717713899516426
?	164.98127357318282	447.814401212077	69.60415881027625	155.17042803609746	343.0219209083873	2674.8798021021985	2135.5424462322953	3147.002670494472	11.763191803266285
?	182.82163979889705	434.3864686459444	74.06822444907313	37.358484968623635	469.24214701736287	4719.28016564821	1915.985117524477	-13055.70957894318	11.277106233241469
?	186.70059700548035	-475.87326711704753	71.47208305870745	-147.4892570639817	578.9859291908011	119.37603926202145	1482.756967285127	-11089.144709919585	14.425114472739319
?	159.02797644304434	-1131.418929577113	66.69376159587394	-42.434972147969994	475.210948980464	-8.622695230371724	1361.5278820284898	-732.0689775298238	8.541814157223817
?	130.1296505266239	-821.6842684985627	69.35033445130893	-2.458395068549884	578.5547944292825	2233.8856429351144	1446.1535184086354	4691.204539158777	8.760578557686342
?	117.94376301811562	-2622.5930105324405	66.57084184244644	-114.55719887835919	586.9052311272213	1339.8083511555606	1596.088108986432	6848.8036437350165	6.214440090073854
?	-1	710.631774347212	63.62247450739088	-73.13547101599421	645.5452119870615	3496.2015444730814	1788.593700595391	8683.343815661829	2.0808459927710743
?	153.47535173547672	2720.3239971018	62.91406829164668	124.07328695477085	761.7153083508779	-4474.871519461799	2030.2552997695295	-1475.608162311698	-1
?	135.01619985509194	-436.06602221255633	69.82613885512951	160.5075740579882	421.8016360139684	-8162.184553810957	1714.813292479805	-547.0323590458852	5.43718053998291
?	131.6720506248486	-28.676617502245154	70.9394469945462	30.82956076478253	353.6060806603242	1793.9104189294728	2002.9036818172349	5998.958200306275	13.840404062166451
?	133.58236897997966	80.60764265372767	71.36761689336866	-53.74119697055827	511.4971569604433	2870.1943765916644	2014.7612024951231	-5125.312068630947	15.158405855829292
?	135.70243275753504	-2691.647379599555	68.25238714601825	-267.4873558287101	497.1157994899095	-1091.4139678893825	1746.638078385684	-8469.227126502176	12.91303822133537
?	-1	403.81166168128226	57.99324910193297	123.66406264279044	456.9264585659734	-858.8811159205367	1591.2998461700083	639.2305593622405	-1
?	155.89301584159944	2842.5788222324995	74.43559027815786	273.3769880725935	454.17174369388204	-647.8884464234772	1778.5996063537964	4355.765145193952	8.313709239720145
?	141.128941111627	-588.6539831778101	71.66209850556284	-48.87362834120681	424.5320362447991	1179.9300408088552	1809.088103429709	-3311.4651672731848	7.314843098779576
?	126.46031668270851	-2842.5788222324995	71.99190886109749	-165.9794518682485	513.1682457343256	2948.332242942012	1613.0263479901348	-3847.88421080073	3.150450408861137
?	-1	-2549.206333654134	63.363125912150295	-301.8822673211571	571.9486483919018	1255.6586732014061	1616.6938928896698	1730.1712200751836	-1
?	-1	2533.9857435408458	56.89779549503942	161.83805031828317	575.9511793943968	-607.6794565811899	1699.5349089938952	1365.1393332454763	-1
?	125.69928717703958	2482.5572764695194	71.45502842806428	167.55613190221754	541.5646755628429	-946.3570813206322	1684.9508595519421	1729.2606665105068	11.033756896892115
?	123.12786382347772	-49.771749496864715	65.27560209015041	-323.8158648380515	528.6333253283646	-376.9105922814075	1785.9979423194218	265.24156346235566	6.387191590878597
?	123.21069970219631	8329.240332837051	55.26423518616148	-155.95248799528298	522.7191459487723	-1204.1897009986735	1698.21293772506	267.0367231748158	-1
?	539.5898804653361	7814.094733867085	57.477977690386155	69.13128708275495	468.42384027843	16806.76073825691	1799.3497784781628	13432.532679095253	-1
?	513.9154363955561	-7529.833978223466	58.720799540299275	174.8015788931307	1363.0571828616298	1189.786578539819	2369.8395716798323	2487.051460377239	-1
?	163.09818155415743	-6918.494842720045	66.21805663504281	284.7444854004346	527.9131692054218	-17651.134808634924	1923.7023514970265	-15093.870143799895	7.424376284909182
?	167.9906942595489	-3281.963631083102	72.95802381032121	-136.2530003855614	480.500442429871	627.2219079585491	1615.1460644898268	-5944.201861036601	7.202876419913094
?	-1	-3379.81388519093	59.40540661576465	-205.02060570467413	559.2742646033497	911.94649150496	1626.4922584451922	-3908.0812490339977	-1
?	-1	2033.6155183809467	62.706993525087356	216.3453843869906	526.0977670051196	2072.4873986102375	1419.7420020381242	-10452.998631196248	4.196884320520277
?	100.68077591904878	2133.439144171641	70.22267583511433	52.37741331268591	662.8986345338631	3961.6495276258893	1103.8423268853724	-5852.065029652062	1.876770513888037
?	105.67195720858356	205.22901313650456	65.32586419072169	-105.57312135138935	724.1802433864169	-398.37179510748115	1127.138750555517	-849.7391384997006	3.7573142991030486
?	110.94222657587416	-2133.439144171641	64.94401976754479	-147.11795223118574	642.9800447784887	-596.9248012762665	1061.3553699603867	3263.929975759469	7.912834517743828
?	-1	416.5456811309139	57.969966579162296	94.59630282259646	694.3340033226032	-4697.226775983838	1290.3352493434927	2991.7047148667675	-1
?	131.76951063242015	2518.7412391797666	69.67383490867468	301.22377297348277	408.1187059792935	-3603.2864688495793	1210.9406057037272	-1599.089794567567	7.1214337549149676
?	124.93706195899013	-246.74252210882392	73.03115522783665	11.657201035232395	514.1696798801216	2211.278849987423	1210.3807596151132	-8513.565744925694	16.815220353996505
?	119.43238452697878	-65.98318208577857	70.2566949604363	-239.13701284620345	518.6826484786662	1072.2799243138372	785.2623184574364	-6537.179817958804	8.177330617319024
?	121.63790285470115	-149.8714441843181	61.074304585526306	-22.865067258768722	567.7836760958143	1377.8295085637374	883.5217687171684	24287.655874662407	-1
?	111.93881231776277	-290.4525049009062	69.11344159749785	127.46464532388008	587.5741239068541	-275.3044476494717	1999.645112190574	17464.68589956281	12.926524993307085
?	107.11527760965564	-2258.776246355223	67.4475368517204	-225.81691999111789	554.0184537133405	2654.6662867572522	1756.7560636953212	1470.5330090543903	8.534733540641538
?	-1	596.5270577516526	57.8225955979418	-218.9573780786998	720.3074382447186	912.6104315380219	2073.1717626432946	529.2252746006686	-1
?	136.9416304972387	2395.30935393737	56.499667947785255	236.11248524343273	599.6489752902422	-7360.628799886727	1783.217327425355	-655.815380320855	-1
?	118.7654676968702	-697.9325086582236	69.6282198601136	117.46941220220496	352.275998250377	-5018.957810390138	2040.3809936272514	6643.044420360326	7.314827524131596
?	102.04500506432701	-372.55307949984723	62.37313855789559	-125.83304205275275	348.70108477073177	206.23664458958777	2115.369548443376	-2898.1564416090437	5.527521557901598
?	100.13781372187758	-64.37329139915983	63.336567757475876	141.6156205593742	362.5878304798565	3096.551204144065	1895.4731715467972	-9570.706121941885	8.034995943294225
?	98.82634049436898	-223.81412908458793	69.4539195858644	95.28442966275954	503.52864497793723	6907.924057542373	1636.834242346275	-10069.673463892934	3.634576110412661
?	88.94710726764802	-223.24547691606705	68.10078924061392	-212.05015277975858	707.98403335698	2501.7217643341824	1391.9894983521433	-5328.080429150811	4.673227599003927
?	87.66406664856547	346.9121692668053	58.85141194687632	-270.0929353824885	628.6147331946481	-56.746311195226205	1370.4302208887307	2563.3287366201557	0.6339707204549573
?	106.29271573098853	86.04201358825085	54.5961424714893	107.16938009468355	705.1467177972187	-131.7495052300323	1520.155935183153	-5112.278071856754	-1
?	91.96616732797807	-345.2238217172694	64.20988095161057	147.8838372977326	622.0272579331464	-1945.0153640813046	1114.8163172958893	-3366.9899594838466	11.834264407806566
?	89.03152464512482	-1859.323346559535	61.99033433637604	-273.23797054392014	607.8959495931521	747.4500722570937	1351.8064372089582	9961.274943233879	13.525129348798933
?	-1	-1800.6304929024707	50.54798242441437	-189.65751695166873	659.3997615460016	2203.030286790834	1612.8800644575904	8397.715029981444	-1
?	-1	0	52.507458488792466	89.9472362790793	718.0474639326953	1222.0810523520104	1771.6921887080364	4378.996510531922	-1
?	-1	0	55.0453442383684	-0.06031273540756302	720.503814163603	11015.546564289773	1831.8298899841895	8339.799645713505	-1
?	-1	2776.328277967878	52.50444285202209	226.76342041344319	1268.8247921471918	4191.252274472292	2188.6821709937176	9546.786316846816	-1
?	137.81641389839587	2570.5145393692264	66.38351525904072	246.1311113189206	930.0664278872206	-18840.04187934904	2309.169205826537	-2173.6755543761283	7.911905743050326
?	127.52572696846315	50.33864028727563	64.81099841796829	-11.511499196787277	326.82269817972644	-12199.148034688184	2079.9983932749096	-2551.4386816346996	8.724426285319243
?	140.33334591275968	381.6716798198118	65.80794029920135	-5.169183908600343	320.1090261528027	71.04946235257684	2181.5972717448003	2994.5806044374176	6.5011794281153
?	146.609310959454	-2826.6669182551536	64.55253922253827	-112.83986165047504	330.37517129735534	12119.629977186665	2229.7274234967826	2352.680272274959	9.115240817733758
?	-1	140.47056226367857	60.165947216677516	238.88994026235596	926.0905250121446	5418.36251424232	2299.23128535855	-7137.278637697989	0.5323107819781314
?	153.63283907263803	2766.6192093870905	76.49703623565624	230.33928588108466	601.2932970094752	-6504.1723473553	1872.863491611878	-13372.276453673778	2.787831648366174
?	137.33096046935648	-3092.6567814527166	71.68291151073191	-339.1162846014773	600.8819076443749	546.650091397436	1630.6174626748516	-3375.879559442385	3.083463574272255
?	-1	334.53590822106923	59.541222005582135	-177.7168533232653	628.6258015793474	-264.64140049325886	1704.0695136397565	4121.3909475897035	-1
?	154.05775588041018	3050.6248407365574	62.79706884456852	297.0043211086555	587.6498376197118	-5382.799080559207	1836.6870100543397	7702.31335015385	-1
?	151.53124203683004	80.95649230900675	74.39143806101512	254.83927043081985	359.4858475513832	-4355.199642983244	2089.1851811474544	7551.694145951644	16.72866125935089
?	158.10558049586058	535.1858311666243	75.5390323661097	30.474704647283623	369.8898554705465	273.2626298704606	2214.2717173519272	3155.081991752441	15.447803170712373
?	178.29053359516163	370.9896555167567	75.91517329337933	-43.858379551614576	373.1489790449064	-173.30102247521475	2246.9392807350787	-2765.2405013174366	9.973014075907845
?	176.65506327169868	-342.26274841367024	73.34611338852893	-96.07330797214848	361.2248043467856	-616.0874153559693	2076.0096922860535	-4783.299306208992	10.456552645530762
?	161.17739617447788	-843.7642535434736	71.11150789477183	-5.433502034855942	342.3446082771075	502.7705053517192	2007.7743154246257	-4904.340212417795	14.133999218272717
?	134.4668505945244	-962.5325857739347	73.07443828678613	82.63841488651731	386.36332961437193	2647.1453172689553	1830.7926816651602	-4376.080833459589	7.145164251562562
?	113.05076688578046	4230.31102415361	75.24342863909776	-97.38518616017846	474.70187414055715	2002.870590203213	1788.9702737516432	-730.9429625549898	6.572739458005489
?	345.9824018022079	6392.396709676212	68.20517897877714	-206.1760740898341	486.506859124534	-61.618022608718356	1794.2455335374102	2105.5394224937863	7.296812075550846
?	432.6706023695956	-4138.807860218946	64.9346249346059	83.32999229534887	471.6209730101212	-1566.883697405571	1894.247244876334	4103.338938688413	-1
?	139.04200879125767	-5619.006942193582	72.37167859354464	200.8230835102384	408.16267425425434	-567.8290088661446	1999.4124804718338	-785.6704226838863	11.39789718403937
?	151.7202552599125	5544.596392432711	74.97577911011797	-90.89978283598312	443.22952256681356	862.3720680251827	1854.963723742139	-3024.0573689245525	12.233809526000982
?	416.27182841289715	1066.1324233793648	67.82668945174542	-83.25359486326103	451.2812776555141	-1277.7760831317482	1848.209612025604	4344.512468898253	9.659632190303416
?	205.0268764288815	-5223.341307018607	70.81309936695486	119.83685371611301	379.34071841022524	-2597.7465727698172	2072.189347187055	5406.253069523519	11.457314429973366
?	155.10476306196307	-1635.7424121437143	73.81853213755116	-77.915166159537	321.3939490170214	-1633.200213430975	2118.5222655017837	-1053.29683114924	12.438796138697995
?	123.23975582169463	-437.2684804613238	66.91734105897795	-10.722809128169633	297.6807077386753	2161.9233556825247	2019.524505629592	-1352.2661643926392	-1
?	133.24133903889657	146.95092724176382	73.28239168114267	116.65014078574903	429.49011680114916	7270.432118807588	2050.908957282151	-6808.679082318248	5.154404424800555
?	130.58730218378292	-122.43434644642005	72.74984809826549	-81.70955619436595	661.2023136790599	319.11042767079834	1679.0905515136749	-10757.731047392095	7.069438762140888
?	127.11962171657548	-2631.746043675621	69.19691387142431	-261.1742486143095	445.4456381846893	-2188.7377941261398	1513.0224049125384	-2341.1523417626618	4.259349586043312
?	-1	312.1840452071204	59.69113566754983	-144.43500426252876	551.7654239727514	3867.596402045644	1562.0329344255401	6679.724456846267	-1
?	142.72882397693172	3477.145450013038	61.975163658297774	259.99516716329083	638.8254582869743	-3914.2784435527915	1847.0086277548564	3442.736557371555	7.243199136616391
?	172.85727250065437	1139.6282698973132	72.69089402571456	239.60795179852454	356.051501795109	-4672.137208903051	1734.1697622941203	-1254.1496211374538	9.257391436170556
?	199.7102374717982	356.5870038194817	73.95556124822417	-145.05723800768115	405.2185978418184	8529.644815524049	1784.3011466979829	11674.959562480419	12.61824251937724
?	190.6866226916287	-1131.404085705485	65.4380321253304	-91.39594471530968	782.5337425713175	2571.0730161632077	2317.9177404181496	-3083.6656371579165	2.488502064281098
?	143.14003318652314	-1419.0985120604616	69.38576401245862	156.06650143661204	533.7722486499806	-5847.931881488423	1630.1178648400848	-22756.23845024211	3.568946727905749
?	119.73169708860462	-471.33550456423035	73.24135719716111	57.11362469144892	490.13714849689217	-1998.2378652525085	1180.105817906028	12908.128222256895	-0.9535005224607696
?	119.57325795831129	-102.43015408067518	72.24144524703111	-69.09104803445489	433.86035538735376	-339.18333904298464	2275.5242759529388	14307.982785592678	10.979077609327376
?	114.61018938457079	-128.8141662254272	69.78680479543831	-65.06792751092455	473.1779815447427	1226.249354420657	1895.504957185672	-13133.049877311541	9.167067007990402
?	113.13254964703984	172.11169286284684	68.98804887148484	157.0754908802164	495.1728231083875	1001.4072339647504	1618.8717820873524	-3189.4623519749075	6.525135030527424
?	123.21577402771325	194.55446106117031	77.64057933944925	-5.408326649537039	523.2483432429809	1266.085101057039	1736.0318395869244	2156.7333145411944	13.484227842852022
?	122.86027270009849	316.1983694792736	68.71763253900798	-275.90659100107905	558.4770781612403	-662.981567666653	1726.7084478144136	1254.9762368967645	3.2869151109270485
?	139.02569250167716	495.14245900915745	63.8452497893951	36.846030972375885	490.0992648596478	-2250.806699681891	1798.7806514317635	1572.2123760483378	-1
?	147.61739565055672	148.08842985247753	70.5599340876268	255.66035624586112	445.9367431771442	-1221.8001210529915	1805.3190666168316	1165.3287514512765	10.170190946543169
?	146.43011399430114	-357.24858940478674	76.62826760168834	117.40988316395946	429.00925880699737	-638.9639769516816	1857.0470890043282	728.5485166369186	8.720304987879345
?	129.75496618031713	549.277724585191	76.43042824582486	-63.31736046354303	413.98854432955966	-1068.651334252765	1841.746492448678	-223.41886654067048	6.803774959895078
?	173.89400022356108	1060.3203130053398	73.46239957851114	-34.55403421719475	375.57669209435835	-675.7782334974577	1845.8761456772945	-306.76036160663006	7.724179294034118
?	182.77098183058487	-593.9038658044252	74.7027265349651	-99.68764313412862	380.1996326546863	3291.251031447342	1826.4084743683463	-1048.1307405766106	14.422759082317517
?	144.1988069333394	-725.0687793803256	68.47801742180464	-72.41635047178431	540.1392436667278	3641.582295871015	1793.4696086484632	120.49644395818007	2.039438977714879
?	146.51754286156807	52.441758451568425	71.08190901137583	-97.10166998830378	562.2787474482396	-1846.2445447141067	1832.4332965662554	-1987.8435428970024	13.371927009649129
?	146.82089485591786	242.62986095273786	63.62293392238938	48.220201280166066	447.82701643102115	-1631.8986835232915	1694.0774315036117	-2216.8128439279467	6.9598525077962305
?	158.64903590920514	238.5642917916954	73.49291907538417	145.32467392414608	480.6838132720739	-553.4803120460664	1721.5926543698565	-408.2048313503934	11.51103569633603
?	158.7491094455028	-19.77981618632811	70.88916761859679	-285.3883608120028	420.15300082871744	5611.861089544795	1673.6671899360917	4336.263848678806	9.496088499012453
?	157.66004509988872	671.8074804067983	59.22350103478382	-132.3679773580305	761.2768677493176	40.16527700939662	1938.4058468038	4959.111676961823	7.258998194770857
?	192.3394834658432	336.7044060088043	64.27076875069517	216.24473682003617	422.1612646791873	-8069.974683845938	1921.6227737841864	-1801.3260810193985	14.0398950817644
?	174.49526540032917	-1084.195171865507	70.03573787578578	94.47304272201714	357.778133557015	-783.7813710494484	1848.3395427528287	-1386.1680874276028	11.33859747430551
?	138.12972487256707	-1006.1729391530494	68.99442088679609	-66.10509828584404	382.9721961267143	1094.4656519839343	1852.3143694128053	445.8183757527541	8.051960794314997
?	124.186618442676	5413.687579302861	66.73048296149354	-86.71237524435885	412.5014161562125	820.1881145487126	1870.6304615404667	1206.9878752183297	8.268995321145969
?	408.81410383771396	5148.31764194361	64.65880212457809	-83.2863313201916	423.98160185415054	-188.5960754587423	1912.6637631737226	1048.7041918452164	3.5153540507342877
?	381.60250053986016	-5651.185832266386	62.5661663954839	42.557583697867436	403.07161238327524	-594.3101736470653	1923.0656711327283	603.2384913663287	-1
?	126.25481222439066	-5062.691166066452	66.78668130947149	-9.315495066068431	394.26609317179685	-763.3229750499919	1942.8256877420395	-88.75230195127516	4.539220993241992
?	128.46794223653396	-2545.096244487777	62.10039164218047	-244.61413036276306	364.9054636307751	3305.626256335824	1918.6280560351645	2694.174913079549	9.218512020513968
?	-1	907.6405121285435	54.55597479133316	-128.0351721005697	559.5474059885904	13972.489649417135	2077.534433396019	8868.793512847675	-1
?	173.84996784296177	3366.984575765696	55.69863303715189	332.44768208566364	1063.5299461016418	-726.5910182649928	2362.0677316775545	8657.178863711819	-1
?	167.34922878828718	-355.88019746474407	71.17835889561658	283.72143491103736	523.2178550753403	-12377.230071704767	2510.393376581616	-30816.696701445017	15.165466773404958
?	156.05595796972432	-395.8633847938433	69.88470478270396	-136.4094982634075	444.6684425163946	1001.6304972442998	821.2328966052818	-12426.680605390808	14.60406970592112
?	147.55605954859473	7422.462490670195	64.35788398244611	20.395597400456886	573.299379937556	2808.964807965267	1889.0593463120667	11868.159377268956	-1
?	527.1790825032393	7375.325890896972	70.90448465272682	32.555909955263864	585.1166829146599	203.30101758274105	1414.640865468738	-6402.664614403302	5.920882444596171
?	516.3223540934486	-10563.581650064636	65.98567948020933	-226.71968817505052	583.4644308166932	996.6941936642724	1568.926115591897	15754.00733465784	3.531931075412266
?	-1	-10346.447081868824	59.568500243974135	-192.53081400110912	634.9513925978743	5662.706596638049	2202.341232201641	7085.475376920662	-1
?	-1	2718.583332977536	56.359138780153735	37.80488837092963	866.5997606485996	-1379.6438414082909	1923.1998844379352	-7339.27937068509	-1
?	134.92916664887872	2621.1235737142415	61.458744662520644	248.41750874266384	565.9692005274587	-6732.2196983403155	1835.3772636673814	-12785.074385413	-1
?	130.05617868571395	-164.65592524183444	68.7800142172871	158.76454485500662	529.988775731579	98.5069401936707	1283.9461651672761	-14603.317482998838	9.808281482482745
?	126.69637038678688	-67.11083296779226	69.39697190527109	-18.473305165258886	570.8945475371423	1659.5319483587277	1105.211389517429	-3393.545894950582	15.280999522614703
?	126.70063703732428	-0.5864807871912975	67.85634895902415	2.952839607811442	612.9653731495166	895.3859434779552	1114.2688704197446	575.6013195074647	17.46556598098821
?	126.66704634742732	-10.97179255824399	69.54461388566166	59.41506820137534	615.6638447110407	289.88937999382006	1133.9914554928027	1015.0378795057296	15.797594746157191
?	126.15204740941208	96.49757263940421	70.82710236909296	-138.38357598406904	627.4598421492078	232.93344208725227	1165.0207643950318	4161.042865151326	19.397861794776468
?	131.4919249793976	-2543.040948188205	62.62543508645811	-213.97399500578638	627.3105168154035	-1971.6659882429478	1342.043598750372	6541.429904927066	-1
?	-1	-133.0824304228643	60.128402618803484	12.967588737606903	528.876542737059	-5745.400366338484	1492.0922596413898	5279.8420965996575	-1
?	124.83780345825429	2560.1469643358505	63.273814523338466	117.64076917554394	340.04049849847524	-4372.226023335814	1606.0357035803586	5647.502436397892	-1
?	127.00734821679437	83.47878334333412	66.01044107758077	93.3701166833131	310.26524157026523	986.5413092997434	1774.4673814612884	4674.095428622724	13.52582761352392
?	129.01174262542105	-4.9166399150816895	67.94232035750419	16.83168119677565	389.3675639634631	369.1228991941596	1839.7404750114981	997.8660132389354	14.935201257155748
?	126.76151622104028	-59.70193997075314	66.85202513741956	-12.75160884975502	328.7213865299735	-1795.9016866714223	1824.3606821232358	-1248.197552941488	17.311734970659497
?	126.02664562688335	-22.96827775711445	67.30473991501643	-4.60085574146739	299.5724796298907	175.31289794055033	1777.3305973644228	-2060.4756752227995	17.111354183712987
?	125.61310233318454	-0.1692832949098009	66.62198235034619	13.216653770827616	337.4870314270011	3208.766958736504	1721.3368983620944	-2186.4410181583216	14.997966064417561
?	126.01818146213786	-28.374813162710833	67.96557260355782	89.33468334288635	460.0108275667182	3238.801500287613	1668.0085464565052	-3016.8162275077593	16.493671337220594
?	124.19436167504898	-83.67175415243105	71.08871651749057	46.81234148453645	499.42710644138407	619.4150721924408	1570.4960869867043	-5883.204159953496	17.901647586657308
?	121.83459375451625	-75.11918097650415	70.30618967778467	-84.61839437057328	490.9815811763407	-186.05476512843515	1373.8483384588262	-5240.524446961352	20.447000874487593
?	120.43840262622372	-52.49110150240693	66.85779679896184	-74.92259250833378	490.1243681849622	-844.0512827348691	1308.469864638633	3649.0245859909946	18.272211228126316
?	119.21003867939586	1.7400536867100167	66.56006005236793	-3.3821095289320144	448.7790170395966	-2560.2477866940226	1556.2995677583785	8493.775106566125	16.90371988354216
?	120.52540531055922	-15.706954608831214	66.68869132251524	-123.29309491381746	362.1119788502592	-1498.0478275617056	1733.1586199669453	647.9374070550692	10.130840829215774
?	118.4246909489543	-2430.50810621115	60.39540530667697	-121.6019301321185	373.8766256615103	6436.873081632168	1588.6964381111325	-626.4553167367105	12.30906761232174
?	-1	306.9186875701765	60.60859481590923	171.0539131706258	683.9556329318722	1592.2164045526029	1701.8358541301093	-9242.473449430263	0.5537461500438327
?	133.77062532746334	2422.792874383498	68.94810096520838	-56.02584311546812	453.48744588914155	3464.0239059163114	1126.5727656396127	12659.1192127076	6.628986655134709
?	120.13964371917663	577.606505780872	57.80730266013578	-52.046339154388306	857.1568282276902	158.36396276906729	2334.791814765498	14573.468246171631	-1
?	162.65095061650734	765.9485962854983	66.34578400748893	161.9290143096897	461.40564402759503	-8922.10963362412	1855.2461779482046	-7037.665126991583	11.004759154238272
?	158.4370735334521	126.20199131879977	65.90375337562038	218.91748402612168	411.0513465464778	-144.71035009825096	1982.908558415914	-6015.010359806962	4.0391176675962335
?	168.96105018244742	252.41112352616238	77.29165820879517	255.91154256490972	454.1701265226824	2063.847134564224	1554.4956599578522	-13859.193384497443	10.028971719757058
?	171.0576297097604	-119.35575526187564	78.69933050386605	-137.138333046905	514.2437032746905	-498.7149820446197	1289.948889191032	-3061.1501523466604	14.584714628676295
?	162.99326241935356	-719.1749077700757	70.43474155644982	-146.50846318861304	429.23437742045104	-2915.9751093351706	1401.438152340517	1102.7987002122134	10.018547902974433
?	135.0988843212561	-910.365574247141	71.3739073444353	-57.39003658691335	368.44494780792985	-343.390894522291	1345.0888242016435	228.76945975553684	9.988965642404134
?	117.47498370699586	-305.664229583524	67.56523972710411	-0.750472529501554	412.06483269433625	2178.8212978221936	1412.876625328294	-2347.518693335372	8.57602363680748
?	119.81567284207968	-28.84501266405282	71.33638371796022	19.989129743152603	477.3860126990411	879.4513963196346	1227.7128895348733	-7413.366918336259	12.580389143869732
?	116.0327330737932	-2416.3134568415594	68.56469621426176	-348.99748903316765	456.0374025103186	1223.7380836806924	1042.2082794114758	1411.2157713756624	14.215019586192367
?	-1	382.51380785803144	53.88650926630159	50.18267012900864	538.5729168830766	976.8035615043661	1298.2736781036574	4856.272738311731	-1
?	135.15842346669504	2333.706842792209	71.07382972071223	157.54239866795774	504.8775805855376	-1989.7480506919694	1285.0219163270658	-1467.9293929590376	9.895085673437416
?	115.6853421396121	276.6506664561337	61.76362919969959	-255.701702441739	439.0855143484767	-340.7157943040792	1224.8772084557045	2560.6516318409103	10.918184477121342
?	148.99095678950192	503.63145359488607	58.288744598625094	240.44484612767334	487.8417908703334	-662.1049714113016	1413.0544979191131	12682.808190125239	-1.207644413754286
?	140.86691481935677	-125.89051616585314	73.78587150608342	274.8756023244368	405.98026577791114	-2248.8478483777667	1859.0176179619755	10985.38276816113	11.543452757798224
?	142.69643098120918	108.73701819858427	72.03252471484713	-19.91915233443592	375.39939845144346	119.72090734943492	1962.3236363271774	1994.8278290992528	20.429839292729827
?	146.30376572928606	177.95122643043075	72.78991388936161	57.43324166396807	411.966311145383	1197.0558446841562	1958.7590094169395	-121.51601456521175	19.68947926401483
?	151.59399230273084	-1.4582656513857521	74.90418679804557	100.86011820345361	435.2521906856521	425.331893517675	1956.2478355989167	-1568.6656732002034	20.523543753146615
?	146.23085244671677	-325.615393976156	77.83291979953437	-4.589850167964975	433.232905821267	220.22377719240382	1880.3257257569283	-4056.9246785334976	16.84767870429563
?	135.3132226039228	3623.3730199339934	74.67469428964732	-137.49391961731138	446.26337954527247	601.9374000347722	1753.401601672239	-4786.34127836016	12.782008648112583
?	327.399503443419	5854.553720710415	70.9582238186687	-259.5997349087701	463.32977582300606	-179.3135657965874	1641.0086618389169	234.34846118358232	5.5417380877011215
?	428.04090863944776	-6567.9900688682865	61.69470754420863	-334.6012745236788	437.297701255443	-978.0273156973747	1765.1190247314182	3923.3955162027983	-1
?	-1	-5732.432643026088	54.22816009248452	108.04813153450911	414.42841003813663	7369.799127188208	1837.1784376490596	996.414475841197	-1
?	141.4192764881393	2735.6225685415625	67.09711412093417	319.2537515281383	805.7876576148586	2038.5370115051928	1814.9397485234788	-3266.128942014274	1.2549439014924024
?	135.78112842708006	-2848.3855297627456	70.19084766889166	-251.6437693758429	516.3552606133977	-5114.268709393668	1673.8719905483435	-1231.1796970965913	10.492071099672541
?	-1	278.18124425036956	54.51492565214184	-39.789372579670044	550.0742221451716	-3037.1728317081556	1753.3807636686483	6459.741230234494	-1
?	149.69019063959874	2843.20442781822	68.20137903990813	327.7620355595362	364.4966190279878	-4398.72764160221	1996.8590520600728	3755.4699095696847	13.28304475763273
?	141.16022139091302	-408.3932290614591	70.90302743011888	-176.15011329178463	330.13784006505796	19776.687192258563	1941.1542591471352	13967.83413165953	14.3907401065111
?	129.2705291865255	398.54051906417	59.393873375318776	-279.20311193598695	1353.33097864093	8113.326277203429	2695.2507586430593	7031.4120164068845	-1
?	161.0872473441218	558.2957598353062	56.94287183331934	237.57521445677585	735.8041539252351	-13725.58083115662	2292.7248599674845	-23130.684824673557	-1
?	157.1853171782912	-381.4289040712785	71.27263409815774	306.54070013725436	667.0519370830892	-6717.903721725927	1538.716517409365	-25914.278636082756	12.487437258819849
?	142.0158021405576	-651.8525241386153	72.26990684018227	-172.72794247728737	399.908967838934	-2724.1128769818943	997.0109281633283	-1440.6152763188925	10.324781806811462
?	124.59269097135997	228.4695659490946	62.63623697429325	-317.85992679884777	530.8462932339926	3922.49062212098	1466.6857535934193	17600.19340956614	7.972537466920273
?	153.4392804380125	321.0028414223254	56.37691050023966	114.47226489437008	596.0334989449858	-3320.174384220731	1877.020598641648	7768.505548721613	-1
?	140.64283304247647	-383.31601106017695	68.35985021901183	202.06909893009023	364.8375740229537	-4837.115020944781	1855.1110310295055	278.63862290301824	15.21768414874292
?	134.27347988500338	-334.2896659407396	66.48036544674432	-3.5504399781202727	354.17774789774336	-585.7246034635474	1890.952529786799	-3024.204612030833	14.454948709020357
?	123.92834974543925	-412.5555949480984	68.18232822010582	-94.58904788913806	335.5513438497759	293.16095663296136	1703.9008004279617	-3110.6712620561725	11.918362999504879
?	113.64570013759817	-2498.5669949087496	61.750913052287345	-279.047253414673	368.83579572939163	5711.81811890514	1735.4189666839882	7461.0437654588195	9.857738156572772
?	-1	118.53931004527682	54.22996554937197	19.28899210807587	621.142249795037	10174.570474457925	2076.952988700908	13516.686426196697	-1
?	119.5726656398621	2356.45809252874	62.71536265769115	299.2395471401994	877.5643194522951	1131.500550246478	2411.2532879938326	-10489.225580192926	9.481825455994779
?	116.82290462643869	-191.82865464190553	69.19194290638215	36.13861858622377	677.7172773073617	-8446.545034055107	1552.4917096912543	-13501.913941838475	14.007458689389505
?	109.98123290776668	69.88183354338062	64.52229358700237	7.039566728779405	455.23706774953376	-4396.61495124541	1736.1575909018993	-2543.148189696713	12.91456807372225
?	120.31699630360777	160.88864954977055	69.54392124282113	95.68563761817222	457.886529745088	304.4703559978884	1425.3343002064169	-9787.840380017025	11.796220141096304
?	118.02566538525532	-181.3815665769911	69.30657546791105	-252.25341401673344	470.4605855494284	675.3728740704623	1246.765571901041	-5245.541132795427	14.888932967066655
?	111.24791797475808	643.5525437987726	56.93125054198428	-238.1573807174134	491.6551734486116	1676.319795421183	1163.0572435666418	156.12425027616388	-1
?	150.2032925751944	634.2257483506263	57.39870643204021	282.1593096970075	554.2765753204888	-981.5978275605309	1254.5717844148494	-1600.3879276782527	10.798224972251894
?	142.95920539228985	-379.84345376095604	71.03921602683485	56.91992602524924	442.57528207058436	1470.2797388236281	1083.037847182728	16723.119968293122	12.844025193258013
?	131.21111988714634	-262.37551467182095	60.24470273330271	-75.04187610628158	627.7905622616712	-632.6755528636342	2090.7277828295173	12260.122080355663	-1
?	129.8404296586986	-302.81043549093107	67.28712222152072	-43.7686142031543	410.9415044274022	-5056.510067910303	1696.0439512005198	-8997.916102155059	7.012633776755142
?	116.07059811259957	-124.10372490352779	58.05627202314496	-165.3753766950408	374.96505886615245	1753.1027575061569	1640.831977721758	286.04027710305263	5.929649575084163
?	123.63524341352213	43.417623858875295	59.01835338676856	253.77838854943855	498.5966423027113	2196.3624849253692	1710.3459650556727	-340.04087778198453	5.348848105746758
?	118.24147930554336	7.930156878191952	70.74519145061707	227.04531661350077	484.7831831124225	-3454.870137782592	1623.8299338326585	-4449.044946161953	11.758688366730896
?	124.03175125743174	321.1989790583263	70.37061921744376	18.21155606900791	325.85313541357925	-884.3744575222614	1487.8937177475718	6456.283175394532	14.056690123293688
?	134.3014282584599	245.47392613856024	71.65576925406748	-14.868807830648125	440.5644602363088	1288.984157626895	1946.6440926023897	8230.678929959087	16.186413275961655
?	136.30544756435992	-389.8376415676758	69.62717882591134	-323.0948311509398	390.3023432949249	-1118.0753571612593	1899.427664245532	-501.50571213562415	16.34437829435933
?	114.80954618007584	-388.55486840654225	55.50102769652026	-100.81341819843429	384.660692378245	2895.3155882159635	1921.5688069956082	-13393.613072605027	-1
?	116.87770414403253	-114.15075650675087	64.58650791598956	92.62198637571824	535.0681227057252	5358.324525823258	1229.7470106152712	-399.8560733885495	9.581469356502927
?	109.10200835473822	-2357.554082880617	60.13212701530624	-206.23298127117272	652.5769186694117	4251.685388741611	1901.5760033261804	21658.569568526116	-1
?	-1	252.76508337681673	54.274858852430775	-56.16983630811495	747.6523921428087	-474.3778399656322	2312.6754890415923	11718.420546162375	-1
?	121.74026252357923	2304.6124379238436	57.32363519990045	197.93559413172932	628.8580266711298	-5890.253124890995	2487.4970306343075	-9905.153040457772	-1
?	114.23062189619381	-236.53506636444922	64.17163855901738	109.9211460904796	453.13973589825474	-958.9827010019371	1817.4178370186967	-23446.971610772114	8.058664607361848
?	109.9135092053566	-396.49179965296446	62.81969250442451	-16.16724706931043	580.9088916210322	7125.760458936899	1315.1484500956851	-5751.812434580224	-1
?	94.4060319135453	75.59556577879908	63.36327620555185	73.18154720212856	809.4277588451048	860.6124717596472	1529.8272152896814	-3402.518055961379	7.24377960345156
?	113.69328749429661	508.5202492869887	66.47876986453099	131.56659917671018	623.9395152090152	-5976.276026938478	1145.0225472976138	-4755.053789603004	9.007608775085545
?	119.8320443778951	194.81307258188886	69.94160616438745	116.85055834121873	510.61395749817666	-144.01015575228053	1292.0745258095278	1762.4521091980046	7.104586546747315
?	123.4339411233912	47.74193732438011	72.32129778159201	-14.7784080558467	616.7390074214011	3974.7766945948074	1233.1451527575152	8577.047666740264	9.375269044873068
?	122.21914124411414	143.80761804141565	69.2026857615951	-9.600646450329725	709.3527922279199	-848.9079360246085	1720.9269091465471	10448.85284332378	5.963839271023216
?	130.62432202546208	401.76827273559553	71.84126545907552	43.22471936859496	574.29361062017	-3568.4308525430097	1755.5877949237117	-9144.068714079675	4.4879689884923
?	142.3075548808942	-2632.486440509204	71.36392173002488	-177.5535954897376	530.9312496007668	4922.939020391014	1263.723473442557	7725.348211868808	7.995978565270089
?	-1	436.6510837419128	62.96358568458851	137.37611326695517	820.4405616397243	-275.7994965032123	2141.8552055171576	12585.743952853443	-1
?	164.14010906799015	3054.36605554586	78.23272739337274	146.23700855425417	517.141274775606	-6216.988172046485	1893.010671085238	-11509.544525489933	4.431548784477307
?	151.71830277729518	-627.8235634036187	70.27543611230132	-112.868087559258	509.5911530373956	-1658.7503914986214	1566.3779792426528	-3472.477988797114	8.20111857720479
?	132.74893089780878	-260.08908419092137	72.58932301540976	44.81738057616262	434.20375520067375	-2479.430369102721	1719.38677164538	5820.02504518602	6.544198828821887
?	138.71384856774893	-137.7315199409489	72.51630514110948	-190.8275889047205	385.6196345822578	682.7027327407956	1857.379231501958	2486.33678295787	4.789475490410228
?	125.86235490076123	250.26216424103993	63.0479435701736	95.54323815148086	468.338891837714	2080.9843571336955	1843.7036107932752	-238.99113712664646	-1
?	151.2269567798011	802.3241499134127	77.2934670486836	261.9386009866932	489.66885243894404	-1038.8593410010708	1845.4296746456255	-728.9019627792446	5.174578207490954
?	165.97856239643244	963.4387650227649	76.14487361950845	-34.60008777858783	416.39592478765974	-1965.3714571356265	1807.2585126543124	2884.937168538163	4.913644189207035
?	199.39889503094003	448.7733167094352	75.56346265975418	-159.45585695810252	391.4002795821613	-1033.2082063033477	1989.6765330725357	2609.495189444423	6.400723762723176
?	188.41722823190452	-304.1292427321937	68.1720807716032	-16.051515800719528	364.7355144724916	1351.43007047505	1937.7332721265354	-4778.795371077949	5.630859433512314
?	184.19243289433012	-673.2380023796663	74.76088686971819	216.32075485560966	458.97178310591477	2066.015944714549	1750.7367645186348	-2578.971133579425	5.278554393468272
?	154.75532811292072	-1255.0289096921279	78.98811851438384	-18.158356765128215	468.0363117082205	1021.8758201996095	1808.7847154475623	-1111.9068057189431	5.178127974304556
?	121.44098740972284	-822.5929351637145	73.85296903146177	-151.64077529869115	510.06557411589597	1265.1826882336584	1695.1414242326869	2289.793570673277	4.370493032439235
?	113.62568135473441	-124.49137645496018	71.40607974944918	-227.24958568989197	531.2954461199043	1015.5743507788103	1923.2743939812278	-4684.93114761037	4.183816893310409
?	115.21641858697474	7148.182902566958	62.49048974696701	107.93531855487703	560.8442916548372	-602.9646733074941	1460.894866852165	-10559.824519820322	-1
?	471.0348264830874	765.672747743425	76.8028456771931	232.2999825956381	501.1472124545292	-2007.544867597718	1395.2831679902042	5872.285073550891	2.7764821989474937
?	153.50005597414653	-5752.487129780792	74.10548887674908	-59.7640543453781	460.4670482749499	-1859.7665433520078	1754.5091205297138	14263.14315682035	1.6279784587600752
?	183.4104699940437	668.348884617563	73.81464295992416	-158.63286911716077	408.1588852869275	-1013.2834435151066	2108.440325831232	5209.224145500119	7.472031580814702
?	186.91750020502516	-3688.2093998808214	66.17384542089093	-192.35133382479614	409.80287609919384	15678.523021994893	2014.9703278047234	10995.157664213855	4.252719968679778
?	-1	-666.7219452241269	64.19707626868421	35.648598075844184	1192.0850363866832	11765.266192264577	2658.1982090419324	2570.1881242940317	-1
?	153.58140294381835	2599.755374759861	67.95627532468316	176.9214181950614	998.0661857124311	-12308.69745582526	2143.479734019427	-16711.854599427425	0.947733866184599
?	128.98776873799488	-719.3337955135542	73.04314717843741	84.83189503829514	576.6501635954114	-12013.435793681308	1822.6054790705493	-11947.562378719407	5.813867706777069
?	117.61471316814013	-403.63174103572896	72.19787007659798	-68.14597852698103	397.39439602835716	-3480.396069955055	1546.101615083448	-4102.565198086355	11.807028106479844
?	108.80618168620815	308.8566586770493	69.63584825208831	-2.3884961302462333	402.6303600976562	-1800.3984349400769	1617.4772191662287	8501.490391889018	8.764686934522903
?	133.0575461019928	517.7474291599325	72.07844527008567	157.6383620883286	307.37447428135204	-628.2515113584772	1971.1761346779049	4637.9389686933455	9.365592215480145
?	134.69355314420514	56.631480349895234	77.51776635650485	38.62513564467266	371.2177845297319	1688.0420199162481	1849.3741676008992	-4706.385668583544	9.121958104455441
?	135.88912011948761	-2713.871062884064	74.00970205231933	-227.41036565008062	391.77657527716565	-39.3316580358777	1735.8568512487243	-447.5454765880777	3.98028395781054
?	-1	-288.78452679599764	66.14724807400066	-142.50490249086593	369.251201627938	-851.2995619078793	1826.996893771495	2433.185324424837	4.012518613128722
?	121.44989377968753	3151.184087882359	66.88445692777593	238.46045198893566	349.2115971817711	2709.2114272072595	1857.5161174699679	9287.724924175109	6.269403927736871
?	156.5592043941202	772.2115389496319	78.07027067344761	131.28092843120112	504.71177298830287	4550.922462778774	2291.383139980257	-3489.6023139028152	7.54942311629771
?	160.06047072716967	-502.4763818811291	73.44850334933608	-124.05816664649956	576.757720320713	5541.275631188176	1683.0360017748246	-11099.010560322846	3.572927386365534
?	131.4353853000634	-844.2059530484129	71.86736234112254	36.424085539034984	781.7755545477156	1966.736881693111	1736.4326119641069	-9542.069271065944	4.4590708567556945
?	117.85017307474843	-476.50965227813833	75.26970762628785	-11.605550274360729	675.09456440537	-2760.457431514755	1205.9325382215206	-12230.148419734258	7.977515383031459
?	107.60990268615613	-2377.0034614949345	71.2870848274045	-295.6755453852131	643.7526829719759	390.1413704519781	1124.9251909773852	-575.3506689309515	4.441821357867583
?	-1	-2172.1980537230916	60.48593035702699	-143.26818115230162	694.6016329279692	6673.0608637274245	1177.1650047749727	20481.854838361767	-1
?	-1	2818.0820710386074	64.12367576978932	242.96083145480762	977.4057261583519	-4535.161383749202	2149.0179328954882	13556.18749621265	3.279402757515627
?	139.90410355193237	3364.9275008193986	72.63397192976754	278.76620272697977	467.84356374050583	-10824.972284360738	1854.9743795856148	-13399.276667237691	9.155596220550175
?	167.2463750409723	1570.3507330472107	78.0619859061385	-171.80632996785545	436.15711194030723	-175.21506501985618	1479.0540995335941	-2277.850980233074	13.159858835998204
?	218.42164020429402	203.36874207965474	64.04365543137465	-29.806011269745486	459.0828104895129	5171.818057060897	1741.0818305739595	-7132.495025124048	-1
?	177.4148121449552	-910.8729924757979	76.57168534265121	207.75968223598983	694.7480147933558	5962.21274746098	1122.4293482773867	253.9566086861178	11.935402522615673
?	172.87799058050348	-3568.296242899053	74.43163954317429	-198.24242729242005	757.1934478625661	2014.689395599963	1753.7796610082655	22248.581871604652	12.963418557875789
?	-1	-3477.55981161002	66.65956397803006	-286.9216851194709	795.4824845733554	-2655.683049118903	2234.858441857635	1501.733738027198	-0.21710441711224004
?	-1	2960.1867986442544	60.085555287200535	-5.073637448548921	624.4092954066191	-3913.011421693724	1828.8663479096265	-6953.986429739076	-1
?	147.00933993221483	2611.0713271588734	66.40588210560262	263.92598691601955	599.8319134886664	-4693.7755143783625	1887.1591203706764	-2728.8614631180712	5.536852873282436
?	129.55356635794553	-2960.1867986442544	73.2818546330017	-154.9880205101895	389.7205196876976	-3444.59233963909	1692.423274753721	-1777.3228945569301	3.2637559254819886
?	-1	62.4576877031134	58.65648108009303	20.011639922240363	427.6022965067094	5116.6652291777755	1798.2929756428287	-7314.298714402508	-1
?	132.67645074310124	2652.7923854325945	74.28243662911373	406.4111881354889	645.55378114659	3824.2252832032204	1326.7083390335904	-11044.467221984358	8.415212528088143
?	131.6396192716316	-22.90525875773166	78.97704048686776	100.20512710232452	618.8135606668732	-60.05431551259932	1246.069614543603	-1305.533290790408	21.320288690562457
?	131.53118780521464	-59.25514091573093	79.29269298423003	-14.308964174592315	642.55106537096	119.81879181283432	1261.431674494069	-352.6220718075724	23.063159148521493
?	128.676862225845	-97.4000022289005	78.26159227813814	-79.05232295400141	624.804500257515	-2701.897559769367	1228.438510953224	526.9242178859138	21.172138062304263
?	126.66118769376955	-174.97491253264948	75.3400768365299	-314.80172163792156	507.45618738248976	-1486.271753603932	1287.7778853883651	-474.8980358316499	11.760651354471218
?	119.92811659921242	27.739029353293066	62.52150619624184	-360.86831350035055	550.4909125773173	2020.477314233228	1204.6936091616412	1988.0962373532102	3.1767023601665443
?	128.04813916143422	140.3911440511837	57.29666116151212	-57.83641306326547	608.4800530941526	4644.100648617438	1387.182697256027	14034.004236128172	-1
?	126.9476738017717	182.37888926789563	59.62968554307852	295.13036341155987	782.6959450081926	-3739.68759231958	1906.3938209680598	4898.819577380166	-1
?	137.16708362482913	153.5637467408143	72.05317933209032	192.9217278593104	421.49567347817094	-9149.03218515646	1632.1236761250389	-3643.37948376269	4.58758261392115
?	134.62586113881252	-119.81255557140116	69.27577193604418	72.35359077431338	325.24433575036306	1732.4589848834642	1724.2248467799227	3497.432806423449	7.370436566428676
?	131.176455846259	-228.16382720169076	75.67085887080604	23.874006015635363	508.1186227223454	2523.4558805854367	1806.9953164462138	319.67853747588833	9.653888289953688
?	123.21766977872782	-2643.5291169251423	70.46947223682597	-360.598903515542	451.4171297796367	1251.3839223694383	1740.2087736537173	-1159.6110110932814	11.395227387872282
?	-1	406.935931105801	57.64091369502869	105.3037885911396	570.6878188408182	234.42133986293933	1749.014765891549	-14361.410555731682	-1
?	143.56446633401816	2830.1797142533155	75.73466166638302	321.5684413003035	463.13819677278383	-3624.9688294536404	1022.138245867123	-17817.30518870413	11.851435629102431
?	140.5089857126678	-20.1759337968636	73.71933576004409	-298.8043366608926	389.4393773681336	717.0936734654993	858.1495064563297	6664.9866683999435	9.372733803416224
?	142.55566964417497	-2830.1797142533155	60.794444833338176	-331.0304471633644	498.9928804460593	9055.356492848465	1355.387579287125	25110.27007359512	-1
?	-1	-178.05627338601343	57.167813401875634	191.06358068680646	842.2072020105633	-872.9536564803767	2113.6630101361034	13287.532799310131	-1
?	133.65285597487417	2456.109514364938	70.34762386767864	313.4741858570778	455.34519762203985	-11068.539126538015	2019.764219252641	131.23200026085937	8.380782886794915
?	121.80547571824866	-360.25264907003077	72.84152269472975	-145.20249870994468	288.78024568365464	-2921.325702020417	2120.2246101491464	2212.689309652829	18.05464765714745
?	115.64022352137238	-2456.109514364938	63.0874989321813	-459.1472217110177	309.27891252101693	6020.400296210951	2130.398684735284	1652.2681121670705	8.308290075447706
?	-1	-2332.8044704274143	49.884161609178534	-252.04167226885642	589.8002604942064	15942.057769849134	2202.838015757501	-745.9369720593608	-1
?	-1	0	50.4854153187383	43.90548862204804	1106.381801013485	11167.397040407892	2093.1018361323154	-6692.961577309293	-1
?	-1	0	52.07943604028097	4.021685221269223	1148.170112514609	10633.470936211013	1868.1899368920317	3732.3102447704255	-1
?	-1	0	50.68649957980176	-26.677564775404267	1638.0553478240433	2824.5785640761105	2279.7173483708393	6317.894014919549	-1
?	-1	0	50.745557801510735	35.934009370547585	1289.3990407184165	-3261.320016594608	2184.0846376380136	-2034.8841385086037	-1
?	-1	0	52.48320004832917	101.56655048703993	1474.9893469943106	6720.113232283807	2177.9731414454077	3054.4748455264676	-1
?	-1	0	55.823885325862804	23.71166871803533	1625.4047023326116	-940.3368107227063	2336.808379914339	2201.3659651879293	-1
?	-1	0	53.66878348423095	57.264050868157064	1427.9725064581746	-17204.71322060884	2288.0414397048057	-11644.98592314694	-1
?	-1	2649.2050303714122	58.6870878692707	411.40504954274974	765.1690413021573	-17808.278332202844	1754.559083756984	-17971.740321975773	-1
?	131.4602515185725	2560.7155685100015	74.23903596136873	345.85012454526685	537.5585898480198	-4760.9911233685	1389.4544236060044	-8704.487012219082	6.832532897124601
?	127.03577842550189	-189.75096237245154	75.97959409653429	29.428688833187245	527.119485133729	84.73414332294276	1319.3347331460236	-1485.6801116810827	16.70259361400099
?	121.9727033999498	-92.40021494632924	75.71047040302811	-4.821139019784016	541.795297014167	251.6709107554912	1315.1704180219492	-623.7811905654373	18.03197231630334
?	122.41576767818536	9.4820320814678	75.73853714554508	4.932928161513176	539.7030306715037	118.46174087910927	1288.1456736177513	-302.2440523281741	20.716399152789098
?	122.44680500402319	-78.85975025050983	75.95711681110377	0.96021965003898	547.7183840581225	612.1889032363519	1300.0582154055403	326.48122751853396	18.128507291030857
?	118.47278016565981	-58.26664258713864	75.78654812804703	-13.079402285927229	570.3124758333217	181.48931893079148	1304.4697349936782	152.04579679252913	18.922171584711425
?	119.53347287466622	14.964047449524642	75.3031466968074	-43.17389216780806	556.7928500046622	-496.37216290609535	1307.6605052451669	402.39590248496705	18.55889348086803
?	119.22098253813606	-45.30527396470624	73.6278535196566	-62.507026628861375	545.4938676880166	-125.7389858193624	1324.5895301179269	997.7163057806587	17.857495653387918
?	117.26820917643087	-58.71207708324706	72.17779536536429	-65.51737658233085	550.505900713694	-228.79790222164632	1357.5463205342005	1836.3983418236796	18.714445051780245
?	116.28537868397366	7370.283046331842	70.35198469054001	-35.448367509526754	534.0539725769341	-980.1127599243815	1416.4094472091122	3977.4104121174996	11.21464982165325
?	485.7823614930282	-2325.70757367944	70.40537698988793	-1407.0396938107801	501.50026271747424	-10681.079451538531	1556.4168411400783	-28328.188944181842	7.012382831819053
